     0.000000    -0.189490     1.963360     1.963360     2.362380     2.362380     2.362380     2.474600     2.474600     2.474600
     0.020000    -0.188940     1.959380     1.960760     2.361740     2.361740     2.367280     2.471340     2.471340     2.475170
     0.040000    -0.187300     1.948010     1.953090     2.359340     2.359340     2.381410     2.462590     2.462590     2.476840
     0.060000    -0.184550     1.930590     1.940700     2.353750     2.353750     2.403440     2.451310     2.451310     2.479490
     0.080000    -0.180710     1.908700     1.924110     2.342650     2.342650     2.431770     2.441490     2.441490     2.482970
     0.100000    -0.175750     1.883750     1.903920     2.324440     2.324440     2.436270     2.436270     2.464980     2.487120
     0.120000    -0.169690     1.856830     1.880760     2.299680     2.299680     2.436240     2.436240     2.491780     2.501990
     0.140000    -0.162500     1.828710     1.855260     2.270240     2.270240     2.440380     2.440380     2.496850     2.541980
     0.160000    -0.154180     1.799980     1.827980     2.237830     2.237830     2.447580     2.447580     2.502260     2.584370
     0.180000    -0.144710     1.771010     1.799420     2.203580     2.203580     2.457140     2.457140     2.507950     2.628760
     0.200000    -0.134100     1.742090     1.770010     2.168220     2.168220     2.468640     2.468640     2.513900     2.674830
     0.220000    -0.122340     1.713420     1.740120     2.132210     2.132210     2.481830     2.481830     2.520080     2.722360
     0.240000    -0.109400     1.685140     1.710070     2.095880     2.095880     2.496560     2.496560     2.526480     2.771170
     0.260000    -0.095290     1.657370     1.680110     2.059450     2.059450     2.512720     2.512720     2.533090     2.821110
     0.280000    -0.080000     1.630190     1.650460     2.023100     2.023100     2.530240     2.530240     2.539870     2.872070
     0.300000    -0.063510     1.603650     1.621310     1.986960     1.986960     2.546780     2.549040     2.549040     2.878170
     0.320000    -0.045830     1.577800     1.592810     1.951130     1.951130     2.553740     2.569080     2.569080     2.881330
     0.340000    -0.026950     1.552680     1.565090     1.915700     1.915700     2.560650     2.590320     2.590320     2.884810
     0.360000    -0.006870     1.528310     1.538240     1.880750     1.880750     2.567350     2.612690     2.612690     2.888600
     0.380000     0.014410     1.504710     1.512350     1.846340     1.846340     2.573570     2.636170     2.636170     2.892730
     0.400000     0.036900     1.481900     1.487490     1.812530     1.812530     2.578930     2.660700     2.660700     2.897200
     0.420000     0.060580     1.459870     1.463700     1.779360     1.779360     2.582830     2.686240     2.686240     2.902030
     0.440000     0.085460     1.438650     1.441030     1.746880     1.746880     2.584310     2.712740     2.712740     2.907220
     0.460000     0.111530     1.418230     1.419500     1.715140     1.715140     2.581990     2.740160     2.740160     2.912770
     0.480000     0.138770     1.398620     1.399120     1.684180     1.684180     2.573910     2.768440     2.768440     2.896800
     0.500000     0.167190     1.379810     1.379910     1.654030     1.654030     2.557910     2.797520     2.797520     2.866920
     0.520000     0.196760     1.361810     1.361860     1.624730     1.624730     2.532480     2.827350     2.827350     2.846670
     0.540000     0.227480     1.344600     1.344950     1.596320     1.596320     2.497710     2.836190     2.857870     2.857870
     0.560000     0.259330     1.328200     1.329180     1.568820     1.568820     2.455130     2.834090     2.889010     2.889010
     0.580000     0.292300     1.312580     1.314530     1.542280     1.542280     2.406820     2.838490     2.920690     2.920690
     0.600000     0.326370     1.297750     1.300950     1.516730     1.516730     2.354560     2.847740     2.952830     2.952830
     0.620000     0.361530     1.283700     1.288420     1.492190     1.492190     2.299670     2.860650     2.970130     2.985350
     0.640000     0.397750     1.270420     1.276910     1.468700     1.468700     2.243040     2.876430     2.978720     3.018150
     0.660000     0.435020     1.257910     1.266370     1.446280     1.446280     2.185310     2.894570     2.987520     3.051110
     0.680000     0.473320     1.246160     1.256760     1.424970     1.424970     2.126880     2.914730     2.996520     3.084120
     0.700000     0.512630     1.235170     1.248030     1.404790     1.404790     2.068060     2.936720     3.005650     3.117040
     0.720000     0.552930     1.224920     1.240150     1.385770     1.385770     2.009080     2.960380     3.014850     3.149720
     0.740000     0.594190     1.215410     1.233070     1.367930     1.367930     1.950100     2.985630     3.024060     3.181990
     0.760000     0.636400     1.206640     1.226740     1.351310     1.351310     1.891250     3.012410     3.033190     3.213630
     0.780000     0.679520     1.198590     1.221110     1.335920     1.335920     1.832630     3.040670     3.042180     3.244450
     0.800000     0.723530     1.191270     1.216150     1.321780     1.321780     1.774330     3.050910     3.070410     3.274190
     0.820000     0.768400     1.184660     1.211810     1.308930     1.308930     1.716430     3.059300     3.101610     3.302570
     0.840000     0.814090     1.178760     1.208060     1.297370     1.297370     1.658990     3.067230     3.134260     3.329290
     0.860000     0.860550     1.173570     1.204880     1.287120     1.287120     1.602090     3.074600     3.168350     3.354020
     0.880000     0.907710     1.169080     1.202240     1.278210     1.278210     1.545790     3.081280     3.203890     3.376430
     0.900000     0.955470     1.165280     1.200140     1.270650     1.270650     1.490200     3.087170     3.240870     3.396170
     0.920000     1.003610     1.162180     1.198630     1.264440     1.264440     1.435450     3.092160     3.279290     3.412870
     0.940000     1.051700     1.159780     1.197890     1.259600     1.259600     1.381820     3.096160     3.319150     3.426240
     0.960000     1.098440     1.158060     1.198540     1.256140     1.256140     1.329940     3.099070     3.360420     3.436010
     0.980000     1.138880     1.157030     1.203310     1.254060     1.254060     1.282040     3.100840     3.403080     3.441950
     1.000000     1.156690     1.156690     1.213280     1.253370     1.253370     1.253370     3.101440     3.443950     3.443950
     1.000000     1.156690     1.156690     1.213280     1.253370     1.253370     1.253370     3.101440     3.443950     3.443950
     1.014142     1.150100     1.154320     1.204830     1.253710     1.260260     1.264840     3.101140     3.415060     3.442960
     1.028284     1.134060     1.146010     1.192840     1.254750     1.277220     1.287120     3.100220     3.382480     3.440020
     1.042426     1.113650     1.130910     1.185860     1.256480     1.299170     1.312480     3.098650     3.349400     3.435300
     1.056569     1.091420     1.111470     1.183090     1.258910     1.323570     1.339270     3.096330     3.315930     3.429050
     1.070711     1.068440     1.090270     1.182460     1.262010     1.349330     1.367000     3.093170     3.282190     3.421570
     1.084853     1.045190     1.068530     1.182930     1.265800     1.375980     1.395450     3.089020     3.248250     3.413240
     1.098995     1.021920     1.046790     1.184070     1.270270     1.403260     1.424500     3.083740     3.214210     3.404440
     1.113137     0.998770     1.025290     1.185710     1.275410     1.431060     1.454070     3.077160     3.180130     3.395600
     1.127279     0.975820     1.004160     1.187740     1.281220     1.459270     1.484130     3.069100     3.146090     3.387090
     1.141421     0.953130     0.983470     1.190120     1.287690     1.487870     1.514610     3.059420     3.112160     3.379270
     1.155563     0.930720     0.963270     1.192830     1.294800     1.516790     1.545480     3.048010     3.078400     3.372430
     1.169706     0.908640     0.943570     1.195840     1.302560     1.546030     1.576700     3.034810     3.044890     3.366810
     1.183848     0.886900     0.924410     1.199150     1.310950     1.575560     1.608220     3.011710     3.019810     3.362530
     1.197990     0.865520     0.905790     1.202750     1.319970     1.605360     1.639980     2.978910     3.003070     3.359670
     1.212132     0.844520     0.887720     1.206630     1.329600     1.635420     1.671950     2.946600     2.984690     3.358240
     1.226274     0.823920     0.870200     1.210790     1.339820     1.665720     1.704060     2.914840     2.964820     3.358180
     1.240416     0.803720     0.853250     1.215220     1.350640     1.696270     1.736230     2.883730     2.943600     3.359410
     1.254558     0.783940     0.836850     1.219930     1.362040     1.727030     1.768380     2.853390     2.921200     3.361820
     1.268701     0.764600     0.821020     1.224910     1.374000     1.758010     1.800420     2.823910     2.897780     3.365320
     1.282843     0.745700     0.805750     1.230150     1.386510     1.789180     1.832210     2.795450     2.873500     3.369780
     1.296985     0.727260     0.791040     1.235650     1.399550     1.820550     1.863630     2.768160     2.848480     3.375120
     1.311127     0.709280     0.776890     1.241410     1.413120     1.852090     1.894480     2.742240     2.822860     3.381200
     1.325269     0.691790     0.763290     1.247410     1.427190     1.883800     1.924570     2.717900     2.796740     3.387980
     1.339411     0.674790     0.750250     1.253660     1.441750     1.915650     1.953620     2.695430     2.770230     3.395340
     1.353553     0.658290     0.737760     1.260130     1.456780     1.947640     1.981320     2.675150     2.743400     3.403220
     1.367696     0.642310     0.725810     1.266830     1.472260     1.979730     2.007310     2.657430     2.716350     3.411540
     1.381838     0.626860     0.714400     1.273740     1.488180     2.011930     2.031140     2.642710     2.689130     3.420210
     1.395980     0.611950     0.703530     1.280850     1.504510     2.044180     2.052370     2.631470     2.661800     3.429180
     1.410122     0.597590     0.693200     1.288130     1.521220     2.070500     2.076480     2.624190     2.634440     3.438370
     1.424264     0.583790     0.683390     1.295580     1.538310     2.085120     2.108790     2.607100     2.621290     3.447720
     1.438406     0.570570     0.674100     1.303160     1.555730     2.095940     2.141070     2.579820     2.623080     3.457160
     1.452548     0.557940     0.665320     1.310860     1.573460     2.102850     2.173280     2.552660     2.629640     3.466610
     1.466690     0.545910     0.657060     1.318640     1.591460     2.105970     2.205370     2.525660     2.640850     3.476020
     1.480833     0.534490     0.649310     1.326470     1.609710     2.105640     2.237270     2.498900     2.656370     3.485320
     1.494975     0.523700     0.642060     1.334310     1.628140     2.102350     2.268920     2.472410     2.675700     3.494430
     1.509117     0.513530     0.635300     1.342120     1.646720     2.096670     2.300240     2.446270     2.698260     3.503300
     1.523259     0.504020     0.629030     1.349860     1.665370     2.089160     2.331110     2.420530     2.723440     3.511860
     1.537401     0.495160     0.623250     1.357450     1.684040     2.080360     2.361410     2.395300     2.750680     3.518620
     1.551543     0.486970     0.617950     1.364860     1.702620     2.070760     2.370650     2.391010     2.779430     3.508640
     1.565685     0.479450     0.613130     1.372000     1.721020     2.060760     2.346700     2.419720     2.809200     3.493870
     1.579828     0.472630     0.608780     1.378820     1.739090     2.050720     2.323590     2.447340     2.839510     3.466740
     1.593970     0.466490     0.604900     1.385220     1.756680     2.040960     2.301500     2.473600     2.869880     3.440420
     1.608112     0.461060     0.601490     1.391140     1.773550     2.031730     2.280630     2.498220     2.899820     3.415390
     1.622254     0.456330     0.598530     1.396490     1.789460     2.023270     2.261260     2.520840     2.928760     3.392170
     1.636396     0.452330     0.596040     1.401180     1.804080     2.015780     2.243720     2.541080     2.956010     3.371260
     1.650538     0.449040     0.594000     1.405150     1.817010     2.009410     2.228390     2.558500     2.980760     3.353180
     1.664680     0.446480     0.592420     1.408320     1.827790     2.004310     2.215740     2.572660     3.002000     3.338440
     1.678823     0.444650     0.591290     1.410630     1.835970     2.000590     2.206230     2.583150     3.018520     3.327510
     1.692965     0.443550     0.590610     1.412030     1.841080     1.998330     2.200310     2.589600     3.029100     3.320780
     1.707107     0.443180     0.590390     1.412510     1.842830     1.997570     2.198300     2.591780     3.032760     3.318500
     1.707107     0.443180     0.590390     1.412510     1.842830     1.997570     2.198300     2.591780     3.032760     3.318500
     1.721249     0.438400     0.595640     1.412820     1.843210     1.997670     2.198400     2.591930     3.030220     3.321260
     1.735391     0.425690     0.609760     1.413760     1.844360     1.997980     2.198690     2.592370     3.022870     3.329230
     1.749533     0.408070     0.629720     1.415320     1.846280     1.998500     2.199190     2.593090     3.011440     3.341670
     1.763675     0.387820     0.653260     1.417510     1.848960     1.999230     2.199890     2.594100     2.996830     3.357660
     1.777817     0.366250     0.679040     1.420320     1.852400     2.000180     2.200780     2.595370     2.979870     3.376310
     1.791960     0.344080     0.706350     1.423750     1.856600     2.001350     2.201870     2.596890     2.961260     3.376340
     1.806102     0.321720     0.734780     1.427800     1.861550     2.002760     2.203170     2.598630     2.941520     3.372220
     1.820244     0.299410     0.764100     1.432470     1.867240     2.004420     2.204650     2.600590     2.921030     3.367260
     1.834386     0.277280     0.794130     1.437740     1.873670     2.006330     2.206340     2.602730     2.900090     3.361390
     1.848528     0.255450     0.824790     1.443630     1.880820     2.008510     2.208220     2.605010     2.878910     3.354530
     1.862670     0.233960     0.855990     1.450120     1.888700     2.010980     2.210300     2.607400     2.857650     3.346610
     1.876812     0.212880     0.887690     1.457210     1.897290     2.013750     2.212570     2.609880     2.836430     3.337560
     1.890955     0.192240     0.919830     1.464900     1.906580     2.016830     2.215040     2.612380     2.815350     3.327330
     1.905097     0.172060     0.952380     1.473170     1.916560     2.020240     2.217700     2.614870     2.794480     3.315890
     1.919239     0.152360     0.985300     1.482030     1.927220     2.024010     2.220550     2.617300     2.773870     3.303250
     1.933381     0.133160     1.018570     1.491460     1.938530     2.028150     2.223590     2.619600     2.753590     3.289450
     1.947523     0.114480     1.052160     1.501460     1.950500     2.032680     2.226820     2.621720     2.733660     3.274540
     1.961665     0.096310     1.086030     1.512030     1.963100     2.037630     2.230230     2.623580     2.714120     3.258640
     1.975807     0.078680     1.120160     1.523140     1.976320     2.043020     2.233830     2.625130     2.695010     3.241860
     1.989949     0.061590     1.154520     1.534800     1.990140     2.048870     2.237600     2.626270     2.676340     3.219220
     2.004092     0.045050     1.189070     1.546990     2.004540     2.055210     2.241550     2.626930     2.658130     3.186970
     2.018234     0.029060     1.223790     1.559700     2.019510     2.062060     2.245660     2.627020     2.640410     3.154500
     2.032376     0.013620     1.258630     1.572920     2.035020     2.069450     2.249940     2.623190     2.626450     3.121880
     2.046518    -0.001250     1.293560     1.586640     2.051050     2.077420     2.254380     2.606480     2.625110     3.089190
     2.060660    -0.015560     1.328530     1.600840     2.067580     2.085990     2.258970     2.590300     2.622920     3.056490
     2.074802    -0.029310     1.363490     1.615500     2.084590     2.095200     2.263700     2.574650     2.619770     3.023840
     2.088944    -0.042490     1.398400     1.630610     2.102040     2.105070     2.268560     2.559540     2.615590     2.991300
     2.103087    -0.055100     1.433200     1.646150     2.115640     2.119920     2.273540     2.544990     2.610290     2.958940
     2.117229    -0.067140     1.467830     1.662090     2.126960     2.138190     2.278630     2.530990     2.603830     2.926810
     2.131371    -0.078600     1.502210     1.678410     2.139040     2.156810     2.283810     2.517560     2.596150     2.894960
     2.145513    -0.089500     1.536270     1.695080     2.151940     2.175750     2.289070     2.504680     2.587270     2.863450
     2.159655    -0.099830     1.569940     1.712060     2.165680     2.194980     2.294390     2.492370     2.577190     2.832350
     2.173797    -0.109580     1.603120     1.729320     2.180300     2.214440     2.299750     2.480620     2.565970     2.801720
     2.187939    -0.118770     1.635720     1.746820     2.195820     2.234090     2.305110     2.469440     2.553710     2.771630
     2.202082    -0.127390     1.667630     1.764500     2.212270     2.253880     2.310460     2.458800     2.540520     2.742160
     2.216224    -0.135440     1.698750     1.782300     2.229640     2.273720     2.315770     2.448700     2.526530     2.713400
     2.230366    -0.142920     1.728950     1.800140     2.247930     2.293560     2.321000     2.439140     2.511900     2.685450
     2.244508    -0.149840     1.758110     1.817950     2.267090     2.313310     2.326120     2.430090     2.496820     2.658430
     2.258650    -0.156200     1.786100     1.835620     2.287070     2.331080     2.332850     2.421520     2.481480     2.632480
     2.272792    -0.162000     1.812770     1.853030     2.307750     2.335850     2.352070     2.413420     2.466090     2.607760
     2.286934    -0.167240     1.837980     1.870010     2.328930     2.340370     2.370810     2.405750     2.450900     2.584470
     2.301076    -0.171920     1.861560     1.886400     2.344600     2.350310     2.388900     2.398490     2.436220     2.562810
     2.315219    -0.176040     1.883310     1.901980     2.348490     2.371280     2.391620     2.406100     2.422620     2.543020
     2.329361    -0.179620     1.903010     1.916490     2.351990     2.385150     2.389350     2.412430     2.422170     2.525370
     2.343503    -0.182630     1.920430     1.929640     2.355050     2.379150     2.391080     2.418870     2.436770     2.510090
     2.357645    -0.185100     1.935280     1.941090     2.357630     2.373720     2.382410     2.435590     2.449550     2.497390
     2.371787    -0.187020     1.947270     1.950500     2.359680     2.369080     2.374130     2.451280     2.460100     2.487440
     2.385929    -0.188390     1.956110     1.957530     2.361170     2.365470     2.367750     2.463760     2.468010     2.480310
     2.400071    -0.189210     1.961530     1.961880     2.362080     2.363170     2.363740     2.471810     2.472930     2.476030
     2.414214    -0.189490     1.963360     1.963360     2.362380     2.362380     2.362380     2.474600     2.474600     2.474600
     2.414214    -0.189490     1.963360     1.963360     2.362380     2.362380     2.362380     2.474600     2.474600     2.474600
     2.431534    -0.189080     1.960880     1.960880     2.362740     2.363590     2.363590     2.468900     2.475190     2.475190
     2.448855    -0.187840     1.953600     1.953600     2.363830     2.367120     2.367120     2.452650     2.476910     2.476910
     2.466175    -0.185790     1.941870     1.941870     2.365630     2.372710     2.372710     2.427830     2.479710     2.479710
     2.483496    -0.182910     1.926240     1.926240     2.368160     2.380020     2.380020     2.396710     2.483480     2.483480
     2.500816    -0.179210     1.907300     1.907300     2.361160     2.371400     2.388700     2.388700     2.488110     2.488110
     2.518137    -0.174670     1.885620     1.885620     2.322600     2.375370     2.398450     2.398450     2.493480     2.493480
     2.535457    -0.169310     1.861720     1.861720     2.282020     2.380060     2.409020     2.409020     2.499490     2.499490
     2.552778    -0.163120     1.836060     1.836060     2.240120     2.385470     2.420230     2.420230     2.506110     2.506110
     2.570098    -0.156090     1.809020     1.809020     2.197400     2.391600     2.431920     2.431920     2.513330     2.513330
     2.587419    -0.148220     1.780910     1.780910     2.154210     2.398450     2.443940     2.443940     2.521230     2.521230
     2.604739    -0.139500     1.751980     1.751980     2.110810     2.406010     2.456110     2.456110     2.529960     2.529960
     2.622060    -0.129950     1.722440     1.722440     2.067410     2.414300     2.468230     2.468230     2.539710     2.539710
     2.639380    -0.119540     1.692480     1.692480     2.024160     2.423300     2.480060     2.480060     2.550750     2.550750
     2.656701    -0.108290     1.662230     1.662230     1.981170     2.433010     2.491390     2.491390     2.563320     2.563320
     2.674021    -0.096180     1.631820     1.631820     1.938560     2.443450     2.502060     2.502060     2.577600     2.577600
     2.691342    -0.083220     1.601330     1.601330     1.896400     2.454590     2.512040     2.512040     2.593660     2.593660
     2.708662    -0.069400     1.570870     1.570870     1.854760     2.466450     2.521410     2.521410     2.611450     2.611450
     2.725983    -0.054720     1.540490     1.540490     1.813710     2.479020     2.530280     2.530280     2.630870     2.630870
     2.743303    -0.039190     1.510260     1.510260     1.773280     2.492300     2.538820     2.538820     2.651800     2.651800
     2.760624    -0.022800     1.480230     1.480230     1.733530     2.506290     2.547150     2.547150     2.674100     2.674100
     2.777944    -0.005560     1.450450     1.450450     1.694500     2.520990     2.555390     2.555390     2.697690     2.697690
     2.795265     0.012540     1.420950     1.420950     1.656210     2.536390     2.563630     2.563630     2.722470     2.722470
     2.812585     0.031480     1.391780     1.391780     1.618710     2.552490     2.571940     2.571940     2.748370     2.748370
     2.829906     0.051270     1.362950     1.362950     1.582010     2.569290     2.580390     2.580390     2.775320     2.775320
     2.847226     0.071900     1.334510     1.334510     1.546160     2.586800     2.589010     2.589010     2.803290     2.803290
     2.864547     0.093360     1.306470     1.306470     1.511150     2.597850     2.597850     2.604990     2.799000     2.832220
     2.881867     0.115650     1.278860     1.278860     1.477030     2.606930     2.606930     2.623890     2.794030     2.862070
     2.899188     0.138750     1.251690     1.251690     1.443800     2.616280     2.616280     2.643470     2.789630     2.892800
     2.916508     0.162660     1.225000     1.225000     1.411480     2.625900     2.625900     2.663740     2.785810     2.924370
     2.933829     0.187360     1.198790     1.198790     1.380090     2.635820     2.635820     2.684690     2.782600     2.956740
     2.951149     0.212860     1.173080     1.173080     1.349640     2.646030     2.646030     2.706320     2.780020     2.989870
     2.968470     0.239120     1.147900     1.147900     1.320140     2.656540     2.656540     2.728620     2.778070     3.023710
     2.985790     0.266140     1.123240     1.123240     1.291600     2.667350     2.667350     2.751600     2.776770     3.058230
     3.003111     0.293900     1.099140     1.099140     1.264030     2.678450     2.678450     2.775240     2.776110     3.093370
     3.020431     0.322390     1.075600     1.075600     1.237450     2.689830     2.689830     2.776080     2.799540     3.129080
     3.037752     0.351580     1.052650     1.052650     1.211850     2.701460     2.701460     2.776680     2.824500     3.165290
     3.055072     0.381460     1.030280     1.030280     1.187250     2.713310     2.713310     2.777880     2.850100     3.201910
     3.072393     0.412000     1.008520     1.008520     1.163660     2.725350     2.725350     2.779670     2.876340     3.238830
     3.089713     0.443160     0.987390     0.987390     1.141090     2.737510     2.737510     2.782020     2.903220     3.275840
     3.107034     0.474920     0.966890     0.966890     1.119550     2.749740     2.749740     2.784900     2.930720     3.312530
     3.124354     0.507240     0.947040     0.947040     1.099080     2.761930     2.761930     2.788260     2.958830     3.347820
     3.141675     0.540050     0.927850     0.927850     1.079700     2.773970     2.773970     2.792070     2.987550     3.377790
     3.158995     0.573300     0.909340     0.909340     1.061460     2.785700     2.785700     2.796290     3.016850     3.388560
     3.176316     0.606890     0.891520     0.891520     1.044420     2.796910     2.796910     2.800850     3.046740     3.374320
     3.193636     0.640680     0.874410     0.874410     1.028700     2.805700     2.807340     2.807340     3.077190     3.351110
     3.210957     0.674490     0.858010     0.858010     1.014470     2.810790     2.816650     2.816650     3.108180     3.325930
     3.228277     0.708000     0.842350     0.842350     1.002000     2.816040     2.824380     2.824380     3.139710     3.300910
     3.245598     0.740720     0.827440     0.827440     0.991760     2.821400     2.829980     2.829980     3.171750     3.277190
     3.262918     0.771820     0.813290     0.813290     0.984560     2.826790     2.832810     2.832810     3.204270     3.255680
     3.280239     0.799920     0.799920     0.799920     0.981740     2.832140     2.832140     2.832140     3.237260     3.237260
     3.280239     0.799920     0.799920     0.799920     0.981740     2.832140     2.832140     2.832140     3.237260     3.237260
     3.290239     0.787020     0.799180     0.812980     0.982800     2.828960     2.831840     2.834210     3.221330     3.237330
     3.300239     0.774300     0.797030     0.826210     0.985910     2.824840     2.830940     2.834970     3.206860     3.237540
     3.310239     0.761750     0.793590     0.839600     0.990940     2.819930     2.829410     2.834260     3.194020     3.237880
     3.320239     0.749390     0.789060     0.853140     0.997700     2.814380     2.827250     2.831910     3.182920     3.238350
     3.330239     0.737220     0.783660     0.866840     1.005980     2.808310     2.824430     2.827810     3.173680     3.238960
     3.340239     0.725240     0.777580     0.880670     1.015560     2.801820     2.820910     2.821870     3.166330     3.239700
     3.350239     0.713450     0.771010     0.894640     1.026270     2.795010     2.814110     2.816660     3.160830     3.240570
     3.360239     0.701860     0.764090     0.908750     1.037960     2.787950     2.804570     2.811630     3.157080     3.241570
     3.370239     0.690480     0.756940     0.922980     1.050500     2.780710     2.793370     2.805780     3.154910     3.242690
     3.380239     0.679300     0.749660     0.937320     1.063790     2.773340     2.780660     2.799040     3.154100     3.243940
     3.390239     0.668340     0.742330     0.951780     1.077760     2.765900     2.766630     2.791380     3.154400     3.245310
     3.400239     0.657590     0.735010     0.966350     1.092330     2.751460     2.758410     2.782750     3.155550     3.246790
     3.410239     0.647060     0.727740     0.981010     1.107460     2.735320     2.750920     2.773090     3.157270     3.248380
     3.420239     0.636760     0.720560     0.995750     1.123120     2.718370     2.743460     2.762380     3.159290     3.250090
     3.430239     0.626680     0.713500     1.010580     1.139250     2.700770     2.736050     2.750580     3.161350     3.251890
     3.440239     0.616830     0.706580     1.025480     1.155840     2.682630     2.728710     2.737670     3.163200     3.253790
     3.450239     0.607220     0.699820     1.040430     1.172870     2.664080     2.721470     2.723660     3.164610     3.255790
     3.460239     0.597850     0.693230     1.055440     1.190310     2.645210     2.708530     2.714330     3.165390     3.257870
     3.470239     0.588720     0.686830     1.070480     1.208150     2.626100     2.692330     2.707330     3.165360     3.260040
     3.480239     0.579830     0.680620     1.085540     1.226360     2.606820     2.675070     2.700460     3.164430     3.262280
     3.490239     0.571200     0.674600     1.100620     1.244950     2.587440     2.656800     2.693750     3.162550     3.264590
     3.500239     0.562810     0.668790     1.115700     1.263900     2.568020     2.637570     2.687190     3.159700     3.266960
     3.510239     0.554690     0.663190     1.130750     1.283190     2.548600     2.617440     2.680810     3.155950     3.269380
     3.520239     0.546820     0.657800     1.145770     1.302820     2.529240     2.596480     2.674620     3.151390     3.271840
     3.530239     0.539220     0.652610     1.160730     1.322770     2.509980     2.574750     2.668600     3.146150     3.274340
     3.540239     0.531880     0.647640     1.175610     1.343040     2.490860     2.552320     2.662780     3.140340     3.276870
     3.550239     0.524820     0.642890     1.190400     1.363620     2.471920     2.529260     2.657170     3.134110     3.279420
     3.560239     0.518030     0.638340     1.205060     1.384500     2.453200     2.505640     2.651750     3.127570     3.281970
     3.570239     0.511510     0.634010     1.219570     1.405670     2.434750     2.481520     2.646560     3.120850     3.284520
     3.580239     0.505280     0.629890     1.233910     1.427110     2.416600     2.456960     2.641570     3.114040     3.287060
     3.590239     0.499320     0.625980     1.248030     1.448830     2.398800     2.432030     2.636810     3.107220     3.289580
     3.600239     0.493660     0.622280     1.261910     1.470810     2.381390     2.406770     2.632270     3.100480     3.292060
     3.610239     0.488280     0.618790     1.275500     1.493030     2.364420     2.381250     2.627960     3.093870     3.294500
     3.620239     0.483190     0.615510     1.288770     1.515480     2.347930     2.355510     2.623890     3.087450     3.296880
     3.630239     0.478400     0.612440     1.301670     1.538150     2.329610     2.331990     2.620040     3.081260     3.299190
     3.640239     0.473900     0.609570     1.314150     1.561020     2.303580     2.316630     2.616430     3.075350     3.301430
     3.650239     0.469700     0.606910     1.326170     1.584080     2.277490     2.301920     2.613070     3.069750     3.303570
     3.660239     0.465810     0.604450     1.337660     1.607280     2.251390     2.287910     2.609940     3.064470     3.305610
     3.670239     0.462210     0.602190     1.348560     1.630610     2.225310     2.274680     2.607060     3.059550     3.307530
     3.680239     0.458930     0.600130     1.358830     1.654020     2.199340     2.262280     2.604420     3.055010     3.309330
     3.690239     0.455950     0.598270     1.368380     1.677460     2.173530     2.250790     2.602030     3.050860     3.311000
     3.700239     0.453280     0.596610     1.377170     1.700840     2.147990     2.240260     2.599880     3.047110     3.312520
     3.710239     0.450920     0.595150     1.385110     1.724070     2.122830     2.230770     2.597990     3.043780     3.313880
     3.720239     0.448870     0.593880     1.392160     1.746980     2.098220     2.222380     2.596340     3.040880     3.315080
     3.730239     0.447130     0.592810     1.398240     1.769310     2.074440     2.215160     2.594950     3.038410     3.316110
     3.740239     0.445710     0.591940     1.403300     1.790630     2.051920     2.209170     2.593810     3.036380     3.316970
     3.750239     0.444600     0.591260     1.407300     1.810240     2.031380     2.204440     2.592920     3.034800     3.317640
     3.760239     0.443810     0.590770     1.410180     1.826870     2.014070     2.201040     2.592290     3.033670     3.318120
     3.770239     0.443340     0.590480     1.411920     1.838530     2.002000     2.198980     2.591910     3.032990     3.318410
     3.780239     0.443180     0.590390     1.412510     1.842830     1.997570     2.198300     2.591780     3.032760     3.318500
     3.780239     0.443180     0.590390     1.412510     1.842830     1.997570     2.198300     2.591780     3.032760     3.318500
     3.790239     0.443340     0.590480     1.411920     1.838530     2.002000     2.198980     2.591910     3.032990     3.318410
     3.800239     0.443810     0.590770     1.410180     1.826870     2.014070     2.201040     2.592290     3.033670     3.318120
     3.810239     0.444600     0.591260     1.407300     1.810240     2.031380     2.204440     2.592920     3.034800     3.317640
     3.820239     0.445710     0.591940     1.403300     1.790630     2.051920     2.209170     2.593810     3.036380     3.316970
     3.830239     0.447130     0.592810     1.398240     1.769310     2.074440     2.215160     2.594950     3.038410     3.316110
     3.840239     0.448870     0.593880     1.392160     1.746980     2.098220     2.222380     2.596340     3.040880     3.315080
     3.850239     0.450920     0.595150     1.385110     1.724070     2.122830     2.230770     2.597990     3.043780     3.313880
     3.860239     0.453280     0.596610     1.377170     1.700840     2.147990     2.240260     2.599880     3.047110     3.312520
     3.870239     0.455950     0.598270     1.368380     1.677460     2.173530     2.250790     2.602030     3.050860     3.311000
     3.880239     0.458930     0.600130     1.358830     1.654020     2.199340     2.262280     2.604420     3.055010     3.309330
     3.890239     0.462210     0.602190     1.348560     1.630610     2.225310     2.274680     2.607060     3.059550     3.307530
     3.900239     0.465810     0.604450     1.337660     1.607280     2.251390     2.287910     2.609940     3.064470     3.305610
     3.910239     0.469700     0.606910     1.326170     1.584080     2.277490     2.301920     2.613070     3.069750     3.303570
     3.920239     0.473900     0.609570     1.314150     1.561020     2.303580     2.316630     2.616430     3.075350     3.301430
     3.930239     0.478400     0.612440     1.301670     1.538150     2.329610     2.331990     2.620040     3.081260     3.299190
     3.940239     0.483190     0.615510     1.288770     1.515480     2.347930     2.355510     2.623890     3.087450     3.296880
     3.950239     0.488280     0.618790     1.275500     1.493030     2.364420     2.381250     2.627960     3.093870     3.294500
     3.960239     0.493660     0.622280     1.261910     1.470810     2.381390     2.406770     2.632270     3.100480     3.292060
     3.970239     0.499320     0.625980     1.248030     1.448830     2.398800     2.432030     2.636810     3.107220     3.289580
     3.980239     0.505280     0.629890     1.233910     1.427110     2.416600     2.456960     2.641570     3.114040     3.287060
     3.990239     0.511510     0.634010     1.219570     1.405670     2.434750     2.481520     2.646560     3.120850     3.284520
     4.000239     0.518030     0.638340     1.205060     1.384500     2.453200     2.505640     2.651750     3.127570     3.281970
     4.010239     0.524820     0.642890     1.190400     1.363620     2.471920     2.529260     2.657170     3.134110     3.279420
     4.020239     0.531880     0.647640     1.175610     1.343040     2.490860     2.552320     2.662780     3.140340     3.276870
     4.030239     0.539220     0.652610     1.160730     1.322770     2.509980     2.574750     2.668600     3.146150     3.274340
     4.040239     0.546820     0.657800     1.145770     1.302820     2.529240     2.596480     2.674620     3.151390     3.271840
     4.050239     0.554690     0.663190     1.130750     1.283190     2.548600     2.617440     2.680810     3.155950     3.269380
     4.060239     0.562810     0.668790     1.115700     1.263900     2.568020     2.637570     2.687190     3.159700     3.266960
     4.070239     0.571200     0.674600     1.100620     1.244950     2.587440     2.656800     2.693750     3.162550     3.264590
     4.080239     0.579830     0.680620     1.085540     1.226360     2.606820     2.675070     2.700460     3.164430     3.262280
     4.090239     0.588720     0.686830     1.070480     1.208150     2.626100     2.692330     2.707330     3.165360     3.260040
     4.100239     0.597850     0.693230     1.055440     1.190310     2.645210     2.708530     2.714330     3.165390     3.257870
     4.110239     0.607220     0.699820     1.040430     1.172870     2.664080     2.721470     2.723660     3.164610     3.255790
     4.120239     0.616830     0.706580     1.025480     1.155840     2.682630     2.728710     2.737670     3.163200     3.253790
     4.130239     0.626680     0.713500     1.010580     1.139250     2.700770     2.736050     2.750580     3.161350     3.251890
     4.140239     0.636760     0.720560     0.995750     1.123120     2.718370     2.743460     2.762380     3.159290     3.250090
     4.150239     0.647060     0.727740     0.981010     1.107460     2.735320     2.750920     2.773090     3.157270     3.248380
     4.160239     0.657590     0.735010     0.966350     1.092330     2.751460     2.758410     2.782750     3.155550     3.246790
     4.170239     0.668340     0.742330     0.951780     1.077760     2.765900     2.766630     2.791380     3.154400     3.245310
     4.180239     0.679300     0.749660     0.937320     1.063790     2.773340     2.780660     2.799040     3.154100     3.243940
     4.190239     0.690480     0.756940     0.922980     1.050500     2.780710     2.793370     2.805780     3.154910     3.242690
     4.200239     0.701860     0.764090     0.908750     1.037960     2.787950     2.804570     2.811630     3.157080     3.241570
     4.210239     0.713450     0.771010     0.894640     1.026270     2.795010     2.814110     2.816660     3.160830     3.240570
     4.220239     0.725240     0.777580     0.880670     1.015560     2.801820     2.820910     2.821870     3.166330     3.239700
     4.230239     0.737220     0.783660     0.866840     1.005980     2.808310     2.824430     2.827810     3.173680     3.238960
     4.240239     0.749390     0.789060     0.853140     0.997700     2.814380     2.827250     2.831910     3.182920     3.238350
     4.250239     0.761750     0.793590     0.839600     0.990940     2.819930     2.829410     2.834260     3.194020     3.237880
     4.260239     0.774300     0.797030     0.826210     0.985910     2.824840     2.830940     2.834970     3.206860     3.237540
     4.270239     0.787020     0.799180     0.812980     0.982800     2.828960     2.831840     2.834210     3.221330     3.237330
     4.280239     0.799920     0.799920     0.799920     0.981740     2.832140     2.832140     2.832140     3.237260     3.237260
     4.280239     0.799920     0.799920     0.799920     0.981740     2.832140     2.832140     2.832140     3.237260     3.237260
     4.297559     0.787330     0.787330     0.823000     0.985300     2.827300     2.827300     2.837370     3.222700     3.222700
     4.314880     0.775550     0.775550     0.839050     0.997200     2.817790     2.817790     2.842390     3.212560     3.212560
     4.332200     0.764580     0.764580     0.847650     1.017850     2.803410     2.803410     2.847090     3.207070     3.207070
     4.349521     0.754440     0.754440     0.850380     1.045610     2.784350     2.784350     2.851370     3.206070     3.206070
     4.366842     0.745140     0.745140     0.849450     1.078250     2.761070     2.761070     2.855090     3.209110     3.209110
     4.384162     0.736690     0.736690     0.846550     1.114040     2.734180     2.734180     2.858070     3.215530     3.215530
     4.401483     0.729100     0.729100     0.842700     1.151900     2.704340     2.704340     2.860120     3.224650     3.224650
     4.418803     0.722380     0.722380     0.838530     1.191190     2.672150     2.672150     2.860940     3.235800     3.235800
     4.436124     0.716540     0.716540     0.834370     1.231490     2.638110     2.638110     2.860150     3.248400     3.248400
     4.453444     0.711590     0.711590     0.830450     1.272540     2.602630     2.602630     2.857280     3.240220     3.261900
     4.470765     0.707530     0.707530     0.826900     1.314120     2.566050     2.566050     2.851680     3.199690     3.275830
     4.488085     0.704370     0.704370     0.823820     1.356080     2.528640     2.528640     2.842600     3.163100     3.289750
     4.505406     0.702110     0.702110     0.821260     1.398260     2.490590     2.490590     2.829260     3.131320     3.303270
     4.522726     0.700750     0.700750     0.819260     1.440520     2.452080     2.452080     2.811120     3.105060     3.316030
     4.540047     0.700300     0.700300     0.817850     1.482700     2.413250     2.413250     2.788130     3.084540     3.327740
     4.557367     0.700760     0.700760     0.817050     1.524610     2.374220     2.374220     2.760850     3.069400     3.338210
     4.574688     0.702130     0.702130     0.816890     1.566040     2.335060     2.335060     2.730310     3.058840     3.347360
     4.592008     0.704400     0.704400     0.817370     1.606710     2.295870     2.295870     2.697730     3.051930     3.355210
     4.609329     0.707580     0.707580     0.818510     1.646300     2.256710     2.256710     2.664340     3.047800     3.361890
     4.626649     0.711650     0.711650     0.820320     1.684390     2.217640     2.217640     2.631290     3.045720     3.367550
     4.643970     0.716610     0.716610     0.822800     1.720430     2.178690     2.178690     2.599660     3.045180     3.372400
     4.661290     0.722460     0.722460     0.825970     1.753740     2.139930     2.139930     2.570540     3.045790     3.376640
     4.678611     0.729180     0.729180     0.829830     1.783520     2.101380     2.101380     2.545020     3.047270     3.380450
     4.695931     0.736770     0.736770     0.834400     1.808800     2.063080     2.063080     2.524300     3.049410     3.383970
     4.713252     0.745210     0.745210     0.839680     1.828550     2.025050     2.025050     2.509540     3.052060     3.387300
     4.730572     0.754500     0.754500     0.845690     1.841840     1.987320     1.987320     2.501810     3.055120     3.390530
     4.747893     0.764630     0.764630     0.852420     1.848010     1.949920     1.949920     2.501820     3.058490     3.393720
     4.765213     0.775580     0.775580     0.859900     1.846890     1.912870     1.912870     2.509830     3.062110     3.396910
     4.782534     0.787330     0.787330     0.868140     1.838840     1.876180     1.876180     2.525510     3.065930     3.400100
     4.799854     0.799880     0.799880     0.877140     1.824640     1.839870     1.839870     2.548090     3.069910     3.403310
     4.817175     0.813220     0.813220     0.886910     1.803960     1.803960     1.805340     2.576540     3.074010     3.406520
     4.834495     0.827320     0.827320     0.897470     1.768470     1.768470     1.781970     2.609820     3.078220     3.409740
     4.851816     0.842170     0.842170     0.908820     1.733410     1.733410     1.755500     2.646930     3.082530     3.412920
     4.869136     0.857760     0.857760     0.920990     1.698790     1.698790     1.726740     2.687020     3.086930     3.416070
     4.886457     0.874070     0.874070     0.933970     1.664630     1.664630     1.696350     2.729380     3.091440     3.419140
     4.903777     0.891080     0.891080     0.947770     1.630950     1.630950     1.664830     2.773370     3.096100     3.422110
     4.921098     0.908770     0.908770     0.962420     1.597750     1.597750     1.632610     2.818440     3.101000     3.424950
     4.938418     0.927130     0.927130     0.977900     1.565060     1.565060     1.599990     2.864010     3.106310     3.427640
     4.955739     0.946120     0.946120     0.994240     1.532900     1.532900     1.567240     2.909410     3.112360     3.430170
     4.973059     0.965730     0.965730     1.011440     1.501280     1.501280     1.534560     2.953690     3.119810     3.432520
     4.990380     0.985930     0.985930     1.029500     1.470230     1.470230     1.502110     2.995240     3.129990     3.434670
     5.007700     1.006660     1.006660     1.048420     1.439800     1.439800     1.470030     3.031290     3.145410     3.436610
     5.025021     1.027870     1.027870     1.068190     1.410040     1.410040     1.438420     3.058480     3.169180     3.438330
     5.042341     1.049480     1.049480     1.088800     1.381030     1.381030     1.407390     3.075970     3.201880     3.439820
     5.059662     1.071350     1.071350     1.110240     1.352900     1.352900     1.377040     3.086490     3.240550     3.441090
     5.076982     1.093230     1.093230     1.132430     1.325910     1.325910     1.347470     3.092950     3.282020     3.442120
     5.094303     1.114630     1.114630     1.155280     1.300540     1.300540     1.318850     3.097030     3.324320     3.442930
     5.111623     1.134470     1.134470     1.178420     1.277850     1.277850     1.291560     3.099580     3.366370     3.443500
     5.128944     1.150190     1.150190     1.200550     1.260430     1.260430     1.266930     3.100990     3.407430     3.443840
     5.146264     1.156690     1.156690     1.213280     1.253370     1.253370     1.253370     3.101440     3.443950     3.443950
