 480 0.000025010  0.000000  1.700000   1I  1
  32  64  96 128 160 192 224 256 288
 0.2499999936845D-04 0.4228257670007D+07
 0.4999999873689D-04 0.2111656824476D+07
 0.7499999810534D-04 0.1406501530861D+07
 0.9999999747379D-04 0.1054071281774D+07
 0.1249999968422D-03 0.8426886812916D+06
 0.1499999962107D-03 0.7018117642276D+06
 0.1749999955791D-03 0.6012145559288D+06
 0.1999999949476D-03 0.5257868872762D+06
 0.2249999943160D-03 0.4671356416701D+06
 0.2499999936845D-03 0.4202257508919D+06
 0.2749999930529D-03 0.3818535575217D+06
 0.2999999924214D-03 0.3498835887196D+06
 0.3249999917898D-03 0.3228376379830D+06
 0.3499999911583D-03 0.2996599742350D+06
 0.3749999905267D-03 0.2795764979948D+06
 0.3999999898952D-03 0.2620066950255D+06
 0.4249999892636D-03 0.2465066979264D+06
 0.4499999886320D-03 0.2327313136159D+06
 0.4749999880005D-03 0.2204080498273D+06
 0.4999999873689D-03 0.2093189353376D+06
 0.5249999867374D-03 0.1992875389796D+06
 0.5499999861058D-03 0.1901695149551D+06
 0.5749999854743D-03 0.1818456393815D+06
 0.5999999848427D-03 0.1742165629462D+06
 0.6249999842112D-03 0.1671988465330D+06
 0.6499999835796D-03 0.1607218863322D+06
 0.6749999829481D-03 0.1547255486355D+06
 0.6999999823165D-03 0.1491582957733D+06
 0.7249999816850D-03 0.1439756986193D+06
 0.7499999810534D-03 0.1391392568514D+06
 0.7749999804219D-03 0.1346154410125D+06
 0.7999999797903D-03 0.1303749150954D+06
 0.8499999785272D-03 0.1226436549566D+06
 0.8999999772641D-03 0.1157731353215D+06
 0.9499999760010D-03 0.1096273178550D+06
 0.9999999747379D-03 0.1040973875239D+06
 0.1049999973475D-02 0.9909527175596D+05
 0.1099999972212D-02 0.9454891735149D+05
 0.1149999970949D-02 0.9039881226470D+05
 0.1199999969685D-02 0.8659536977200D+05
 0.1249999968422D-02 0.8309694295486D+05
 0.1299999967159D-02 0.7986829449438D+05
 0.1349999965896D-02 0.7687941388132D+05
 0.1399999964633D-02 0.7410458052187D+05
 0.1449999963370D-02 0.7152162224221D+05
 0.1499999962107D-02 0.6911132701797D+05
 0.1549999960844D-02 0.6685696364333D+05
 0.1599999959581D-02 0.6474389393847D+05
 0.1649999958317D-02 0.6275925547613D+05
 0.1699999957054D-02 0.6089170030935D+05
 0.1749999955791D-02 0.5913117849859D+05
 0.1799999954528D-02 0.5746875772661D+05
 0.1849999953265D-02 0.5589647217332D+05
 0.1899999952002D-02 0.5440719526009D+05
 0.1949999950739D-02 0.5299453197833D+05
 0.1999999949476D-02 0.5165272737507D+05
 0.2049999948213D-02 0.5037658856172D+05
 0.2099999946950D-02 0.4916141888312D+05
 0.2149999945686D-02 0.4800295689149D+05
 0.2199999944423D-02 0.4689732969263D+05
 0.2249999943160D-02 0.4584100891462D+05
 0.2299999941897D-02 0.4483077460813D+05
 0.2349999940634D-02 0.4386367994504D+05
 0.2399999939371D-02 0.4293702327669D+05
 0.2499999936845D-02 0.4119530388434D+05
 0.2599999934318D-02 0.3958804408457D+05
 0.2699999931792D-02 0.3810027913527D+05
 0.2799999929266D-02 0.3671918238864D+05
 0.2899999926740D-02 0.3543369882255D+05
 0.2999999924214D-02 0.3423424947924D+05
 0.3099999921687D-02 0.3311249272486D+05
 0.3199999919161D-02 0.3206113079901D+05
 0.3299999916635D-02 0.3107375154600D+05
 0.3399999914109D-02 0.3014469808365D+05
 0.3499999911583D-02 0.2926896082194D+05
 0.3599999909056D-02 0.2844208748497D+05
 0.3699999906530D-02 0.2766010772973D+05
 0.3799999904004D-02 0.2691946967272D+05
 0.3899999901478D-02 0.2621698618636D+05
 0.3999999898952D-02 0.2554978925532D+05
 0.4099999896425D-02 0.2491529101647D+05
 0.4199999893899D-02 0.2431115095807D+05
 0.4299999891373D-02 0.2373524629860D+05
 0.4399999888847D-02 0.2318564689129D+05
 0.4499999886320D-02 0.2266059470262D+05
 0.4599999883794D-02 0.2215848511948D+05
 0.4699999881268D-02 0.2167785095166D+05
 0.4799999878742D-02 0.2121734575419D+05
 0.4899999876216D-02 0.2077573375057D+05
 0.4999999873689D-02 0.2035187981859D+05
 0.5099999871163D-02 0.1994473575606D+05
 0.5199999868637D-02 0.1955333451215D+05
 0.5299999866111D-02 0.1917678424851D+05
 0.5399999863585D-02 0.1881425643136D+05
 0.5499999861058D-02 0.1846498416881D+05
 0.5599999858532D-02 0.1812825643202D+05
 0.5799999853480D-02 0.1748982935414D+05
 0.5999999848427D-02 0.1689420515138D+05
 0.6199999843375D-02 0.1633723022898D+05
 0.6399999838322D-02 0.1581527103755D+05
 0.6599999833270D-02 0.1532513520175D+05
 0.6799999828218D-02 0.1486400657307D+05
 0.6999999823165D-02 0.1442939142153D+05
 0.7199999818113D-02 0.1401907360018D+05
 0.7399999813060D-02 0.1363107698438D+05
 0.7599999808008D-02 0.1326363384558D+05
 0.7799999802955D-02 0.1291515809418D+05
 0.7999999797903D-02 0.1258422253902D+05
 0.8199999792851D-02 0.1226953947774D+05
 0.8399999787798D-02 0.1196994408025D+05
 0.8599999782746D-02 0.1168438091880D+05
 0.8799999777693D-02 0.1141188938816D+05
 0.8999999772641D-02 0.1115159490968D+05
 0.9199999767588D-02 0.1090269907138D+05
 0.9399999762536D-02 0.1066447257146D+05
 0.9599999757484D-02 0.1043624560912D+05
 0.9799999752431D-02 0.1021740344191D+05
 0.9999999747379D-02 0.1000738138333D+05
 0.1019999974233D-01 0.9805658759967D+04
 0.1039999973727D-01 0.9611754313810D+04
 0.1059999973222D-01 0.9425224459201D+04
 0.1079999972717D-01 0.9245657777944D+04
 0.1099999972212D-01 0.9072672358288D+04
 0.1119999971706D-01 0.8905915452173D+04
 0.1139999971201D-01 0.8745056841817D+04
 0.1159999970696D-01 0.8589790668227D+04
 0.1179999970191D-01 0.8439831528389D+04
 0.1199999969685D-01 0.8294912441429D+04
 0.1239999968675D-01 0.8019216420132D+04
 0.1279999967664D-01 0.7760897010197D+04
 0.1319999966654D-01 0.7518367800725D+04
 0.1359999965644D-01 0.7290229563675D+04
 0.1399999964633D-01 0.7075243445241D+04
 0.1439999963623D-01 0.6872308702877D+04
 0.1479999962612D-01 0.6680443856031D+04
 0.1519999961602D-01 0.6498770926543D+04
 0.1559999960591D-01 0.6326502282162D+04
 0.1599999959581D-01 0.6162929264607D+04
 0.1639999958570D-01 0.6007412535464D+04
 0.1679999957560D-01 0.5859373803153D+04
 0.1719999956549D-01 0.5718289027238D+04
 0.1759999955539D-01 0.5583681822812D+04
 0.1799999954528D-01 0.5455117891297D+04
 0.1839999953518D-01 0.5332200991263D+04
 0.1879999952507D-01 0.5214569088198D+04
 0.1919999951497D-01 0.5101890283569D+04
 0.1959999950486D-01 0.4993859320779D+04
 0.1999999949476D-01 0.4890195879576D+04
 0.2039999948465D-01 0.4790642176697D+04
 0.2079999947455D-01 0.4694959221058D+04
 0.2119999946444D-01 0.4602926842868D+04
 0.2159999945434D-01 0.4514341477010D+04
 0.2199999944423D-01 0.4429013420078D+04
 0.2239999943413D-01 0.4346767765737D+04
 0.2279999942402D-01 0.4267441053941D+04
 0.2319999941392D-01 0.4190881278121D+04
 0.2359999940381D-01 0.4116947430474D+04
 0.2399999939371D-01 0.4045506690475D+04
 0.2439999938360D-01 0.3976436642482D+04
 0.2479999937350D-01 0.3909620998336D+04
 0.2559999935329D-01 0.3782329160442D+04
 0.2639999933308D-01 0.3662845221242D+04
 0.2719999931287D-01 0.3550476043378D+04
 0.2799999929266D-01 0.3444607996557D+04
 0.2879999927245D-01 0.3344695886886D+04
 0.2959999925224D-01 0.3250253722846D+04
 0.3039999923203D-01 0.3160846989008D+04
 0.3119999921182D-01 0.3076085665864D+04
 0.3199999919161D-01 0.2995618995403D+04
 0.3279999917140D-01 0.2919130571823D+04
 0.3359999915119D-01 0.2846334237114D+04
 0.3439999913098D-01 0.2776970569899D+04
 0.3519999911077D-01 0.2710804264602D+04
 0.3599999909056D-01 0.2647620320530D+04
 0.3679999907035D-01 0.2587222758475D+04
 0.3759999905014D-01 0.2529432410336D+04
 0.3839999902993D-01 0.2474085525898D+04
 0.3919999900972D-01 0.2421031003879D+04
 0.3999999898952D-01 0.2370130141563D+04
 0.4079999896931D-01 0.2321255815653D+04
 0.4159999894910D-01 0.2274289806157D+04
 0.4239999892889D-01 0.2229123137175D+04
 0.4319999890868D-01 0.2185655584211D+04
 0.4399999888847D-01 0.2143793231691D+04
 0.4479999886826D-01 0.2103449569683D+04
 0.4559999884805D-01 0.2064544163150D+04
 0.4639999882784D-01 0.2027001621751D+04
 0.4719999880763D-01 0.1990752660956D+04
 0.4799999878742D-01 0.1955731486500D+04
 0.4879999876721D-01 0.1921877630573D+04
 0.4959999874700D-01 0.1889133880195D+04
 0.5039999872679D-01 0.1857447019386D+04
 0.5199999868637D-01 0.1797047164346D+04
 0.5359999864595D-01 0.1740314049846D+04
 0.5519999860553D-01 0.1686926088089D+04
 0.5679999856511D-01 0.1636598121603D+04
 0.5839999852469D-01 0.1589076413400D+04
 0.5999999848427D-01 0.1544134440283D+04
 0.6159999844385D-01 0.1501569343189D+04
 0.6319999840343D-01 0.1461198918011D+04
 0.6479999836301D-01 0.1422859053397D+04
 0.6639999832259D-01 0.1386401657755D+04
 0.6799999828218D-01 0.1351692644941D+04
 0.6959999824176D-01 0.1318610140704D+04
 0.7119999820134D-01 0.1287043378254D+04
 0.7279999816092D-01 0.1256891400712D+04
 0.7439999812050D-01 0.1228062307706D+04
 0.7599999808008D-01 0.1200471451784D+04
 0.7759999803966D-01 0.1174041387323D+04
 0.7919999799924D-01 0.1148701231599D+04
 0.8079999795882D-01 0.1124385533433D+04
 0.8239999791840D-01 0.1101033794705D+04
 0.8399999787798D-01 0.1078590567124D+04
 0.8559999783756D-01 0.1057004297727D+04
 0.8719999779714D-01 0.1036227091825D+04
 0.8879999775672D-01 0.1016215150128D+04
 0.9039999771630D-01 0.9969270240126D+03
 0.9199999767588D-01 0.9783246455438D+03
 0.9359999763547D-01 0.9603725361328D+03
 0.9519999759505D-01 0.9430373053363D+03
 0.9679999755463D-01 0.9262883546171D+03
 0.9839999751421D-01 0.9100963568209D+03
 0.9999999747379D-01 0.8944346748742D+03
 0.1015999974334D+00 0.8792775912874D+03
 0.1047999973525D+00 0.8503842939444D+03
 0.1079999972717D+00 0.8232433007657D+03
 0.1111999971909D+00 0.7977015212594D+03
 0.1143999971100D+00 0.7736231172211D+03
 0.1175999970292D+00 0.7508871766557D+03
 0.1207999969483D+00 0.7293857038247D+03
 0.1239999968675D+00 0.7090218687656D+03
 0.1271999967867D+00 0.6897086926483D+03
 0.1303999967058D+00 0.6713677979643D+03
 0.1335999966250D+00 0.6539283713035D+03
 0.1367999965441D+00 0.6373262723425D+03
 0.1399999964633D+00 0.6215034866195D+03
 0.1431999963825D+00 0.6064069037768D+03
 0.1463999963016D+00 0.5919882011609D+03
 0.1495999962208D+00 0.5782032303822D+03
 0.1527999961399D+00 0.5650118280266D+03
 0.1559999960591D+00 0.5523767493640D+03
 0.1591999959783D+00 0.5402639002574D+03
 0.1623999958974D+00 0.5286421472018D+03
 0.1655999958166D+00 0.5174824864447D+03
 0.1687999957358D+00 0.5067581291658D+03
 0.1719999956549D+00 0.4964446767793D+03
 0.1751999955741D+00 0.4865190483928D+03
 0.1783999954932D+00 0.4769600676138D+03
 0.1815999954124D+00 0.4677481912196D+03
 0.1847999953316D+00 0.4588648758016D+03
 0.1879999952507D+00 0.4502933396422D+03
 0.1911999951699D+00 0.4420174610116D+03
 0.1943999950890D+00 0.4340225024703D+03
 0.1975999950082D+00 0.4262945867715D+03
 0.2007999949274D+00 0.4188206757302D+03
 0.2039999948465D+00 0.4115887302517D+03
 0.2103999946848D+00 0.3978055801603D+03
 0.2167999945232D+00 0.3848620746183D+03
 0.2231999943615D+00 0.3726847775204D+03
 0.2295999941998D+00 0.3612085272876D+03
 0.2359999940381D+00 0.3503753062599D+03
 0.2423999938765D+00 0.3401332899051D+03
 0.2487999937148D+00 0.3304360780315D+03
 0.2551999935531D+00 0.3212419817190D+03
 0.2615999933914D+00 0.3125133690882D+03
 0.2679999932298D+00 0.3042162766601D+03
 0.2743999930681D+00 0.2963199423956D+03
 0.2807999929064D+00 0.2887964501765D+03
 0.2871999927447D+00 0.2816205229203D+03
 0.2935999925830D+00 0.2747689024992D+03
 0.2999999924214D+00 0.2682204129199D+03
 0.3063999922597D+00 0.2619557261073D+03
 0.3127999920980D+00 0.2559571518372D+03
 0.3191999919363D+00 0.2502082673154D+03
 0.3255999917747D+00 0.2446940639755D+03
 0.3319999916130D+00 0.2394008093758D+03
 0.3383999914513D+00 0.2343155868148D+03
 0.3447999912896D+00 0.2294266224556D+03
 0.3511999911279D+00 0.2247230193954D+03
 0.3575999909663D+00 0.2201944948364D+03
 0.3639999908046D+00 0.2158317828195D+03
 0.3703999906429D+00 0.2116259833226D+03
 0.3767999904812D+00 0.2075689646111D+03
 0.3831999903196D+00 0.2036531543198D+03
 0.3895999901579D+00 0.1998713505832D+03
 0.3959999899962D+00 0.1962170486694D+03
 0.4023999898345D+00 0.1926838711885D+03
 0.4087999896728D+00 0.1892661845157D+03
 0.4215999893495D+00 0.1827554131872D+03
 0.4343999890261D+00 0.1766449781496D+03
 0.4471999887028D+00 0.1708997362742D+03
 0.4599999883794D+00 0.1654885097450D+03
 0.4727999880561D+00 0.1603835437920D+03
 0.4855999877327D+00 0.1555600506752D+03
 0.4983999874094D+00 0.1509958243730D+03
 0.5111999870860D+00 0.1466709341642D+03
 0.5239999867626D+00 0.1425674432365D+03
 0.5367999864393D+00 0.1386690859387D+03
 0.5495999861159D+00 0.1349611622342D+03
 0.5623999857926D+00 0.1314303275907D+03
 0.5751999854692D+00 0.1280644863737D+03
 0.5879999851459D+00 0.1248526066075D+03
 0.6007999848225D+00 0.1217845374220D+03
 0.6135999844992D+00 0.1188510189353D+03
 0.6263999841758D+00 0.1160436705659D+03
 0.6391999838524D+00 0.1133546450912D+03
 0.6519999835291D+00 0.1107767458443D+03
 0.6647999832057D+00 0.1083034628548D+03
 0.6775999828824D+00 0.1059286473879D+03
 0.6903999825590D+00 0.1036466290332D+03
 0.7031999822357D+00 0.1014523020490D+03
 0.7159999819123D+00 0.9934072422176D+02
 0.7287999815890D+00 0.9730744964722D+02
 0.7415999812656D+00 0.9534831865788D+02
 0.7543999809423D+00 0.9345938281839D+02
 0.7671999806189D+00 0.9163712057145D+02
 0.7799999802955D+00 0.8987803638132D+02
 0.7927999799722D+00 0.8817909047866D+02
 0.8055999796488D+00 0.8653722899547D+02
 0.8183999793255D+00 0.8494975982447D+02
 0.8311999790021D+00 0.8341404331181D+02
 0.8439999786788D+00 0.8192768369004D+02
 0.8567999783554D+00 0.8048837403761D+02
 0.8695999780321D+00 0.7909399060263D+02
 0.8823999777087D+00 0.7774249338996D+02
 0.8951999773853D+00 0.7643200998324D+02
 0.9079999770620D+00 0.7516071170378D+02
 0.9207999767386D+00 0.7392696210059D+02
 0.9335999764153D+00 0.7272909421608D+02
 0.9463999760919D+00 0.7156569867472D+02
 0.9591999757686D+00 0.7043524364435D+02
 0.9719999754452D+00 0.6933648477472D+02
 0.9847999751219D+00 0.6826805640612D+02
 0.9975999747985D+00 0.6722881457461D+02
 0.1010399974475D+01 0.6621757719566D+02
 0.1023199974152D+01 0.6523325502214D+02
 0.1035999973828D+01 0.6427485974685D+02
 0.1048799973505D+01 0.6334133778144D+02
 0.1061599973182D+01 0.6243183819364D+02
 0.1074399972858D+01 0.6154540571771D+02
 0.1087199972535D+01 0.6068122148113D+02
 0.1099999972212D+01 0.5983850540245D+02
 0.1112799971888D+01 0.5901643347175D+02
 0.1125599971565D+01 0.5821434334935D+02
 0.1138399971242D+01 0.5743148772468D+02
 0.1151199970918D+01 0.5666719635876D+02
 0.1163999970595D+01 0.5592090347555D+02
 0.1176799970272D+01 0.5519191743193D+02
 0.1189599969948D+01 0.5447969842969D+02
 0.1202399969625D+01 0.5378370717844D+02
 0.1215199969301D+01 0.5310336386960D+02
 0.1227999968978D+01 0.5243820661862D+02
 0.1240799968655D+01 0.5178773538608D+02
 0.1253599968331D+01 0.5115145508102D+02
 0.1266399968008D+01 0.5052896569962D+02
 0.1279199967685D+01 0.4991981342858D+02
 0.1291999967361D+01 0.4932356731630D+02
 0.1304799967038D+01 0.4873987662327D+02
 0.1317599966715D+01 0.4816833812993D+02
 0.1330399966391D+01 0.4760856869178D+02
 0.1343199966068D+01 0.4706025601244D+02
 0.1355999965745D+01 0.4652305162105D+02
 0.1368799965421D+01 0.4599660634405D+02
 0.1381599965098D+01 0.4548063608951D+02
 0.1394399964774D+01 0.4497485284772D+02
 0.1407199964451D+01 0.4447892875133D+02
 0.1419999964128D+01 0.4399259736188D+02
 0.1432799963804D+01 0.4351563967987D+02
 0.1445599963481D+01 0.4304773666026D+02
 0.1458399963158D+01 0.4258864989175D+02
 0.1471199962834D+01 0.4213817601084D+02
 0.1483999962511D+01 0.4169605741721D+02
 0.1496799962188D+01 0.4126205843414D+02
 0.1509599961864D+01 0.4083597937595D+02
 0.1522399961541D+01 0.4041763854953D+02
 0.1535199961218D+01 0.4000679043489D+02
 0.1547999960894D+01 0.3960324916633D+02
 0.1560799960571D+01 0.3920685726299D+02
 0.1573599960248D+01 0.3881741610894D+02
 0.1586399959924D+01 0.3843473437055D+02
 0.1599199959601D+01 0.3805864974068D+02
 0.1611999959277D+01 0.3768903486258D+02
 0.1624799958954D+01 0.3732569042619D+02
 0.1637599958631D+01 0.3696846297091D+02
 0.1650399958307D+01 0.3661776147603D+02
 0.1663199957984D+01 0.3628028543229D+02
 0.1675999957661D+01 0.3594280938856D+02
 0.1688799957337D+01 0.3560533334482D+02
 0.1701599957014D+01 0.3527293451472D+02
 0.1714399956691D+01 0.3494549917625D+02
 0.1727199956367D+01 0.3462291697851D+02
 0.1739999956044D+01 0.3430508081770D+02
 0.1752799955721D+01 0.3399188671858D+02
 0.1765599955397D+01 0.3368323372102D+02
 0.1778399955074D+01 0.3337902377156D+02
 0.1791199954750D+01 0.3307916161951D+02
 0.1803999954427D+01 0.3278355471751D+02
 0.1816799954104D+01 0.3249211312632D+02
 0.1829599953780D+01 0.3220474942360D+02
 0.1842399953457D+01 0.3192137861644D+02
 0.1855199953134D+01 0.3164191805759D+02
 0.1867999952810D+01 0.3136628736508D+02
 0.1880799952487D+01 0.3109440834511D+02
 0.1893599952164D+01 0.3082620491814D+02
 0.1906399951840D+01 0.3056160304790D+02
 0.1919199951517D+01 0.3030053067321D+02
 0.1931999951194D+01 0.3004291764262D+02
 0.1944799950870D+01 0.2978869565151D+02
 0.1957599950547D+01 0.2953779818174D+02
 0.1970399950224D+01 0.2929016044361D+02
 0.1983199949900D+01 0.2904571932009D+02
 0.1995999949577D+01 0.2880441331319D+02
 0.2008799949253D+01 0.2856618249235D+02
 0.2021599948930D+01 0.2833096844487D+02
 0.2034399948607D+01 0.2809871422811D+02
 0.2047199948283D+01 0.2786936432356D+02
 0.2059999947960D+01 0.2764286459257D+02
 0.2072799947637D+01 0.2741916223380D+02
 0.2085599947313D+01 0.2719820574210D+02
 0.2098399946990D+01 0.2697994486907D+02
 0.2111199946667D+01 0.2676433058486D+02
 0.2123999946343D+01 0.2655131504156D+02
 0.2136799946020D+01 0.2634085153772D+02
 0.2149599945697D+01 0.2613289448424D+02
 0.2162399945373D+01 0.2592739937145D+02
 0.2175199945050D+01 0.2572432273738D+02
 0.2187999944726D+01 0.2552362213705D+02
 0.2200799944403D+01 0.2532525611295D+02
 0.2213599944080D+01 0.2512918416647D+02
 0.2226399943756D+01 0.2493536673033D+02
 0.2239199943433D+01 0.2474376514198D+02
 0.2251999943110D+01 0.2455434161787D+02
 0.2264799942786D+01 0.2436705922861D+02
 0.2277599942463D+01 0.2418188187499D+02
 0.2290399942140D+01 0.2399877426475D+02
 0.2303199941816D+01 0.2381770189020D+02
 0.2315999941493D+01 0.2363863100649D+02
 0.2328799941170D+01 0.2346152861067D+02
 0.2341599940846D+01 0.2328636242144D+02
 0.2354399940523D+01 0.2311310085948D+02
 0.2367199940199D+01 0.2294171302851D+02
 0.2379999939876D+01 0.2277216869689D+02
 0.2392799939553D+01 0.2260443827989D+02
 0.2405599939229D+01 0.2243849282243D+02
 0.2418399938906D+01 0.2227430398245D+02
 0.2431199938583D+01 0.2211184401475D+02
 0.2443999938259D+01 0.2195108575539D+02
 0.2456799937936D+01 0.2179200260652D+02
 0.2469599937613D+01 0.2163456852171D+02
 0.2482399937289D+01 0.2147875799175D+02
 0.2495199936966D+01 0.2132454603088D+02
 0.2507999936643D+01 0.2117190816338D+02
 0.2520799936319D+01 0.2102082041069D+02
 0.2533599935996D+01 0.2087125927881D+02
 0.2546399935673D+01 0.2072320174611D+02
 0.2559199935349D+01 0.2057662525157D+02
 0.2571999935026D+01 0.2043150768326D+02
 0.2584799934702D+01 0.2028782736724D+02
 0.2597599934379D+01 0.2014556305681D+02
 0.2610399934056D+01 0.2000469392196D+02
 0.2623199933732D+01 0.1986519953927D+02
 0.2635999933409D+01 0.1972705988199D+02
 0.2648799933086D+01 0.1959025531049D+02
 0.2661599932762D+01 0.1945476656295D+02
 0.2674399932439D+01 0.1932057474629D+02
 0.2687199932116D+01 0.1918766132740D+02
 0.2699999931792D+01 0.1905600812463D+02
 0.2712799931469D+01 0.1892559729947D+02
 0.2725599931146D+01 0.1879641134852D+02
 0.2738399930822D+01 0.1866843309562D+02
 0.2751199930499D+01 0.1854164568427D+02
 0.2763999930175D+01 0.1841603257022D+02
 0.2776799929852D+01 0.1829157751426D+02
 0.2789599929529D+01 0.1816826457525D+02
 0.2802399929205D+01 0.1804607810328D+02
 0.2815199928882D+01 0.1792500273307D+02
 0.2827999928559D+01 0.1780502337753D+02
 0.2840799928235D+01 0.1768612522148D+02
 0.2853599927912D+01 0.1756829371555D+02
 0.2866399927589D+01 0.1745151457026D+02
