bcc Sb -- Hedin-Lundqvist LDA                                                   
INPUT  IT=219 SPIN=0 NTYPE=  2
 -4.000000  4.000000  4.000000
  4.000000 -4.000000  4.000000
  4.000000  4.000000 -4.000000
    1  435  1.700000  0.030000    1
  0.000000  0.000000  0.000000
 0.5943605356051D-04 0.6283923336310D-04 0.6643726097555D-04 0.7024128199805D-04
 0.7426304959013D-04 0.7851505834135D-04 0.8301048654192D-04 0.8776326650543D-04
 0.9278812768456D-04 0.9810064229639D-04 0.1037172734956D-03 0.1096554263203D-03
 0.1159335015476D-03 0.1225709526267D-03 0.1295883458624D-03 0.1370074240373D-03
 0.1448511736680D-03 0.1531438961019D-03 0.1619112826738D-03 0.1711804941533D-03
 0.1809802447299D-03 0.1913408907912D-03 0.2022945247690D-03 0.2138750743421D-03
 0.2261184073015D-03 0.2390624423983D-03 0.2527472665176D-03 0.2672152585366D-03
 0.2825112202499D-03 0.2986825147604D-03 0.3157792127648D-03 0.3338542471805D-03
 0.3529635765881D-03 0.3731663579928D-03 0.3945251294333D-03 0.4171060029974D-03
 0.4409788688377D-03 0.4662176108104D-03 0.4929003343995D-03 0.5211096076218D-03
 0.5509327156526D-03 0.5824619299482D-03 0.6157947926901D-03 0.6510344174182D-03
 0.6882898067737D-03 0.7276761883186D-03 0.7693153694604D-03 0.8133361125594D-03
 0.8598745313686D-03 0.9090745100080D-03 0.9610881457518D-03 0.1016076216976D-02
 0.1074208677691D-02 0.1135665180156D-02 0.1200635627175D-02 0.1269320755736D-02
 0.1341932753770D-02 0.1418695911917D-02 0.1499847312238D-02 0.1585637555975D-02
 0.1676331532597D-02 0.1772209232371D-02 0.1873566605003D-02 0.1980716466885D-02
 0.2093989459695D-02 0.2213735063242D-02 0.2340322665613D-02 0.2474142693813D-02
 0.2615607808324D-02 0.2765154165144D-02 0.2923242749104D-02 0.3090360782449D-02
 0.3267023212895D-02 0.3453774285614D-02 0.3651189203830D-02 0.3859875882976D-02
 0.4080476803646D-02 0.4313670968830D-02 0.4560175971258D-02 0.4820750176984D-02
 0.5096195031650D-02 0.5387357496288D-02 0.5695132619810D-02 0.6020466255784D-02
 0.6364357931500D-02 0.6727863877735D-02 0.7112100228101D-02 0.7518246397358D-02
 0.7947548648541D-02 0.8401323859310D-02 0.8880963498490D-02 0.9387937824337D-02
 0.9923800316699D-02 0.1049019235591D-01 0.1108884816184D-01 0.1172160000750D-01
 0.1239038372183D-01 0.1309724449792D-01 0.1384434302273D-01 0.1463396194618D-01
 0.1546851270781D-01 0.1635054274030D-01 0.1728274307042D-01 0.1826795633847D-01
 0.1930918525912D-01 0.2040960154701D-01 0.2157255533212D-01 0.2280158509105D-01
 0.2410042812179D-01 0.2547303159068D-01 0.2692356418207D-01 0.2845642838252D-01
 0.3007627343292D-01 0.3178800898379D-01 0.3359681949049D-01 0.3550817938717D-01
 0.3752786907990D-01 0.3966199180163D-01 0.4191699137356D-01 0.4429967091966D-01
 0.4681721258329D-01 0.4947719829734D-01 0.5228763166138D-01 0.5525696098230D-01
 0.5839410353698D-01 0.6170847111871D-01 0.6520999693138D-01 0.6890916389904D-01
 0.7281703446038D-01 0.7694528192200D-01 0.8130622344625D-01 0.8591285475394D-01
 0.9077888662439D-01 0.9591878327979D-01 0.1013478027436D+00 0.1070820392668D+00
 0.1131384679196D+00 0.1195349914488D+00 0.1262904895080D+00 0.1334248703667D+00
 0.1409591252142D+00 0.1489153851716D+00 0.1573169811382D+00 0.1661885065907D+00
 0.1755558834696D+00 0.1854464312837D+00 0.1958889395693D+00 0.2069137438452D+00
 0.2185528052096D+00 0.2308397937250D+00 0.2438101757449D+00 0.2575013053361D+00
 0.2719525199558D+00 0.2872052405430D+00 0.3033030761914D+00 0.3202919335628D+00
 0.3382201312152D+00 0.3571385190090D+00 0.3771006027609D+00 0.3981626743161D+00
 0.4203839472026D+00 0.4438266980365D+00 0.4685564138385D+00 0.4946419454227D+00
 0.5221556670095D+00 0.5511736422105D+00 0.5817757965249D+00 0.6140460964771D+00
 0.6480727355132D+00 0.6839483267603D+00 0.7217701027404D+00 0.7616401221057D+00
 0.8036654834487D+00 0.8479585462125D+00 0.8946371586990D+00 0.9438248931481D+00
 0.9956512878177D+00 0.1050252095969D+01 0.1107769541599D+01 0.1168352581751D+01
 0.1232157175123D+01 0.1299346556704D+01 0.1370091518057D+01 0.1444570692804D+01
 0.1522970846816D+01 0.1605487172495D+01 0.1692323586462D+01 0.1783693029862D+01
 0.1879817770377D+01 0.1980929704939D+01 0.2087270661987D+01 0.2199092701970D+01
 0.2316658414692D+01 0.2440241211854D+01 0.2570125613054D+01 0.2706607523283D+01
 0.2849994499725D+01 0.3000606005538D+01 0.3158773647973D+01 0.3324841398022D+01
 0.3499165788463D+01 0.3682116086990D+01 0.3874074440690D+01 0.4075435988010D+01
 0.4286608933850D+01 0.4508014583261D+01 0.4740087328716D+01 0.4983274585759D+01
 0.5238036671225D+01 0.5504846618112D+01 0.5784189920535D+01 0.6076564202018D+01
 0.6382478799781D+01 0.6702454257462D+01 0.7037021718099D+01 0.7386722209036D+01
 0.7752105809741D+01 0.8133730693472D+01 0.8532162033001D+01 0.8947970760663D+01
 0.9381732172295D+01 0.9834024364775D+01 0.1030542649626D+02 0.1079651685846D+02
 0.1130787074989D+02 0.1184005813927D+02 0.1239364110822D+02 0.1296917106273D+02
 0.1356718570308D+02 0.1418820574264D+02 0.1483273136627D+02 0.1550123842035D+02
 0.1619417432704D+02 0.1691195371705D+02 0.1765495377659D+02 0.1842350930578D+02
 0.1921790748834D+02 0.2003838237432D+02 0.2088510908094D+02 0.2175819771920D+02
 0.2265768705792D+02 0.2358353794067D+02 0.2453562647548D+02 0.2551373702195D+02
 0.2651755500628D+02 0.2754665959940D+02 0.2860051630171D+02 0.2967846948191D+02
 0.3077973492820D+02 0.3190339247401D+02 0.3304837877279D+02 0.3421348030050D+02
 0.3539732667837D+02 0.3659838441213D+02 0.3781495115973D+02 0.3904515064162D+02
 0.4028692832607D+02 0.4153804802065D+02 0.4279608952230D+02 0.4405844747300D+02
 0.4532233159105D+02 0.4658476843734D+02 0.4784260490098D+02 0.4909251356993D+02
 0.5033100017982D+02 0.5155441330440D+02 0.5275895648124D+02 0.5394070292207D+02
 0.5509561299108D+02 0.5621955457155D+02 0.5730832647860D+02 0.5835768499170D+02
 0.5936337362162D+02 0.6032115611590D+02 0.6122685275484D+02 0.6207637984707D+02
 0.6286579239166D+02 0.6359132969375D+02 0.6424946379186D+02 0.6483695033425D+02
 0.6535088163252D+02 0.6578874135197D+02 0.6614846042049D+02 0.6642847341542D+02
 0.6662777485201D+02 0.6674597441949D+02 0.6678335043195D+02 0.6674090032199D+02
 0.6662038730765D+02 0.6642438185546D+02 0.6615629697074D+02 0.6582041576989D+02
 0.6542191032827D+02 0.6496685014853D+02 0.6446219930184D+02 0.6391580055754D+02
 0.6333634573798D+02 0.6273333069559D+02 0.6211699448559D+02 0.6149824134286D+02
 0.6088854555465D+02 0.6029983818929D+02 0.5974437648659D+02 0.5923459536560D+02
 0.5878294276358D+02 0.5840169887958D+02 0.5810278212907D+02 0.5789754257490D+02
 0.5779654687676D+02 0.5780935659011D+02 0.5794430333845D+02 0.5820826665434D+02
 0.5860645741302D+02 0.5914221120488D+02 0.5981679919212D+02 0.6062925890170D+02
 0.6157625388254D+02 0.6265196417516D+02 0.6384801719755D+02 0.6515345978166D+02
 0.6655478121546D+02 0.6803598598918D+02 0.6957872583651D+02 0.7116248683160D+02
 0.7276484037410D+02 0.7436174985364D+02 0.7592794074683D+02 0.7743732097662D+02
 0.7886345802187D+02 0.8018009385947D+02 0.8136170302144D+02 0.8238406854024D+02
 0.8322488050193D+02 0.8386432530691D+02 0.8428567095046D+02 0.8447580992979D+02
 0.8442576734399D+02 0.8413113003958D+02 0.8359240893465D+02 0.8281528561574D+02
 0.8181076298663D+02 0.8059516782947D+02 0.7919003583273D+02 0.7762182560355D+02
 0.7592150643736D+02 0.7412396653145D+02 0.7226730385693D+02 0.7039194762766D+02
 0.6853969237575D+02 0.6675259373780D+02 0.6507182893201D+02 0.6353647044841D+02
 0.6218229629573D+02 0.6104058110155D+02 0.6013700910237D+02 0.5949064376457D+02
 0.5911310771886D+02 0.5900789415976D+02 0.5916995947802D+02 0.5958551596089D+02
 0.6023215139584D+02 0.6107918730242D+02 0.6208837247134D+02 0.6321480090687D+02
 0.6440815688480D+02 0.6561411901446D+02 0.6677602262189D+02 0.6783658754831D+02
 0.6873979484625D+02 0.6943270560186D+02 0.6986729602359D+02 0.7000210115782D+02
 0.6980373939416D+02 0.6924812463415D+02 0.6832144320554D+02 0.6702073168960D+02
 0.6535414317421D+02 0.6334077723697D+02 0.6101017567619D+02 0.5840140289040D+02
 0.5556182650712D+02 0.5254556238140D+02 0.4941170599806D+02 0.4622235834586D+02
 0.4304056313880D+02 0.3992820253814D+02 0.3694394862764D+02 0.3414134832721D+02
 0.3156710332428D+02 0.2925964228807D+02 0.2724799647771D+02 0.2555107463192D+02
 0.2417730423073D+02 0.2312470397189D+02 0.2238133960260D+02 0.2192614663122D+02
 0.2173003792853D+02 0.2175735173768D+02 0.2196739909842D+02 0.2231624437447D+02
 0.2275840461071D+02 0.2324865872878D+02 0.2374360445974D+02 0.2420319785841D+02
 0.2459190164616D+02 0.2487974829003D+02 0.2504290914148D+02 0.2506417922294D+02
 0.2493293137533D+02 0.2464504398377D+02 0.2420233095077D+02 0.2361203562504D+02
 0.2288590952299D+02 0.2203946133589D+02 0.2109087710137D+02 0.2006021392830D+02
 0.1896834440029D+02 0.1783624897919D+02 0.1668412179104D+02 0.1553087895903D+02
 0.1439352910396D+02 0.1328698544103D+02 0.1222374868062D+02 0.1121402316592D+02
 0.1026568145834D+02 0.9384524325827D+01 0.8574253564164D+01 0.7836661588248D+01
 0.7171444074776D+01 0.6576350031025D+01 0.6047253516175D+01 0.5579001386009D+01
 0.5166544944479D+01 0.4806791260681D+01 0.4500013440517D+01
    2  435  1.000000  0.030000    3
  0.000000  0.500000  0.500000
  0.500000  0.500000  0.000000
  0.500000  0.000000  0.500000
 0.2056126840221D-10 0.2183266839946D-10 0.2318268494735D-10 0.2461617926235D-10
 0.2613831315111D-10 0.2775456759709D-10 0.2947076254106D-10 0.3129307766530D-10
 0.3322807489431D-10 0.3528272186747D-10 0.3746441710678D-10 0.3978101647193D-10
 0.4224086172879D-10 0.4485281040497D-10 0.4762626777257D-10 0.5057122051389D-10
 0.5369827298737D-10 0.5701868521623D-10 0.6054441352662D-10 0.6428815337891D-10
 0.6826338542028D-10 0.7248442381180D-10 0.7696646786829D-10 0.8172565654660D-10
 0.8677912693207D-10 0.9214507571187D-10 0.9784282479988D-10 0.1038928906463D-09
 0.1103170585250D-09 0.1171384607226D-09 0.1243816599394D-09 0.1320727374448D-09
 0.1402393874445D-09 0.1489110165224D-09 0.1581188496384D-09 0.1678960422442D-09
 0.1782778001705D-09 0.1893015060900D-09 0.2010068542379D-09 0.2134359929933D-09
 0.2266336771993D-09 0.2406474289795D-09 0.2555277089718D-09 0.2713280976415D-09
 0.2881054888220D-09 0.3059202942093D-09 0.3248366610074D-09 0.3449227024858D-09
 0.3662507439111D-09 0.3888975825670D-09 0.4129447644029D-09 0.4384788771934D-09
 0.4655918630598D-09 0.4943813490843D-09 0.5249509989560D-09 0.5574108857232D-09
 0.5918778889496D-09 0.6284761150749D-09 0.6673373443986D-09 0.7086015050151D-09
 0.7524171775468D-09 0.7989421295977D-09 0.8483438839274D-09 0.9008003210194D-09
 0.9565003205518D-09 0.1015644440890D-08 0.1078445641320D-08 0.1145130048141D-08
 0.1215937769938D-08 0.1291123761460D-08 0.1370958741684D-08 0.1455730167794D-08
 0.1545743271367D-08 0.1641322156649D-08 0.1742810967557D-08 0.1850575125921D-08
 0.1965002648481D-08 0.2086505543130D-08 0.2215521292354D-08 0.2352514427419D-08
 0.2497978202304D-08 0.2652436368706D-08 0.2816445061748D-08 0.2990594801205D-08
 0.3175512619127D-08 0.3371864316361D-08 0.3580356859557D-08 0.3801740925267D-08
 0.4036813604257D-08 0.4286421270087D-08 0.4551462626099D-08 0.4832891939565D-08
 0.5131722479032D-08 0.5449030160937D-08 0.5785957422787D-08 0.6143717334486D-08
 0.6523597967424D-08 0.6926967030073D-08 0.7355276791372D-08 0.7810069307064D-08
 0.8292981973092D-08 0.8805753418338D-08 0.9350229762899D-08 0.9928371261763D-08
 0.1054225936351D-07 0.1119410420106D-07 0.1188625254662D-07 0.1262119625706D-07
 0.1340158124585D-07 0.1423021700493D-07 0.1511008671659D-07 0.1604435798845D-07
 0.1703639425755D-07 0.1808976689390D-07 0.1920826805350D-07 0.2039592432416D-07
 0.2165701122043D-07 0.2299606856860D-07 0.2441791684409D-07 0.2592767451659D-07
 0.2753077647373D-07 0.2923299357672D-07 0.3104045342630D-07 0.3295966240981D-07
 0.3499752911804D-07 0.3716138920172D-07 0.3945903176599D-07 0.4189872739346D-07
 0.4448925790691D-07 0.4723994796309D-07 0.5016069860039D-07 0.5326202285706D-07
 0.5655508359889D-07 0.6005173367518D-07 0.6376455855770D-07 0.6770692161108D-07
 0.7189301217019D-07 0.7633789657727D-07 0.8105757237440D-07 0.8606902584049D-07
 0.9139029309363D-07 0.9704052495642D-07 0.1030400558304D-06 0.1094104768211D-06
 0.1161747133921D-06 0.1233571078025D-06 0.1309835066379D-06 0.1390813537441D-06
 0.1476797889129D-06 0.1568097526479D-06 0.1665040974032D-06 0.1767977056850D-06
 0.1877276154622D-06 0.1993331533032D-06 0.2116560757355D-06 0.2247407193279D-06
 0.2386341600544D-06 0.2533863824770D-06 0.2690504593763D-06 0.2856827424618D-06
 0.3033430648750D-06 0.3220949561652D-06 0.3420058705404D-06 0.3631474291925D-06
 0.3855956775995D-06 0.4094313586785D-06 0.4347402027963D-06 0.4616132356612D-06
 0.4901471052360D-06 0.5204444287851D-06 0.5526141613347D-06 0.5867719868451D-06
 0.6230407335361D-06 0.6615508147892D-06 0.7024406972421D-06 0.7458573977290D-06
 0.7919570108898D-06 0.8409052692612D-06 0.8928781379004D-06 0.9480624456353D-06
 0.1006656555255D-05 0.1068871074943D-05 0.1134929613566D-05 0.1205069582447D-05
 0.1279543046588D-05 0.1358617628258D-05 0.1442577466222D-05 0.1531724234035D-05
 0.1626378221040D-05 0.1726879479876D-05 0.1833589044611D-05 0.1946890223803D-05
 0.2067189973183D-05 0.2194920352704D-05 0.2330540073243D-05 0.2474536138369D-05
 0.2627425587134D-05 0.2789757343914D-05 0.2962114181982D-05 0.3145114807700D-05
 0.3339416072854D-05 0.3545715322767D-05 0.3764752888698D-05 0.3997314733175D-05
 0.4244235257882D-05 0.4506400283695D-05 0.4784750213691D-05 0.5080283390072D-05
 0.5394059657129D-05 0.5727204142501D-05 0.6080911270320D-05 0.6456449020169D-05
 0.6855163447149D-05 0.7278483478580D-05 0.7727926004542D-05 0.8205101279847D-05
 0.8711718656791D-05 0.9249592668353D-05 0.9820649483535D-05 0.1042693375714D-04
 0.1107061589839D-04 0.1175399978327D-04 0.1247953093798D-04 0.1324980522173D-04
 0.1406757803956D-04 0.1493577411673D-04 0.1585749786924D-04 0.1683604440596D-04
 0.1787491120137D-04 0.1897781047834D-04 0.2014868234492D-04 0.2139170872956D-04
 0.2271132816411D-04 0.2411225146421D-04 0.2559947836248D-04 0.2717831515051D-04
 0.2885439339160D-04 0.3063368976708D-04 0.3252254712544D-04 0.3452769680517D-04
 0.3665628230882D-04 0.3891588440767D-04 0.4131454776354D-04 0.4386080915730D-04
 0.4656372742102D-04 0.4943291517351D-04 0.5247857246796D-04 0.5571152246389D-04
 0.5914324924480D-04 0.6278593790680D-04 0.6665251705417D-04 0.7075670384231D-04
 0.7511305172003D-04 0.7973700102787D-04 0.8464493262231D-04 0.8985422470127D-04
 0.9538331302080D-04 0.1012517546982D-03 0.1074802958135D-03 0.1140909430282D-03
 0.1211070394566D-03 0.1285533450346D-03 0.1364561216472D-03 0.1448432232892D-03
 0.1537441915488D-03 0.1631903567195D-03 0.1732149448646D-03 0.1838531911715D-03
 0.1951424599581D-03 0.2071223717060D-03 0.2198349375218D-03 0.2333247014434D-03
 0.2476388910365D-03 0.2628275767437D-03 0.2789438404793D-03 0.2960439539817D-03
 0.3141875674697D-03 0.3334379091708D-03 0.3538619963207D-03 0.3755308582652D-03
 0.3985197723264D-03 0.4229085131284D-03 0.4487816161074D-03 0.4762286559810D-03
 0.5053445409659D-03 0.5362298236013D-03 0.5689910290371D-03 0.6037410017376D-03
 0.6405992715326D-03 0.6796924400629D-03 0.7211545886318D-03 0.7651277086150D-03
 0.8117621555222D-03 0.8612171279752D-03 0.9136611727772D-03 0.9692727174635D-03
 0.1028240631588D-02 0.1090764818276D-02 0.1157056837350D-02 0.1227340561744D-02
 0.1301852868558D-02 0.1380844366608D-02 0.1464580161931D-02 0.1553340663220D-02
 0.1647422428727D-02 0.1747139056772D-02 0.1852822121416D-02 0.1964822155654D-02
 0.2083509683644D-02 0.2209276304581D-02 0.2342535829622D-02 0.2483725474768D-02
 0.2633307110967D-02 0.2791768574579D-02 0.2959625039324D-02 0.3137420453126D-02
 0.3325729040677D-02 0.3525156875448D-02 0.3736343521602D-02 0.3959963749908D-02
 0.4196729327438D-02 0.4447390885729D-02 0.4712739866278D-02 0.4993610548696D-02
 0.5290882159216D-02 0.5605481065578D-02 0.5938383054641D-02 0.6290615699462D-02
 0.6663260810313D-02 0.7057456977622D-02 0.7474402198716D-02 0.7915356597590D-02
 0.8381645226955D-02 0.8874660962802D-02 0.9395867477226D-02 0.9946802302269D-02
 0.1052907996476D-01 0.1114439520791D-01 0.1179452627427D-01 0.1248133826850D-01
 0.1320678656628D-01 0.1397292029431D-01 0.1478188583610D-01 0.1563593039522D-01
 0.1653740555943D-01 0.1748877090337D-01 0.1849259755888D-01 0.1955157180263D-01
 0.2066849856802D-01 0.2184630494609D-01 0.2308804355943D-01 0.2439689589042D-01
 0.2577617541684D-01 0.2722933066306D-01 0.2875994797911D-01 0.3037175418573D-01
 0.3206861885622D-01 0.3385455640781D-01 0.3573372771352D-01 0.3771044146726D-01
 0.3978915493171D-01 0.4197447436997D-01 0.4427115470564D-01 0.4668409879294D-01
 0.4921835572425D-01 0.5187911868197D-01 0.5467172160653D-01 0.5760163533162D-01
 0.6067446229743D-01 0.6389593065104D-01 0.6727188664569D-01 0.7080828637790D-01
 0.7451118548520D-01 0.7838672815834D-01 0.8244113375509D-01 0.8668068271450D-01
 0.9111169966468D-01 0.9574053591355D-01 0.1005735486287D+00 0.1056170795624D+00
 0.1108774299608D+00 0.1163608352157D+00 0.1220734351800D+00 0.1280212445822D+00
 0.1342101184454D+00 0.1406457182391D+00 0.1473334722878D+00 0.1542785376890D+00
 0.1614857557761D+00 0.1689596101812D+00 0.1767041774749D+00 0.1847230819435D+00
 0.1930194419740D+00 0.2015958223539D+00 0.2104541769725D+00 0.2195957999985D+00
 0.2290212658252D+00 0.2387303804024D+00 0.2487221196165D+00 0.2589945827072D+00
 0.2695449299865D+00 0.2803693402575D+00 0.2914629494204D+00 0.3028198137314D+00
 0.3144328506170D+00 0.3262938106191D+00 0.3383932215213D+00 0.3507203728668D+00
 0.3632632662847D+00 0.3760086173598D+00 0.3889418179087D+00 0.4020469640274D+00
 0.4153068385644D+00 0.4287029803543D+00 0.4422156994275D+00 0.4558242055780D+00
 0.4695066735394D+00 0.4832404482922D+00 0.4970021712252D+00 0.5107680726152D+00
 0.5245141498839D+00 0.5382165319573D+00 0.5518516742133D+00 0.5653967471554D+00
 0.5788297846141D+00 0.5921300469767D+00 0.6052780768762D+00 0.6182560489878D+00
 0.6310478050269D+00 0.6436393555714D+00 0.6560191372330D+00 0.6681789931722D+00
 0.6801149429866D+00 0.6918288474510D+00 0.7033296376845D+00
  659
 0.1788917426373D+02 0.0000000000000D+00 0.9698812760179D+02 0.6307622629842D-65
 0.4474693307498D+02 0.0000000000000D+00 0.1076899609171D+03 0.1050384154548D-30
 0.5341082028726D+02 0.1022791023742D-32 0.7623721219097D+02-0.3573726932397D-32
 0.2440080749769D+02 0.1251197041855D-65 0.1103532029432D+03-0.3950779433811D-31
 0.1386770334843D+02 0.7455136875130D-32 0.4266375948993D+02-0.2475760818534D-31
 0.2169640697722D+02-0.2450408435924D-65 0.4311603784684D+02 0.5503943077991D-65
 0.3500178474556D+02 0.4417779886337D-32 0.3507014169994D+02 0.3166179665316D-32
 0.5851065074556D+02 0.0000000000000D+00 0.2936424570694D+02-0.2668297137704D-31
 0.5048368848562D+02 0.1211411434001D-30 0.1269605604535D+02 0.3980409648666D-66
 0.2213233039502D+02 0.2397049144578D-31 0.2216300907403D+02-0.6870505895534D-66
 0.2217433649965D+02 0.2255139062733D-65 0.5527859846171D+01 0.0000000000000D+00
 0.3923423782676D+02 0.1139602085080D-31 0.1946478653002D+02-0.2291041759937D-32
 0.1950352871753D+02-0.6941433108620D-32 0.3489515393068D+02 0.6025572097149D-66
 0.1730157640651D+02 0.0000000000000D+00 0.3109038814714D+02 0.1219053146113D-31
 0.5139872898060D+01 0.6560493377219D-32 0.2790504315922D+02 0.2046931288300D-31
 0.6976465865700D+01 0.1106126646235D-65 0.1388828873832D+02 0.5530633232466D-66
 0.1367995023941D+02 0.0000000000000D+00 0.1242668771688D+02 0.2294607017194D-42
 0.1245725184660D+02 0.2913163969839D-47 0.2481122285287D+02 0.3854173379621D-31
 0.2431536882521D+02 0.2280782789593D-31 0.1106239021121D+02-0.1468233496962D-31
 0.1966783733166D+02 0.5256592062729D-31 0.1966943104689D+02 0.5404323384554D-31
 0.2372994804012D+01 0.0000000000000D+00 0.8737767750298D+01-0.1562820441673D-31
 0.1742064235205D+02 0.2500148528029D-31 0.8668467693325D+01-0.3544969143503D-66
 0.8425088127862D+01 0.7851838163414D-66 0.8384391067609D+01-0.2617279388059D-66
 0.1541910220155D+02-0.8348608529638D-31 0.7387776378767D+01-0.1342778276884D-32
 0.3703892476981D+01-0.1966200066509D-32 0.1358198355020D+02 0.6439159170021D-67
 0.1352664498669D+02 0.3004301396858D-31 0.6789487793160D+01-0.1905494703301D-31
 0.6510903103854D+01 0.0000000000000D+00 0.1194269377920D+02-0.8356600333541D-31
 0.5693976714186D+01-0.3946087754705D-32 0.5223432507300D+01 0.1097745078529D-66
 0.5210914304651D+01 0.0000000000000D+00 0.9969196892008D+01 0.1437166473217D-65
 0.4590900561802D+01 0.2712460888942D-31 0.9161085246875D+01-0.9848850230848D-31
 0.9129909747074D+01 0.8547858328741D-32 0.4365466530974D+01-0.2035020974970D-32
 0.8020477838931D+01-0.3204556613281D-31 0.7995263021576D+01 0.2967138170234D-31
 0.3992252958693D+01-0.2817821246015D-32 0.6992437510369D+01-0.4448589675123D-31
 0.6970924761696D+01-0.3160639340971D-31 0.3310478726578D+01-0.6024686495236D-32
 0.6085749702372D+01-0.4914623232613D-31 0.6074870708918D+01-0.9313072613158D-32
 0.1522452459906D+01 0.0000000000000D+00 0.2877564494833D+01-0.3807504259108D-66
 0.7160514163396D+00 0.0000000000000D+00 0.2651091972660D+01 0.4406970648440D-32
 0.2633478753365D+01-0.1722675178543D-32 0.5003792190285D+01-0.2905033682561D-31
 0.2490991272380D+01-0.4455622562109D-32 0.4601081149233D+01 0.9902670696743D-32
 0.2300022433105D+01 0.2229148341663D-32 0.7255937680629D+00-0.1673802736148D-66
 0.2164081458783D+01 0.3347605472406D-66 0.4006850834550D+01 0.6490095531091D-32
 0.3996244561669D+01 0.1915496071859D-31 0.3982137389384D+01 0.2371770671997D-31
 0.1736061547839D+01 0.1371857781342D-66 0.1737126573552D+01 0.1729959820687D-31
 0.3466523808051D+01-0.3452037145438D-31 0.3267199840909D+01 0.2512160183424D-66
 0.1627515150339D+01 0.2512160183424D-66 0.1498074642742D+01 0.1568603930862D-31
 0.3001647940905D+01 0.3194798231096D-31 0.2818053715241D+01 0.3555087630603D-32
 0.2599937759351D+01 0.0000000000000D+00 0.2600208192643D+01 0.8734243943440D-31
 0.1293338223507D+01-0.1685370127123D-32 0.2244614768896D+01-0.4562965663454D-31
 0.2239702728711D+01 0.3284258173850D-31 0.2235204505209D+01-0.1404133008486D-31
 0.5259287965403D+00 0.3812406959357D-32 0.9669373135694D+00-0.3582732027191D-32
 0.9638705991989D+00 0.0000000000000D+00 0.9050724770314D+00 0.0000000000000D+00
 0.9059301442652D+00 0.0000000000000D+00 0.8338546583548D+00 0.0000000000000D+00
 0.1662184408103D+01-0.2647193751948D-31 0.1664031771494D+01 0.3666659212486D-32
 0.1658809099253D+01 0.3036339146609D-32 0.7793662193023D+00-0.2078370500818D-32
 0.7768906185250D+00-0.1941930724449D-32 0.1429799821806D+01 0.4649408829667D-31
 0.1423250318157D+01 0.3634780518872D-31 0.1331266658345D+01 0.3362059129795D-67
 0.1222218411474D+01-0.1615718010188D-47 0.5693678757964D+00-0.1758869347846D-31
 0.1414598009147D+00 0.2009690088729D-33 0.1041377324157D+01 0.4420085349454D-32
 0.1038194940507D+01-0.9637052157877D-32 0.1039731274697D+01 0.3182692672851D-31
 0.5189566297367D+00-0.8832671544694D-33 0.5174581696805D+00-0.9749307738403D-32
 0.4814495392332D+00 0.4025791615405D-66 0.4415615104670D+00 0.6433389109637D-48
 0.8813498259295D+00 0.5179058600941D-31 0.8820309407045D+00-0.3288056048320D-31
 0.8193523289390D+00 0.7299549084153D-32 0.4079067987117D+00 0.2259101570674D-32
 0.7463556794371D+00-0.5859664838614D-31 0.7428552471164D+00-0.3359067499696D-32
 0.6270706194063D+00-0.6131782476468D-47 0.6260457104544D+00-0.3379908532387D-31
 0.2884060872397D+00 0.2579697973192D-32 0.2627462227456D+00 0.8201561054205D-67
 0.5238451837302D+00 0.5728561699751D-32 0.2612099499334D+00-0.7874671367002D-32
 0.1309933875034D+00 0.0000000000000D+00 0.2417593981922D+00 0.1676193639135D-66
 0.4809462782612D+00 0.3352387277939D-66 0.2410162583167D+00 0.1676193639135D-66
 0.4364138057087D+00 0.3214632686926D-31 0.4351077705070D+00-0.9053970551930D-32
 0.2177533106943D+00 0.4748515484480D-32 0.3993813302928D+00 0.1935738680032D-31
 0.3599544306608D+00 0.3844134013762D-31 0.3581645320400D+00-0.2083836458155D-31
 0.1794071854957D+00-0.3171019760261D-31 0.1787439069221D+00-0.3872575172409D-32
 0.1644997733014D+00-0.5097595609136D-66 0.2946551252048D+00-0.5411410963770D-32
 0.2940227866036D+00-0.2960329803101D-31 0.2928780492939D+00 0.1191286066767D-31
 0.1337712527581D+00 0.3032854133572D-32 0.1197371279432D+00-0.2464048777575D-31
 0.2385532944978D+00 0.5487242414492D-32 0.1190242161037D+00 0.1284861167513D-33
 0.2173016036483D+00-0.7790548703779D-66 0.1082516301310D+00-0.3116219481622D-66
 0.1928230939902D+00 0.2119125800488D-31 0.1925387371545D+00 0.2316603462997D-42
 0.1918924902336D+00-0.1137384661165D-31 0.1739116603146D+00 0.5062196074623D-32
 0.1540638721058D+00 0.2740747031932D-66 0.1537863575045D+00-0.2550060921852D-31
 0.1533353874846D+00 0.3599152133278D-32 0.1220542837415D+00-0.1604621166107D-31
 0.1833176186695D-01-0.5666445702895D-67 0.9626082560639D-01 0.5232346447445D-67
 0.4790605388877D-01 0.1234089920068D-31 0.9591454203165D-01-0.4183234567362D-32
 0.9556599780661D-01-0.6439489180344D-32 0.9566375816709D-01 0.8791359912890D-34
 0.4776564319976D-01 0.0000000000000D+00 0.8587527426060D-01-0.1004683126302D-65
 0.1066683866415D-01 0.0000000000000D+00 0.3758448861072D-01-0.5810986466630D-32
 0.3759794595796D-01 0.1325684685179D-31 0.7465095474394D-01 0.3114625269016D-32
 0.3717674048446D-01-0.1051942565155D-32 0.6728181635156D-01 0.5553677728920D-32
 0.1674389307028D-01 0.3146875283357D-32 0.3329713208448D-01-0.7570073305427D-34
 0.5823061640829D-01-0.1882422550437D-31 0.2911879830659D-01-0.8466545309086D-32
 0.2611415113509D-01-0.2329554127958D-66 0.2594683353837D-01 0.2329554127958D-66
 0.4556588039174D-01-0.6326546309883D-33 0.4556648552900D-01 0.3766841738354D-31
 0.4541381420613D-01 0.1914816109058D-31 0.4525147194874D-01-0.3233021168617D-33
 0.4509443665642D-01 0.2894486832349D-32 0.2038845051171D-01 0.5105681629147D-33
 0.3577488193857D-01 0.2402080556685D-66 0.3559223222455D-01 0.1880137751301D-31
 0.3233357522117D-01-0.4171724057423D-67 0.1608680793167D-01 0.0000000000000D+00
 0.2844932419226D-01-0.9627671253841D-32 0.1416663916569D-01 0.1640255748064D-32
 0.1314776454361D-01 0.7935610423661D-32 0.1315707002212D-01-0.1489140109810D-33
 0.2609993021793D-01-0.6981217373958D-33 0.2351174750327D-01 0.1071897032897D-67
 0.2353957785374D-01-0.3746263552904D-32 0.1170236455600D-01 0.4745267560760D-32
 0.2008389381233D-01-0.8466478008214D-32 0.2009884591572D-01-0.2986949896639D-31
 0.2001234729055D-01 0.5818721634294D-32 0.1933158446985D-01-0.2015962746898D-32
 0.9086576158036D-02 0.0000000000000D+00 0.1804806599481D-01-0.1080991196580D-31
 0.8989641110978D-02 0.7987218905050D-33 0.8907935369783D-02-0.4286340052990D-67
 0.8840851024471D-02-0.1714536020464D-66 0.1708548910162D-01-0.6201235000406D-32
 0.1701989201639D-01 0.4692833426872D-32 0.1702785386175D-01-0.1423167053965D-32
 0.1695781182352D-01-0.5859186637315D-33 0.1694120379503D-01-0.3422569672671D-32
 0.8475746291242D-02 0.5436517613819D-33 0.1669944115252D-01-0.1485848868551D-31
 0.1664730946914D-01-0.1920812106242D-32 0.1664574596335D-01 0.1212765140667D-66
 0.1661629726181D-01-0.4339177705328D-31 0.8295010125073D-02 0.3087025772654D-32
 0.8448712827143D-02 0.6568810792120D-67 0.1681319102658D-01 0.3941286476372D-66
 0.1677143713187D-01-0.2568189321240D-33 0.1668811968546D-01 0.6094428145460D-33
 0.8545105554876D-02-0.3939569869181D-32 0.1705882324947D-01 0.3905871913985D-66
 0.4262931668147D-02-0.6249395062569D-66 0.1703301477005D-01-0.3629606917367D-32
 0.1744507545543D-01-0.3253869569318D-66 0.8702425722532D-02 0.1626934785048D-66
 0.1751251711872D-01-0.6249397122889D-33 0.8738314801815D-02-0.3088602061444D-32
 0.8744358149407D-02 0.4929835828744D-32 0.1746412515605D-01 0.2274650679673D-31
 0.1780896030428D-01 0.5697344314857D-32 0.1781288206472D-01 0.1195655192016D-32
 0.1789330420744D-01 0.1467936827552D-31 0.1786423418406D-01 0.5801363407705D-33
 0.8933670688038D-02-0.6703355485804D-32 0.8931032425452D-02-0.1176162308114D-32
 0.1814350037012D-01-0.1815267970048D-31 0.1812192768492D-01 0.9258050452003D-32
 0.1812798233675D-01 0.1531846144961D-31 0.1812120438435D-01-0.4495918993333D-32
 0.2281396208052D-02-0.1161439861683D-33 0.1818847363912D-01-0.1160277212820D-31
 0.9095276916358D-02 0.1151934077066D-32 0.9081119616705D-02-0.6978819828478D-33
 0.1819090108593D-01 0.7308005214900D-66 0.9087119118856D-02 0.5481003912700D-66
 0.9085438339083D-02 0.1827001303486D-66 0.8995127483592D-02-0.4538304652116D-67
 0.1797230956723D-01-0.1959166263887D-32 0.8922948736117D-02 0.1858787201829D-32
 0.1783074284454D-01 0.4062548054171D-32 0.8913535730142D-02 0.7592931808222D-33
 0.1751468988770D-01-0.1676775061351D-31 0.1750952432508D-01 0.3540953780679D-66
 0.1750268857546D-01-0.5729628660774D-32 0.1749918223569D-01-0.8852384451576D-67
 0.1749562970692D-01-0.6491443242475D-32 0.8606805704231D-02-0.8689855742895D-67
 0.1675891981286D-01 0.1019524027043D-65 0.1675166387808D-01 0.2944456328235D-31
 0.1674885484000D-01 0.3690098146434D-32 0.1674649219819D-01 0.2860552184351D-31
 0.8159551276341D-02 0.1034895679527D-32 0.8153936661026D-02-0.2564018750777D-32
 0.1573336650409D-01 0.1058865632001D-31 0.1572782294070D-01 0.1274179634954D-31
 0.7861476330106D-02 0.2179580347424D-32 0.7862243332324D-02 0.3208719761058D-66
 0.1515477455244D-01 0.6196111380619D-66 0.1515120414292D-01 0.4647083534854D-66
 0.7230553066737D-02-0.2046464853871D-33 0.1445553899179D-01 0.2646447601983D-33
 0.1445393620235D-01 0.2441633619690D-32 0.1445119741615D-01-0.1261674427522D-31
 0.1376733529373D-01-0.7849057791058D-34 0.1296961610883D-01 0.1686720774315D-32
 0.1296287518828D-01 0.2822093559660D-32 0.1129921719548D-01 0.4313980630228D-32
 0.1129641894799D-01-0.2627315769091D-32 0.1129498661722D-01-0.3251467202897D-31
 0.5212042319510D-02 0.1027097376730D-32 0.2605566055764D-02 0.0000000000000D+00
 0.9490219460099D-02 0.2269284103004D-31 0.9488604584637D-02-0.5276352269232D-33
 0.9486892131226D-02 0.0000000000000D+00 0.9486745260160D-02 0.0000000000000D+00
 0.4743152115210D-02 0.0000000000000D+00 0.4745235696453D-02 0.5009550395870D-33
 0.4280190474041D-02 0.0000000000000D+00 0.4280213170088D-02 0.0000000000000D+00
 0.3794235836208D-02 0.1198847769563D-45 0.7588868721232D-02 0.0000000000000D+00
 0.7586635181282D-02-0.4387801637695D-31 0.7589539592308D-02-0.2635029056420D-32
 0.6629420909294D-02 0.2982053869960D-32 0.6627502812097D-02-0.2443743145312D-32
 0.3313209086280D-02-0.9976249066115D-32 0.5638232137267D-02-0.1518244381615D-32
 0.2820272690843D-02 0.7936292078841D-33 0.7781432482331D-03 0.0000000000000D+00
 0.4668981641136D-02 0.0000000000000D+00 0.3685686426552D-02-0.7712292739944D-32
 0.3686766268780D-02 0.3369152749741D-43 0.3688031821697D-02-0.4048333620467D-32
 0.1365175867905D-02-0.3382051881484D-32 0.8862646623971D-03-0.3307831754029D-32
 0.8863475045206D-03 0.0000000000000D+00 0.1773306832117D-02 0.6768836096912D-32
 0.8861631154319D-03 0.6842325531775D-33 0.1771894364297D-02 0.0000000000000D+00
 0.8860103496710D-03 0.0000000000000D+00 0.1774211630159D-02-0.5675463727742D-33
 0.8490493675841D-03 0.0000000000000D+00 0.8489694524549D-03 0.0000000000000D+00
-0.6246558664966D-04-0.1304527854605D-31-0.6320984966689D-04-0.1834457943312D-31
-0.9352771194410D-03 0.8917169222407D-32-0.1785493679472D-02 0.6636658612382D-32
-0.1785586097327D-02 0.7521147508110D-33-0.1785476396235D-02 0.6811450532595D-32
-0.1786106910063D-02 0.2271728485677D-32-0.1786553322721D-02 0.0000000000000D+00
-0.1784683070655D-02-0.1452191233153D-32-0.8923568783929D-03-0.9660341322757D-34
-0.3365261034570D-02 0.5844691904273D-32-0.3366137164613D-02 0.6437671893714D-33
-0.3364631923687D-02-0.2167088002032D-32-0.2045449114344D-02 0.0000000000000D+00
-0.4776827831677D-02-0.8257492861334D-32-0.4777108590252D-02-0.2318383323396D-31
-0.2705328285907D-02 0.0000000000000D+00-0.2705339119030D-02 0.0000000000000D+00
-0.5411035777207D-02 0.0000000000000D+00-0.6764196949850D-03 0.0000000000000D+00
-0.6000223021594D-02 0.9978358551466D-32-0.6000131334575D-02 0.8448500095931D-32
-0.6000503500770D-02 0.2777785174371D-31-0.6000711559882D-02-0.1142072053992D-31
-0.5999919565240D-02 0.9568812265236D-32-0.3000314699997D-02 0.2667829824852D-32
-0.3267519362786D-02 0.1554509528765D-33-0.3267653535214D-02-0.2380362003667D-33
-0.7021374972919D-02-0.4159270034238D-33-0.7020892241823D-02 0.7078801083008D-32
-0.7451234317921D-02 0.0000000000000D+00-0.3725763496500D-02 0.0000000000000D+00
-0.7830666417834D-02-0.1349343268386D-31-0.7830325225564D-02 0.1852129337839D-33
-0.7830632618834D-02-0.5733587598412D-33-0.8153460085885D-02-0.2339891735700D-32
-0.8424259044973D-02-0.6122456790623D-32-0.8424282272052D-02-0.9327832161160D-32
-0.8424530311038D-02 0.0000000000000D+00-0.2106156075020D-02 0.0000000000000D+00
-0.4212072116984D-02 0.0000000000000D+00-0.4319977028969D-02 0.0000000000000D+00
-0.4319859841411D-02 0.0000000000000D+00-0.4401912296915D-02-0.5786585535411D-32
-0.8803286065574D-02-0.1139579455963D-31-0.8803306074838D-02 0.1214620149524D-31
-0.4401757556412D-02 0.3573595700402D-43-0.8803214795259D-02-0.1044668314355D-31
-0.4401670213285D-02-0.4909661604928D-33-0.4456837855777D-02-0.8548404451157D-33
-0.8913433791063D-02-0.1549202176174D-32-0.8913297434184D-02-0.2982466311432D-33
-0.8973255539578D-02 0.0000000000000D+00-0.8973032031758D-02 0.1280744062977D-31
-0.4486553643055D-02-0.9812029331829D-32-0.8942580468652D-02-0.2824639228204D-32
-0.8942383806642D-02 0.1200227302776D-31-0.8942342202056D-02-0.2793906423031D-32
-0.8942485061213D-02-0.3136406357342D-32-0.8942388746939D-02-0.3409757582503D-32
-0.4427904377304D-02 0.2620600666579D-32-0.8724549962795D-02-0.5244452982878D-32
-0.4362237030669D-02 0.3838952835309D-32-0.4362231391213D-02 0.4124973424164D-32
-0.8724405320610D-02-0.1710220020403D-32-0.8724420283005D-02 0.0000000000000D+00
-0.8549828161575D-02 0.0000000000000D+00-0.8549836404267D-02 0.0000000000000D+00
-0.4274912781770D-02 0.0000000000000D+00-0.4274944011335D-02 0.0000000000000D+00
-0.4167432378775D-02-0.1790341942686D-32-0.8334803973757D-02 0.1550997335397D-32
-0.8081106785783D-02-0.5997413992479D-32-0.8081099315931D-02 0.8291411437977D-32
-0.4040530155088D-02-0.3208378704784D-33-0.7791636102211D-02 0.3701429376803D-45
-0.7791599366462D-02-0.3162587218628D-33-0.7791595205979D-02-0.3044029480599D-45
-0.7791578207120D-02-0.8756877083099D-33-0.3895848751822D-02 0.9811518107749D-33
-0.7468492611170D-02-0.3894557221802D-46-0.7114773189587D-02-0.1115589030353D-32
-0.7114785460906D-02-0.1219213182993D-31-0.7114813982217D-02-0.1241704483786D-32
-0.6325599882450D-02 0.3838976925647D-32-0.6325609499642D-02 0.1931377565080D-31
-0.3162795480147D-02-0.4708803176750D-43-0.3162808823669D-02 0.6102214547280D-33
-0.5895737163469D-02-0.1368600717703D-43-0.5446164062567D-02-0.5371050639894D-32
-0.2723083041905D-02-0.5647442894866D-33-0.5446162864305D-02-0.5696704135503D-32
-0.5446162369069D-02-0.5057383253355D-32-0.2723082621819D-02 0.1335568883995D-32
-0.5446158107308D-02-0.2920072757031D-32-0.5446159815080D-02-0.1533532262109D-32
-0.5446170286117D-02-0.1897588953929D-33-0.4979584027336D-02 0.1317011250058D-32
-0.4979583120090D-02 0.5515782634602D-32-0.4498843942511D-02-0.3090552481499D-32
-0.4498844102656D-02-0.1306107879976D-40-0.4498846798435D-02-0.7039286518039D-32
-0.4498846715398D-02 0.1726784778458D-32-0.3505857251184D-02-0.4683540640582D-32
-0.3505857329851D-02 0.5657229311508D-32-0.1499518767893D-02-0.7967233025910D-32
-0.1244427496814D-02 0.5614901624701D-33-0.2488855180430D-02 0.4762387983945D-33
-0.2488855180432D-02 0.2883941886629D-31-0.2488855180435D-02-0.2071597704814D-31
-0.2488855180430D-02-0.7073037011263D-34-0.1244427590215D-02 0.2048074738319D-32
-0.9889335375218D-03-0.4006866172490D-36-0.9889335850523D-03-0.9273507679554D-41
-0.1468551464227D-02 0.4615129829170D-32-0.1468551464228D-02 0.1389301317622D-31
-0.1468551464228D-02 0.1282313952978D-31-0.1468551464225D-02 0.5160685924557D-33
-0.9632970249409D-03 0.1644311107506D-32-0.9632970249414D-03 0.7600964028122D-32
-0.2408242562406D-03 0.7074701288629D-32-0.4643974504406D-03-0.8089385105115D-32
-0.4643974504417D-03-0.8840802758051D-32-0.2321987252283D-03-0.7384014097373D-33
 0.1297849834984D-04-0.2448690570447D-32 0.1297849835005D-04 0.4557677819427D-32
 0.1297849834272D-04-0.2600439765408D-31 0.5056857737506D-03-0.8172591795989D-32
 0.5056857737511D-03 0.7545403731547D-33 0.5056857737486D-03-0.5540546993473D-32
 0.5056857737398D-03 0.4578747755461D-31 0.5056857737512D-03 0.2323504606163D-32
 0.4864118932648D-03-0.1706991061077D-31 0.1216029733175D-03-0.1546346712227D-35
 0.7127631702597D-03-0.3709834142857D-32 0.1425526340521D-02-0.1928595617872D-33
 0.1425526340520D-02 0.5914142783121D-32 0.1425526340523D-02 0.4226625085246D-32
 0.7127631702606D-03 0.1763894944630D-32 0.1862073327403D-02-0.4172305830337D-32
 0.1862073327404D-02-0.5976816812960D-32 0.1862073327397D-02 0.4450802685069D-32
 0.9310366637026D-03 0.3932260609807D-33 0.2280872663337D-02 0.3848963217099D-33
 0.2280872663338D-02-0.6504577103515D-32 0.2280872663338D-02 0.4424972711953D-32
 0.2280872663337D-02 0.1818558350496D-31 0.1340231498671D-02-0.5618987796271D-32
 0.1340231498674D-02 0.7660578129243D-33 0.3059515711050D-02 0.1392224337736D-32
 0.3059515711046D-02-0.5997215429171D-32 0.1529757855524D-02-0.9386270065548D-32
 0.1529757855525D-02 0.1674246474676D-32 0.3059515711052D-02 0.3530392432134D-33
 0.3751364692271D-02 0.2647188518257D-33 0.3751364692272D-02 0.3404206324520D-32
 0.3751364692272D-02 0.4071227672643D-32 0.3751364692269D-02-0.1209255477156D-31
 0.3751364692274D-02 0.2249079581336D-32 0.4062175939651D-02-0.3285586118840D-33
 0.2031087969828D-02 0.2891554943886D-34 0.2174239481233D-02-0.1652008653501D-32
 0.4348478962462D-02-0.8406225491690D-32 0.2174239481233D-02-0.5867227522219D-33
 0.4609615725033D-02 0.7827217228591D-32 0.4609615725033D-02-0.3411824449272D-32
 0.2422529732109D-02 0.1283493797817D-32 0.4845059464216D-02-0.5098057928179D-32
 0.4845059464195D-02-0.1601231848636D-32 0.5054412472090D-02-0.1822296278208D-32
 0.2527206236043D-02-0.1508839193821D-32 0.5237403400142D-02 0.4251449115964D-32
 0.5237403400141D-02-0.2044239090400D-32 0.5237403400142D-02-0.4304673534160D-32
 0.5237403400128D-02 0.3196587388008D-32 0.5237403400143D-02 0.7793116573908D-34
 0.5237403400144D-02 0.3657549901887D-32 0.2696942052990D-02-0.2064039176304D-32
 0.5393884105980D-02-0.4440538377136D-32 0.5523826105375D-02 0.1633737478510D-31
 0.5523826105378D-02 0.5740687543920D-33 0.5523826105368D-02-0.3023765201111D-32
 0.9378861039961D-03-0.3460860215715D-33 0.2813658311989D-02-0.1203600755233D-32
 0.5704554311342D-02-0.1342630637215D-32 0.5704554311342D-02-0.3170880778497D-32
 0.5704554311335D-02-0.1287882490979D-31 0.5704554311342D-02 0.4797273128304D-32
 0.5704554311335D-02-0.3256506432166D-32 0.5704554311344D-02 0.1342708911118D-32
 0.5755844639116D-02 0.1040157946041D-31 0.2877922319560D-02-0.1752198499261D-32
 0.2890797357691D-02-0.3424863573409D-33 0.2890797357692D-02-0.8669719395322D-33
 0.5781594715383D-02-0.6704845100133D-32 0.5782309355482D-02-0.3139179016369D-32
 0.5782309355482D-02 0.2193558693669D-32 0.5782309355483D-02 0.7283600269301D-33
 0.5758583951208D-02 0.1825493220305D-32 0.2879291975605D-02 0.4222867340246D-33
 0.2879291975606D-02 0.7753265714329D-33 0.5640619715694D-02 0.4597703424362D-32
 0.5640619715693D-02 0.5196969039777D-33 0.5640619715693D-02-0.1254219159524D-31
 0.5640619715689D-02-0.4374255457457D-32 0.5640619715694D-02 0.6200290253993D-33
 0.5640619715692D-02 0.2986295406908D-32 0.5640619715690D-02-0.1816337159164D-31
 0.5640619715695D-02-0.2684104315431D-32 0.5434082973753D-02-0.2218408358324D-32
 0.5434082973749D-02 0.2283051357599D-32 0.5434082973753D-02 0.3881976518906D-32
 0.2717041486876D-02-0.4571751861241D-32 0.1358520743429D-02 0.1049715877943D-33
 0.5434082973754D-02 0.4515476461738D-32 0.2717041486878D-02-0.3671926838086D-34
 0.2649949451784D-02 0.5815667981866D-32 0.5299898903567D-02 0.1032165425924D-31
 0.2649949451766D-02-0.7215507296738D-32 0.5146450838458D-02 0.3439433528550D-32
 0.5146450838457D-02-0.2926269431874D-32 0.2573225419222D-02 0.2473068417026D-32
 0.5146450838459D-02 0.9644004246610D-33 0.2487406666550D-02 0.2476932901243D-32
 0.2487406666548D-02-0.3556793529897D-32 0.4974813333083D-02 0.7222551156778D-32
 0.4786105498095D-02 0.6194139291202D-33 0.4786105498094D-02 0.6284121322304D-32
 0.4786105498091D-02-0.3978336644242D-32 0.4786105498095D-02-0.2495055183824D-32
 0.4786105498096D-02 0.4192109345746D-33 0.2393052749040D-02 0.2286162086666D-33
 0.4786105498096D-02 0.1518337392979D-32 0.4581485035114D-02 0.1149134060984D-31
 0.4362198083884D-02 0.2977860662855D-32 0.4362198083890D-02 0.1611586507492D-32
 0.4129352314766D-02 0.8833810250650D-33 0.2064676157384D-02-0.1355793368629D-32
 0.1942119823107D-02 0.5207446529555D-32 0.3884239646223D-02 0.1006040380074D-32
 0.1942119823112D-02-0.6251352213387D-34 0.3628114002216D-02-0.2021566773235D-31
 0.3628114002226D-02 0.1373231678748D-31 0.1814057001109D-02-0.7434412498061D-32
 0.3362239379037D-02-0.6391485089063D-32 0.3362239379035D-02 0.3149216510142D-32
 0.3362239379035D-02 0.2910001933345D-33 0.3362239379037D-02 0.2623295400911D-34
 0.3362239379038D-02 0.5849927408662D-33 0.1543942266786D-02 0.6809668956154D-33
 0.3087884533568D-02 0.1543612951641D-31 0.2806317840278D-02 0.1229924732900D-32
 0.2806317840276D-02 0.9217274969594D-32 0.2806317840278D-02 0.1950109336459D-32
 0.2806317840272D-02 0.1068978117036D-31 0.2806317840279D-02-0.1429831290183D-33
 0.2226590923862D-02-0.5306267396505D-33 0.2226590923863D-02 0.6892676202008D-34
 0.1930921870635D-02-0.4457065112420D-32 0.8165072007292D-03-0.1937163750379D-33
 0.1633014401456D-02 0.2916390954000D-32 0.1633014401430D-02-0.2974562161635D-31
 0.1633014401459D-02 0.6426510011571D-32 0.1633014401457D-02 0.9365193479645D-33
 0.8165072007273D-03 0.7356911884751D-32 0.6670323030864D-03 0.8575235771484D-33
 0.1334064606169D-02 0.2786220050086D-32 0.1667580757717D-03-0.2618583180354D-36
 0.1035241540958D-02-0.4415269283768D-32 0.5176207704791D-03-0.7309301386569D-33
 0.5176207704769D-03 0.1469338970248D-32 0.1035241540957D-02 0.2421467841188D-32
 0.1035241540956D-02 0.5760424226424D-32 0.1035241540942D-02 0.1907713341254D-31
 0.1035241540959D-02 0.8293218253149D-32 0.5176207704792D-03 0.8340002271456D-33
 0.7376835725103D-03 0.4159119436087D-32 0.7376835725057D-03 0.3793329998589D-32
 0.3688417862551D-03 0.5261497615947D-34 0.4424949637172D-03-0.6277971236560D-33
 0.4424949636998D-03-0.2859215279126D-31 0.4424949637170D-03 0.2950929841730D-32
 0.2212474818590D-03 0.1122271521612D-32 0.7537135229400D-04-0.5411007752116D-33
 0.7537135229432D-04 0.1484824430051D-33-0.1365464089142D-03-0.2590383609233D-32
-0.1365464089152D-03 0.1222239977233D-32-0.1365464089170D-03 0.1003501245877D-32
-0.1365464089257D-03 0.7105467437485D-32-0.1365464089219D-03 0.1063984165060D-32
-0.1365464089140D-03 0.4611197449670D-32-0.1365464089136D-03-0.1441279991474D-32
-0.3469223825535D-03 0.2705716639606D-32-0.3469223825534D-03-0.3085630216859D-33
-0.6938447651093D-03-0.3526272711324D-32-0.9424172288711D-03 0.1187109641104D-33
-0.9424172288708D-03 0.2032898579384D-32-0.4712086144366D-03 0.2272462807938D-32
-0.4712086144353D-03-0.9103676788727D-33-0.1201864547108D-02 0.9085176872376D-32
-0.1201864547114D-02 0.2679897574834D-32-0.1201864547106D-02-0.4773338075477D-32
-0.6009322735530D-03 0.6397726938251D-33-0.1452491220310D-02-0.2514849653073D-32
-0.1452491220308D-02 0.1429356919025D-32-0.1452491220307D-02 0.1802057461229D-32
-0.1693559174021D-02 0.9081985955247D-33-0.1693559174020D-02 0.3125312672818D-32
-0.1693559174027D-02-0.3932061962609D-32-0.1693559174021D-02-0.2628892627339D-32
-0.1693559174021D-02 0.1226222535886D-32-0.1693559174025D-02-0.9248203801213D-32
-0.1693559174020D-02 0.1377191890567D-32-0.2144334288652D-02-0.7856435107775D-32
-0.2144334288653D-02-0.4794939410224D-32-0.2144334288658D-02-0.1666440000039D-31
-0.2144334288653D-02-0.1266806251530D-32-0.5882089104732D-03 0.0000000000000D+00
-0.2549367916164D-02 0.4563250636777D-32-0.1274683958084D-02-0.1571167631684D-32
-0.2549367916169D-02-0.4625468162945D-32-0.2549367916164D-02 0.6506428006668D-33
-0.1274683958092D-02 0.8536766399468D-33-0.2733467158260D-02 0.4871873185270D-32
-0.2733467158260D-02-0.2609114370132D-33-0.1366733579150D-02 0.2132068830769D-31
-0.1366733579129D-02-0.1526511738281D-32-0.2904725366174D-02 0.1319497620421D-32
-0.2904725366176D-02 0.3482106967224D-32-0.2904725366196D-02 0.6016179861465D-33
-0.2904725366171D-02-0.3932092124129D-32-0.1531395187270D-02 0.5483022799228D-33
-0.1531395187264D-02-0.4208893437655D-33-0.3207365544303D-02-0.6231182612374D-32
-0.3207365544304D-02-0.3282991433950D-32-0.1603682772151D-02 0.3603605183896D-33
-0.1669104632571D-02-0.5588165120605D-33-0.3338209265159D-02-0.1696452043128D-31
-0.3338209265142D-02 0.1168060922962D-33
    1
    1    1  120    3
 0.2381576350818D-04 0.2717879687272D-04 0.3097958883606D-04 0.3526833548452D-04
 0.4009956989489D-04 0.4553270110834D-04 0.5163175550523D-04 0.5846593376506D-04
 0.6610912993014D-04 0.7464048853364D-04 0.8414361005486D-04 0.9470708392115D-04
 0.1064232783306D-03 0.1193888156731D-03 0.1337028404810D-03 0.1494673979078D-03
 0.1667850429689D-03 0.1857591118706D-03 0.2064905344934D-03 0.2290779874851D-03
 0.2536137891424D-03 0.2801839365488D-03 0.3088629904681D-03 0.3397140741331D-03
 0.3727826623484D-03 0.4080966660289D-03 0.4456591602201D-03 0.4854487366850D-03
 0.5274112688482D-03 0.5714608548368D-03 0.6174708182270D-03 0.6652756586159D-03
 0.7146616225023D-03 0.7653702035971D-03 0.8170887196982D-03 0.8694560006415D-03
 0.9220535171777D-03 0.9744139594046D-03 0.1026013507024D-02 0.1076283990366D-02
 0.1124606964420D-02 0.1170329921062D-02 0.1212762876057D-02 0.1251198789173D-02
 0.1284913258517D-02 0.1313188864989D-02 0.1335318232248D-02 0.1350631616019D-02
 0.1358502881274D-02 0.1358379237577D-02 0.1349788990537D-02 0.1332371736654D-02
 0.1305886139382D-02 0.1270238279430D-02 0.1225487454268D-02 0.1171869743977D-02
 0.1109799715511D-02 0.1039886221196D-02 0.9629278329216D-03 0.8799180642896D-03
 0.7920326597932D-03 0.7006223971705D-03 0.6071905187840D-03 0.5133723527373D-03
 0.4209026384212D-03 0.3315818030971D-03 0.2472349483110D-03 0.1696662899809D-03
 0.1006129809566D-03 0.4169139399627D-04-0.5649073904272D-05-0.4018230507011D-04
-0.6094465815312D-04-0.6728683339091D-04-0.5889850166015D-04-0.3584726160494D-04
 0.1417828265173D-05 0.5204793292889D-04 0.1148170904522D-03 0.1881291042065D-03
 0.2700701585831D-03 0.3584409504718D-03 0.4508408130749D-03 0.5447212285605D-03
 0.6374989759207D-03 0.7266241050834D-03 0.8097140190269D-03 0.8846266053161D-03
 0.9496032437437D-03 0.1003334101959D-02 0.1045098210476D-02 0.1074809238903D-02
 0.1093141663838D-02 0.1101550896425D-02 0.1102374949976D-02 0.1098830625380D-02
 0.1095089267195D-02 0.1096246122698D-02 0.1108374931593D-02 0.1138474549985D-02
 0.1194509094673D-02 0.1285334708243D-02 0.1420738701216D-02 0.1611364290227D-02
 0.1868770213162D-02 0.2205382237848D-02 0.2634610514894D-02 0.3170858590539D-02
 0.3829718340765D-02 0.4628038541092D-02 0.5584169762840D-02 0.6718057008122D-02
 0.8051508739136D-02 0.9608346314559D-02 0.1141483071110D-01 0.1350009111132D-01
 0.1589698274236D-01 0.1864295093584D-01 0.2178125899871D-01 0.2536195105268D-01
 0.1062289947688D-09 0.1301350103883D-09 0.1593019248351D-09 0.1948542641239D-09
 0.2381488946549D-09 0.2908191679557D-09 0.3548304583556D-09 0.4325417448042D-09
 0.5267830925450D-09 0.6409408422568D-09 0.7790647705054D-09 0.9459845397092D-09
 0.1147456637865D-08 0.1390321801568D-08 0.1682704062541D-08 0.2034221195759D-08
 0.2456251244905D-08 0.2962209351684D-08 0.3567900521389D-08 0.4291878091485D-08
 0.5155902872305D-08 0.6185399843125D-08 0.7410045594469D-08 0.8864336499816D-08
 0.1058832771387D-07 0.1262831991983D-07 0.1503776745696D-07 0.1787808394215D-07
 0.2121972431801D-07 0.2514308655974D-07 0.2973976445490D-07 0.3511348352203D-07
 0.4138148591133D-07 0.4867540787696D-07 0.5714270002572D-07 0.6694727305543D-07
 0.7827081747271D-07 0.9131292829219D-07 0.1062920833549D-06 0.1234448726636D-06
 0.1430262493490D-06 0.1653073081027D-06 0.1905743549157D-06 0.2191244556463D-06
 0.2512627116827D-06 0.2872947234325D-06 0.3275212962501D-06 0.3722268103629D-06
 0.4216707184591D-06 0.4760707176499D-06 0.5355906884965D-06 0.6003180707024D-06
 0.6702481965823D-06 0.7452562946914D-06 0.8250798929840D-06 0.9092871020382D-06
 0.9972614757615D-06 0.1088171513971D-05 0.1180965854831D-05 0.1274354168729D-05
 0.1366826335520D-05 0.1456660852411D-05 0.1541989377227D-05 0.1620855777566D-05
 0.1691354021473D-05 0.1751766553940D-05 0.1800804578735D-05 0.1837850935489D-05
 0.1863321019913D-05 0.1879010423276D-05 0.1888556321497D-05 0.1897832392596D-05
 0.1915406111851D-05 0.1952816063931D-05 0.2024785936450D-05 0.2149059375171D-05
 0.2345964750599D-05 0.2637323050938D-05 0.3044838094859D-05 0.3587564457957D-05
 0.4278724813636D-05 0.5121578039927D-05 0.6104932312502D-05 0.7198322147247D-05
 0.8347982162543D-05 0.9474169197111D-05 0.1047159232461D-04 0.1121392525101D-04
 0.1156440137048D-04 0.1139301819852D-04 0.1060121222808D-04 0.9152208174264D-05
 0.7104503339125D-05 0.4642177046935D-05 0.2094815113434D-05-0.6325984589975D-07
-0.1242604305109D-05-0.8033697438523D-06 0.1848295993008D-05 0.7145554326062D-05
 0.1525828166523D-04 0.2604313899637D-04 0.3909509866489D-04 0.5393428423846D-04
 0.7033254717794D-04 0.8872351920753D-04 0.1105789950076D-03 0.1385796660583D-03
 0.1764226804369D-03 0.2282020725284D-03 0.2975069965907D-03 0.3866196719408D-03
 0.4963679273462D-03 0.6270824649534D-03 0.7806580625800D-03 0.9629533413565D-03
 0.1185137987213D-02 0.1462651928656D-02 0.1811710754813D-02 0.2245371045380D-02
 0.1718022182425D-14 0.2210540191816D-14 0.2840053272122D-14 0.3643007791065D-14
 0.4664884058164D-14 0.5962173399369D-14 0.7604659983215D-14 0.9678028453495D-14
 0.1228671358471D-13 0.1555695860141D-13 0.1963978809938D-13 0.2471370493398D-13
 0.3098637152577D-13 0.3869466817365D-13 0.4810154781451D-13 0.5948802102352D-13
 0.7313712054534D-13 0.8930602270103D-13 0.1081798343370D-12 0.1297992931878D-12
 0.1539491244958D-12 0.1799917743994D-12 0.2066206181203D-12 0.2315026617938D-12
 0.2507617034702D-12 0.2582436737357D-12 0.2444737734086D-12 0.1951945227639D-12
 0.8931812840023D-13-0.1039110342702D-12-0.4288476133077D-12-0.9488431043961D-12
-0.1753654553667D-11-0.2969533551459D-11-0.4772963430403D-11-0.7409229396712D-11
-0.1121751227390D-10-0.1666458114598D-10-0.2438999930839D-10-0.3526641684628D-10
-0.5047990723874D-10-0.7163640044442D-10-0.1009024967643D-09-0.1411907677647D-09
-0.1964030779258D-09-0.2717484724644D-09-0.3741573378734D-09-0.5128181115350D-09
-0.6998705714767D-09-0.9512962175428D-09-0.1288057131171D-08-0.1737543604163D-08
-0.2335404914165D-08-0.3127847795292D-08-0.4174504118316D-08-0.5551977721825D-08
-0.7358195077531D-08-0.9717685200116D-08-0.1278791609005D-07-0.1676679163887D-07
-0.2190138227811D-07-0.2849788628655D-07-0.3693271691371D-07-0.4766443324050D-07
-0.6124600545626D-07-0.7833655093718D-07-0.9971125413102D-07-0.1262675779777D-06
-0.1590251811244D-06-0.1991160650688D-06-0.2477605416441D-06-0.3062235385133D-06
-0.3757448658918D-06-0.4574363140117D-06-0.5521383717906D-06-0.6602300800161D-06
-0.7813879605613D-06-0.9142942202618D-06-0.1056301883145D-05-0.1203075215735D-05
-0.1348238671463D-05-0.1483086563704D-05-0.1596427413009D-05-0.1674660023452D-05
-0.1702197062069D-05-0.1662361236578D-05-0.1538867092113D-05-0.1317958396536D-05
-0.9911809053029D-06-0.5586245256737D-06-0.3226051429995D-07 0.5612586782938D-06
 0.1179245783284D-05 0.1764205916547D-05 0.2248852888788D-05 0.2565906496260D-05
 0.2663017353350D-05 0.2521980003959D-05 0.2179706170318D-05 0.1746442423513D-05
 0.1415035723814D-05 0.1454463250738D-05 0.2182623108137D-05 0.3918242683661D-05
 0.6920336318342D-05 0.1133412731263D-04 0.1717193834181D-04 0.2435977748654D-04
 0.3286996121656D-04 0.4293194202389D-04 0.5527298830602D-04 0.7130037475843D-04
 0.9312665672102D-04 0.1233841306744D-03 0.1648889070113D-03 0.2203612311000D-03
 0.2925092782022D-03 0.3847170676400D-03 0.5022969030284D-03 0.6538507718918D-03
    2    2  120    8
-0.3463196553829D-07-0.3899890786947D-07-0.4391542634061D-07-0.4945039760553D-07
-0.5568143253572D-07-0.6269568325435D-07-0.7059133056885D-07-0.7947861033936D-07
-0.8948169767282D-07-0.1007399771896D-06-0.1134104377574D-06-0.1276692753574D-06
-0.1437148860325D-06-0.1617699007274D-06-0.1820849706405D-06-0.2049412791804D-06
-0.2306553449599D-06-0.2595821843713D-06-0.2921213028895D-06-0.3287207003439D-06
-0.3698844347294D-06-0.4161775500608D-06-0.4682356546014D-06-0.5267711066708D-06
-0.5925849359188D-06-0.6665746529147D-06-0.7497492664957D-06-0.8432388505972D-06
-0.9483135164924D-06-0.1066395378044D-05-0.1199082097421D-05-0.1348161935142D-05
-0.1515643332529D-05-0.1703773244639D-05-0.1915074414665D-05-0.2152368191761D-05
-0.2418820638120D-05-0.2717971096342D-05-0.3053789933477D-05-0.3430713107341D-05
-0.3853714690991D-05-0.4328349642346D-05-0.4860843183448D-05-0.5458144035364D-05
-0.6128035974307D-05-0.6879201709024D-05-0.7721362511222D-05-0.8665356722937D-05
-0.9723311134435D-05-0.1090873810330D-04-0.1223674870029D-04-0.1372416812736D-04
-0.1538980164966D-04-0.1725457579275D-04-0.1934186258741D-04-0.2167765436491D-04
-0.2429096559735D-04-0.2721403792871D-04-0.3048284157215D-04-0.3413732452329D-04
-0.3822202231336D-04-0.4278636549484D-04-0.4788543514323D-04-0.5358032070760D-04
-0.5993906256052D-04-0.6703708676771D-04-0.7495834940010D-04-0.8379587825378D-04
-0.9365318696747D-04-0.1046449051871D-03-0.1168985483841D-03-0.1305552805680D-03
-0.1457720632682D-03-0.1627226084277D-03-0.1816000330296D-03-0.2026179570810D-03
-0.2260138072881D-03-0.2520501373785D-03-0.2810186076890D-03-0.3132415840010D-03
-0.3490769953601D-03-0.3889200919049D-03-0.4332093564002D-03-0.4824284624648D-03
-0.5371132165588D-03-0.5978536842329D-03-0.6653023551460D-03-0.7401760887511D-03
-0.8232656705228D-03-0.9154374848694D-03-0.1017644295764D-02-0.1130926516687D-02
-0.1256424676421D-02-0.1395379783321D-02-0.1549148158969D-02-0.1719201450782D-02
-0.1907144369293D-02-0.2114715427600D-02-0.2343810004653D-02-0.2596482465954D-02
-0.2874977674489D-02-0.3181736990605D-02-0.3519440185818D-02-0.3891015863043D-02
-0.4299696623736D-02-0.4749030483940D-02-0.5242945315752D-02-0.5785756037445D-02
-0.6382228692258D-02-0.7037570091617D-02-0.7757484988134D-02-0.8548138459389D-02
-0.9416207749360D-02-0.1036883394483D-01-0.1141370016523D-01-0.1255901907827D-01
-0.1381370893578D-01-0.1518747831216D-01-0.1669114906862D-01-0.1833684564658D-01
-0.3250711222302D-11-0.3890866061378D-11-0.4656739487630D-11-0.5572948650476D-11
-0.6668900657639D-11-0.7979743415708D-11-0.9547452762657D-11-0.1142218442550D-10
-0.1366381302553D-10-0.1634385909839D-10-0.1954767729089D-10-0.2337716501295D-10
-0.2795389484703D-10-0.3342293265548D-10-0.3995726684285D-10-0.4776321862861D-10
-0.5708668618494D-10-0.6822075909444D-10-0.8151456843155D-10-0.9738396136969D-10
-0.1163239286668D-09-0.1389236406275D-09-0.1658838272161D-09-0.1980378095258D-09
-0.2363758170370D-09-0.2820743049884D-09-0.3365297148360D-09-0.4013993779006D-09
-0.4786481141568D-09-0.5706047838428D-09-0.6800266027717D-09-0.8101766937573D-09
-0.9649123780729D-09-0.1148790971899D-08-0.1367189677302D-08-0.1626449164339D-08
-0.1934034618783D-08-0.2298728909241D-08-0.2730846684254D-08-0.3242491048987D-08
-0.3847834384695D-08-0.4563453907607D-08-0.5408695065357D-08-0.6406101217546D-08
-0.7581873148956D-08-0.8966406628268D-08-0.1059485519805D-07-0.1250778324262D-07
-0.1475182243029D-07-0.1738042801535D-07-0.2045459697076D-07-0.2404367745973D-07
-0.2822606227529D-07-0.3308993495286D-07-0.3873377661014D-07-0.4526682284993D-07
-0.5280905600133D-07-0.6149099864974D-07-0.7145264936927D-07-0.8284193233536D-07
-0.9581171236272D-07-0.1105158461233D-06-0.1271028827714D-06-0.1457081158299D-06
-0.1664419115475D-06-0.1893753253006D-06-0.2145201648017D-06-0.2418048136779D-06
-0.2710419237673D-06-0.3018900423475D-06-0.3338037514268D-06-0.3659755081390D-06
-0.3972620558364D-06-0.4261004640335D-06-0.4504042721098D-06-0.4674480637591D-06
-0.4737283299556D-06-0.4648136157990D-06-0.4351688388557D-06-0.3779746418649D-06
-0.2849219467519D-06-0.1460145110166D-06 0.5064580383855D-07 0.3190434285356D-06
 0.6754370581361D-06 0.1138482384985D-05 0.1729342196219D-05 0.2471691419053D-05
 0.3391697831988D-05 0.4517868146319D-05 0.5880895282441D-05 0.7513379952604D-05
 0.9449659449579D-05 0.1172561704227D-04 0.1437885128311D-04 0.1744908003766D-04
 0.2097936944289D-04 0.2501804119031D-04 0.2962206400947D-04 0.3486166587239D-04
 0.4082714223530D-04 0.4763721153883D-04 0.5544987352330D-04 0.6447434246803D-04
 0.7498476485704D-04 0.8733297385490D-04 0.1019607756397D-03 0.1194076835280D-03
 0.1403150261018D-03 0.1654219900333D-03 0.1955574255589D-03 0.2316246691561D-03
 0.2745896846237D-03 0.3254739663353D-03 0.3853704878661D-03 0.4554860404585D-03
 0.5372311267232D-03 0.6323492963177D-03 0.7430948476669D-03 0.8724197983574D-03
 0.5556256444966D-11 0.6650202935784D-11 0.7958932315165D-11 0.9524488955886D-11
 0.1139709454612D-10 0.1363676367192D-10 0.1631517737355D-10 0.1951795071646D-10
 0.2334731102164D-10 0.2792532943211D-10 0.3339768128488D-10 0.3993825877069D-10
 0.4775448912907D-10 0.5709386331454D-10 0.6825144823142D-10 0.8157909482110D-10
 0.9749610168076D-10 0.1165021184699D-09 0.1391921772443D-09 0.1662749110354D-09
 0.1985935356491D-09 0.2371514934930D-09 0.2831418339731D-09 0.3379829494634D-09
 0.4033596649148D-09 0.4812730266217D-09 0.5740972890051D-09 0.6846490009696D-09
 0.8162658544311D-09 0.9729019110539D-09 0.1159236007412D-08 0.1380802494077D-08
 0.1644139049188D-08 0.1956964926637D-08 0.2328381070086D-08 0.2769110780856D-08
 0.3291768251809D-08 0.3911180220537D-08 0.4644741583516D-08 0.5512840346101D-08
 0.6539321355429D-08 0.7752038646898D-08 0.9183449631378D-08 0.1087131619502D-07
 0.1285944871098D-07 0.1519857326512D-07 0.1794722581161D-07 0.2117278985013D-07
 0.2495251604273D-07 0.2937468790245D-07 0.3453969496354D-07 0.4056122043007D-07
 0.4756718946624D-07 0.5570075328013D-07 0.6512078686593D-07 0.7600223510744D-07
 0.8853555716096D-07 0.1029257203285D-06 0.1193895776656D-06 0.1381522696880D-06
 0.1594409582839D-06 0.1834767144510D-06 0.2104620841861D-06 0.2405655996013D-06
 0.2738995268105D-06 0.3104926500683D-06 0.3502531122101D-06 0.3929236280174D-06
 0.4380222486966D-06 0.4847724149431D-06 0.5320128213014D-06 0.5780928636797D-06
 0.6207412582681D-06 0.6569170966098D-06 0.6826267293913D-06 0.6927216892751D-06
 0.6806566533119D-06 0.6382310139260D-06 0.5552877669347D-06 0.4194077533094D-06
 0.2155641861446D-06-0.7420349752579D-07-0.4711411427525D-06-0.1000072353530D-05
-0.1689693216790D-05-0.2572748061531D-05-0.3686183719920D-05-0.5071121870271D-05
-0.6772799895122D-05-0.8840292975090D-05-0.1132627067939D-04-0.1428657595902D-04
-0.1778005469808D-04-0.2186842904289D-04-0.2661689915382D-04-0.3209525965931D-04
-0.3838057570420D-04-0.4556113955837D-04-0.5374308597473D-04-0.6305912777985D-04
-0.7368101380471D-04-0.8583440376241D-04-0.9981763707168D-04-0.1160216656336D-03
-0.1349521590074D-03-0.1572488011987D-03-0.1837026141622D-03-0.2152643489934D-03
-0.2530460723787D-03-0.2983091282904D-03-0.3524464776891D-03-0.4169562320587D-03
-0.4934259764251D-03-0.5835314391149D-03-0.6890810727236D-03-0.8121100354327D-03
-0.9550551868634D-03-0.1120988929079D-02-0.1313917735794D-02-0.1539068722941D-02
-0.1356830447868D-13-0.1723954096526D-13-0.2190342916454D-13-0.2782811258361D-13
-0.3535411079651D-13-0.4491377093048D-13-0.5705601777305D-13-0.7247774391318D-13
-0.9206360389867D-13-0.1169365083124D-12-0.1485216505375D-12-0.1886276967517D-12
-0.2395497812217D-12-0.3041999253163D-12-0.3862724435693D-12-0.4904535392617D-12
-0.6226867508408D-12-0.7905092293297D-12-0.1003477695547D-11-0.1273707276861D-11
-0.1616554231455D-11-0.2051478961144D-11-0.2603138505174D-11-0.3302767294937D-11
-0.4189923466286D-11-0.5314694791366D-11-0.6740485824001D-11-0.8547536885466D-11
-0.1083736622399D-10-0.1373837283078D-10-0.1741290255225D-10-0.2206615321544D-10
-0.2795739062502D-10-0.3541406833878D-10-0.4484959191818D-10-0.5678564835201D-10
-0.7188026242966D-10-0.9096301151471D-10-0.1150791938995D-09-0.1455451800732D-09
-0.1840177043556D-09-0.2325805256535D-09-0.2938526918954D-09-0.3711236229659D-09
-0.4685214647395D-09-0.5912225965035D-09-0.7457119921187D-09-0.9401062315772D-09
-0.1184553623407D-08-0.1491728823997D-08-0.1877443179511D-08-0.2361396095067D-08
-0.2968097981378D-08-0.3728000929008D-08-0.4678880112743D-08-0.5867516274091D-08
-0.7351738117280D-08-0.9202892420569D-08-0.1150881944076D-07-0.1437742042081D-07
-0.1794091421797D-07-0.2236088666971D-07-0.2783424330370D-07-0.3460017517586D-07
-0.4294824409104D-07-0.5322767510888D-07-0.6585791823460D-07-0.8134048723613D-07
-0.1002720151998D-06-0.1233583490515D-06-0.1514293630445D-06-0.1854539515171D-06
-0.2265544021356D-06-0.2760189784456D-06-0.3353111188436D-06-0.4060730806949D-06
-0.4901212456503D-06-0.5894294954243D-06-0.7060962951835D-06-0.8422901603854D-06
-0.1000167437505D-05-0.1181755494483D-05-0.1388794185486D-05-0.1622528413725D-05
-0.1883445885549D-05-0.2170956124795D-05-0.2483011276572D-05-0.2815675070676D-05
-0.3162656226469D-05-0.3514834449461D-05-0.3859824610648D-05-0.4181643523825D-05
-0.4460568502888D-05-0.4673299125650D-05-0.4793558823363D-05-0.4793285170421D-05
-0.4644563736436D-05-0.4322433366689D-05-0.3808640949362D-05-0.3096312295004D-05
-0.2195355483806D-05-0.1138176112770D-05 0.1498073184404D-07 0.1172084047010D-05
 0.2208063632827D-05 0.2967789167884D-05 0.3274771616058D-05 0.2946769305402D-05
 0.1818537335718D-05-0.2294623841464D-06-0.3239842475480D-05-0.7150501352083D-05
-0.1177903092757D-04-0.1682966980776D-04-0.2193325799840D-04-0.2672673042842D-04
-0.3097110045365D-04-0.3469351526656D-04-0.3832379562372D-04-0.4278003481649D-04
 0.1053027438355D-13 0.1337950533006D-13 0.1699915919777D-13 0.2159736936971D-13
 0.2743845117674D-13 0.3485800828755D-13 0.4428214540861D-13 0.5625186126098D-13
 0.7145392606285D-13 0.9076009827524D-13 0.1152769112519D-12 0.1464086274552D-12
 0.1859373344863D-12 0.2361242542778D-12 0.2998381897678D-12 0.3807184739297D-12
 0.4833811806248D-12 0.6136805112654D-12 0.7790398179609D-12 0.9888706990086D-12
 0.1255103455340D-11 0.1592858496309D-11 0.2021295846837D-11 0.2564689249868D-11
 0.3253784817654D-11 0.4127517314485D-11 0.5235180110110D-11 0.6639163698750D-11
 0.8418415718810D-11 0.1067280349527D-10 0.1352862048237D-10 0.1714552498428D-10
 0.2172528343795D-10 0.2752278191039D-10 0.3485988175325D-10 0.4414284546813D-10
 0.5588424019798D-10 0.7073043768968D-10 0.8949613108234D-10 0.1132075998128D-09
 0.1431569132770D-09 0.1809697473665D-09 0.2286901705754D-09 0.2888864914351D-09
 0.3647832802156D-09 0.4604257765107D-09 0.5808843866950D-09 0.7325085965874D-09
 0.9232418196158D-09 0.1163010986582D-08 0.1464207851239D-08 0.1842282194446D-08
 0.2316471523873D-08 0.2910696185449D-08 0.3654654880744D-08 0.4585161030206D-08
 0.5747768372038D-08 0.7198740870705D-08 0.9007431374758D-08 0.1125914071213D-07
 0.1405853934380D-07 0.1753373907449D-07 0.2184111135161D-07 0.2717094895026D-07
 0.3375407014341D-07 0.4186945131208D-07 0.5185296182352D-07 0.6410723320562D-07
 0.7911265421084D-07 0.9743939027715D-07 0.1197602323754D-06 0.1468639052827D-06
 0.1796682848244D-06 0.2192326711923D-06 0.2667679643662D-06 0.3236431060992D-06
 0.3913857047850D-06 0.4716740661030D-06 0.5663172775377D-06 0.6772191130793D-06
 0.8063209705828D-06 0.9555181522162D-06 0.1126543645486D-05 0.1320813115572D-05
 0.1539225848237D-05 0.1781917299221D-05 0.2047962544417D-05 0.2335033638141D-05
 0.2639022147238D-05 0.2953646493094D-05 0.3270078801278D-05 0.3576640056511D-05
 0.3858635173506D-05 0.4098417336766D-05 0.4275797752022D-05 0.4368928570829D-05
 0.4355803981529D-05 0.4216506857618D-05 0.3936307717393D-05 0.3509636978074D-05
 0.2944854298944D-05 0.2269540992914D-05 0.1535845375325D-05 0.8250985512201D-06
 0.2506857465483D-06-0.4214468258585D-07 0.1191344066325D-06 0.9240784186245D-06
 0.2562781551327D-05 0.5203519495937D-05 0.8966832673383D-05 0.1390035782943D-04
 0.1996161586667D-04 0.2701771473748D-04 0.3487238201869D-04 0.4332838141115D-04
 0.5228877988415D-04 0.6188933577896D-04 0.7264160942413D-04 0.8554914845025D-04
-0.1133857242828D-16-0.1529914643415D-16-0.2064262180978D-16-0.2785162868197D-16
-0.3757714141579D-16-0.5069713977826D-16-0.6839573642438D-16-0.9226977843098D-16
-0.1244726365099D-15-0.1679079668770D-15-0.2264908149187D-15-0.3054997070034D-15
-0.4120506049050D-15-0.5557362863656D-15-0.7494868059462D-15-0.1010729137852D-14
-0.1362949260508D-14-0.1837795219966D-14-0.2477909055306D-14-0.3340739280577D-14
-0.4503672861779D-14-0.6070942601078D-14-0.8182918912442D-14-0.1102861408467D-13
-0.1486249422715D-13-0.2002709430056D-13-0.2698341503984D-13-0.3635177703601D-13
-0.4896672207182D-13-0.6595075293175D-13-0.8881335435730D-13-0.1195839373902D-12
-0.1609902145078D-12-0.2166975206025D-12-0.2916296801898D-12-0.3923991300038D-12
-0.5278831410619D-12-0.7099954701839D-12-0.9547191469350D-12-0.1283488089994D-11
-0.1725034160725D-11-0.2317855058346D-11-0.3113509569096D-11-0.4181014386588D-11
-0.5612706130674D-11-0.7532051225185D-11-0.1010404108142D-10-0.1354901651914D-10
-0.1816103431190D-10-0.2433224223017D-10-0.3258519342883D-10-0.4361563279857D-10
-0.5834907714037D-10-0.7801553327156D-10-0.1042480209304D-09-0.1392122782088D-09
-0.1857772282683D-09-0.2477386016518D-09-0.3301117079989D-09-0.4395139175590D-09
-0.5846631874840D-09-0.7770262055763D-09-0.1031658780731D-08-0.1368292265138D-08
-0.1812733550384D-08-0.2398662828473D-08-0.3169933262158D-08-0.4183500357785D-08
-0.5513136202606D-08-0.7254114749382D-08-0.9529088508866D-08-0.1249541283122D-07
-0.1635420936247D-07-0.2136149132776D-07-0.2784169386545D-07-0.3620395465026D-07
-0.4696146046888D-07-0.6075409772917D-07-0.7837449590085D-07-0.1007973037929D-06
-0.1292111513432D-06-0.1650521804797D-06-0.2100372250267D-06-0.2661936285351D-06
-0.3358812525174D-06-0.4218004108157D-06-0.5269772459960D-06-0.6547154907023D-06
-0.8085007335352D-06-0.9918405125032D-06-0.1208021184480D-05-0.1459761283494D-05
-0.1748741915199D-05-0.2074999032676D-05-0.2436171802932D-05-0.2826617822768D-05
-0.3236431575855D-05-0.3650439304808D-05-0.4047291928066D-05-0.4398837190986D-05
-0.4670018019345D-05-0.4819607737069D-05-0.4802137609109D-05-0.4571375952020D-05
-0.4085647142386D-05-0.3315098377048D-05-0.2250690778050D-05-0.9141885592399D-06
 0.6322571341660D-06 0.2279117257448D-05 0.3868036153625D-05 0.5199351930098D-05
 0.6051871179987D-05 0.6216965429695D-05 0.5546400049356D-05 0.4008977712835D-05
 0.1745446050018D-05-0.8948041913174D-06-0.3355701655375D-05-0.4934667714809D-05
 0.5295233092992D-17 0.7145054741232D-17 0.9640864680872D-17 0.1300813391928D-16
 0.1755100399205D-16 0.2367970433336D-16 0.3194753455154D-16 0.4310067377704D-16
 0.5814542809038D-16 0.7843884313230D-16 0.1058107639895D-15 0.1427283032677D-15
 0.1925180563754D-15 0.2596643959770D-15 0.3502125053813D-15 0.4723109053940D-15
 0.6369419904522D-15 0.8589065876453D-15 0.1158149152144D-14 0.1561542745001D-14
 0.2105291564706D-14 0.2838165627648D-14 0.3825853009309D-14 0.5156816698054D-14
 0.6950174538778D-14 0.9366294739353D-14 0.1262104937906D-13 0.1700497126753D-13
 0.2290900294952D-13 0.3085909162836D-13 0.4156267717617D-13 0.5597108862950D-13
 0.7536333791260D-13 0.1014585484538D-12 0.1365667805969D-12 0.1837912903642D-12
 0.2472995814726D-12 0.3326866664687D-12 0.4474613638912D-12 0.6016973016479D-12
 0.8089037736718D-12 0.1087189913130D-11 0.1460820327916D-11 0.1962292201575D-11
 0.2635106663011D-11 0.3537464005984D-11 0.4747186695243D-11 0.6368271842941D-11
 0.8539606064785D-11 0.1144654276582D-10 0.1533626841089D-10 0.2053817233121D-10
 0.2749081966467D-10 0.3677761917356D-10 0.4917392592897D-10 0.6570915066943D-10
 0.8774852692734D-10 0.1171005759612D-09 0.1561580772071D-09 0.2080826338334D-09
 0.2770457805285D-09 0.3685432506622D-09 0.4898035314508D-09 0.6503175885657D-09
 0.8625236389934D-09 0.1142689510988D-08 0.1512045581306D-08 0.1998233884285D-08
 0.2637153740111D-08 0.3475301511337D-08 0.4572721406698D-08 0.6006705679125D-08
 0.7876404753793D-08 0.1030852971371D-07 0.1346434839019D-07 0.1754818833976D-07
 0.2281765964549D-07 0.2959578999045D-07 0.3828521176586D-07 0.4938444429660D-07
 0.6350614934827D-07 0.8139698855670D-07 0.1039583391135D-06 0.1322666074116D-06
 0.1675911699348D-06 0.2114070483690D-06 0.2653982477011D-06 0.3314462640914D-06
 0.4115966046789D-06 0.5079943671088D-06 0.6227781246732D-06 0.7579198996472D-06
 0.9149982420668D-06 0.1094892127192D-05 0.1297386270111D-05 0.1520684847502D-05
 0.1760841565346D-05 0.2011131245778D-05 0.2261412345886D-05 0.2497562248551D-05
 0.2701106193835D-05 0.2849204556506D-05 0.2915204007988D-05 0.2869987237274D-05
 0.2684354330811D-05 0.2332618538604D-05 0.1797468917145D-05 0.1075922992436D-05
 0.1858373072411D-06-0.8280228676415D-06-0.1889905007054D-05-0.2893047589143D-05
-0.3706110918783D-05-0.4188306467753D-05-0.4214579151803D-05-0.3710205301571D-05
-0.2691029835336D-05-0.1301393409697D-05 0.1624189090583D-06 0.1258221703961D-05
-0.2278343678504D-17-0.3074335972942D-17-0.4148314306328D-17-0.5597340475647D-17
-0.7552312830214D-17-0.1018981287855D-16-0.1374796422325D-16-0.1854802520753D-16
-0.2502314950362D-16-0.3375753813953D-16-0.4553891472424D-16-0.6142954685430D-16
-0.8286159172227D-16-0.1117659989637D-15-0.1507458362332D-15-0.2033099141247D-15
-0.2741879946387D-15-0.3697543170907D-15-0.4985992393373D-15-0.6722981683187D-15
-0.9064467025615D-15-0.1222055693127D-14-0.1647426389651D-14-0.2220677161845D-14
-0.2993138441390D-14-0.4033925827927D-14-0.5436085346644D-14-0.7324857241519D-14
-0.9868789164473D-14-0.1329466274334D-13-0.1790755529688D-13-0.2411778966789D-13
-0.3247710320471D-13-0.4372721164546D-13-0.5886498829795D-13-0.7922981326585D-13
-0.1066208187766D-12-0.1434538595146D-12-0.1929719200787D-12-0.2595267735360D-12
-0.3489558137481D-12-0.4690862618451D-12-0.6304088471668D-12-0.8469779965063D-12
-0.1137613261003D-11-0.1527502124549D-11-0.2050336370148D-11-0.2751157319017D-11
-0.3690141694644D-11-0.4947635158870D-11-0.6630836168423D-11-0.8882663790518D-11
-0.1189350773984D-10-0.1591677941362D-10-0.2128946542125D-10-0.2845925318595D-10
-0.3802027806302D-10-0.5076015099852D-10-0.6772171710216D-10-0.9028400654614D-10
-0.1202681206025D-09-0.1600754195002D-09-0.2128674397692D-09-0.2827995178779D-09
-0.3753232837064D-09-0.4975771205633D-09-0.6588884490188D-09-0.8714174695631D-09
-0.1150978837339D-08-0.1518085727455D-08-0.1999269912851D-08-0.2628741596721D-08
-0.3450463531754D-08-0.4520724987710D-08-0.5911310713523D-08-0.7713367759976D-08
-0.1004207459290D-07-0.1304221092188D-07-0.1689470615556D-07-0.2182420405044D-07
-0.2810761066895D-07-0.3608348313342D-07-0.4616195024218D-07-0.5883462126785D-07
-0.7468361071599D-07-0.9438837763344D-07-0.1187285121878D-06-0.1485799209815D-06
-0.1849010277593D-06-0.2287047044448D-06-0.2810106733688D-06-0.3427722935385D-06
-0.4147710445148D-06-0.4974721143017D-06-0.5908355054139D-06-0.6940798307651D-06
-0.8054008182556D-06-0.9216547041520D-06-0.1038028303748D-05-0.1147733892229D-05
-0.1241786937490D-05-0.1308948550974D-05-0.1335937431450D-05-0.1308035530887D-05
-0.1210215752735D-05-0.1028901722001D-05-0.7544075851998D-06-0.3839923631223D-06
 0.7472662189203D-07 0.6005122594407D-06 0.1156234841178D-05 0.1688744794393D-05
 0.2132305240150D-05 0.2416996388502D-05 0.2483113901909D-05 0.2301517847910D-05
 0.1898125719923D-05 0.1378195944400D-05 0.9433410740596D-06 0.8920302455767D-06
