  0.38670031999133991        0.0000000000000000       0.85046286251859526        274.07205200195312     
  0.38670031999133991        0.0000000000000000      -0.20117533388952885        274.07205200195312     
  0.38670031999133991        0.0000000000000000       -55.136536571281233        274.07205200195312     
  0.38670031999133991        2.0000000000000000        2.8504628625185955        274.07205200195312     
  0.38670031999133991        2.0000000000000000        1.7800124502352574        274.07205200195312     
  0.38670031999133991        2.0000000000000000        487.85166482500148        274.07205200195312     
  0.38670031999133991        6.0000000000000000        6.8504628625185955        274.07205200195312     
  0.38670031999133991        6.0000000000000000        4.1824089763925096        274.07205200195312     
  0.38670031999133991        6.0000000000000000        1146.2814104712834        274.07205200195312     
  0.38670031999133991        12.000000000000000        12.850462862518595        274.07205200195312     
  0.38670031999133991        12.000000000000000        6.6841274563572295        274.07205200195312     
  0.38670031999133991        12.000000000000000        1831.9325278064214        274.07205200195312     
  0.38670031999133991        20.000000000000000        20.850462862518594        274.07205200195312     
  0.38670031999133991        20.000000000000000        9.2222077972678171        274.07205200195312     
  0.38670031999133991        20.000000000000000        2527.5494149856027        274.07205200195312     
  0.38670031999133991        30.000000000000000        30.850462862518594        274.07205200195312     
  0.38670031999133991        30.000000000000000        11.777386938693160        274.07205200195312     
  0.38670031999133991        30.000000000000000        3227.8526055086354        274.07205200195312     
  0.38670031999133991        42.000000000000000        42.850462862518597        274.07205200195312     
  0.38670031999133991        42.000000000000000        14.341923726117233        274.07205200195312     
  0.38670031999133991        42.000000000000000        3930.7204652724477        274.07205200195312     
  0.38670031999133991        56.000000000000000        56.850462862518597        274.07205200195312     
  0.38670031999133991        56.000000000000000        16.912126146610376        274.07205200195312     
  0.38670031999133991        56.000000000000000        4635.1411167173901        274.07205200195312     
  0.38670031999133991        72.000000000000000        72.850462862518597        274.07205200195312     
  0.38670031999133991        72.000000000000000        19.486015062842650        274.07205200195312     
  0.38670031999133991        72.000000000000000        5340.5721336142524        274.07205200195312     
  0.38670031999133991        90.000000000000000        90.850462862518597        274.07205200195312     
  0.38670031999133991        90.000000000000000        22.062435624820768        274.07205200195312     
  0.38670031999133991        90.000000000000000        6046.6970038556210        274.07205200195312     
   7.2970052349067742E-003   0.0000000000000000       0.99994675371460173        274.07205200195312     
   7.2970052349067742E-003   0.0000000000000000       -3.6485511860554713E-003   274.07205200195312     
   7.2970052349067742E-003   0.0000000000000000      -0.99996591039638283        274.07205200195312     
   7.2970052349067742E-003   2.0000000000000000        2.9999467537146018        274.07205200195312     
   7.2970052349067742E-003   2.0000000000000000        100.31998238403642        274.07205200195312     
   7.2970052349067742E-003   2.0000000000000000        27494.903428792652        274.07205200195312     
   7.2970052349067742E-003   6.0000000000000000        6.9999467537146014        274.07205200195312     
   7.2970052349067742E-003   6.0000000000000000        225.53653114713447        274.07205200195312     
   7.2970052349067742E-003   6.0000000000000000        61813.259892897557        274.07205200195312     
   7.2970052349067742E-003   12.000000000000000        12.999946753714601        274.07205200195312     
   7.2970052349067742E-003   12.000000000000000        357.07030591961427        274.07205200195312     
   7.2970052349067742E-003   12.000000000000000        97862.991452353832        274.07205200195312     
   7.2970052349067742E-003   20.000000000000000        20.999946753714603        274.07205200195312     
   7.2970052349067742E-003   20.000000000000000        490.96441210815397        274.07205200195312     
   7.2970052349067742E-003   20.000000000000000        134559.62388641431        274.07205200195312     
   7.2970052349067742E-003   30.000000000000000        30.999946753714603        274.07205200195312     
   7.2970052349067742E-003   30.000000000000000        625.97729261855750        274.07205200195312     
   7.2970052349067742E-003   30.000000000000000        171562.88109459513        274.07205200195312     
   7.2970052349067742E-003   42.000000000000000        42.999946753714603        274.07205200195312     
   7.2970052349067742E-003   42.000000000000000        761.60483450448635        274.07205200195312     
   7.2970052349067742E-003   42.000000000000000        208734.59980725250        274.07205200195312     
   7.2970052349067742E-003   56.000000000000000        56.999946753714603        274.07205200195312     
   7.2970052349067742E-003   56.000000000000000        897.60534604196573        274.07205200195312     
   7.2970052349067742E-003   56.000000000000000        246008.53907764476        274.07205200195312     
   7.2970052349067742E-003   72.000000000000000        72.999946753714596        274.07205200195312     
   7.2970052349067742E-003   72.000000000000000        1033.8488717570697        274.07205200195312     
   7.2970052349067742E-003   72.000000000000000        283349.08174236416        274.07205200195312     
   7.2970052349067742E-003   90.000000000000000        90.999946753714596        274.07205200195312     
   7.2970052349067742E-003   90.000000000000000        1170.2594349878477        274.07205200195312     
   7.2970052349067742E-003   90.000000000000000        320735.40472176566        274.07205200195312     
