  -1.1059832908927611E-018   1.8805081188537692E-020  -5.5136536571281227E-019   9.9999999999999995E-021
  -5.0847254080806176E-019  -6.2372387710668771E-019  -5.7160492933536898E-019  -4.2857739738751802E-019
   9.2082699094553172E-021   8.8634992351538419E-021   8.6861581969346098E-021   8.5229023575939406E-021
  -1.5736766611629058E-018   2.7219741172462641E-020  -1.1059832908927611E-018   1.8805081188537692E-020
  -4.4337188431584134E-019  -4.8891537894931046E-019  -4.7611271125973885E-019  -4.3273215688692753E-019
   8.5947705446203788E-021   8.4274348470381010E-021   8.3800139349028878E-021   8.2782917950473285E-021
  -2.0215008437926504E-018   3.5395010019855700E-020  -1.5736766611629058E-018   2.7219741172462641E-020
  -4.3676220029119414E-019  -4.5726892616487952E-019  -4.5257619849855111E-019  -4.3049264616041294E-019
   8.2940094836755543E-021   8.1798930420377838E-021   8.1591162380466883E-021   8.0795850405138807E-021
  -2.4591050549084978E-018   4.3390744293850498E-020  -2.0215008437926504E-018   3.5395010019855700E-020
  -4.3210847336351140E-019  -4.4282306018756170E-019  -4.4059011339526607E-019  -4.2669044616591694E-019
   8.0854175921109195E-021   7.9979520019099557E-021   7.9863996328869391E-021   7.9202847822640681E-021
  -2.8894365820041188E-018   5.1241131226986864E-020  -2.4591050549084978E-018   4.3390744293850498E-020
  -4.2748539680354063E-019  -4.3361081629334515E-019  -4.3236055526221280E-019  -4.2256102265906821E-019
   7.9230685464789280E-021   7.8516572908375072E-021   7.8442969707895317E-021   7.7873445290852031E-021
   1.4351497999903612E-017   3.2544018248662832E-020   4.8785166482500147E-018   9.9999999999999995E-021
   7.9897598947757404E-018   7.7979077008027601E-018   9.6929319860261996E-018   1.3866448841487924E-017
   1.7005279380668520E-020   2.1946349245583614E-020   2.3489469786314272E-020   2.7387192047512715E-020
   2.8809578730291428E-017   6.4146193264266357E-020   1.4351497999903612E-017   3.2544018248662832E-020
   1.3379270642506435E-017   1.3537012983849336E-017   1.4583002956043176E-017   1.7129181860035423E-017
   2.6753822319315825E-020   3.1261681438718439E-020   3.2211582903992612E-020   3.5912699088883243E-020
   4.6841811636107256E-017   1.0408430443880766E-019   2.8809578730291428E-017   6.4146193264266357E-020
   1.6918855266795182E-017   1.7485979218493850E-017   1.8097608025769618E-017   2.0107367679572855E-017
   3.5647705379551491E-020   3.9683798954638000E-020   4.0384127088862026E-020   4.3845109580696273E-020
   6.7913781003122837E-017   1.5172355850639209E-019   4.6841811636107256E-017   1.0408430443880766E-019
   1.9987879636990338E-017   2.0702257562175985E-017   2.1117042631024559E-017   2.2805336178702008E-017
   4.3708919433101665E-020   4.7443058196464680E-020   4.7980239524992975E-020   5.1280009529489522E-020
   9.1675835332156630E-017   2.0659936574629776E-019   6.7913781003122837E-017   1.5172355850639209E-019
   2.2732734934292067E-017   2.3490410081502080E-017   2.3797886506997443E-017   2.5262997862911625E-017
   5.1197972470416375E-020   5.4719219357505428E-020   5.5146746707969342E-020   5.8324938838068085E-020
   6.3361031916827606E-017   6.0587038458307728E-020   1.1462814104712834E-017   9.9999999999999995E-021
   2.9261691337406186E-017   3.7948776960600176E-017   5.5649638042434581E-017   9.4930785529212950E-017
   2.6459965412024532E-020   4.3750110337760995E-020   5.4218218289922150E-020   8.1125608082455548E-020
   1.8434593778034842E-016   1.7314655208585901E-019   6.3361031916827606E-017   6.0587038458307728E-020
   8.9541276247439408E-017   1.0728147428172693E-016   1.2599123912099167E-016   1.6982273212824813E-016
   7.6570117002995469E-020   1.0580834516459997E-019   1.1709129372161717E-019   1.5298768698987789E-019
   3.9036407120465672E-016   3.6713230434198183E-019   1.8434593778034842E-016   1.7314655208585901E-019
   1.6555024766690727E-016   1.9398040652688793E-016   2.1083528762348434E-016   2.6092716457819824E-016
   1.4899810726317315E-019   1.8732459038798057E-019   1.9900310709693217E-019   2.4226101130373845E-019
   6.9551642307094938E-016   6.5937785726613351E-019   3.9036407120465672E-016   3.6713230434198183E-019
   2.5728164274571855E-016   2.9433716386058098E-016   3.0985031966299807E-016   3.6525750140487923E-016
   2.3918767657772011E-019   2.8583307117974457E-019   2.9735852825027323E-019   3.4790244210715478E-019
   1.1119480486186819E-015   1.0653831291892390E-018   6.9551642307094938E-016   6.5937785726613351E-019
   3.6230902270446406E-016   4.0653808698483847E-016   4.2102374330469709E-016   4.8115707000285977E-016
   3.4543731290375300E-019   3.9985782966133150E-019   4.1107540991225761E-019   4.6872783948770113E-019
   1.8548671592192052E-016   1.0987525783757536E-019   1.8319325278064212E-017   9.9999999999999995E-021
   6.4189523512694691E-017   1.0277409251232607E-016   1.7970173498733417E-016   3.7386316535112253E-016
   3.6305535245886085E-020   7.3374738040380821E-020   1.0662765649410884E-019   2.0294122271058679E-019
   7.8545646926843741E-016   4.5998019055510556E-019   1.8548671592192052E-016   1.0987525783757536E-019
   3.5275233986708013E-016   4.8878491575164918E-016   6.3667206523945140E-016   9.9615221822981942E-016
   1.9041039325723993E-019   3.0376977434635909E-019   3.6811977930492912E-019   5.6644009574536516E-019
   2.1869635277252309E-015   1.2858423372481335E-018   7.8545646926843741E-016   4.5998019055510556E-019
   9.6051437991706735E-016   1.2569486213042591E-015   1.4569871774887303E-015   2.0206563732377161E-015
   5.4226126073553299E-019   7.6123237179378976E-019   8.5719428576523240E-019   1.1760583043045902E-018
   4.8282730749067315E-015   2.8660005513164609E-018   2.1869635277252309E-015   1.2858423372481335E-018
   1.9731247990261168E-015   2.4692999440482793E-015   2.7149290686325687E-015   3.5062744587011930E-015
   1.1472755321390209E-018   1.4996155863257517E-018   1.6236926638271127E-018   2.0870572519652142E-018
   9.2043796724685051E-015   5.5273843688328997E-018   4.8282730749067315E-015   2.8660005513164609E-018
   3.4538659969664324E-015   4.1804340084907869E-015   4.4667983286804355E-015   5.5083089140617659E-015
   2.0557451255527206E-018   2.5666122267655442E-018   2.7160586950179605E-018   3.3472159359789021E-018
   4.4759890632882586E-016   1.9040161513088426E-019   2.5275494149856024E-017   9.9999999999999995E-021
   1.1294581243908939E-016   2.1488764654775398E-016   4.4239323611108745E-016   1.1064328953170467E-015
   4.6294208008433988E-020   1.1064418634731339E-019   1.8730353815127680E-019   4.4022003377969114E-019
   2.7396307581610423E-015   1.1606100183724516E-018   4.4759890632882586E-016   1.9040161513088426E-019
   1.0695835925090724E-015   1.6858138156205099E-015   2.4439998044717534E-015   4.4229802782997017E-015
   4.2211080138278353E-019   7.6255929482420778E-019   1.0194517299582901E-018   1.8351175685016237E-018
   1.0036377254215205E-014   4.2764771877222860E-018   2.7396307581610423E-015   1.1606100183724516E-018
   4.2543813883587600E-015   6.1502147809167804E-015   7.6622955328364889E-015   1.1901076960459684E-014
   1.7434531453520886E-018   2.7044951279254653E-018   3.2554472946770727E-018   5.0318650255418419E-018
   2.7506853007824446E-014   1.1843809559668743E-017   1.0036377254215205E-014   4.2764771877222860E-018
   1.1534107542189991E-014   1.5675480889706481E-014   1.8135638364923911E-014   2.5666508470204667E-014
   4.8589357495088411E-018   6.9002217371969195E-018   7.8358924976883000E-018   1.1072830012399463E-017
   6.2647444203530982E-014   2.7306104864433747E-017   2.7506853007824446E-014   1.1843809559668743E-017
   2.5105525125064469E-014   3.2608381549511981E-014   3.6181191704279571E-014   4.8158875541591628E-014
   1.0814876533119896E-017   1.4494923821301742E-017   1.5893137601666508E-017   2.1182772449533606E-017
   9.5136856110064297E-016   3.1455222187876763E-019   3.2278526055086354E-017   9.9999999999999995E-021
   1.7558335278159223E-016   3.8684385695931906E-016   9.2276510272274385E-016   2.7197389381276226E-015
   5.6350173488324605E-020   1.5550459280854312E-019   3.0296990911117631E-019   8.5401415394484243E-019
   8.3137300841863415E-015   2.7543470614835434E-018   9.5136856110064297E-016   3.1455222187876763E-019
   2.7377411777821625E-015   4.8406642335635128E-015   7.7923609853540732E-015   1.6170377522896862E-014
   8.5212117429827662E-019   1.7180108348586283E-018   2.5354895697806872E-018   5.2796470540517471E-018
   3.9930840119062644E-014   1.3323635948897982E-017   8.3137300841863415E-015   2.7543470614835434E-018
   1.5672902695690288E-014   2.4807442355055950E-014   3.3322734596253684E-014   5.7769403610948237E-014
   5.0348259491928857E-018   8.5539792877617321E-018   1.1049821965101192E-017   1.9173304869567903E-017
   1.3574920770920294E-013   4.5800255721629449E-017   3.9930840119062644E-014   1.3323635948897982E-017
   5.5822466315738832E-014   8.1880513276578322E-014   1.0012026784170077E-013   1.5508617698854478E-013
   1.8409114102017117E-017   2.8230741566504351E-017   3.3782278225982257E-017   5.2424564949398450E-017
   3.6940537721732513E-013   1.2621706885510210E-016   1.3574920770920294E-013   4.5800255721629449E-017
   1.5087158153410069E-013   2.0933423479146681E-013   2.4225553524726329E-013   3.4788589543717213E-013
   5.0842513609988253E-017   7.2827863699614475E-017   8.3114658126941937E-017   1.1977332153773486E-016
   1.8409734561875790E-015   4.9700867452508597E-019   3.9307204652724474E-017   9.9999999999999995E-021
   2.5212336088123383E-016   6.3118128944418369E-016   1.7184095631110516E-015   5.8586924432174229E-015
   6.6442966196338160E-020   2.0793431197735223E-019   4.6038717323115922E-019   1.5189661105371543E-018
   2.2618089787847149E-014   6.1475110019558788E-018   1.8409734561875790E-015   4.9700867452508597E-019
   6.1983749175583458E-015   1.2152745362948238E-014   2.1619515954820124E-014   5.0919800436862344E-014
   1.5930845242794397E-018   3.5445873789679089E-018   5.7592084582788129E-018   1.3702337765811869E-017
   1.4157560151871529E-013   3.8795666018167764E-017   2.2618089787847149E-014   6.1475110019558788E-018
   5.0179952525099427E-014   8.6320008766542986E-014   1.2505762943119341E-013   2.4080984146463671E-013
   1.3248971313126372E-017   2.4468418939032540E-017   3.3956759355004039E-017   6.5789602196071765E-017
   5.9561123456756580E-013   1.6510946734511402E-016   1.4157560151871529E-013   3.8795666018167764E-017
   2.3327256725333047E-013   3.6732212434450693E-013   4.7576160518105950E-013   8.0477377198863916E-013
   6.3158997799707198E-017   1.0403297892346929E-016   1.3151922313289303E-016   2.2361940604924578E-016
   1.9348003889246441E-012   5.4332213927164781E-016   5.9561123456756580E-013   1.6510946734511402E-016
   7.8074865142310437E-013   1.1525737979605813E-012   1.3950841400285723E-012   2.1590703987410600E-012
   2.1590725499667100E-016   3.2920999473602523E-016   3.9222310545119637E-016   6.1050257618808890E-016
   3.3108314607644771E-015   7.5472540584261852E-019   4.6351411167173897E-017   9.9999999999999995E-021
   3.4257595551361089E-016   9.6043291188196887E-016   2.9454827834347562E-015   1.1432472951436760E-014
   7.6558056131830054E-020   2.6792302042343273E-019   6.6632849709823816E-019   2.5232913438805390E-018
   5.6237555127579603E-014   1.2952478623631776E-017   3.3108314607644771E-015   7.5472540584261852E-019
   1.2771574213541370E-014   2.7500055301535179E-014   5.3763506912248056E-014   1.4226164335978293E-013
   2.7954738221956649E-018   6.8027516599235737E-018   1.2116769949665500E-017   3.2552002265361129E-017
   4.5531086410823813E-013   1.0582016230282532E-016   5.6237555127579603E-014   1.2952478623631776E-017
   1.4355533289490424E-013   2.6668340836178951E-013   4.1618478748621655E-013   8.8514812929303451E-013
   3.2164646674454514E-017   6.4160097063455972E-017   9.5596746876896455E-017   2.0552776752000193E-016
   2.3623310964760251E-012   5.5559582583154100E-016   4.5531086410823813E-013   1.0582016230282532E-016
   8.6420294662407749E-013   1.4540460319107028E-012   1.9964670251182583E-012   3.6768923335247221E-012
   1.9838407035687699E-016   3.4934743322942291E-016   4.6708206449826022E-016   8.6741091536005117E-016
   9.1456176352738819E-012   2.1793991803793183E-015   2.3623310964760251E-012   5.5559582583154100E-016
   3.5688962269469119E-012   5.5854364413086453E-012   7.0827150031867003E-012   1.1794520116849542E-011
   8.3648455714165629E-016   1.3528216436734841E-015   1.6856420039319947E-015   2.8294082749340491E-015
   5.6133393680554042E-015   1.1069226090768237E-018   5.3405721336142522E-017   9.9999999999999995E-021
   4.4694656094101533E-016   1.3871293184143920E-015   4.7387088359730752E-015   2.0660979010599619E-014
   8.6687654354938063E-020   3.3546518417746083E-019   9.2757244310586751E-019   3.9687727455393481E-018
   1.2960244897214138E-013   2.5892010289777190E-017   5.6133393680554042E-015   1.1069226090768237E-018
   2.4415071904636286E-014   5.7270566995819199E-014   1.2234875657515162E-013   3.6028093857793785E-013
   4.6532406207048315E-018   1.2293459386270457E-017   2.3887882794013132E-017   7.1694601102930181E-017
   1.3457926043416531E-012   2.7151317778332301E-016   1.2960244897214138E-013   2.5892010289777190E-017
   3.7419776852491235E-013   7.4661517494870303E-013   1.2524051716849555E-012   2.9249024704248398E-012
   7.2805923113634672E-017   1.5600355344881337E-016   2.4914836602611029E-016   5.9061724289779280E-016
   8.5751035550799699E-012   1.7511056548273879E-015   1.3457926043416531E-012   2.7151317778332301E-016
   2.8920155986618349E-012   5.1778446691463796E-012   7.5352225082079586E-012   1.5057715751059388E-011
   5.7606036298555835E-016   1.0800640959205706E-015   1.5273201199637596E-015   3.0867260675101707E-015
   3.9478208355022392E-011   8.1696468063004841E-015   8.5751035550799699E-012   1.7511056548273879E-015
   1.4672251191400598E-011   2.4265452196911433E-011   3.2261558229544192E-011   5.7692356755342658E-011
   2.9832488893260682E-015   5.1009896458450855E-015   6.6535192731965261E-015   1.2018980181429289E-014
   9.0666132838849572E-015   1.5750835476403543E-018   6.0466970038556208E-017   9.9999999999999995E-021
   5.6523834228452116E-016   1.9237999592615045E-015   7.2513812097715961E-015   3.5121277202727688E-014
   9.6827215927313765E-020   4.1055757410301433E-019   1.2509001694015281E-018   5.9707585829057275E-018
   2.7987585168054484E-013   4.9363116900485238E-017   9.0666132838849572E-015   1.5750835476403543E-018
   4.3906160067427396E-014   1.1143452999961032E-013   2.5872198708767770E-013   8.4063623613795613E-013
   7.4094670079305493E-018   2.1119767599697819E-017   4.4551402089372974E-017   1.4797639373099718E-016
   3.6944138511663941E-012   6.5845708543702114E-016   2.7987585168054484E-013   4.9363116900485238E-017
   9.0185687748495776E-013   1.9234552322866769E-012   3.4590638226731116E-012   8.8203330095105591E-012
   1.5504051582913150E-016   3.5516737388484590E-016   6.0666408654460527E-016   1.5758603745311812E-015
   2.8771322526044320E-011   5.1912664095150410E-015   3.6944138511663941E-012   6.5845708543702114E-016
   8.8675966009323452E-012   1.6832503707648328E-011   2.5942212846580409E-011   5.6044422339877742E-011
   1.5596545374974244E-015   3.1021615336768645E-015   4.6368703662893646E-015   1.0159137607038236E-014
   1.5709940724850243E-010   2.8728131834702038E-014   2.8771322526044320E-011   5.1912664095150410E-015
   5.4999646371873333E-011   9.5843269099411660E-011   1.3362552340697114E-010   2.5603127695010977E-010
   9.8726294931315787E-015   1.7796260122364357E-014   2.4306903863531905E-014   4.7142235086197856E-014
  -2.1248771007311273E-020   1.9999071384252589E-020  -9.9996591039638274E-021   9.9999999999999995E-021
  -9.9997973005248933E-021  -1.2499092252186416E-020  -1.1665746178858677E-020  -9.1651972574696211E-021
   9.9994837681738463E-021   9.9991534147252547E-021   9.9989871021043416E-021   9.9986635036824877E-021
  -3.1293182011401249E-020   2.9997470203426618E-020  -2.1248771007311273E-020   1.9999071384252589E-020
  -9.3735986727916633E-021  -1.0456439681319652E-020  -1.0239752807262329E-020  -9.5004823745842116E-021
   9.9987216068944069E-021   9.9984367746688665E-021   9.9983602665691948E-021   9.9980772256736456E-021
  -4.1209451054577086E-020   3.9995269752259455E-020  -3.1293182011401249E-020   2.9997470203426618E-020
  -9.5656220086156683E-021  -1.0105306673141924E-020  -1.0028129121838490E-020  -9.6651206604785264E-021
   9.9980966936474259E-021   9.9978232667293573E-021   9.9977753643313805E-021   9.9975033372281382E-021
  -5.1112902636272730E-020   4.9992497817212584E-020  -4.1209451054577086E-020   3.9995269752259455E-020
  -9.6930977710801266E-021  -1.0010199034449164E-020  -9.9749053332607868E-021  -9.7574029836738381E-021
   9.9975129243617348E-021   9.9972452143272513E-021   9.9972105552757567E-021   9.9969439261510243E-021
  -6.1023465858787232E-020   5.9989169778512620E-020  -5.1112902636272730E-020   4.9992497817212584E-020
  -9.7717007369058978E-021  -9.9787755547046108E-021  -9.9599021387242575E-021  -9.8143232113234058E-021
   9.9969495948792845E-021   9.9966853781906128E-021   9.9966582647267885E-021   9.9963948870861654E-021
   4.9672935631648165E-016   4.2064473373130568E-020   2.7494903428792651E-016   9.9999999999999995E-021
   1.1244059880228587E-016   2.1597900711293782E-016   2.3512315079848721E-016   3.1603701754619495E-016
   2.4194228082588623E-020   2.9623606076017129E-020   3.3761383531476201E-020   4.1422632941208132E-020
   8.0825210631520240E-016   9.1117738819692759E-020   4.9672935631648165E-016   4.2064473373130568E-020
   3.0056425632547596E-016   2.9168094609671068E-016   3.2948609086689041E-016   3.2623816973964665E-016
   4.0062985951242905E-020   4.8191168396529821E-020   4.9656490879640578E-020   5.8561288175789475E-020
   1.1399262067420264E-015   1.5785992433448417E-019   8.0825210631520240E-016   9.1117738819692759E-020
   3.2826909507772851E-016   3.2002175680763281E-016   3.4210703852978562E-016   3.3751791680837921E-016
   5.7751713879038031E-020   6.6144225694973001E-020   6.7208043543000952E-020   7.5996860733762618E-020
   1.4798649394157975E-015   2.4236987431107057E-019   1.1399262067420264E-015   1.5785992433448417E-019
   3.3828683345675595E-016   3.3249722025132264E-016   3.4667132586224408E-016   3.4300847035873761E-016
   7.5550134348162124E-020   8.4042576485147001E-020   8.4896470963811842E-020   9.3631470613438680E-020
   1.8241758385069643E-015   3.4465736400590113E-019   1.4798649394157975E-015   2.4236987431107057E-019
   3.4333544756903751E-016   3.3917328894565801E-016   3.4901195764010147E-016   3.4615945380644511E-016
   9.3350004506711825E-020   1.0190247985174443E-019   1.0261779361231181E-019   1.1133438673415905E-019
   2.0670921928851663E-015   8.6407528799001378E-020   6.1813259892897555E-016   9.9999999999999995E-021
   5.4407629925447076E-016   1.2421921055111990E-015   1.5655839915962494E-015   2.5341290702677763E-015
   4.1911059870438085E-020   6.0666686200069564E-020   8.2615180954195525E-020   1.2997037861504003E-019
   5.0457857279684697E-015   2.7511713577532276E-019   2.0670921928851663E-015   8.6407528799001378E-020
   2.3494047814144333E-015   2.6291636756216536E-015   3.2866916017963091E-015   3.6910458742494634E-015
   1.2239842589783696E-019   1.7604977238788787E-019   1.9182875301923970E-019   2.7410216514583609E-019
   9.4334198608285187E-015   6.3069994752193832E-019   5.0457857279684697E-015   2.7511713577532276E-019
   3.7323276578804428E-015   4.1005503022894675E-015   4.6456095398422249E-015   5.1011574550164674E-015
   2.6262916993624586E-019   3.4259403337677428E-019   3.6005001027878408E-019   4.6557961323233132E-019
   1.5219863024079357E-014   1.2062857735612441E-018   9.4334198608285187E-015   6.3069994752193832E-019
   5.1127341652143538E-015   5.5466754149063792E-015   6.0057567457903043E-015   6.5010604928973014E-015
   4.5629642349054700E-019   5.6241925109000194E-019   5.8093460703103844E-019   7.1051081650320728E-019
   2.2406154725000388E-014   2.0546745829347516E-018   1.5219863024079357E-014   1.2062857735612441E-018
   6.5025928685692723E-015   6.9808899592054464E-015   7.3766671211539139E-015   7.9000431762381873E-015
   7.0279050553506695E-019   8.3514494331788327E-019   8.5432307840230702E-019   1.0086063072655971E-018
   5.9818823152006204E-015   1.6431942576563331E-019   9.7862991452353817E-016   9.9999999999999995E-021
   1.3458078812997588E-015   3.6739138743927994E-015   5.3046218794800431E-015   1.0716635015017049E-014
   6.0521713055535851E-020   1.0110761373953729E-019   1.6698199446993551E-019   3.2921562511931827E-019
   2.1539928203211244E-014   7.7204781967441055E-019   5.9818823152006204E-015   1.6431942576563331E-019
   9.8757997896551417E-015   1.2653759430077640E-014   1.7704567420478029E-014   2.2755821837297259E-014
   3.1133824043265911E-019   5.2212643151121558E-019   6.1441693988968280E-019   1.0619453802182077E-018
   5.3390268819090726E-014   2.3461631157480155E-018   2.1539928203211244E-014   7.7204781967441055E-019
   2.3208065768762560E-014   2.8366227108611165E-014   3.4513797929105771E-014   4.2133927851080409E-014
   9.8700352576216285E-019   1.4475506322065565E-018   1.5978468994178105E-018   2.3668931874307334E-018
   1.0729494586159903E-013   5.5970265438264592E-018   5.3390268819090726E-014   2.3461631157480155E-018
   4.2237544898528947E-014   5.0071312574256047E-014   5.6913798093264139E-014   6.7220296021480556E-014
   2.2766467013881232E-018   3.0833692882078837E-018   3.2943895596893700E-018   4.4730161712880337E-018
   1.8909162216708269E-013   1.1428981861448883E-017   1.0729494586159903E-013   5.5970265438264592E-018
   6.7133169779097462E-014   7.7720133411585366E-014   8.5062658730723277E-014   9.8081303769187152E-014
   4.3730611275798719E-018   5.6242259981460953E-018   5.8961409251873220E-018   7.5779369314878394E-018
   1.4393253932936770E-014   2.9219638396381126E-019   1.3455962388641429E-015   9.9999999999999995E-021
   2.5284800871456216E-015   8.0907453246916840E-015   1.3258760002797680E-014   3.3058455422311423E-014
   7.9466328445110488E-020   1.5051593292880129E-019   2.9926256825140811E-019   7.1415497297733852E-019
   7.5168357355524611E-014   2.0138989823806532E-018   1.4393253932936770E-014   2.9219638396381126E-019
   3.0936766423085485E-014   4.4882056026163180E-014   7.0315426324248262E-014   1.0331888941161866E-013
   6.9753410616217284E-019   1.3341905063452368E-018   1.7131875711830989E-018   3.5379253292822080E-018
   2.4665653609317853E-013   8.0831789270621207E-018   7.5168357355524611E-014   2.0138989823806532E-018
   1.0705759102148684E-013   1.4374261663120735E-013   1.8918340963409048E-013   2.5601942887384107E-013
   3.2175900236615974E-018   5.2518298803208867E-018   6.1434297506449035E-018   1.0407570382495629E-017
   6.1753642453319828E-013   2.4019463738816391E-017   2.4665653609317853E-013   8.0831789270621207E-018
   2.5751529292758411E-013   3.3080345364331169E-013   3.9745166723255099E-013   5.1125379596080915E-013
   9.8288781462715352E-018   1.4522464085463778E-017   1.6179575540350829E-017   2.4384751472624873E-017
   1.3034761699016879E-012   5.8766568703638749E-017   6.1753642453319828E-013   2.4019463738816391E-017
   5.1014990190589708E-013   6.3312217966785176E-013   7.2206593509544033E-013   8.9511234077845629E-013
   2.3530319839717332E-017   3.2580488436270538E-017   3.5240476699853855E-017   4.9310379676968041E-017
   3.0600631730486754E-014   4.9006521939513451E-019   1.7156288109459512E-015   9.9999999999999995E-021
   4.0954956777968972E-015   1.5069101060471468E-014   2.7746625918157994E-014   8.3583067882188974E-014
   9.8569238697982553E-020   2.0875657941450633E-019   4.9221912118915334E-019   1.3798706764655048E-018
   2.2770506097525508E-013   4.8930286981246189E-018   3.0600631730486754E-014   4.9006521939513451E-019
   8.0634636888385002E-014   1.3105448779372379E-013   2.2880790490411582E-013   3.8226715318454576E-013
   1.4174073493789412E-018   3.0391706546652016E-018   4.2734328055084254E-018   1.0375166602650715E-017
   9.8492184246536050E-013   2.5789102824429667E-017   2.2770506097525508E-013   4.8930286981246189E-018
   4.0558102668958558E-013   5.9193501047823644E-013   8.4536547462730290E-013   1.2631186920399679E-012
   9.3444041742976635E-018   1.6838151516375743E-017   2.0961639851971783E-017   4.0432457846837574E-017
   3.0677625940711165E-012   9.5217392973479540E-017   9.8492184246536050E-013   2.5789102824429667E-017
   1.2812723711096008E-012   1.7709432146447056E-012   2.2582096523355648E-012   3.1574664045643937E-012
   3.7625658507337215E-017   6.0287666074679426E-017   7.0393129035482783E-017   1.1758249216663759E-016
   7.7516105174662206E-012   2.7880797320763457E-016   3.0677625940711165E-012   9.5217392973479540E-017
   3.1543598870117367E-012   4.1754864328658817E-012   4.9824730211308405E-012   6.6328087453654435E-012
   1.1207156612284822E-016   1.6629446973524770E-016   1.8647978597538597E-016   2.8392340386081476E-016
   5.9329494255664393E-014   7.8134111103153112E-019   2.0873459980725247E-015   9.9999999999999995E-021
   6.0482362859500249E-015   2.5184513459232045E-014   5.1602179694165065E-014   1.8383126695280700E-013
   1.1775911710565715E-019   2.7577471263439914E-019   7.5871166438384512E-019   2.4413147950470415E-018
   6.1755432947262293E-013   1.1121125346657687E-017   5.9329494255664393E-014   7.8134111103153112E-019
   1.8447255664619907E-013   3.3281536218047790E-013   6.4312483804831902E-013   1.2129960541979583E-012
   2.6637086089790394E-018   6.3157875913585421E-018   9.7232943366064270E-018   2.7296832948847953E-017
   3.4975046175196125E-012   7.6436397356381387E-017   6.1755432947262293E-013   1.1121125346657687E-017
   1.3262254008139726E-012   2.0862712638767594E-012   3.2349638752482467E-012   5.3110060492179530E-012
   2.4626384614818815E-017   4.8656696361550197E-017   6.4541085533353812E-017   1.4086968365371530E-016
   1.3518274707574333E-011   3.4947065158048343E-016   3.4975046175196125E-012   7.6436397356381387E-017
   5.4639572916302890E-012   8.0756788997896937E-012   1.0952384248648199E-011   1.6604536951822250E-011
   1.2982502938806313E-016   2.2446287116036561E-016   2.7544687936510688E-016   5.0856099490560416E-016
   4.0842034238808997E-011   1.2226598934166600E-015   1.3518274707574333E-011   3.4947065158048343E-016
   1.6657199108400125E-011   2.3413880628807570E-011   2.9307866027288374E-011   4.1841864766815961E-011
   4.7982782112916075E-016   7.5995958604032048E-016   8.8637312071467246E-016   1.4666422163779117E-015
   1.0701197973005719E-013   1.1927695770262854E-018   2.4600853907764475E-015   9.9999999999999995E-021
   8.3873643210724224E-015   3.9012198605521999E-014   8.8175494666976569E-014   3.6454861516961491E-013
   1.3700176681747456E-019   3.5154403984965805E-019   1.1116349556717414E-018   4.0332577042974391E-018
   1.5297719375644683E-012   2.3779089599834703E-017   1.0701197973005719E-013   1.1927695770262854E-018
   3.8235433732413553E-013   7.5973120590604597E-013   1.6130319212692219E-012   3.4086791553317953E-012
   4.6962394249722641E-018   1.2178987139788907E-017   2.0485925602645591E-017   6.5491855227009237E-017
   1.1249163831398212E-011   2.1148871418662758E-016   1.5297719375644683E-012   2.3779089599834703E-017
   3.8579117667419723E-012   6.4974131095278351E-012   1.0927400965177226E-011   1.9608811446850379E-011
   5.9746619475906997E-017   1.2865480294884169E-016   1.8174058542231056E-016   4.4572035130254564E-016
   5.3766520488423533E-011   1.1924642418471956E-015   1.1249163831398212E-011   2.1148871418662758E-016
   2.0570775354438654E-011   3.2334340465843077E-011   4.6680261612072723E-011   7.6504160431881665E-011
   4.0897224761525155E-016   7.5979569473250548E-016   9.8105281702292406E-016   1.9951838948372965E-015
   1.9388938536690484E-010   4.9742216667823842E-015   5.3766520488423533E-011   1.1924642418471956E-015
   7.7331032251956611E-011   1.1496619197487756E-010   1.5118654309416458E-010   2.3110068688084703E-010
   1.8689308046011030E-015   3.1486436173954739E-015   3.8272626231643168E-015   6.8698012638904461E-015
   1.8206787902572296E-013   1.7544080879397516E-018   2.8334908174236415E-015   9.9999999999999995E-021
   1.1113235954798165E-014   5.7127237403804093E-014   1.4133300580092116E-013   6.6737260688554724E-013
   1.5627880049330926E-019   4.3605042369025556E-019   1.5638985363180122E-018   6.3102718071286656E-018
   3.5119138108337217E-012   4.8118086055998148E-017   1.8206787902572296E-013   1.7544080879397516E-018
   7.3322969825819232E-013   1.5936509198171515E-012   3.6914295741875708E-012   8.6756849045803556E-012
   7.8526084786588618E-018   2.2076057146222296E-017   4.0448469010044510E-017   1.4528040701715788E-016
   3.3218087838314900E-011   5.4924920214963734E-016   3.5119138108337217E-012   4.8118086055998148E-017
   1.0193179265619964E-011   1.8280785570093865E-011   3.3277952324333293E-011   6.4926389110412797E-011
   1.3500367900452698E-016   3.1509269848774523E-016   4.7331529613992070E-016   1.2949670283019765E-015
   1.9550130218859042E-010   3.8014967309620069E-015   3.3218087838314900E-011   5.4924920214963734E-016
   6.9773464534844248E-011   1.1608151834646659E-010   1.7839086622056260E-010   3.1498105243275044E-010
   1.1888538685012482E-015   2.3647220767012329E-015   3.2129185662549763E-015   7.1693500184605518E-015
   8.3960541374688259E-010   1.8858804917440688E-014   1.9550130218859042E-010   3.8014967309620069E-015
   3.2193775651746175E-010   5.0439479178210985E-010   6.9738306387417703E-010   1.1391312015197171E-009
   6.6887607880970333E-015   1.1950810319297396E-014   1.5155145668247896E-014   2.9443176355684471E-014
   2.9518573886011347E-013   2.4996190229057717E-018   3.2073540472176564E-015   9.9999999999999995E-021
   1.4226059417923705E-014   8.0104645311929458E-014   2.1545760502128106E-013   1.1465197487930301E-012
   1.7557946823026998E-019   5.2928559893926031E-019   2.1284190861347398E-018   9.4467252990563611E-018
   7.5561006212705638E-012   9.2680391436126431E-017   2.9518573886011347E-013   2.4996190229057717E-018
   1.3203851056260802E-012   3.1204106927853041E-012   7.8343261580322146E-012   2.0335630487201589E-011
   1.2558997726969334E-017   3.7994405763303480E-017   7.5565922254932861E-017   3.0140498071588192E-016
   9.1032132918021184E-011   1.3462382180781247E-015   7.5561006212705638E-012   9.2680391436126431E-017
   2.4841168696512885E-011   4.7234593935346494E-011   9.2821769749314472E-011   1.9590229771466897E-010
   2.8685257838737780E-016   7.2199703451728116E-016   1.1510218820884378E-015   3.4884565482531730E-015
   6.5652477634772806E-010   1.1380140140554001E-014   9.1032132918021184E-011   1.3462382180781247E-015
   2.1645861681746708E-010   3.7956199284841004E-010   6.2056290978330247E-010   1.1762474384973492E-009
   3.2182447451191266E-015   6.8318689560043782E-015   9.7606736989056742E-015   2.3800081479916032E-014
   3.3489389464137852E-009   6.6946133893913402E-014   6.5652477634772806E-010   1.1380140140554001E-014
   1.2196980115384700E-009   2.0073233654663856E-009   2.9185313105583888E-009   5.0830776568083216E-009
   2.2184753845588848E-014   4.1925981230206830E-014   5.5488016186562678E-014   1.1638321384102859E-013
