bcc Te -- Hedin-Lundqvist LDA                                                   
INPUT  IT=257 SPIN=1 NTYPE=  2
 -3.550000  3.550000  3.550000
  3.550000 -3.550000  3.550000
  3.550000  3.550000 -3.550000
    1  435  1.700000  0.030000    1
  0.000000  0.000000  0.000000
 0.1059975932756D+03 0.1059975193557D+03 0.1059974431481D+03 0.1059973645830D+03
 0.1059972835882D+03 0.1059972000898D+03 0.1059971140113D+03 0.1059970252740D+03
 0.1059969337967D+03 0.1059968394959D+03 0.1059967422855D+03 0.1059966420767D+03
 0.1059965387782D+03 0.1059964322958D+03 0.1059963225323D+03 0.1059962093879D+03
 0.1059960927594D+03 0.1059959725407D+03 0.1059958486224D+03 0.1059957208918D+03
 0.1059955892328D+03 0.1059954535257D+03 0.1059953136473D+03 0.1059951694705D+03
 0.1059950208644D+03 0.1059948676941D+03 0.1059947098208D+03 0.1059945471011D+03
 0.1059943793877D+03 0.1059942065284D+03 0.1059940283667D+03 0.1059938447411D+03
 0.1059936554855D+03 0.1059934604284D+03 0.1059932593933D+03 0.1059930521983D+03
 0.1059928386560D+03 0.1059926185732D+03 0.1059923917510D+03 0.1059921579843D+03
 0.1059919170619D+03 0.1059916687660D+03 0.1059914128724D+03 0.1059911491499D+03
 0.1059908773604D+03 0.1059905972584D+03 0.1059903085912D+03 0.1059900110982D+03
 0.1059897045110D+03 0.1059893885529D+03 0.1059890629390D+03 0.1059887273754D+03
 0.1059883815597D+03 0.1059880251799D+03 0.1059876579148D+03 0.1059872794333D+03
 0.1059868893942D+03 0.1059864874460D+03 0.1059860732266D+03 0.1059856463625D+03
 0.1059852064693D+03 0.1059847531507D+03 0.1059842859984D+03 0.1059838045914D+03
 0.1059833084963D+03 0.1059827972663D+03 0.1059822704411D+03 0.1059817275462D+03
 0.1059811680928D+03 0.1059805915773D+03 0.1059799974805D+03 0.1059793852678D+03
 0.1059787543880D+03 0.1059781042733D+03 0.1059774343383D+03 0.1059767439803D+03
 0.1059760325778D+03 0.1059752994907D+03 0.1059745440591D+03 0.1059737656032D+03
 0.1059729634225D+03 0.1059721367952D+03 0.1059712849773D+03 0.1059704072025D+03
 0.1059695026808D+03 0.1059685705984D+03 0.1059676101166D+03 0.1059666203712D+03
 0.1059656004716D+03 0.1059645495003D+03 0.1059634665116D+03 0.1059623505311D+03
 0.1059612005547D+03 0.1059600155478D+03 0.1059587944443D+03 0.1059575361454D+03
 0.1059562395191D+03 0.1059549033988D+03 0.1059535265825D+03 0.1059521078314D+03
 0.1059506458690D+03 0.1059491393802D+03 0.1059475870094D+03 0.1059459873601D+03
 0.1059443389932D+03 0.1059471606668D+03 0.1059477941525D+03 0.1059473742626D+03
 0.1059465649144D+03 0.1059455226237D+03 0.1059443123362D+03 0.1059429676998D+03
 0.1059415084174D+03 0.1059399469316D+03 0.1059382914849D+03 0.1059365476941D+03
 0.1059347194307D+03 0.1059328093457D+03 0.1059308191983D+03 0.1059287500687D+03
 0.1059266025020D+03 0.1059243766062D+03 0.1059220721216D+03 0.1059196884695D+03
 0.1059172247887D+03 0.1059146799614D+03 0.1059120526328D+03 0.1059093412265D+03
 0.1059065439558D+03 0.1059036588334D+03 0.1059006836783D+03 0.1058976161227D+03
 0.1058944536168D+03 0.1058911934338D+03 0.1058878326735D+03 0.1058843682658D+03
 0.1058807968956D+03 0.1058771152301D+03 0.1058733199056D+03 0.1058694074085D+03
 0.1058653741163D+03 0.1058612162944D+03 0.1058569300922D+03 0.1058525115399D+03
 0.1058479565448D+03 0.1058432608871D+03 0.1058384202162D+03 0.1058334300468D+03
 0.1058282857544D+03 0.1058229825711D+03 0.1058175155813D+03 0.1058118797168D+03
 0.1058060697525D+03 0.1058000803011D+03 0.1057939058084D+03 0.1057875405479D+03
 0.1057809786155D+03 0.1057742139242D+03 0.1057672401984D+03 0.1057600509677D+03
 0.1057526395613D+03 0.1057449991019D+03 0.1057371224986D+03 0.1057290024414D+03
 0.1057206313935D+03 0.1057120015848D+03 0.1057031050048D+03 0.1056939333948D+03
 0.1056844782407D+03 0.1056747307653D+03 0.1056646819195D+03 0.1056543223749D+03
 0.1056436425149D+03 0.1056326324256D+03 0.1056212818877D+03 0.1056095803662D+03
 0.1055975170016D+03 0.1055850805997D+03 0.1055722596220D+03 0.1055590421748D+03
 0.1055454159991D+03 0.1055313684594D+03 0.1055168865325D+03 0.1055019567965D+03
 0.1054865654182D+03 0.1054706981419D+03 0.1054543402766D+03 0.1054374766832D+03
 0.1054200917619D+03 0.1054021694385D+03 0.1053836931514D+03 0.1053646458369D+03
 0.1053450099157D+03 0.1053247672779D+03 0.1053038992684D+03 0.1052823866719D+03
 0.1052602096971D+03 0.1052373479610D+03 0.1052137804733D+03 0.1051894856197D+03
 0.1051644411454D+03 0.1051386241384D+03 0.1051120110122D+03 0.1050845774885D+03
 0.1050562985800D+03 0.1050271485720D+03 0.1049971010049D+03 0.1049661286559D+03
 0.1049342035209D+03 0.1049012967958D+03 0.1048673788584D+03 0.1048324192496D+03
 0.1047963866547D+03 0.1047592488853D+03 0.1047209728602D+03 0.1046815245877D+03
 0.1046408691465D+03 0.1045989706680D+03 0.1045557923186D+03 0.1045112962817D+03
 0.1044654437407D+03 0.1044181948618D+03 0.1043695087783D+03 0.1043193435738D+03
 0.1042676562678D+03 0.1042144028004D+03 0.1041595380189D+03 0.1041030156647D+03
 0.1040447883607D+03 0.1039848076008D+03 0.1039230237392D+03 0.1038593859816D+03
 0.1037938423773D+03 0.1037263398130D+03 0.1036568240069D+03 0.1035852395058D+03
 0.1035115296821D+03 0.1034356367333D+03 0.1033575016832D+03 0.1032770643838D+03
 0.1031942635198D+03 0.1031090366147D+03 0.1030213200378D+03 0.1029310490143D+03
 0.1028381576354D+03 0.1027425788716D+03 0.1026442445867D+03 0.1025430855536D+03
 0.1024390314711D+03 0.1023320109827D+03 0.1022219516958D+03 0.1021087802021D+03
 0.1019924220988D+03 0.1018728020099D+03 0.1017498436079D+03 0.1016234696353D+03
 0.1014936019252D+03 0.1013601614219D+03 0.1012230681986D+03 0.1010822414754D+03
 0.1009375996331D+03 0.1007890602255D+03 0.1006365399883D+03 0.1004799548443D+03
 0.1003192199043D+03 0.1001542494638D+03 0.9998495699464D+02 0.9981125513135D+02
 0.9963305565212D+02 0.9945026945405D+02 0.9926280652274D+02 0.9907057589639D+02
 0.9887348562479D+02 0.9867144272355D+02 0.9846435312469D+02 0.9825212162437D+02
 0.9803465182942D+02 0.9781184610437D+02 0.9758360552114D+02 0.9734982981399D+02
 0.9711041734273D+02 0.9686526506765D+02 0.9661426854004D+02 0.9635732191240D+02
 0.9609431797308D+02 0.9582514820990D+02 0.9554970290764D+02 0.9526787128407D+02
 0.9497954166868D+02 0.9468460172761D+02 0.9438293873720D+02 0.9407443990665D+02
 0.9375899274834D+02 0.9343648549138D+02 0.9310680753038D+02 0.9276984989761D+02
 0.9242550574176D+02 0.9207367079197D+02 0.9171424378094D+02 0.9134712679678D+02
 0.9097222553069D+02 0.9058944938691D+02 0.9019871142411D+02 0.8979992810406D+02
 0.8939301883473D+02 0.8897790531104D+02 0.8855451067717D+02 0.8812275855713D+02
 0.8768257202394D+02 0.8723387259843D+02 0.8677657938264D+02 0.8631060843700D+02
 0.8583587250267D+02 0.8535228115011D+02 0.8485974140322D+02 0.8435815884916D+02
 0.8384743920132D+02 0.8332749024337D+02 0.8279822404843D+02 0.8225955934530D+02
 0.8171142389190D+02 0.8115375671741D+02 0.8058651010491D+02 0.8000965120536D+02
 0.7942316319730D+02 0.7882704593326D+02 0.7822131604174D+02 0.7760600648027D+02
 0.7698116556175D+02 0.7634685550053D+02 0.7570315054835D+02 0.7505013481182D+02
 0.7438789986357D+02 0.7371654227749D+02 0.7303616123472D+02 0.7234685635936D+02
 0.7164872595127D+02 0.7094186578452D+02 0.7022636863288D+02 0.6950232466481D+02
 0.6876982281703D+02 0.6802895320407D+02 0.6727981054876D+02 0.6652249852343D+02
 0.6575713477455D+02 0.6498385627002D+02 0.6420282447131D+02 0.6341422971397D+02
 0.6261829411344D+02 0.6181527233924D+02 0.6100544976359D+02 0.6018913781610D+02
 0.5936666685770D+02 0.5853837745937D+02 0.5770461150850D+02 0.5686570490200D+02
 0.5602198356548D+02 0.5517376409523D+02 0.5432135950245D+02 0.5346508955512D+02
 0.5260529427542D+02 0.5174234855115D+02 0.5087667560000D+02 0.5000875723275D+02
 0.4913913935820D+02 0.4826843181465D+02 0.4739730226348D+02 0.4652646445037D+02
 0.4565666158621D+02 0.4478864592001D+02 0.4392315578753D+02 0.4306089154406D+02
 0.4220249184979D+02 0.4134851178613D+02 0.4049940424768D+02 0.3965550598274D+02
 0.3881702953881D+02 0.3798406220460D+02 0.3715657281321D+02 0.3633442696325D+02
 0.3551741079659D+02 0.3470526289851D+02 0.3389771310138D+02 0.3309452591035D+02
 0.3229554488740D+02 0.3150073267305D+02 0.3071019964495D+02 0.2992421311927D+02
 0.2914317955786D+02 0.2836759575143D+02 0.2759797226660D+02 0.2683474247637D+02
 0.2607817970435D+02 0.2532834762014D+02 0.2458510155303D+02 0.2384814250249D+02
 0.2311710872295D+02 0.2239168001223D+02 0.2167167037827D+02 0.2095709289307D+02
 0.2024819078593D+02 0.1954543699735D+02 0.1884950893209D+02 0.1816124649491D+02
 0.1748160095465D+02 0.1681158077795D+02 0.1615219908178D+02 0.1550442601381D+02
 0.1486914828097D+02 0.1424713721882D+02 0.1363902611586D+02 0.1304529696819D+02
 0.1246627638702D+02 0.1190213997859D+02 0.1135292416607D+02 0.1081854410339D+02
 0.1029881606267D+02 0.9793482483537D+01 0.9302237773727D+01 0.8824752993008D+01
 0.8360697771077D+01 0.7909758127365D+01 0.7471649290515D+01 0.7046122526450D+01
 0.6632965048969D+01 0.6231991310345D+01 0.5843023850323D+01 0.5465863272240D+01
 0.5100251382882D+01 0.4745839209110D+01 0.4402179749874D+01 0.4068767783953D+01
 0.3745138816900D+01 0.3431013804339D+01 0.3126442325438D+01
    2  435  1.000000  0.030000    3
  0.000000  0.500000  0.500000
  0.500000  0.500000  0.000000
  0.500000  0.000000  0.500000
 0.1999992411562D+01 0.1999992180441D+01 0.1999991942280D+01 0.1999991696865D+01
 0.1999991443975D+01 0.1999991183382D+01 0.1999990914851D+01 0.1999990638142D+01
 0.1999990353004D+01 0.1999990059181D+01 0.1999989756409D+01 0.1999989444414D+01
 0.1999989122917D+01 0.1999988791627D+01 0.1999988450247D+01 0.1999988098469D+01
 0.1999987735977D+01 0.1999987362443D+01 0.1999986977533D+01 0.1999986580899D+01
 0.1999986172184D+01 0.1999985751021D+01 0.1999985317030D+01 0.1999984869820D+01
 0.1999984408990D+01 0.1999983934124D+01 0.1999983444794D+01 0.1999982940561D+01
 0.1999982420970D+01 0.1999981885553D+01 0.1999981333830D+01 0.1999980765302D+01
 0.1999980179459D+01 0.1999979575772D+01 0.1999978953699D+01 0.1999978312679D+01
 0.1999977652136D+01 0.1999976971475D+01 0.1999976270082D+01 0.1999975547328D+01
 0.1999974802561D+01 0.1999974035111D+01 0.1999973244286D+01 0.1999972429376D+01
 0.1999971589647D+01 0.1999970724342D+01 0.1999969832683D+01 0.1999968913868D+01
 0.1999967967068D+01 0.1999966991433D+01 0.1999965986083D+01 0.1999964950114D+01
 0.1999963882593D+01 0.1999962782560D+01 0.1999961649024D+01 0.1999960480964D+01
 0.1999959277331D+01 0.1999958037039D+01 0.1999956758973D+01 0.1999955441983D+01
 0.1999954084882D+01 0.1999952686449D+01 0.1999951245426D+01 0.1999949760516D+01
 0.1999948230381D+01 0.1999946653646D+01 0.1999945028889D+01 0.1999943354650D+01
 0.1999941629420D+01 0.1999939851647D+01 0.1999938019732D+01 0.1999936132024D+01
 0.1999934186826D+01 0.1999932182385D+01 0.1999930116898D+01 0.1999927988506D+01
 0.1999925795293D+01 0.1999923535284D+01 0.1999921206446D+01 0.1999918806683D+01
 0.1999916333834D+01 0.1999913785674D+01 0.1999911159909D+01 0.1999908454176D+01
 0.1999905666039D+01 0.1999902792989D+01 0.1999899832440D+01 0.1999896781726D+01
 0.1999893638103D+01 0.1999890398741D+01 0.1999887060723D+01 0.1999883621046D+01
 0.1999880076613D+01 0.1999876424235D+01 0.1999872660623D+01 0.1999868782390D+01
 0.1999864786046D+01 0.1999860667994D+01 0.1999856424526D+01 0.1999852051824D+01
 0.1999847545952D+01 0.1999842902854D+01 0.1999838118351D+01 0.1999833188136D+01
 0.1999828107773D+01 0.1999822872688D+01 0.1999817478169D+01 0.1999811919361D+01
 0.1999806191261D+01 0.1999800288712D+01 0.1999794206403D+01 0.1999787938859D+01
 0.1999781480438D+01 0.1999774825327D+01 0.1999767967537D+01 0.1999760900894D+01
 0.1999753619039D+01 0.1999746115418D+01 0.1999738383275D+01 0.1999730415653D+01
 0.1999722205379D+01 0.1999713745064D+01 0.1999705027093D+01 0.1999696043619D+01
 0.1999686786557D+01 0.1999677247574D+01 0.1999667418084D+01 0.1999657289241D+01
 0.1999646851928D+01 0.1999636096751D+01 0.1999625014029D+01 0.1999613593787D+01
 0.1999601825745D+01 0.1999589699313D+01 0.1999577203575D+01 0.1999564327285D+01
 0.1999551058852D+01 0.1999537386335D+01 0.1999523297427D+01 0.1999508779448D+01
 0.1999493819329D+01 0.1999478403607D+01 0.1999462518405D+01 0.1999446149427D+01
 0.1999429281938D+01 0.1999411900757D+01 0.1999393990241D+01 0.1999375534267D+01
 0.1999356516226D+01 0.1999336918998D+01 0.1999316724945D+01 0.1999295915892D+01
 0.1999274473109D+01 0.1999252377296D+01 0.1999229608564D+01 0.1999206146422D+01
 0.1999181969751D+01 0.1999157056790D+01 0.1999131385117D+01 0.1999349137958D+01
 0.1999381607171D+01 0.1999395731221D+01 0.1999400902766D+01 0.1999400465571D+01
 0.1999396046661D+01 0.1999388577197D+01 0.1999378647301D+01 0.1999366658294D+01
 0.1999352897497D+01 0.1999337578674D+01 0.1999320865496D+01 0.1999302885914D+01
 0.1999283741333D+01 0.1999263512686D+01 0.1999242264558D+01 0.1999220048066D+01
 0.1999196902912D+01 0.1999172858892D+01 0.1999147937020D+01 0.1999122150411D+01
 0.1999095504972D+01 0.1999067999982D+01 0.1999039628590D+01 0.1999010378238D+01
 0.1998980231060D+01 0.1998949164227D+01 0.1998917150684D+01 0.1998884161560D+01
 0.1998850167106D+01 0.1998815136661D+01 0.1998779038632D+01 0.1998741840457D+01
 0.1998703508582D+01 0.1998664008429D+01 0.1998623304363D+01 0.1998581359658D+01
 0.1998538136471D+01 0.1998493595798D+01 0.1998447697446D+01 0.1998400399992D+01
 0.1998351660749D+01 0.1998301435722D+01 0.1998249679575D+01 0.1998196345582D+01
 0.1998141385592D+01 0.1998084749978D+01 0.1998026387596D+01 0.1997966245740D+01
 0.1997904270089D+01 0.1997840404660D+01 0.1997774591758D+01 0.1997706771920D+01
 0.1997636883867D+01 0.1997564864438D+01 0.1997490648544D+01 0.1997414169098D+01
 0.1997335356960D+01 0.1997254140872D+01 0.1997170447392D+01 0.1997084200827D+01
 0.1996995323166D+01 0.1996903734002D+01 0.1996809350467D+01 0.1996712087149D+01
 0.1996611856015D+01 0.1996508566334D+01 0.1996402124586D+01 0.1996292434384D+01
 0.1996179396381D+01 0.1996062908176D+01 0.1995942864226D+01 0.1995819155743D+01
 0.1995691670596D+01 0.1995560293206D+01 0.1995424904441D+01 0.1995285381503D+01
 0.1995141597817D+01 0.1994993422912D+01 0.1994840722300D+01 0.1994683357351D+01
 0.1994521185164D+01 0.1994354058435D+01 0.1994181825319D+01 0.1994004329286D+01
 0.1993821408982D+01 0.1993632898068D+01 0.1993438625074D+01 0.1993238413232D+01
 0.1993032080314D+01 0.1992819438458D+01 0.1992600293994D+01 0.1992374447261D+01
 0.1992141692419D+01 0.1991901817253D+01 0.1991654602975D+01 0.1991399824019D+01
 0.1991137247822D+01 0.1990866634607D+01 0.1990587737156D+01 0.1990300300574D+01
 0.1990004062045D+01 0.1989698750584D+01 0.1989384086777D+01 0.1989059782514D+01
 0.1988725540714D+01 0.1988381055037D+01 0.1988026009593D+01 0.1987660078639D+01
 0.1987282926261D+01 0.1986894206051D+01 0.1986493560775D+01 0.1986080622024D+01
 0.1985655009855D+01 0.1985216332427D+01 0.1984764185615D+01 0.1984298152614D+01
 0.1983817803537D+01 0.1983322694989D+01 0.1982812369637D+01 0.1982286355751D+01
 0.1981744166750D+01 0.1981185300714D+01 0.1980609239890D+01 0.1980015450177D+01
 0.1979403380599D+01 0.1978772462751D+01 0.1978122110235D+01 0.1977451718073D+01
 0.1976760662101D+01 0.1976048298340D+01 0.1975313962349D+01 0.1974556968555D+01
 0.1973776609559D+01 0.1972972155419D+01 0.1972142852908D+01 0.1971287924749D+01
 0.1970406568820D+01 0.1969497957333D+01 0.1968561235990D+01 0.1967595523101D+01
 0.1966599908679D+01 0.1965573453498D+01 0.1964515188127D+01 0.1963424111925D+01
 0.1962299191997D+01 0.1961139362127D+01 0.1959943521664D+01 0.1958710534371D+01
 0.1957439227240D+01 0.1956128389263D+01 0.1954776770158D+01 0.1953383079060D+01
 0.1951945983158D+01 0.1950464106293D+01 0.1948936027504D+01 0.1947360279531D+01
 0.1945735347236D+01 0.1944059666086D+01 0.1942331620379D+01 0.1940549541603D+01
 0.1938711706655D+01 0.1936816336012D+01 0.1934861591845D+01 0.1932845576073D+01
 0.1930766328354D+01 0.1928621824008D+01 0.1926409971883D+01 0.1924128612144D+01
 0.1921775514001D+01 0.1919348373364D+01 0.1916844810427D+01 0.1914262367181D+01
 0.1911598504853D+01 0.1908850601273D+01 0.1906015948161D+01 0.1903091748346D+01
 0.1900075112902D+01 0.1896963058210D+01 0.1893752502947D+01 0.1890440264995D+01
 0.1887023058275D+01 0.1883497489511D+01 0.1879860054912D+01 0.1876107136791D+01
 0.1872235000107D+01 0.1868239788950D+01 0.1864117522949D+01 0.1859864093631D+01
 0.1855475260719D+01 0.1850946648378D+01 0.1846273741422D+01 0.1841451881479D+01
 0.1836476263123D+01 0.1831341929994D+01 0.1826043770895D+01 0.1820576515898D+01
 0.1814934732454D+01 0.1809112821535D+01 0.1803105013813D+01 0.1796905365897D+01
 0.1790507756649D+01 0.1783905883591D+01 0.1777093259441D+01 0.1770063208781D+01
 0.1762808864906D+01 0.1755323166868D+01 0.1747598856754D+01 0.1739628477230D+01
 0.1731404369393D+01 0.1722918670960D+01 0.1714163314859D+01 0.1705130028244D+01
 0.1695810332004D+01 0.1686195540820D+01 0.1676276763806D+01 0.1666044905837D+01
 0.1655490669584D+01 0.1644604558375D+01 0.1633376879916D+01 0.1621797750986D+01
 0.1609857103167D+01 0.1597544689724D+01 0.1584850093707D+01 0.1571762737399D+01
 0.1558271893203D+01 0.1544366696082D+01 0.1530036157686D+01 0.1515269182272D+01
 0.1500054584553D+01 0.1484381109626D+01 0.1468237455100D+01 0.1451612295597D+01
 0.1434494309759D+01 0.1416872209942D+01 0.1398734774752D+01 0.1380070884608D+01
 0.1360869560512D+01 0.1341120006207D+01 0.1320811653938D+01 0.1299934214011D+01
 0.1278477728367D+01 0.1256432628400D+01 0.1233789797271D+01 0.1210540636955D+01
 0.1186677140309D+01 0.1162191968462D+01 0.1137078533838D+01 0.1111331089187D+01
 0.1084944823006D+01 0.1057915961802D+01 0.1030241879704D+01 0.1001921215960D+01
 0.9729540009811D+00 0.9433417916076D+00 0.9130878164152D+00 0.8821971319105D+00
 0.8506767905875D+00 0.8185360218895D+00 0.7857864271886D+00 0.7524421900932D+00
 0.7185203033592D+00 0.6840408140377D+00 0.6490270886593D+00 0.6135061006404D+00
 0.5775087428967D+00 0.5410701690960D+00 0.5042301684434D+00 0.4670335798485D+00
 0.4295307528311D+00 0.3917780637108D+00 0.3538384963361D+00 0.3157822967224D+00
 0.2776877102942D+00 0.2396418084363D+00 0.2017414096320D+00
  474
-0.8684758519169D+00-0.2346282382329D-32-0.7731866060938D+01-0.6995146008225D-18
-0.3114098715125D+01-0.8595050377729D-20-0.6211704909403D+01 0.1303202167439D-17
-0.3180978538176D+01 0.7789521068152D-20-0.3421853214246D+01-0.1205480623907D-17
-0.1298334020787D+01 0.2041331594433D-19-0.4327477514949D+01-0.3520635177071D-18
-0.6334426957596D+00-0.2773609248581D-19-0.1421486869826D+01 0.1797442993936D-17
-0.7003076422994D+00-0.5274406641444D-18-0.1758382017499D+01-0.2722168507190D-19
-0.9445140484795D+00-0.4705194115923D-18-0.1252940977988D+01 0.3756351205590D-19
-0.1295912518794D+01 0.1522633072361D-17-0.6449702968916D+00-0.8888730988891D-18
-0.8884146796393D+00-0.1014791290497D-17-0.3395059690159D+00 0.1848575821085D-19
-0.3102740552145D+00 0.2866852212699D-18-0.3087561427043D+00-0.7827863336515D-18
-0.5120104220165D+00 0.8693484507460D-19-0.1275299997957D+00-0.4324546257956D-19
-0.4284223737702D+00-0.1029993437720D-17-0.2125525441639D+00 0.1437720426046D-17
-0.3900330313375D+00-0.1004263756533D-18-0.2949378201250D+00 0.1498227020465D-18
-0.3018475075306D+00-0.3975163820902D-19-0.2015802220556D+00 0.1751324024076D-17
-0.7866967865040D-01 0.4555254251672D-19-0.1363563048663D+00-0.1232012928271D-18
-0.3400513410471D-01-0.2935511221655D-18-0.6781276264834D-01-0.5584743195513D-18
-0.1862285271077D+00 0.4977881934540D-20-0.4491616178112D-01 0.5289114537011D-18
-0.4499413517751D-01-0.4388919736498D-18-0.8976897330087D-01-0.8145534416023D-18
-0.2975450811999D+00 0.9404337240447D-19-0.2850056971353D-01-0.4898526917791D-18
-0.3438293454680D-01-0.7476348096204D-18-0.3467220702820D-01 0.6598684523029D-18
-0.2437309686582D-01-0.4506040568800D-19-0.9450899005213D-02-0.1574104686009D-18
-0.1878367365765D-01-0.2463753081045D-18-0.9437579318011D-02 0.9328426163106D-18
-0.8026316108881D-01 0.1060278830843D-18-0.8010400165915D-01-0.1307529691732D-18
-0.7907913685896D-02 0.3625629886874D-18-0.6636963939037D-01-0.8756575575998D-19
-0.3319702649262D-01 0.1645819926413D-19-0.4960453006524D-03-0.2943819168855D-18
-0.5726990043101D-03 0.1282603948100D-17-0.1855706879839D-03-0.3673340259651D-18
-0.5543399608530D-01 0.6208378178288D-19 0.4487115488314D-02-0.5921693698620D-18
-0.4664577743048D-01-0.4064336795299D-19 0.3715713004269D-02 0.4371877979713D-18
 0.3743847007418D-02-0.2958658664582D-18-0.7895306689161D-01-0.2036871758414D-19
 0.4729262409542D-02 0.3082597311594D-19 0.9451272000597D-02 0.1208387689049D-18
 0.9369572229135D-02-0.4696536921837D-18-0.3357806162346D-01 0.1054420842709D-18
 0.1048691783181D-01-0.2983094138538D-18 0.1042568715073D-01 0.6141097847859D-18
 0.5187976391058D-02-0.2558390289051D-18 0.1090708546218D-01 0.2365101760628D-19
 0.1082557261245D-01-0.4152939704904D-18-0.2470080376276D-01 0.4207543360818D-19
 0.1090657445376D-01 0.4043025672812D-18 0.1089320006041D-01-0.2186024849402D-18
 0.2737571405762D-02-0.1144041060797D-18-0.2131233457424D-01 0.9884692216725D-20
-0.5337267473959D-02-0.3395504006919D-19 0.5355877623332D-02-0.1920237951623D-18
 0.5314052554451D-02 0.5022256947225D-18-0.3689231445704D-01 0.5823766341905D-19
-0.1847712385112D-01-0.1081125504090D-18 0.1027869721379D-01-0.2127649859200D-18
 0.5136880105241D-02-0.1883223139434D-18-0.5330818387293D-02 0.3513006056316D-19
-0.1603154388170D-01-0.8344461822752D-19 0.9807092598126D-02-0.6787189664827D-19
 0.9774269711418D-02-0.3149880103902D-18 0.9759120785562D-02 0.7230538681120D-18
 0.4612522435064D-02 0.8235118464680D-19 0.4616367957776D-02-0.1124957351949D-18
 0.9227244954421D-02 0.2030371884410D-18-0.2426757412059D-01 0.1216518986165D-18
-0.1214025782052D-01-0.5185518924860D-19 0.4311529907372D-02 0.2577173317373D-18
 0.8626632729236D-02-0.2654449144428D-19-0.2119430742777D-01-0.6818650630604D-19
 0.8016034577020D-02-0.1814627523132D-18 0.8018216858331D-02 0.1193118822158D-18
 0.4010068442624D-02-0.1293052215470D-18 0.7411590122036D-02-0.5056876131454D-19
 0.7412641898817D-02 0.3752931118404D-18 0.7420539950212D-02-0.2114168187349D-18
-0.4056971794249D-02 0.6794470565116D-20 0.3407106954783D-02-0.1146513172675D-18
 0.3414944330352D-02-0.1087391406108D-18-0.7118961092514D-02-0.3900719391640D-22
-0.7121105377227D-02 0.2475590710338D-19 0.3111794868327D-02-0.4350812095025D-19
 0.6229746560214D-02 0.2600035337210D-18 0.6225001865265D-02-0.1966562540649D-18
 0.6244396227449D-02-0.1800600240541D-18-0.6262060686552D-02 0.6691163045173D-19
-0.6257084510432D-02-0.1062158892459D-19 0.5650151642357D-02 0.2735313908083D-19
 0.5672183137202D-02-0.1107894849410D-18-0.1103178362213D-01 0.3095607832948D-21
 0.5100728055483D-02-0.6675167022395D-19-0.4880522072900D-02 0.4305732769179D-19
-0.1214336608742D-02-0.1842423066859D-19 0.4569872798751D-02-0.1238143493941D-18
 0.4589810755097D-02-0.9955233057824D-19 0.4573249001009D-02 0.4328751874424D-19
 0.2296351308649D-02-0.7638230163487D-19 0.2305490145931D-02 0.2164616072396D-18
-0.4305241109516D-02-0.6127318527507D-19 0.2034693463682D-02 0.6057976459591D-19
 0.4085498220889D-02-0.1290068150829D-18 0.4071297419760D-02 0.1398594477630D-18
-0.7691100787906D-02 0.3903257700371D-19-0.3828537135487D-02-0.5013966814478D-19
 0.3586285818276D-02 0.1655369112409D-19 0.3620839820467D-02 0.3143541715362D-18
 0.3139995319823D-02 0.9074584438841D-19 0.3153840497541D-02-0.2868051630315D-19
-0.3058767542619D-02-0.3454577828762D-19 0.1356089910299D-02-0.8309721920073D-20
 0.2733057707145D-02-0.7683612429648D-19 0.1372745536395D-02 0.1127884211146D-18
 0.6808520906314D-03-0.2753574297069D-19-0.2765062397636D-02 0.4534842223454D-19
-0.5495338818473D-02-0.5300650886151D-19-0.2759240181624D-02 0.2845165214582D-20
 0.2327736778266D-02-0.5632473896841D-19 0.2343843593951D-02-0.3182311071548D-19
 0.1167490074342D-02-0.4785128712103D-19-0.4973328682819D-02 0.1682612631382D-19
 0.1973795442621D-02-0.1032455631611D-19 0.1999841240045D-02 0.1640212898780D-18
 0.9957230674507D-03-0.4368417875958D-19 0.1010540830018D-02-0.4418311116130D-19
-0.2248392883265D-02 0.2691176481383D-19 0.1656142045892D-02 0.3375129953345D-19
 0.1668807102614D-02-0.7510389398423D-19 0.1694927367572D-02-0.7220408046554D-19
-0.2025370201061D-02-0.1012759009936D-19 0.6851869658981D-03-0.3133915633805D-19
 0.1385407531520D-02 0.1141622108916D-18 0.7011506523984D-03-0.3531960588060D-19
-0.3689223139249D-02 0.3537383200008D-19-0.1836625778820D-02-0.1219361154143D-19
 0.1121589436662D-02-0.3073753742051D-19 0.1119128755139D-02 0.3714328144300D-19
 0.1142808234149D-02-0.5812914942198D-19-0.3334143993011D-02-0.1503546692983D-19
 0.8993852575639D-03-0.4747064999149D-19 0.9001505279357D-03 0.5268589196315D-20
 0.9157266210587D-03-0.3779356547359D-19 0.7029714153375D-03 0.2087447895391D-19
-0.4597510678883D-03 0.9966311653086D-20 0.5353410117768D-03-0.1788698269413D-19
 0.2720440042633D-03 0.2672064146305D-19 0.5424682510332D-03-0.1457825041383D-20
 0.5526916299387D-03-0.3135952599765D-19 0.5456569443767D-03 0.5987125127048D-19
 0.2765950048974D-03-0.2247532011786D-19-0.2486387330789D-02 0.2617673373747D-20
-0.3096269341098D-03-0.6562823426913D-20 0.2003807119080D-03 0.1245565702481D-20
 0.2007247302730D-03-0.1534169767815D-19 0.4136460463314D-03-0.3740992802853D-19
 0.2068562848938D-03 0.6683871648727D-19-0.2251889973578D-02 0.3818205169815D-19
-0.5617639384159D-03 0.9864835178524D-21-0.1119722001453D-02-0.2210350900541D-19
 0.2950051350080D-03 0.3905254421767D-19 0.1483360554039D-03-0.1896095239254D-19
-0.1011450890438D-02 0.4270910784744D-20-0.1008993960610D-02-0.1840832428736D-19
 0.2039523424141D-03-0.2160987742619D-19 0.2028968327148D-03 0.3399682274955D-20
 0.2067561522368D-03-0.3277979444947D-19 0.2085449844555D-03-0.1015834469304D-19
 0.2072941440218D-03 0.9429620897269D-19-0.9058350583275D-03-0.2054531957898D-20
 0.1353556396007D-03-0.7165282098158D-20 0.1378151104909D-03-0.2110505113803D-19
-0.1616020348745D-02 0.8285517792126D-22-0.8081162622632D-03-0.1295958914631D-19
 0.8554145735052D-04-0.9525590180956D-20 0.4170336446352D-04 0.3267007358845D-19
-0.7167059148295D-03 0.5751163764485D-20-0.7164284030601D-03 0.7749083160380D-20
-0.1434007818353D-02-0.2074089932454D-19 0.4789693592813D-04 0.1508749151293D-19
 0.4945922495244D-04-0.2095531949182D-19 0.2471091684666D-04-0.1096212661927D-19
 0.2529485428443D-04-0.1837128227808D-19 0.2663138444661D-04 0.7243653384935D-20
 0.2207953640513D-04 0.4529121714540D-19-0.1100337569245D-02 0.7022463841696D-20
 0.6472689428355D-05-0.5340533676081D-20 0.1306695944619D-04 0.1429832181901D-19
 0.3439197349088D-05-0.9793765108400D-20-0.4753579189085D-03 0.1161161660572D-19
-0.4773782980042D-03-0.4998526916797D-20 0.8800315355216D-05-0.3566896585335D-20
 0.6979203395431D-05-0.7374262583671D-20 0.9242161557965D-05 0.3161619350527D-20
 0.3982346715036D-05 0.2994233563785D-19 0.1708090528930D-05-0.1548560878136D-19
-0.4082675714906D-03-0.4916922282163D-20 0.1076506396282D-04-0.6616536388299D-20
 0.8957735839992D-05-0.1055163203502D-19 0.1027857611415D-04 0.8108900649711D-20
 0.9287726133081D-05 0.5271583858350D-21 0.1616525682557D-05-0.7017542094105D-20
-0.3425222607099D-03 0.7274027081924D-20-0.6896630969112D-03-0.7132146037760D-20
 0.1727439277320D-04-0.9385770796639D-20 0.9507008076926D-05-0.1104098852421D-19
 0.1271811961275D-04 0.1097341203509D-20 0.2453052901781D-04-0.5868159360745D-21
 0.6646395214978D-05-0.2529988288049D-20 0.1898859710498D-04-0.7132409950454D-20
-0.4654430388333D-03 0.8037737795782D-20-0.2325194474879D-03 0.1390972882717D-22
 0.3655254750143D-04-0.5420706249816D-21 0.1632185778333D-04 0.6007731628167D-20
 0.1852927322542D-04-0.4236248741678D-20 0.3292918998561D-04 0.1316105195149D-19
-0.3747461044442D-03-0.2070054759212D-20-0.3712651391142D-03 0.1221291552616D-20
 0.4674148899277D-04 0.1834025723999D-20 0.4143280897467D-04-0.4992359850407D-20
 0.2308346793740D-04-0.3418116167339D-20 0.2076877685943D-04-0.3405692605875D-20
 0.5583819410570D-04-0.3707428799047D-20 0.5423929880012D-04 0.7680828974268D-20
 0.5614837902764D-04-0.5550848543151D-20 0.5233874638551D-04-0.5245099173789D-20
-0.2772375797016D-04-0.9756722396352D-21 0.6438160009010D-04-0.1165014070742D-20
 0.3281425755012D-04-0.2345442499700D-20 0.2991662709877D-04 0.9049214509756D-20
-0.1535891733251D-03 0.2561447238146D-20-0.7763854540478D-04-0.9349271553000D-21
-0.7921742346325D-04-0.3062508595687D-20 0.3608172015732D-04-0.1004479030453D-20
 0.6929449629988D-04-0.1300345654135D-20-0.5019921384817D-04 0.3000939419359D-20
-0.1017956747588D-03-0.1020150920325D-20-0.5188001255727D-04-0.2342611675187D-20
 0.7596805923049D-04-0.2241479469592D-20 0.7536432107799D-04-0.2703764169033D-20
 0.7405551095791D-04-0.2127670537661D-20 0.7552977271926D-04 0.1639920136242D-20
 0.7379118281016D-04 0.1027927318578D-19-0.2887295535341D-04 0.2193734672118D-21
 0.7709763387996D-04-0.9017262759136D-21 0.7625636908003D-04 0.2007326405700D-20
 0.7640928288146D-04-0.8414035220673D-21 0.7706100905373D-04 0.7434958292305D-21
-0.1055667372509D-04 0.1427647279746D-20-0.1062763609295D-04-0.1267616693354D-20
 0.7610146058022D-04-0.2346020410963D-21 0.7591733591181D-04 0.6026834478497D-21
 0.3845548646047D-04 0.2530200667539D-20 0.3798289509930D-04-0.7596452933108D-21
 0.6669981892435D-05 0.1196364806780D-21 0.7905143776197D-05-0.1673911145931D-20
 0.3672167172423D-04-0.5294368677899D-21 0.7293346621108D-04 0.2085659831537D-21
 0.7316031264258D-04-0.9651357568361D-21 0.7296733116437D-04 0.1130709576676D-20
 0.2831672254490D-04 0.1071044341894D-20 0.6689505287934D-04-0.3159438426165D-21
 0.6946866926905D-04 0.1752760548130D-20 0.5991560624245D-04-0.1902113688368D-21
 0.6025028079722D-04-0.1007289063242D-21 0.6013270919849D-04 0.1815132049212D-21
 0.2760632083399D-04-0.2531785396894D-22 0.1354615762042D-04 0.6418650211401D-25
 0.5118356357509D-04-0.4641545891721D-23 0.5128891913488D-04 0.8603725126542D-22
 0.5314648431066D-04-0.2803934014665D-21 0.5155053396720D-04-0.8532114914663D-23
 0.2577245080977D-04 0.5982502980090D-22 0.2789235007816D-04 0.7748655973371D-22
 0.2936327682688D-04-0.2478602259896D-22 0.3043751727247D-04 0.1465645266582D-21
 0.2023817530704D-04-0.7354253196656D-22 0.4043706106019D-04 0.2657965182574D-22
 0.4052051688574D-04 0.4203428506140D-21 0.4582790575049D-04 0.4982920284982D-21
 0.6031786704887D-04-0.3534904392266D-21 0.6125831681039D-04 0.5312353679589D-21
 0.3015977719223D-04 0.6545720143849D-22 0.2981003881490D-04-0.9647852254355D-24
 0.1680333719492D-04 0.4013473940602D-21 0.9601425706643D-05-0.2914467853114D-21
 0.5829115984459D-04 0.5752446956078D-22 0.1558766580701D-04 0.6187621885908D-21
 0.1662666448002D-04-0.3269843623398D-21 0.2022659278440D-04 0.9593409720092D-21
 0.2689113567419D-04-0.3269793903650D-21 0.1557555420824D-05 0.2621438242926D-21
 0.1851103489728D-05 0.4834906948777D-21 0.4072029765179D-05 0.1043489394372D-20
 0.2557113660029D-05-0.9335441096250D-21 0.5649389230496D-05-0.2005908692905D-20
 0.2891637097172D-05 0.4668435563917D-21 0.6626359452925D-05 0.9037942665946D-21
 0.4716171980768D-04-0.2152471110940D-20 0.4913043406328D-04 0.7620961444148D-21
-0.7438587413108D-05 0.6474570662346D-21-0.6482193520238D-05 0.1027264336228D-20
 0.4051503954016D-04-0.4855220650364D-21-0.2158976011579D-04 0.9764505843348D-21
-0.2093001017171D-04 0.4568479979293D-21-0.1831024235701D-04 0.1870580209839D-21
-0.1777087083424D-04-0.2083573393915D-20-0.1966400988046D-04-0.6387277615427D-21
-0.1816637380672D-04 0.1028324137545D-20-0.8930644408840D-05 0.6613872432351D-21
-0.3275961924185D-04 0.5346080998218D-21-0.3056275409108D-04-0.8796086935555D-21
-0.2850642336844D-04 0.1287330149541D-20 0.1323731421771D-04 0.5830424151653D-21
-0.4195599843402D-04 0.1147602417816D-20-0.4111549926354D-04-0.4699653314769D-21
 0.7003239238195D-05-0.9232785300184D-21 0.4521505636937D-05-0.1016550331329D-20
 0.1464862505239D-04 0.1012156475744D-20 0.2087850011012D-05 0.3103559945032D-21
-0.5194214789510D-04 0.1522545207886D-21-0.5520485208151D-04 0.1450056936460D-20
-0.5193599401848D-04-0.6337112798840D-21-0.5111188350283D-04-0.6193677755886D-21
-0.4772739121170D-04 0.5720040987212D-21-0.2337622020634D-04-0.3327870214028D-20
 0.3792445043013D-05 0.1872573582264D-21 0.5817352444719D-05 0.1242531774538D-20
-0.5755401939579D-04-0.1612330282227D-20-0.5468883764944D-04 0.1038485721254D-20
-0.4106421507219D-05-0.1600042437522D-20 0.1848616104535D-05 0.1224399047242D-20
-0.6885139614226D-04-0.4598733826325D-21-0.6316296243963D-04 0.5509587483341D-21
-0.6180544836789D-04-0.6074194042094D-20-0.9367574235318D-05 0.4761808182050D-21
-0.7424874607680D-04 0.5375380952943D-21-0.7348134749824D-04-0.3589649575372D-22
-0.7187450657181D-04-0.1745798674882D-20-0.1935891210241D-04 0.3814039417864D-21
-0.3398322518134D-04 0.6300000504435D-21-0.1007275884430D-04 0.1073999047341D-21
-0.1576281669570D-05 0.1171229531559D-20-0.3964161219107D-04 0.6877229774361D-21
-0.7924368436941D-04 0.1045909724461D-20-0.7895672421728D-04-0.8804153559248D-22
-0.4012943792861D-04 0.7579398054548D-21-0.6831721326616D-04 0.1156401023146D-20
-0.3192717245793D-04-0.2654833911390D-20-0.1160771114619D-04-0.1847711260081D-20
-0.2447646061054D-04-0.6030041820285D-22-0.8207337396363D-05 0.2218667045263D-20
-0.7932102450957D-04 0.1044519311141D-20-0.7544533274414D-04-0.1306712808114D-20
-0.4018507934267D-04 0.6613845636987D-21-0.7976508783438D-04 0.1022421399948D-20
-0.7661643038562D-04-0.1188535706906D-21-0.7296971272412D-04 0.4982239763823D-21
-0.7742802129941D-04 0.1284281486720D-20-0.6796800901541D-04-0.4539933256006D-20
-0.1446058041061D-04-0.1524139139890D-20-0.8087229132496D-04 0.1343677307499D-20
-0.3687197993566D-04-0.3108892880610D-21-0.4124067366078D-04 0.7148569191423D-21
-0.7283444949319D-04 0.8452399386514D-21-0.7192069595605D-04-0.1745747947769D-21
-0.2345804493655D-04-0.3191198642068D-21-0.2483064637930D-04-0.7601218024769D-21
-0.8848029406323D-05 0.9045540911919D-21-0.1108749993514D-04 0.4010703639356D-21
-0.3565225758613D-04 0.3475406882315D-21-0.6800928618046D-04-0.3710069461689D-20
-0.2395167264959D-04-0.2353340031884D-20-0.1683933568872D-04 0.5618163355554D-21
-0.9663884039982D-05 0.9172000343895D-21-0.5984716110356D-04 0.4561024096711D-21
-0.6265016231233D-04-0.5558703375633D-21-0.6260187553413D-04 0.1140580352348D-20
-0.6285468704490D-04-0.1198324724227D-21-0.2802646626128D-04 0.1005581371498D-20
-0.1315204029555D-04 0.1648435645588D-20-0.5339387091794D-04 0.4607612441427D-21
-0.4909342067407D-04-0.6338809220928D-21-0.5692585550037D-04 0.1750134636602D-20
-0.4671121161282D-04 0.7155227879142D-21-0.4333809776439D-04-0.7185947225153D-21
-0.2584337455659D-04 0.4187749031483D-21-0.2482644590304D-04 0.8038867705050D-21
 0.4299060910346D-06-0.2600530445031D-22-0.3260602567808D-04 0.2397860232105D-21
-0.1470206848731D-04 0.5838509038103D-21-0.3907842934607D-04 0.4189892668894D-21
-0.3580975202485D-04-0.3671476255156D-21-0.1947244069117D-04-0.1144121193385D-20
-0.3537563339030D-04 0.7590861884097D-21-0.4039327458324D-04-0.2417206829639D-20
-0.3987879416844D-04 0.1383120906149D-20 0.1333858772568D-04-0.1402900088386D-20
-0.7158545605136D-06 0.1143864423415D-20-0.2763608858942D-04-0.1263727485544D-22
-0.2479898759305D-04-0.4887244142972D-21-0.2672158559700D-04-0.6586927830763D-21
-0.2981258866003D-04 0.1080127233553D-20-0.1445435247542D-04 0.8565523098850D-21
-0.1633152303200D-04-0.1799876491946D-20 0.1458000932598D-04-0.4036690606715D-21
 0.3725590876010D-06 0.4389871597035D-21-0.4003724878901D-06 0.9045985966586D-22
-0.8882307560733D-06 0.5496933811880D-21-0.2458436983105D-06-0.3721406726131D-21
-0.1216915758242D-04 0.8223084794085D-21-0.5513554923568D-05 0.4875075982965D-21
 0.1670652587452D-04-0.1256365555724D-20 0.1242813081857D-04 0.5262745397261D-21
 0.8731983566130D-05 0.8376209529319D-21 0.6994429617523D-05-0.3466656625075D-24
 0.6874467152766D-05-0.4765785711370D-21-0.1271526524545D-05 0.8207538799649D-21
 0.4193518188279D-04-0.5577382910396D-21 0.4019936690898D-04 0.8810784855116D-21
 0.9870025473004D-05 0.3731920849724D-22 0.1612622812136D-04 0.5761444560738D-21
 0.1941774096320D-04-0.1545250220481D-21 0.9520868147145D-05 0.3643980247479D-21
 0.2161710375420D-04-0.9252715954628D-21 0.2517898004064D-04 0.2616945536078D-21
 0.2326981124807D-04-0.3783973277389D-23 0.2123232239637D-04 0.5585092236618D-21
 0.2957267751624D-04-0.8963745849011D-21 0.3511575241835D-04-0.3467525663771D-21
 0.2405657539302D-04 0.6796813866876D-21 0.1787935365838D-04 0.3470409361180D-21
 0.2396174184492D-04 0.1454159119950D-21 0.3482753371510D-05 0.1461409059517D-21
 0.1654698569327D-04 0.3615249314790D-21 0.3457035145786D-04 0.9111323329941D-22
 0.4117988184411D-04-0.9050959321303D-23 0.3003831864172D-04 0.4533479290445D-21
 0.3688560813633D-05-0.1663568548801D-20 0.5606751304331D-04-0.1353932638430D-20
 0.6021102031927D-04 0.4721501636529D-21 0.6282283406834D-04 0.1516833462484D-21
 0.1748485950935D-04 0.5311608994842D-21 0.3858516034280D-04 0.3365000468244D-21
 0.4417809111037D-04 0.2914731728491D-21 0.4003917969484D-04 0.2402875950042D-21
 0.4311508928892D-04-0.7583567362857D-21 0.2922370077182D-04-0.1581662847952D-21
 0.2447059526387D-04 0.4776956942901D-21 0.4699996080996D-04 0.4747562728781D-21
 0.4782311005227D-04 0.5305236708088D-21 0.2641897221677D-04 0.1891216240087D-21
 0.2432082252199D-04 0.2021581855499D-21 0.3795275464074D-04-0.2448872516497D-20
    1
    1    1  120    3
 0.2535522786940D-03 0.1257451290472D-03 0.1432099864002D-03 0.1622373675259D-03
 0.1818837622064D-03 0.2034337955491D-03 0.2255315899369D-03 0.2498181788003D-03
 0.2754149042328D-03 0.3026327910800D-03 0.3315044457256D-03 0.3620333436001D-03
 0.3941908540505D-03 0.4279130626205D-03 0.4630974657605D-03 0.4995996618902D-03
 0.5372301984418D-03 0.5757518044279D-03 0.6148772931617D-03 0.6542685204495D-03
 0.6935368614653D-03 0.7322457901858D-03 0.7699162465799D-03 0.8060355957488D-03
 0.8400710525477D-03 0.8714884899117D-03 0.8997774500010D-03 0.9244829364731D-03
 0.9452440384530D-03 0.9618385535950D-03 0.9742314394706D-03 0.9826231100218D-03
 0.9874914070361D-03 0.9896188620899D-03 0.9900952541655D-03 0.9902853887399D-03
 0.9917545229236D-03 0.9961496386290D-03 0.1005043625740D-02 0.1019759753484D-02
 0.1041202565164D-02 0.1069725006522D-02 0.1105057796516D-02 0.1146315911769D-02
 0.1192081726240D-02 0.1240549598860D-02 0.1289707023352D-02 0.1337524757621D-02
 0.1382132057877D-02 0.1421960677684D-02 0.1455849609478D-02 0.1483109543475D-02
 0.1503550546186D-02 0.1517478637650D-02 0.1525667222074D-02 0.1529308562933D-02
 0.1529949199433D-02 0.1529411937576D-02 0.1529705945147D-02 0.1532925762078D-02
 0.1541139637324D-02 0.1556267659869D-02 0.1579950623637D-02 0.1613411693535D-02
 0.1657314882825D-02 0.1711627572882D-02 0.1775499217320D-02 0.1847175500268D-02
 0.1923976543324D-02 0.2002378163933D-02 0.2078242937600D-02 0.2147245148792D-02
 0.2205508412064D-02 0.2250414231992D-02 0.2281442936812D-02 0.2300803934297D-02
 0.2313566788228D-02 0.2327094929104D-02 0.2349824237421D-02 0.2389715176274D-02
 0.2452862350883D-02 0.2542662781515D-02 0.2659686338157D-02 0.2802128308165D-02
 0.2966586367976D-02 0.3148908369610D-02 0.3344940810414D-02 0.3551101169818D-02
 0.3764763110803D-02 0.3984476374730D-02 0.4210052054482D-02 0.4442540410264D-02
 0.4684120494621D-02 0.4937912780202D-02 0.5207719446042D-02 0.5497692284316D-02
 0.5811924967215D-02 0.6153964919904D-02 0.6526240160787D-02 0.6929398720961D-02
 0.7361563483308D-02 0.7817514309877D-02 0.8287822494949D-02 0.8757979727762D-02
 0.9207582953051D-02 0.9609653821444D-02 0.9930181518318D-02 0.1012797417356D-01
 0.1015487884137D-01 0.9956377266056D-02 0.9472469704810D-02 0.8638610012336D-02
 0.7386253494892D-02 0.5642390804429D-02 0.3327435808745D-02 0.3512571613416D-03
-0.3391903172177D-02-0.8027695628201D-02-0.1370259774437D-01-0.2058010657048D-01
 0.2288802630717D-08 0.1701137065535D-08 0.2037331979737D-08 0.2433581412155D-08
 0.2892148292345D-08 0.3433658589481D-08 0.4060351779507D-08 0.4799926275513D-08
 0.5662465684413D-08 0.6670263032299D-08 0.7846321431717D-08 0.9216732568843D-08
 0.1081105960632D-07 0.1266256531535D-07 0.1480871907622D-07 0.1729139547599D-07
 0.2015733841877D-07 0.2345829776946D-07 0.2725139269448D-07 0.3159924897989D-07
 0.3656999157684D-07 0.4223723425845D-07 0.4867961389716D-07 0.5598040396733D-07
 0.6422654840598D-07 0.7350736714380D-07 0.8391294488295D-07 0.9553180027670D-07
 0.1084484021057D-06 0.1227399979189D-06 0.1384735436431D-06 0.1557030212790D-06
 0.1744680293001D-06 0.1947948943575D-06 0.2167023026794D-06 0.2402126229062D-06
 0.2653712701123D-06 0.2922737012911D-06 0.3210985885708D-06 0.3521427541959D-06
 0.3858506481543D-06 0.4228304119528D-06 0.4638493799435D-06 0.5098056906277D-06
 0.5616775033899D-06 0.6204556951996D-06 0.6870684589172D-06 0.7623061139897D-06
 0.8467511910451D-06 0.9407166773260D-06 0.1044191119890D-05 0.1156787574455D-05
 0.1277692628950D-05 0.1405612000832D-05 0.1538709339595D-05 0.1674537088170D-05
 0.1809958707181D-05 0.1941063884397D-05 0.2063079636709D-05 0.2170283783136D-05
 0.2255929708616D-05 0.2312198109240D-05 0.2330197757056D-05 0.2300048811861D-05
 0.2211096011294D-05 0.2052317306736D-05 0.1813012085225D-05 0.1483870396278D-05
 0.1058523472262D-05 0.5356400576470D-06-0.7847568479295D-07-0.7670412623364D-06
-0.1500301023523D-05-0.2234357847725D-05-0.2912552873018D-05-0.3470363438879D-05
-0.3843787979900D-05-0.3979573013145D-05-0.3844258774054D-05-0.3428942038998D-05
-0.2748251674206D-05-0.1834429908254D-05-0.7291032216239D-06 0.5244683460685D-06
 0.1886865946089D-05 0.3325175967093D-05 0.4813203117720D-05 0.6329969217163D-05
 0.7857199404091D-05 0.9376295401095D-05 0.1086505931233D-04 0.1229412313801D-04
 0.1362275165341D-04 0.1479323511754D-04 0.1572253681786D-04 0.1628917540855D-04
 0.1631252622918D-04 0.1552106516038D-04 0.1350583489758D-04 0.9655924494043D-05
 0.3074561665973D-05-0.7522293396497D-05-0.2391852248884D-04-0.4851083853019D-04
-0.8440955593555D-04-0.1355187286972D-03-0.2066005536254D-03-0.3033512321563D-03
-0.4325402412831D-03-0.6022768063377D-03-0.8224474531804D-03-0.1105307444274D-02
-0.1466125819471D-02-0.1923737033543D-02-0.2500916131358D-02-0.3224692303375D-02
-0.4126956066473D-02-0.5245791088652D-02-0.6627697769872D-02-0.8330332071799D-02
-0.1505192217161D-14 0.1931297438621D-09 0.2368578640567D-09 0.2891649186535D-09
 0.3515763103477D-09 0.4258184166233D-09 0.5141126309449D-09 0.6188849593033D-09
 0.7432286053379D-09 0.8907926565821D-09 0.1065971772820D-08 0.1274048200386D-08
 0.1521383432963D-08 0.1815661329877D-08 0.2166168464149D-08 0.2584063716934D-08
 0.3082848476824D-08 0.3678646609594D-08 0.4390873244678D-08 0.5242702568982D-08
 0.6261689824174D-08 0.7480469251848D-08 0.8937208120298D-08 0.1067626964906D-07
 0.1274839185574D-07 0.1521048865849D-07 0.1812494680000D-07 0.2155762416767D-07
 0.2557471599348D-07 0.3023753085876D-07 0.3559508513744D-07 0.4167427333228D-07
 0.4846764153355D-07 0.5591979281227D-07 0.6391441225094D-07 0.7226413693274D-07
 0.8070769306736D-07 0.8891705561785D-07 0.9651711775068D-07 0.1031176210205D-06
 0.1083531145430D-06 0.1119241274892D-06 0.1136311126275D-06 0.1133939633676D-06
 0.1112537066576D-06 0.1073573911682D-06 0.1019309926365D-06 0.9524721190310D-07
 0.8759417027950D-07 0.7924989921596D-07 0.7046454285941D-07 0.6145024235646D-07
 0.5237790026886D-07 0.4337880744844D-07 0.3454962828223D-07 0.2595936234448D-07
 0.1765741581992D-07 0.9682560275676D-08 0.2072591930986D-08-0.5124742659057D-08
-0.1183902168556D-07-0.1796165685371D-07-0.2332651581849D-07-0.2768537524664D-07
-0.3067652064319D-07-0.3178514301123D-07-0.3029413264918D-07-0.2522488356982D-07
-0.1527013687204D-07 0.1273973653978D-08 0.2655981119638D-07 0.6319103496146D-07
 0.1141210867596D-06 0.1823734088465D-06 0.2705145600905D-06 0.3798731035724D-06
 0.5096289653230D-06 0.6560529380188D-06 0.8122333497739D-06 0.9684796060708D-06
 0.1113280957005D-05 0.1234431838999D-05 0.1319902516667D-05 0.1358233366103D-05
 0.1338497501536D-05 0.1250052370401D-05 0.1082340919468D-05 0.8249489030230D-06
 0.4680288606821D-06 0.3087396191354D-08-0.5760077657116D-06-0.1272126884623D-05
-0.2084656771440D-05-0.3010832238583D-05-0.4049818576767D-05-0.5211002040376D-05
-0.6527996204809D-05-0.8079521309977D-05-0.1001735241872D-04-0.1259981516709D-04
-0.1622696031081D-04-0.2147111922856D-04-0.2909528833728D-04-0.4005369561199D-04
-0.5547621941218D-04-0.7665242487318D-04-0.1050501605209D-03-0.1424207011049D-03
-0.1910439301759D-03-0.2541373048041D-03-0.3363847807107D-03-0.4444563994506D-03
-0.5873426687428D-03-0.7763988075868D-03-0.1025224998680D-02-0.1349824876855D-02
-0.1769669724525D-02-0.2310100885942D-02-0.3005873638995D-02-0.3904901696183D-02
    2    2  120    8
 0.8856425319485D-04 0.2064712167489D-03 0.2192225186634D-03 0.2327646940149D-03
 0.2471476675177D-03 0.2624228391868D-03 0.2786467075579D-03 0.2958771592214D-03
 0.3141774741919D-03 0.3336140288580D-03 0.3542575371472D-03 0.3761831434278D-03
 0.3994707026897D-03 0.4242050788020D-03 0.4504764621311D-03 0.4783807076632D-03
 0.5080196952535D-03 0.5395017131967D-03 0.5729418669130D-03 0.6084625143965D-03
 0.6461937303531D-03 0.6862738004977D-03 0.7288497491094D-03 0.7740779008573D-03
 0.8221244805191D-03 0.8731662522218D-03 0.9273912016999D-03 0.9849992641199D-03
 0.1046203101307D-02 0.1111228930809D-02 0.1180317411921D-02 0.1253724591768D-02
 0.1331722915864D-02 0.1414602308469D-02 0.1502671327381D-02 0.1596258398499D-02
 0.1695713136486D-02 0.1801407757716D-02 0.1913738592621D-02 0.2033127704448D-02
 0.2160024623102D-02 0.2294908202239D-02 0.2438288610220D-02 0.2590709462673D-02
 0.2752750111226D-02 0.2925028097057D-02 0.3108201784968D-02 0.3302973189906D-02
 0.3510091012790D-02 0.3730353900712D-02 0.3964613951018D-02 0.4213780477420D-02
 0.4478824058927D-02 0.4760780896246D-02 0.5060757498129D-02 0.5379935724765D-02
 0.5719578218658D-02 0.6081034254070D-02 0.6465746036223D-02 0.6875255491041D-02
 0.7311211583986D-02 0.7775378210213D-02 0.8269642704764D-02 0.8796025022780D-02
 0.9356687648430D-02 0.9953946286629D-02 0.1059028141025D-01 0.1126835073390D-01
 0.1199100268720D-01 0.1276129097684D-01 0.1358249033936D-01 0.1445811357682D-01
 0.1539192999053D-01 0.1638798535602D-01 0.1745062355461D-01 0.1858451004320D-01
 0.1979465731554D-01 0.2108645255655D-01 0.2246568772662D-01 0.2393859228297D-01
 0.2551186883173D-01 0.2719273203432D-01 0.2898895107517D-01 0.3090889606791D-01
 0.3296158887468D-01 0.3515675870514D-01 0.3750490309515D-01 0.4001735470058D-01
 0.4270635451639D-01 0.4558513214527D-01 0.4866799358484D-01 0.5197041717051D-01
 0.5550915826835D-01 0.5930236301768D-01 0.6336969154963D-01 0.6773245107619D-01
 0.7241373872303D-01 0.7743859408205D-01 0.8283416162618D-01 0.8862986246539D-01
 0.9485757523203D-01 0.1015518268048D+00 0.1087499934387D+00 0.1164925092206D+00
 0.1248230969506D+00 0.1337890075829D+00 0.1434412881832D+00 0.1538350790844D+00
 0.1650299435448D+00 0.1770902566410D+00 0.1900856339425D+00 0.2040914250208D+00
 0.2191892572583D+00 0.2354676230487D+00 0.2530224903912D+00 0.2719579044079D+00
 0.2923865456844D+00 0.3144302215967D+00 0.3382202740798D+00 0.3638979254555D+00
-0.7987889494120D-08-0.1787135522621D-07-0.2014609671410D-07-0.2271092947599D-07
-0.2560293872724D-07-0.2886379132476D-07-0.3254063972212D-07-0.3668645729479D-07
-0.4136113343150D-07-0.4663211392787D-07-0.5257545443877D-07-0.5927690904686D-07
-0.6683314430338D-07-0.7535315210045D-07-0.8495979390293D-07-0.9579155341948D-07
-0.1080045519893D-06-0.1217747453308D-06-0.1373004603630D-06-0.1548052119483D-06
-0.1745408901811D-06-0.1967913489063D-06-0.2218764383919D-06-0.2501565062084D-06
-0.2820375634667D-06-0.3179769551818D-06-0.3584898318476D-06-0.4041564113804D-06
-0.4556300721146D-06-0.5136465550080D-06-0.5790341545167D-06-0.6527253135708D-06
-0.7357695170849D-06-0.8293477408873D-06-0.9347888612258D-06-0.1053587665060D-05
-0.1187425468044D-05-0.1338192848024D-05-0.1508015265827D-05-0.1699281689288D-05
-0.1914676541089D-05-0.2157215578967D-05-0.2430285666099D-05-0.2737689475591D-05
-0.3083695095321D-05-0.3473091560687D-05-0.3911250394230D-05-0.4404194550726D-05
-0.4958674712501D-05-0.5582254379280D-05-0.6283404254967D-05-0.7071607200168D-05
-0.7957474305887D-05-0.8952874504417D-05-0.1007107724548D-04-0.1132691119960D-04
-0.1273694008235D-04-0.1431965734119D-04-0.1609570145978D-04-0.1808809583855D-04
-0.2032251313272D-04-0.2282757022536D-04-0.2563515542865D-04-0.2878079163134D-04
-0.3230404387546D-04-0.3624897372997D-04-0.4066464775750D-04-0.4560571310320D-04
-0.5113304650843D-04-0.5731448837674D-04-0.6422568506974D-04-0.7195105377914D-04
-0.8058488722269D-04-0.9023264343646D-04-0.1010124388126D-03-0.1130567942950D-03
-0.1265146842450D-03-0.1415539497299D-03-0.1583641391219D-03-0.1771598696764D-03
-0.1981847950155D-03-0.2217162932177D-03-0.2480709969488D-03-0.2776113009457D-03
-0.3107529799318D-03-0.3479740837524D-03-0.3898252653642D-03-0.4369416489164D-03
-0.4900564130927D-03-0.5500162153287D-03-0.6177984130592D-03-0.6945302320596D-03
-0.7815097847295D-03-0.8802287642282D-03-0.9923967253553D-03-0.1119966784063D-02
-0.1265162313701D-02-0.1430504690619D-02-0.1618842050722D-02-0.1833379362304D-02
-0.2077710519484D-02-0.2355854320045D-02-0.2672296509362D-02-0.3032041509552D-02
-0.3440678876778D-02-0.3904470219805D-02-0.4430463823808D-02-0.5026643723302D-02
-0.5702120097588D-02-0.6467364456480D-02-0.7334490255476D-02-0.8317572855002D-02
-0.9432997223568D-02-0.1069981433288D-01-0.1214008495905D-01-0.1377918949488D-01
-0.1564609689589D-01-0.1777360306413D-01-0.2019858789153D-01-0.2296237443388D-01
 0.1956104100094D-07 0.1963089356460D-07 0.2211773818499D-07 0.2492071065556D-07
 0.2808010775866D-07 0.3164138216933D-07 0.3565579955883D-07 0.4018119875662D-07
 0.4528282331550D-07 0.5103427999715D-07 0.5751862692613D-07 0.6482958996465D-07
 0.7307292527329D-07 0.8236801318467D-07 0.9284959608193D-07 0.1046697812544D-06
 0.1180003128741D-06 0.1330351111864D-06 0.1499931819407D-06 0.1691219038202D-06
 0.1907007386669D-06 0.2150454294505D-06 0.2425128139434D-06 0.2735062202091D-06
 0.3084816392596D-06 0.3479546816470D-06 0.3925085238748D-06 0.4428029331829D-06
 0.4995844933537D-06 0.5636982600764D-06 0.6361010205001D-06 0.7178763998856D-06
 0.8102520212741D-06 0.9146190928588D-06 0.1032554818094D-05 0.1165847765345D-05
 0.1316527035997D-05 0.1486895440003D-05 0.1679567461154D-05 0.1897512717227D-05
 0.2144105361618D-05 0.2423181265795D-05 0.2739102664898D-05 0.3096833003062D-05
 0.3502022097073D-05 0.3961104263797D-05 0.4481410306965D-05 0.5071296871476D-05
 0.5740293773413D-05 0.6499274273215D-05 0.7360649892974D-05 0.8338594145057D-05
 0.9449299436926D-05 0.1071127311718D-04 0.1214567520460D-04 0.1377670806398D-04
 0.1563206286634D-04 0.1774343090681D-04 0.2014708975626D-04 0.2288457665857D-04
 0.2600345507003D-04 0.2955819459303D-04 0.3361117422287D-04 0.3823382327762D-04
 0.4350792491236D-04 0.4952709514078D-04 0.5639845601235D-04 0.6424453605309D-04
 0.7320541139145D-04 0.8344111210244D-04 0.9513433209926D-04 0.1084934613081D-03
 0.1237559563773D-03 0.1411921068947D-03 0.1611091962790D-03 0.1838560982758D-03
 0.2098283344465D-03 0.2394736270263D-03 0.2732979547103D-03 0.3118721721991D-03
 0.3558392041861D-03 0.4059218761050D-03 0.4629314475205D-03 0.5277769395592D-03
 0.6014753660770D-03 0.6851630839344D-03 0.7801085309012D-03 0.8877266283427D-03
 0.1009595425525D-02 0.1147475656614D-02 0.1303333820183D-02 0.1479370080153D-02
 0.1678052130000D-02 0.1902156387911D-02 0.2154818363119D-02 0.2439594089046D-02
 0.2760534078017D-02 0.3122271917182D-02 0.3530128745313D-02 0.3990234348452D-02
 0.4509664522915D-02 0.5096594069177D-02 0.5760462351141D-02 0.6512147614505D-02
 0.7364145824947D-02 0.8330748715176D-02 0.9428218259608D-02 0.1067495680714D-01
 0.1209167969457D-01 0.1370160328933D-01 0.1553067450576D-01 0.1760787664074D-01
 0.1996565801280D-01 0.2264053137136D-01 0.2567388842347D-01 0.2911304913000D-01
 0.3301253759603D-01 0.3743551911178D-01 0.4245529646440D-01 0.4815672503560D-01
 0.1719606659431D-12 0.1556214764942D-10 0.1864148364505D-10 0.2233176778553D-10
 0.2675167348354D-10 0.3204687146656D-10 0.3839045206493D-10 0.4598901627909D-10
 0.5509264633923D-10 0.6599688171947D-10 0.7906011544632D-10 0.9470774902990D-10
 0.1134514001043D-09 0.1359041609057D-09 0.1627966919234D-09 0.1950081522127D-09
 0.2335881120964D-09 0.2797952244242D-09 0.3351333597858D-09 0.4014055512995D-09
 0.4807669101988D-09 0.5757972053647D-09 0.6895836117050D-09 0.8258179112028D-09
 0.9889157760541D-09 0.1184159342555D-08 0.1417861864703D-08 0.1697571361367D-08
 0.2032309111584D-08 0.2432851885329D-08 0.2912074844260D-08 0.3485352906320D-08
 0.4171040321609D-08 0.4991045089016D-08 0.5971501202590D-08 0.7143575734693D-08
 0.8544426085887D-08 0.1021832530332D-07 0.1221800497648D-07 0.1460623794474D-07
 0.1745770749137D-07 0.2086121681869D-07 0.2492228819840D-07 0.2976623082148D-07
 0.3554173047919D-07 0.4242507905537D-07 0.5062511062858D-07 0.6038898265266D-07
 0.7200891469948D-07 0.8583002226542D-07 0.1022594183376D-06 0.1217767343411D-06
 0.1449462657311D-06 0.1724309240126D-06 0.2050082137648D-06 0.2435884464497D-06
 0.2892354017880D-06 0.3431896320547D-06 0.4068945884174D-06 0.4820256905211D-06
 0.5705224085565D-06 0.6746233164867D-06 0.7969039328186D-06 0.9403170130909D-06
 0.1108234669878D-05 0.1304491414323D-05 0.1533426839768D-05 0.1799926134235D-05
 0.2109456059399D-05 0.2468093377750D-05 0.2882541830977D-05 0.3360132950412D-05
 0.3908804995168D-05 0.4537053310290D-05 0.5253844439263D-05 0.6068485580880D-05
 0.6990440415095D-05 0.8029082424605D-05 0.9193377751060D-05 0.1049149159797D-04
 0.1193031606145D-04 0.1351492326432D-04 0.1524795671087D-04 0.1712898603080D-04
 0.1915386806711D-04 0.2131417849011D-04 0.2359680618556D-04 0.2598383624659D-04
 0.2845288467669D-04 0.3097808938768D-04 0.3353200539931D-04 0.3608868510595D-04
 0.3862825209789D-04 0.4114327828649D-04 0.4364723923343D-04 0.4618524073531D-04
 0.4884706561250D-04 0.5178235360343D-04 0.5521742111194D-04 0.5947282812431D-04
 0.6498033770699D-04 0.7229745436132D-04 0.8211734897311D-04 0.9527180601656D-04
 0.1127250666109D-03 0.1355572907639D-03 0.1649379844151D-03 0.2020923681589D-03
 0.2482672393425D-03 0.3047070742260D-03 0.3726555217068D-03 0.4534006386801D-03
 0.5483827824435D-03 0.6593804710163D-03 0.7887794758537D-03 0.9399138670382D-03
 0.1117445860034D-02 0.1327728409332D-02 0.1579078373592D-02 0.1881891332820D-02
-0.1352461189884D-11-0.4897319946401D-11-0.5863777202551D-11-0.7021070859085D-11
-0.8406144236644D-11-0.1006481957995D-10-0.1205170058780D-10-0.1443061096989D-10
-0.1727801323909D-10-0.2068903777292D-10-0.2477207254985D-10-0.2966122183841D-10
-0.3551526759803D-10-0.4252395003161D-10-0.5091500362237D-10-0.6096162722051D-10
-0.7298940004524D-10-0.8738740294200D-10-0.1046237159461D-09-0.1252562434983D-09
-0.1499526334884D-09-0.1795122725533D-09-0.2148906515178D-09-0.2572306055759D-09
-0.3078975382180D-09-0.3685244241478D-09-0.4410628369228D-09-0.5278464203032D-09
-0.6316593371601D-09-0.7558318194346D-09-0.9043382603823D-09-0.1081924910557D-08
-0.1294256249147D-08-0.1548090169721D-08-0.1851490610500D-08-0.2214074134888D-08
-0.2647300934838D-08-0.3164830787226D-08-0.3782934551959D-08-0.4520979348414D-08
-0.5402019614655D-08-0.6453474154979D-08-0.7707940907265D-08-0.9204146873003D-08
-0.1098807927355D-07-0.1311430620953D-07-0.1564753212967D-07-0.1866442353321D-07
-0.2225574614515D-07-0.2652886601417D-07-0.3161066543231D-07-0.3765094839467D-07
-0.4482638790034D-07-0.5334511921444D-07-0.6345204354250D-07-0.7543496699505D-07
-0.8963164757225D-07-0.1064379103880D-06-0.1263169230816D-06-0.1498097851362D-06
-0.1775475725805D-06-0.2102649949355D-06-0.2488158150554D-06-0.2941902141573D-06
-0.3475342649417D-06-0.4101717064714D-06-0.4836282112711D-06-0.5696583879173D-06
-0.6702757343845D-06-0.7877859325577D-06-0.9248238467646D-06-0.1084394826752D-05
-0.1269921165842D-05-0.1485294877434D-05-0.1734938470641D-05-0.2023876303311D-05
-0.2357819951143D-05-0.2743272584552D-05-0.3187659482908D-05-0.3699494187698D-05
-0.4288593371750D-05-0.4966358065519D-05-0.5746144348187D-05-0.6643753002585D-05
-0.7678077053149D-05-0.8871954271329D-05-0.1025328316389D-04-0.1185647319570D-04
-0.1372431051566D-04-0.1591033097465D-04-0.1848180394179D-04-0.2152342796773D-04
-0.2514184140144D-04-0.2947103656782D-04-0.3467873700583D-04-0.4097375839087D-04
-0.4861432453953D-04-0.5791722905873D-04-0.6926767696206D-04-0.8312958188520D-04
-0.1000560679169D-03-0.1206999986120D-03-0.1458245458185D-03-0.1763141692760D-03
-0.2131870054074D-03-0.2576105737268D-03-0.3109238361569D-03-0.3746700454780D-03
-0.4506462123974D-03-0.5409759371521D-03-0.6482127641287D-03-0.7754799778584D-03
-0.9266496113902D-03-0.1106558660830D-02-0.1321253333039D-02-0.1578245058890D-02
-0.1886757502838D-02-0.2257945407686D-02-0.2705078078093D-02-0.3243708326820D-02
-0.4815832514281D-15 0.1606181125702D-13 0.2000006203120D-13 0.2486158596980D-13
 0.3206925579604D-13 0.4037564135022D-13 0.5241232978311D-13 0.6602768416158D-13
 0.8527625515325D-13 0.1075367106476D-12 0.1373859151862D-12 0.1744925455425D-12
 0.2219375171953D-12 0.2828753917520D-12 0.3610794385777D-12 0.4582643544229D-12
 0.5829518868615D-12 0.7427898069243D-12 0.9446369606137D-12 0.1202857027517D-11
 0.1530950142509D-11 0.1948161399201D-11 0.2478081663365D-11 0.3153558838388D-11
 0.4011705608100D-11 0.5103977716130D-11 0.6493226617289D-11 0.8259366359007D-11
 0.1050775854113D-10 0.1336531225577D-10 0.1699991815829D-10 0.2162089324026D-10
 0.2749615537138D-10 0.3496588368474D-10 0.4446161002886D-10 0.5652934947397D-10
 0.7186713101256D-10 0.9135385288044D-10 0.1161112002392D-09 0.1475587320254D-09
 0.1874955927457D-09 0.2382046227526D-09 0.3025745838577D-09 0.3842683434123D-09
 0.4879199202082D-09 0.6193944808069D-09 0.7861083837350D-09 0.9974347398987D-09
 0.1265219315280D-08 0.1604410709738D-08 0.2033871400642D-08 0.2577378261753D-08
 0.3264880909478D-08 0.4134074383636D-08 0.5232349706478D-08 0.6619233081313D-08
 0.8369414284140D-08 0.1057649273948D-07 0.1335761529708D-07 0.1685920118799D-07
 0.2126397777477D-07 0.2679962003967D-07 0.3374929768760D-07 0.4246453938950D-07
 0.5338082713206D-07 0.6703642721820D-07 0.8409502081458D-07 0.1053727321877D-06
 0.1318702135048D-06 0.1648104331898D-06 0.2056828230150D-06 0.2562943288055D-06
 0.3188277439420D-06 0.3959074512837D-06 0.4906721868989D-06 0.6068538371530D-06
 0.7488603129885D-06 0.9218592298142D-06 0.1131857410944D-05 0.1385768978172D-05
 0.1691461899408D-05 0.2057769351520D-05 0.2494448018115D-05 0.3012060503591D-05
 0.3621753654017D-05 0.4334898938618D-05 0.5162555698262D-05 0.6114713961584D-05
 0.7199271740743D-05 0.8420704141607D-05 0.9778390337324D-05 0.1126458247490D-04
 0.1286203099109D-04 0.1454132724863D-04 0.1625808999782D-04 0.1795020901135D-04
 0.1953546698910D-04 0.2090998523601D-04 0.2194806823751D-04 0.2250413801819D-04
 0.2241751839665D-04 0.2152080755461D-04 0.1965240546076D-04 0.1667337193189D-04
 0.1248811240605D-04 0.7067369895993D-05 0.4706361873026D-06-0.7136537941988D-05
-0.1547654991362D-04-0.2417266318796D-04-0.3278890788149D-04-0.4090388225734D-04
-0.4822177622318D-04-0.5471730867530D-04-0.6080157772778D-04-0.6748412945866D-04
-0.7649553094613D-04-0.9032896650942D-04-0.1121649277019D-03-0.1456663967554D-03
 0.4565518597910D-17-0.1227549856062D-14-0.1259734269957D-14-0.2137205450268D-14
-0.2809978878652D-14-0.3677683586732D-14-0.4188576129419D-14-0.5538523732826D-14
-0.7353992398880D-14-0.9370898289453D-14-0.1182277521923D-13-0.1513492534288D-13
-0.1925760483723D-13-0.2484477190140D-13-0.3135867192713D-13-0.4008686408933D-13
-0.5075427395521D-13-0.6499039762788D-13-0.8235046932723D-13-0.1052800978696D-12
-0.1336844694291D-12-0.1704111995497D-12-0.2163649171148D-12-0.2752441158594D-12
-0.3498933146480D-12-0.4450705170605D-12-0.5659015919429D-12-0.7191606226431D-12
-0.9145576749540D-12-0.1162118727757D-11-0.1476785577101D-11-0.1876091497316D-11
-0.2383135513047D-11-0.3026649115342D-11-0.3844061807601D-11-0.4880730598951D-11
-0.6195566399917D-11-0.7862991692992D-11-0.9976495882393D-11-0.1265526935262D-10
-0.1604844680024D-10-0.2034537624610D-10-0.2578353762075D-10-0.3266396796825D-10
-0.4136408942051D-10-0.5235972766484D-10-0.6624832842689D-10-0.8377931074251D-10
-0.1058937062312D-09-0.1337677869150D-09-0.1688755104211D-09-0.2130541487931D-09
-0.2685960113666D-09-0.3383528349410D-09-0.4258662473552D-09-0.5355242075937D-09
-0.6727534836747D-09-0.8442432321681D-09-0.1058218950514D-08-0.1324760542944D-08
-0.1656177267488D-08-0.2067441355119D-08-0.2576678733386D-08-0.3205726877449D-08
-0.3980736926215D-08-0.4932822453634D-08-0.6098710736919D-08-0.7521366146338D-08
-0.9250505151350D-08-0.1134290595021D-07-0.1386236224987D-07-0.1687907177837D-07
-0.2046816588452D-07-0.2470700646628D-07-0.2967070338389D-07-0.3542520048946D-07
-0.4201703859273D-07-0.4945869913523D-07-0.5770814867655D-07-0.6664093432146D-07
-0.7601285011335D-07-0.8541091933191D-07-0.9419020636118D-07-0.1013938640527D-06
-0.1056539261997D-06-0.1050708609316D-06-0.9707085314908D-07-0.7824153662785D-07
-0.4414961875331D-07 0.1085219285635D-07 0.9381608907469D-07 0.2133678438503D-06
 0.3798244535207D-06 0.6052218986489D-06 0.9032036275232D-06 0.1288711477493D-05
 0.1777415921481D-05 0.2384826433781D-05 0.3125041772935D-05 0.4009141273800D-05
 0.5043292452241D-05 0.6226765615431D-05 0.7550211570361D-05 0.8994775478598D-05
 0.1053287885778D-04 0.1213177374202D-04 0.1376120602081D-04 0.1540662603882D-04
 0.1708923611152D-04 0.1889362350914D-04 0.2100264673173D-04 0.2373757700819D-04
 0.2759931110550D-04 0.3330414195160D-04 0.4180584606949D-04 0.5429589526187D-04
 0.7217695225619D-04 0.9701308548947D-04 0.1304741290493D-03 0.1743106069452D-03
-0.4856422843972D-15 0.8042367250676D-14 0.1026205471145D-13 0.1338015299569D-13
 0.1710692037853D-13 0.2181531999319D-13 0.2770772864075D-13 0.3548061208400D-13
 0.4532421524724D-13 0.5742010682959D-13 0.7293815409137D-13 0.9264578560247D-13
 0.1177369249321D-12 0.1502713426878D-12 0.1911702452410D-12 0.2432617646174D-12
 0.3093283992262D-12 0.3943707094038D-12 0.5015394562062D-12 0.6382221181485D-12
 0.8119655942940D-12 0.1033664190248D-11 0.1314632922341D-11 0.1672662925620D-11
 0.2127627221305D-11 0.2706839311896D-11 0.3443118144236D-11 0.4379264966273D-11
 0.5570673685144D-11 0.7084955380166D-11 0.9010888940691D-11 0.1145886424690D-10
 0.1457061870292D-10 0.1852614268757D-10 0.2355394222699D-10 0.2994234653235D-10
 0.3805930867011D-10 0.4837064992286D-10 0.6146722289719D-10 0.7809862707808D-10
 0.9921458492056D-10 0.1260178336806D-09 0.1600311870469D-09 0.2031845962542D-09
 0.2579176606190D-09 0.3273159513207D-09 0.4152795553897D-09 0.5267350219196D-09
 0.6679018203253D-09 0.8466243189177D-09 0.1072792589222D-08 0.1358860783458D-08
 0.1720503740560D-08 0.2177427311213D-08 0.2754381771442D-08 0.3482416741205D-08
 0.4400442934395D-08 0.5557153325980D-08 0.7013403829473D-08 0.8845131689291D-08
 0.1114694469678D-07 0.1403649634666D-07 0.1765982161899D-07 0.2219780549875D-07
 0.2787398884540D-07 0.3496394240210D-07 0.4380645748861D-07 0.5481681614395D-07
 0.6850240579352D-07 0.8548093189844D-07 0.1065014437622D-06 0.1324683040022D-06
 0.1644681026937D-06 0.2037993353118D-06 0.2520043205803D-06 0.3109024686427D-06
 0.3826233824442D-06 0.4696375257384D-06 0.5747811592495D-06 0.7012709647353D-06
 0.8527021679902D-06 0.1033022016689D-05 0.1246468227762D-05 0.1497459448355D-05
 0.1790422089652D-05 0.2129535254074D-05 0.2518373241528D-05 0.2959423841875D-05
 0.3453461043650D-05 0.3998753883088D-05 0.4590100219096D-05 0.5217686818681D-05
 0.5865796748842D-05 0.6511413507650D-05 0.7122809663343D-05 0.7658256030023D-05
 0.8065044236744D-05 0.8279076167326D-05 0.8225329147078D-05 0.7819541956185D-05
 0.6971461204075D-05 0.5589912316482D-05 0.3589777582988D-05 0.9006371298348D-06
-0.2523676861319D-05-0.6696062898736D-05-0.1158999717211D-04-0.1713953952564D-04
-0.2324968527990D-04-0.2982178702005D-04-0.3679855572198D-04-0.4423175013723D-04
-0.5237263344269D-04-0.6178044717361D-04-0.7343784709826D-04-0.8885561505830D-04
-0.1101442843295D-03-0.1400311341093D-03-0.1818113995691D-03-0.2392463831141D-03
