bcc Sb -- Hedin-Lundqvist LDA                                                   
INPUT  IT=174 SPIN=1 NTYPE=  2
 -3.500000  3.500000  3.500000
  3.500000 -3.500000  3.500000
  3.500000  3.500000 -3.500000
    1  435  1.700000  0.030000    1
  0.000000  0.000000  0.000000
 0.1019981861982D+03 0.1019981301968D+03 0.1019980724676D+03 0.1019980129575D+03
 0.1019979516114D+03 0.1019978883728D+03 0.1019978231835D+03 0.1019977559832D+03
 0.1019976867100D+03 0.1019976152999D+03 0.1019975416873D+03 0.1019974658040D+03
 0.1019973875802D+03 0.1019973069437D+03 0.1019972238202D+03 0.1019971381329D+03
 0.1019970498029D+03 0.1019969587487D+03 0.1019968648863D+03 0.1019967681293D+03
 0.1019966683883D+03 0.1019965655714D+03 0.1019964595839D+03 0.1019963503280D+03
 0.1019962377029D+03 0.1019961216049D+03 0.1019960019270D+03 0.1019958785587D+03
 0.1019957513864D+03 0.1019956202929D+03 0.1019954851573D+03 0.1019953458550D+03
 0.1019952022577D+03 0.1019950542331D+03 0.1019949016446D+03 0.1019947443517D+03
 0.1019945822093D+03 0.1019944150682D+03 0.1019942427742D+03 0.1019940651685D+03
 0.1019938820876D+03 0.1019936933626D+03 0.1019934988198D+03 0.1019932982798D+03
 0.1019930915579D+03 0.1019928784635D+03 0.1019926588004D+03 0.1019924323662D+03
 0.1019921989522D+03 0.1019919583433D+03 0.1019917103181D+03 0.1019914546478D+03
 0.1019911910970D+03 0.1019909194229D+03 0.1019906393753D+03 0.1019903506960D+03
 0.1019900531193D+03 0.1019897463709D+03 0.1019894301683D+03 0.1019891042203D+03
 0.1019887682266D+03 0.1019884218777D+03 0.1019880648545D+03 0.1019876968282D+03
 0.1019873174599D+03 0.1019869264000D+03 0.1019865232884D+03 0.1019861077538D+03
 0.1019856794134D+03 0.1019852378727D+03 0.1019847827250D+03 0.1019843135511D+03
 0.1019838299188D+03 0.1019833313827D+03 0.1019828174836D+03 0.1019822877482D+03
 0.1019817416885D+03 0.1019811788015D+03 0.1019805985689D+03 0.1019800004562D+03
 0.1019793839124D+03 0.1019787483696D+03 0.1019780932426D+03 0.1019774179277D+03
 0.1019767218029D+03 0.1019760042271D+03 0.1019752645391D+03 0.1019745020577D+03
 0.1019737160805D+03 0.1019729058834D+03 0.1019720707199D+03 0.1019712098209D+03
 0.1019703223930D+03 0.1019694076188D+03 0.1019684646554D+03 0.1019674926341D+03
 0.1019664906592D+03 0.1019654578075D+03 0.1019643931274D+03 0.1019632956378D+03
 0.1019621643273D+03 0.1019609981534D+03 0.1019597960413D+03 0.1019585568833D+03
 0.1019572795372D+03 0.1019559628256D+03 0.1019546055350D+03 0.1019532064142D+03
 0.1019517641734D+03 0.1019502774831D+03 0.1019487449725D+03 0.1019471652288D+03
 0.1019455367953D+03 0.1019438581704D+03 0.1019421278062D+03 0.1019403441068D+03
 0.1019385054271D+03 0.1019366100713D+03 0.1019346562909D+03 0.1019326422836D+03
 0.1019305661913D+03 0.1019284260984D+03 0.1019262200304D+03 0.1019239459513D+03
 0.1019216017625D+03 0.1019191853003D+03 0.1019166943342D+03 0.1019141265646D+03
 0.1019114796209D+03 0.1019087510590D+03 0.1019059383594D+03 0.1019030389244D+03
 0.1019000500761D+03 0.1018969690536D+03 0.1018937930106D+03 0.1018905190126D+03
 0.1018871440345D+03 0.1018836649571D+03 0.1018800785650D+03 0.1018763815430D+03
 0.1018725704734D+03 0.1018686418326D+03 0.1018645919875D+03 0.1018604171930D+03
 0.1018561135876D+03 0.1018516771901D+03 0.1018471038963D+03 0.1018423894744D+03
 0.1018375295616D+03 0.1018325196600D+03 0.1018273551321D+03 0.1018220311968D+03
 0.1018165429246D+03 0.1018108852334D+03 0.1018050528833D+03 0.1017990404723D+03
 0.1017928424306D+03 0.1017864530161D+03 0.1017798663082D+03 0.1017730762034D+03
 0.1017660764084D+03 0.1017588604354D+03 0.1017514215951D+03 0.1017437529912D+03
 0.1017358475137D+03 0.1017276978323D+03 0.1017192963897D+03 0.1017106353945D+03
 0.1017017068142D+03 0.1016925023678D+03 0.1016830135179D+03 0.1016732314631D+03
 0.1016631471299D+03 0.1016527511644D+03 0.1016420339237D+03 0.1016309854672D+03
 0.1016195955474D+03 0.1016078536009D+03 0.1015957487385D+03 0.1015832697359D+03
 0.1015704050229D+03 0.1015571426738D+03 0.1015434703962D+03 0.1015293755205D+03
 0.1015148449883D+03 0.1014998653414D+03 0.1014844227094D+03 0.1014685027982D+03
 0.1014520908772D+03 0.1014351717670D+03 0.1014177298260D+03 0.1013997489373D+03
 0.1013812124952D+03 0.1013621033910D+03 0.1013424039992D+03 0.1013220961625D+03
 0.1013011611772D+03 0.1012795797783D+03 0.1012573321236D+03 0.1012343977784D+03
 0.1012107556992D+03 0.1011863842177D+03 0.1011612610240D+03 0.1011353631501D+03
 0.1011086669525D+03 0.1010811480954D+03 0.1010527815327D+03 0.1010235414907D+03
 0.1009934014501D+03 0.1009623341281D+03 0.1009303114603D+03 0.1008973045821D+03
 0.1008632838110D+03 0.1008282186278D+03 0.1007920776584D+03 0.1007548286555D+03
 0.1007164384804D+03 0.1006768730849D+03 0.1006360974931D+03 0.1005940757841D+03
 0.1005507710740D+03 0.1005061454992D+03 0.1004601601994D+03 0.1004127753013D+03
 0.1003639499027D+03 0.1003136420575D+03 0.1002618087609D+03 0.1002084059354D+03
 0.1001533884182D+03 0.1000967099483D+03 0.1000383231560D+03 0.9997817955179D+02
 0.9991622951809D+02 0.9985242230071D+02 0.9978670600242D+02 0.9971902757756D+02
 0.9964933282812D+02 0.9957756640129D+02 0.9950367178860D+02 0.9942759132661D+02
 0.9934926619930D+02 0.9926863644215D+02 0.9918564094793D+02 0.9910021747427D+02
 0.9901230265297D+02 0.9892183200106D+02 0.9882873993353D+02 0.9873295977783D+02
 0.9863442378983D+02 0.9853306317136D+02 0.9842880808913D+02 0.9832158769485D+02
 0.9821133014636D+02 0.9809796262973D+02 0.9798141138180D+02 0.9786160171315D+02
 0.9773845803108D+02 0.9761190386223D+02 0.9748186187450D+02 0.9734825389797D+02
 0.9721100094416D+02 0.9707002322342D+02 0.9692524015980D+02 0.9677657040307D+02
 0.9662393183723D+02 0.9646724158521D+02 0.9630641600918D+02 0.9614137070606D+02
 0.9597202049795D+02 0.9579827941706D+02 0.9562006068500D+02 0.9543727668625D+02
 0.9524983893609D+02 0.9505765804283D+02 0.9486064366522D+02 0.9465870446529D+02
 0.9445174805793D+02 0.9423968095820D+02 0.9402240852819D+02 0.9379983492512D+02
 0.9357186305360D+02 0.9333839452407D+02 0.9309932962167D+02 0.9285456728816D+02
 0.9260400512200D+02 0.9234753940015D+02 0.9208506512711D+02 0.9181647611527D+02
 0.9154166510233D+02 0.9126052390926D+02 0.9097294364418D+02 0.9067881495364D+02
 0.9037802832475D+02 0.9007047443589D+02 0.8975604455543D+02 0.8943463097984D+02
 0.8910612750420D+02 0.8877042990750D+02 0.8842743643717D+02 0.8807704826467D+02
 0.8771916988761D+02 0.8735370944126D+02 0.8698057889024D+02 0.8659969406106D+02
 0.8621097449282D+02 0.8581434307889D+02 0.8540972550134D+02 0.8499704946166D+02
 0.8457624375282D+02 0.8414723722318D+02 0.8370995771528D+02 0.8326433109040D+02
 0.8281028044132D+02 0.8234772559757D+02 0.8187658303548D+02 0.8139676624016D+02
 0.8090818657483D+02 0.8041075462060D+02 0.7990438196217D+02 0.7938898329576D+02
 0.7886447877372D+02 0.7833079640925D+02 0.7778787444028D+02 0.7723566346918D+02
 0.7667412830765D+02 0.7610324937136D+02 0.7552302361213D+02 0.7493346487428D+02
 0.7433460373085D+02 0.7372648672751D+02 0.7310917515686D+02 0.7248274332417D+02
 0.7184727649225D+02 0.7120286848928D+02 0.7054961923049D+02 0.6988763214954D+02
 0.6921701184961D+02 0.6853786196602D+02 0.6785028360070D+02 0.6715437428643D+02
 0.6645022787107D+02 0.6573793519890D+02 0.6501758596582D+02 0.6428927147210D+02
 0.6355308857172D+02 0.6280914428846D+02 0.6205756124424D+02 0.6129848302280D+02
 0.6053207942856D+02 0.5975855041676D+02 0.5897812861022D+02 0.5819107907937D+02
 0.5739769671166D+02 0.5659830031078D+02 0.5579322482389D+02 0.5498281181402D+02
 0.5416740084332D+02 0.5334732250746D+02 0.5252289594267D+02 0.5169443084774D+02
 0.5086223525839D+02 0.5002662723617D+02 0.4918794970989D+02 0.4834658522471D+02
 0.4750296956394D+02 0.4665760089530D+02 0.4581104448697D+02 0.4496393084880D+02
 0.4411694865227D+02 0.4327083145624D+02 0.4242634050429D+02 0.4158424332031D+02
 0.4074529076419D+02 0.3991019259224D+02 0.3907959423449D+02 0.3825405494342D+02
 0.3743402986924D+02 0.3661985618763D+02 0.3581174553041D+02 0.3500978266685D+02
 0.3421393219076D+02 0.3342405279790D+02 0.3263992007905D+02 0.3186125672876D+02
 0.3108776964974D+02 0.3031919152785D+02 0.2955532386044D+02 0.2879607673333D+02
 0.2804149879313D+02 0.2729179058692D+02 0.2654729301681D+02 0.2580844743984D+02
 0.2507572727416D+02 0.2434955302798D+02 0.2363020898679D+02 0.2291778612878D+02
 0.2221216887574D+02 0.2151307549006D+02 0.2082013607454D+02 0.2013299324528D+02
 0.1945139375921D+02 0.1877526219174D+02 0.1810473876680D+02 0.1744019152257D+02
 0.1678219748026D+02 0.1613151172867D+02 0.1548901917493D+02 0.1485568851888D+02
 0.1423251873771D+02 0.1362049669143D+02 0.1302055200302D+02 0.1243352757436D+02
 0.1186014879640D+02 0.1130101009941D+02 0.1075655970408D+02 0.1022710144375D+02
 0.9712793018557D+01 0.9213660033216D+01 0.8729603573643D+01 0.8260422379556D+01
 0.7805825507618D+01 0.7365460130196D+01 0.6938926962476D+01 0.6525812349763D+01
 0.6125706416251D+01 0.5738233763337D+01 0.5363059302825D+01 0.4999899202304D+01
 0.4648490133807D+01 0.4308566365958D+01 0.3979815973201D+01 0.3661905938539D+01
 0.3354562369412D+01 0.3057778812947D+01 0.2772046181679D+01
    2  435  1.000000  0.030000    3
  0.000000  0.500000  0.500000
  0.500000  0.500000  0.000000
  0.500000  0.000000  0.500000
 0.1999995939406D+01 0.1999995815741D+01 0.1999995688310D+01 0.1999995556997D+01
 0.1999995421686D+01 0.1999995282253D+01 0.1999995138574D+01 0.1999994990519D+01
 0.1999994837955D+01 0.1999994680745D+01 0.1999994518747D+01 0.1999994351815D+01
 0.1999994179800D+01 0.1999994002545D+01 0.1999993819893D+01 0.1999993631677D+01
 0.1999993437730D+01 0.1999993237875D+01 0.1999993031935D+01 0.1999992819722D+01
 0.1999992601046D+01 0.1999992375711D+01 0.1999992143512D+01 0.1999991904243D+01
 0.1999991657686D+01 0.1999991403620D+01 0.1999991141817D+01 0.1999990872041D+01
 0.1999990594048D+01 0.1999990307589D+01 0.1999990012406D+01 0.1999989708233D+01
 0.1999989394796D+01 0.1999989071814D+01 0.1999988738995D+01 0.1999988396041D+01
 0.1999988042641D+01 0.1999987678478D+01 0.1999987303225D+01 0.1999986916544D+01
 0.1999986518086D+01 0.1999986107493D+01 0.1999985684395D+01 0.1999985248411D+01
 0.1999984799150D+01 0.1999984336206D+01 0.1999983859163D+01 0.1999983367592D+01
 0.1999982861050D+01 0.1999982339081D+01 0.1999981801215D+01 0.1999981246968D+01
 0.1999980675842D+01 0.1999980087321D+01 0.1999979480877D+01 0.1999978855964D+01
 0.1999978212019D+01 0.1999977548462D+01 0.1999976864696D+01 0.1999976160106D+01
 0.1999975434057D+01 0.1999974685896D+01 0.1999973914949D+01 0.1999973120523D+01
 0.1999972301903D+01 0.1999971458351D+01 0.1999970589108D+01 0.1999969693391D+01
 0.1999968770396D+01 0.1999967819290D+01 0.1999966839217D+01 0.1999965829296D+01
 0.1999964788617D+01 0.1999963716243D+01 0.1999962611210D+01 0.1999961472522D+01
 0.1999960299155D+01 0.1999959090052D+01 0.1999957844124D+01 0.1999956560252D+01
 0.1999955237277D+01 0.1999953874011D+01 0.1999952469225D+01 0.1999951021655D+01
 0.1999949529998D+01 0.1999947992912D+01 0.1999946409012D+01 0.1999944776873D+01
 0.1999943095025D+01 0.1999941361955D+01 0.1999939576102D+01 0.1999937735860D+01
 0.1999935839571D+01 0.1999933885528D+01 0.1999931871972D+01 0.1999929797091D+01
 0.1999927659017D+01 0.1999925455825D+01 0.1999923185532D+01 0.1999920846094D+01
 0.1999918435405D+01 0.1999915951295D+01 0.1999913391528D+01 0.1999910753799D+01
 0.1999908035734D+01 0.1999905234885D+01 0.1999902348732D+01 0.1999899374676D+01
 0.1999896310039D+01 0.1999893152064D+01 0.1999889897906D+01 0.1999886544636D+01
 0.1999883089235D+01 0.1999879528593D+01 0.1999875859504D+01 0.1999872078664D+01
 0.1999868182670D+01 0.1999864168014D+01 0.1999860031082D+01 0.1999855768150D+01
 0.1999851375378D+01 0.1999846848813D+01 0.1999842184378D+01 0.1999837377875D+01
 0.1999832424975D+01 0.1999827321220D+01 0.1999822062014D+01 0.1999816642622D+01
 0.1999811058164D+01 0.1999805303612D+01 0.1999799373785D+01 0.1999793263343D+01
 0.1999786966785D+01 0.1999780478441D+01 0.1999773792468D+01 0.1999766902846D+01
 0.1999759803372D+01 0.1999752487652D+01 0.1999744949099D+01 0.1999737180924D+01
 0.1999729176132D+01 0.1999720927514D+01 0.1999712427643D+01 0.1999703668864D+01
 0.1999694643289D+01 0.1999685342789D+01 0.1999675758990D+01 0.1999665883259D+01
 0.1999655706702D+01 0.1999645220155D+01 0.1999634414172D+01 0.1999623279021D+01
 0.1999611804672D+01 0.1999599980790D+01 0.1999587796726D+01 0.1999575241504D+01
 0.1999562303816D+01 0.1999548972007D+01 0.1999535234068D+01 0.1999521077624D+01
 0.1999506489921D+01 0.1999491457818D+01 0.1999475967774D+01 0.1999460005831D+01
 0.1999443557611D+01 0.1999426608293D+01 0.1999409142605D+01 0.1999391144812D+01
 0.1999372598697D+01 0.1999353487547D+01 0.1999333794141D+01 0.1999313500733D+01
 0.1999292589035D+01 0.1999271040202D+01 0.1999248834812D+01 0.1999225952852D+01
 0.1999202373700D+01 0.1999178076101D+01 0.1999153038154D+01 0.1999127237290D+01
 0.1999100650250D+01 0.1999073253065D+01 0.1999045021036D+01 0.1999015928709D+01
 0.1998985949853D+01 0.1998955057436D+01 0.1998923223603D+01 0.1998890419645D+01
 0.1998856615979D+01 0.1998821782118D+01 0.1998785886644D+01 0.1998748897179D+01
 0.1998710780357D+01 0.1998671501792D+01 0.1998631026048D+01 0.1998589316606D+01
 0.1998546335832D+01 0.1998502044941D+01 0.1998456403963D+01 0.1998409371707D+01
 0.1998360905722D+01 0.1998310962261D+01 0.1998259496237D+01 0.1998206461187D+01
 0.1998151809224D+01 0.1998095491001D+01 0.1998037455656D+01 0.1997977650776D+01
 0.1997916022341D+01 0.1997852514680D+01 0.1997787070418D+01 0.1997719630421D+01
 0.1997650133749D+01 0.1997578517594D+01 0.1997504717223D+01 0.1997428665924D+01
 0.1997350294938D+01 0.1997269533402D+01 0.1997186308279D+01 0.1997100544295D+01
 0.1997012163869D+01 0.1996921087039D+01 0.1996827231392D+01 0.1996730511988D+01
 0.1996630841281D+01 0.1996528129036D+01 0.1996422282251D+01 0.1996313205067D+01
 0.1996200798684D+01 0.1996084961263D+01 0.1995965587841D+01 0.1995842570225D+01
 0.1995715796900D+01 0.1995585152921D+01 0.1995450519806D+01 0.1995311775430D+01
 0.1995168793909D+01 0.1995021445484D+01 0.1994869596401D+01 0.1994713108785D+01
 0.1994551840515D+01 0.1994385645087D+01 0.1994214371480D+01 0.1994037864017D+01
 0.1993855962217D+01 0.1993668500643D+01 0.1993475308753D+01 0.1993276210735D+01
 0.1993071025345D+01 0.1992859565735D+01 0.1992641639279D+01 0.1992417047389D+01
 0.1992185585332D+01 0.1991947042032D+01 0.1991701199876D+01 0.1991447834504D+01
 0.1991186714595D+01 0.1990917601655D+01 0.1990640249783D+01 0.1990354405440D+01
 0.1990059807207D+01 0.1989756185538D+01 0.1989443262498D+01 0.1989120751503D+01
 0.1988788357037D+01 0.1988445774378D+01 0.1988092689298D+01 0.1987728777763D+01
 0.1987353705620D+01 0.1986967128275D+01 0.1986568690358D+01 0.1986158025380D+01
 0.1985734755374D+01 0.1985298490533D+01 0.1984848828822D+01 0.1984385355592D+01
 0.1983907643171D+01 0.1983415250446D+01 0.1982907722426D+01 0.1982384589801D+01
 0.1981845368471D+01 0.1981289559073D+01 0.1980716646483D+01 0.1980126099308D+01
 0.1979517369354D+01 0.1978889891080D+01 0.1978243081037D+01 0.1977576337276D+01
 0.1976889038752D+01 0.1976180544694D+01 0.1975450193962D+01 0.1974697304376D+01
 0.1973921172031D+01 0.1973121070575D+01 0.1972296250477D+01 0.1971445938261D+01
 0.1970569335712D+01 0.1969665619066D+01 0.1968733938160D+01 0.1967773415557D+01
 0.1966783145646D+01 0.1965762193705D+01 0.1964709594931D+01 0.1963624353445D+01
 0.1962505441254D+01 0.1961351797178D+01 0.1960162325752D+01 0.1958935896072D+01
 0.1957671340618D+01 0.1956367454026D+01 0.1955022991822D+01 0.1953636669119D+01
 0.1952207159255D+01 0.1950733092402D+01 0.1949213054114D+01 0.1947645583820D+01
 0.1946029173336D+01 0.1944362265186D+01 0.1942643251003D+01 0.1940870469817D+01
 0.1939042206288D+01 0.1937156688896D+01 0.1935212088056D+01 0.1933206514187D+01
 0.1931138015705D+01 0.1929004576971D+01 0.1926804116151D+01 0.1924534483030D+01
 0.1922193456743D+01 0.1919778743455D+01 0.1917287973946D+01 0.1914718701153D+01
 0.1912068397613D+01 0.1909334452861D+01 0.1906514170720D+01 0.1903604766561D+01
 0.1900603364437D+01 0.1897506994197D+01 0.1894312588470D+01 0.1891016979633D+01
 0.1887616896644D+01 0.1884108961871D+01 0.1880489687771D+01 0.1876755473593D+01
 0.1872902601909D+01 0.1868927235201D+01 0.1864825412251D+01 0.1860593044628D+01
 0.1856225912960D+01 0.1851719663331D+01 0.1847069803457D+01 0.1842271699028D+01
 0.1837320569811D+01 0.1832211485970D+01 0.1826939364126D+01 0.1821498963713D+01
 0.1815884883034D+01 0.1810091555699D+01 0.1804113246741D+01 0.1797944049206D+01
 0.1791577880389D+01 0.1785008478666D+01 0.1778229399920D+01 0.1771234014729D+01
 0.1764015505075D+01 0.1756566862000D+01 0.1748880882723D+01 0.1740950168899D+01
 0.1732767124279D+01 0.1724323953757D+01 0.1715612661699D+01 0.1706625051995D+01
 0.1697352727242D+01 0.1687787090004D+01 0.1677919343071D+01 0.1667740492204D+01
 0.1657241347673D+01 0.1646412528785D+01 0.1635244466987D+01 0.1623727412512D+01
 0.1611851439290D+01 0.1599606454153D+01 0.1586982203834D+01 0.1573968287138D+01
 0.1560554164424D+01 0.1546729173150D+01 0.1532482540229D+01 0.1517803401514D+01
 0.1502680817296D+01 0.1487103796399D+01 0.1471061315265D+01 0.1454542347155D+01
 0.1437535885327D+01 0.1420030978195D+01 0.1402016756877D+01 0.1383482477129D+01
 0.1364417552026D+01 0.1344811601512D+01 0.1324654490637D+01 0.1303936388193D+01
 0.1282647811271D+01 0.1260779694041D+01 0.1238323439732D+01 0.1215271001545D+01
 0.1191614942630D+01 0.1167348531063D+01 0.1142465809432D+01 0.1116961705497D+01
 0.1090832112192D+01 0.1064074016425D+01 0.1036685589100D+01 0.1008666333748D+01
 0.9800171861060D+00 0.9507406822289D+00 0.9208410662408D+00 0.8903244778957D+00
 0.8591990650571D+00 0.8274751929372D+00 0.7951655603154D+00 0.7622854357832D+00
 0.7288527858042D+00 0.6948885534152D+00 0.6604168170461D+00 0.6254651442714D+00
 0.5900648115816D+00 0.5542512738261D+00 0.5180644783429D+00 0.4815494770500D+00
 0.4447568356584D+00 0.4077433737632D+00 0.3705726089059D+00 0.3333155534374D+00
 0.2960511080760D+00 0.2588668699870D+00 0.2218594967965D+00
  459
-0.7831172403254D+00-0.3352656976823D-32-0.6697988733354D+01-0.2067989892731D-18
-0.2738791212821D+01-0.1565194396087D-19-0.4992368355952D+01 0.4062360326163D-18
-0.2690307910668D+01 0.1373099642456D-19-0.2590801882840D+01-0.3492745910616D-18
-0.1059163721439D+01 0.3833257073394D-19-0.3092667907406D+01-0.3170114789630D-18
-0.5008430698876D+00-0.4981640047318D-19-0.9620412150682D+00 0.7276087914159D-18
-0.4732045814384D+00-0.3113358235715D-19-0.1364311023937D+01-0.5127665211660D-19
-0.6080391770731D+00-0.8050466332878D-19-0.9602239258170D+00 0.6985372245469D-19
-0.7912141012736D+00 0.2725283642899D-18-0.3923543319930D+00-0.2956339454985D-18
-0.5094640655047D+00-0.5947801351189D-18-0.2553709035066D+00 0.2856260291884D-19
-0.1650658470351D+00-0.2330987195054D-19-0.1640374398772D+00 0.3941780128184D-19
-0.3821926170008D+00 0.1591622639423D-18-0.9544895914548D-01-0.7577179623295D-19
-0.2044758430827D+00-0.8902839464287D-19-0.1015680523032D+00 0.7788725802268D-18
-0.2891466106767D+00-0.1795857748604D-18-0.1193704427162D+00-0.4438607852684D-18
-0.2211456917653D+00-0.7034709633773D-19-0.6169201454146D-01 0.6586563445265D-18
-0.5681536579282D-01 0.8746171113863D-19-0.2263156797617D-01-0.2603766886988D-18
-0.5613360312867D-02 0.1239350883766D-18-0.1099760649839D-01-0.2295925278740D-18
-0.1324241300582D+00-0.4319328346157D-20 0.1791871944196D-02 0.1094176483303D-18
 0.1764037519746D-02 0.1340369123932D-18 0.3884063710726D-02-0.5208555891787D-18
-0.2077412730926D+00 0.1644167111762D-18 0.1041578175660D-01 0.3058674677473D-19
 0.3087458578925D-01-0.7654077120943D-19 0.3046146333137D-01-0.1295776224194D-18
-0.1631956314504D-01-0.7593990953157D-19 0.1798549315281D-01-0.4294488296750D-19
 0.3617269955288D-01-0.5437433031374D-18 0.1817384371388D-01 0.6642878562777D-18
-0.5306335180048D-01 0.2030722745409D-18-0.5274845753114D-01-0.2244245828135D-18
 0.3831245835052D-01-0.1708159538149D-18-0.4312418314699D-01-0.1511044768917D-18
-0.2164805858557D-01 0.1814396466385D-19 0.3852705874912D-01-0.2752873837868D-18
 0.3859062329733D-01 0.7354521437144D-18 0.1930937296667D-01 0.2426175467333D-18
-0.3580869249105D-01 0.1021942330314D-18 0.3724120782313D-01 0.3077846648392D-18
-0.2992338273331D-01-0.8166361454353D-19 0.1746901889380D-01 0.1889273155926D-18
 0.1760974339442D-01-0.1580405981682D-18-0.5070852286667D-01-0.4381435852894D-19
 0.1611353828968D-01-0.9528689351054D-19 0.3226196841898D-01-0.3884461363742D-18
 0.3239928596311D-01-0.3533459762819D-18-0.2172941518351D-01 0.2022515028079D-18
 0.2937669254773D-01-0.6666422463837D-20 0.2934377202070D-01 0.1146677796928D-18
 0.1470263762106D-01 0.2689740936533D-20 0.2646635025417D-01-0.2826626210600D-18
 0.2644834917965D-01-0.7035704667498D-19-0.1636448750618D-01 0.7946361861952D-19
 0.2363337999138D-01 0.5240499101993D-20 0.2362923986229D-01-0.3834719574090D-18
 0.5920460620658D-02 0.1328140583232D-18-0.1435870034483D-01-0.3712217779352D-20
-0.3604913336653D-02-0.5395971941172D-19 0.1052777521990D-01 0.1924339186906D-18
 0.1044629913157D-01 0.4485182049836D-18-0.2532616727776D-01 0.8043608462201D-19
-0.1273494578070D-01-0.1752915191866D-18 0.1858566437322D-01-0.1904233273385D-18
 0.9291975809397D-02 0.1500133648516D-18-0.3727030282565D-02 0.6951190080433D-19
-0.1128501867269D-01-0.1369582883034D-18 0.1649949897429D-01-0.1551167204348D-18
 0.1641111338072D-01 0.1992226126782D-18 0.1631240420944D-01 0.5620936385349D-18
 0.7260916786146D-02-0.4977873433637D-19 0.7269329230387D-02 0.5217789640233D-19
 0.1449640250587D-01-0.1695426511724D-18-0.1769539238327D-01 0.2275909315512D-18
-0.8915530380900D-02-0.9285355942353D-19 0.6328699022919D-02 0.1702996871361D-18
 0.1273611599346D-01-0.3100965173035D-18-0.1588655508202D-01-0.1212806745717D-18
 0.1120865577133D-01 0.1088715631209D-19 0.1122962498877D-01-0.1533690852276D-18
 0.5506825078646D-02-0.9214695522458D-19 0.9836950524148D-02-0.2092018607209D-18
 0.9771563951714D-02 0.1782287732965D-18 0.9677805223197D-02-0.1955302149408D-18
-0.3148946101748D-02 0.1376601155864D-20 0.4303856511037D-02 0.1767197592166D-18
 0.4245260874808D-02-0.1124259186825D-19-0.5655217268071D-02 0.4566295871448D-21
-0.5632122455729D-02 0.3056056402522D-19 0.3786019983557D-02-0.3275400204505D-19
 0.7486657152991D-02 0.8973623042475D-19 0.7523145344548D-02 0.2657150296397D-18
 0.7426325730487D-02-0.5177505091371D-19-0.5033001354254D-02 0.1315662191191D-18
-0.5069266525255D-02-0.3142845635855D-19 0.6574758775363D-02-0.1215519557452D-18
 0.6468449316854D-02-0.1986323792455D-18-0.9101701809641D-02-0.1603562688468D-19
 0.5680079571343D-02-0.9096520482316D-19-0.4080909167476D-02 0.7761745936081D-19
-0.1034819665885D-02-0.2676554736349D-19 0.4882582351521D-02 0.9272143127104D-19
 0.4831955435504D-02-0.9767049033113D-19 0.4866098905860D-02-0.1732188696397D-18
 0.2415737661793D-02 0.6565461259061D-19 0.2389324551840D-02 0.2289254090934D-18
-0.3730745981558D-02-0.9122323064716D-19 0.2074656013455D-02-0.3176061482062D-20
 0.4129325860809D-02 0.8825271597600D-19 0.4140275988336D-02-0.2931180924914D-19
-0.6701040362858D-02 0.6839750457948D-19-0.3373587914297D-02-0.7602333432644D-19
 0.3512303297620D-02-0.1334829666942D-18 0.3463886640790D-02 0.3026185690400D-18
 0.2926448294190D-02-0.3975386490506D-19 0.2918428726059D-02-0.1564832752779D-18
-0.2786988077420D-02-0.5635963421485D-19 0.1212048622371D-02-0.3980698240765D-19
 0.2410706664039D-02 0.7120135367850D-20 0.1197362850058D-02 0.9822313820082D-19
 0.6032556393097D-03 0.5907695744553D-19-0.2535694074684D-02 0.8878996511104D-19
-0.5088293943473D-02-0.8667366405766D-19-0.2541635780467D-02-0.8407653250647D-20
 0.1961112097292D-02-0.2055347045067D-19 0.1952382112850D-02-0.1006714848765D-18
 0.9777184842912D-03 0.9134148865303D-19-0.4655469925119D-02 0.1092976353389D-19
 0.1552678583437D-02-0.8072744699918D-19 0.1545039323860D-02 0.1182081432127D-18
 0.7755017034807D-03 0.8053600444302D-19 0.7770958667264D-03-0.4160921640473D-19
-0.2133606738224D-02 0.5105006105072D-19 0.1199031548490D-02-0.4538974923935D-19
 0.1201669225558D-02 0.1223900147102D-18 0.1207471935642D-02-0.8257114340474D-19
-0.1956998750129D-02-0.1693253728550D-19 0.4497415090258D-03 0.3761750320137D-19
 0.8987714927448D-03 0.7164467369563D-19 0.4541951852877D-03-0.1009179371933D-19
-0.3593944731073D-02 0.5880094027331D-19-0.1794950153806D-02-0.2529980641337D-19
 0.6465387987228D-03-0.3741140999822D-19 0.6416091662879D-03-0.6291358954399D-19
 0.6547134149658D-03-0.2695401349963D-19-0.3286928649745D-02-0.3213753005156D-19
 0.4365467503270D-03 0.4596998642789D-19 0.4342659189933D-03-0.8619471117708D-19
 0.4435075198844D-03-0.7371374283499D-19 0.2627516270934D-03-0.5127338004364D-19
-0.4564020760101D-03 0.1960422155870D-19 0.1297645520573D-03-0.3869765228219D-19
 0.6612251493396D-04 0.9618805615897D-20 0.1319721178402D-03-0.6183611926730D-19
 0.1379844430465D-03-0.3547820041791D-19 0.1322886894605D-03 0.1170101615384D-19
 0.6912063358758D-04 0.1893470872813D-19-0.2476403368229D-02 0.2566690762138D-20
-0.3090990638776D-03-0.8219062580317D-20 0.1506044685917D-04-0.1764351198325D-19
 0.1560738845605D-04 0.1038566892207D-20 0.3655107592416D-04 0.2513641158803D-19
 0.1665277120665D-04 0.7788124562349D-19-0.2233629771098D-02 0.7144294348383D-19
-0.5581038381990D-03-0.2172357021709D-20-0.1114900821236D-02-0.2855752933297D-19
-0.3904748828493D-04 0.2463053605687D-20-0.1850634204379D-04 0.4972940558237D-19
-0.9985907314655D-03 0.1747026537422D-20-0.9986555449814D-03-0.2437236571236D-19
-0.8401374637326D-04-0.3746674269808D-20-0.8506165754331D-04-0.3369084520342D-19
-0.8289529503000D-04 0.7663960793501D-19-0.8322696968349D-04-0.5021231160302D-19
-0.8724328582893D-04 0.1022800695034D-18-0.8863350471906D-03-0.8490727910783D-20
-0.1088150981687D-03-0.3162113016791D-19-0.1090196694087D-03 0.1934280552846D-20
-0.1559684654926D-02-0.7214448339967D-20-0.7817178890612D-03-0.1842130858107D-19
-0.1173854374515D-03-0.2990340020906D-19-0.6096838431485D-04 0.3299176961957D-19
-0.6791558093225D-03 0.9881669399011D-20-0.6786783770467D-03 0.1160331093149D-19
-0.1363103650727D-02-0.2971526035947D-19-0.1113531273851D-03-0.5902490135656D-20
-0.1091478258114D-03 0.3169004990682D-19-0.5566807315778D-04 0.2263582910321D-19
-0.9586732529825D-04 0.3383019575410D-19-0.9383529021223D-04-0.2951540900801D-19
-0.1009679050420D-03 0.3994523725413D-19-0.9924037034995D-03 0.9311283724299D-20
-0.3515963288443D-04-0.6698459361376D-20-0.7182073048840D-04-0.1213011390814D-19
-0.4157290551234D-04-0.1125159891380D-19-0.4141587740827D-03 0.2146233058728D-19
-0.4177460668833D-03-0.7387021430534D-20-0.4369352483024D-04-0.1647616475925D-19
-0.4649152398404D-04-0.8727523564778D-20-0.4421752999859D-04-0.2109766315601D-19
-0.5090807717575D-04 0.2434615762711D-19-0.5578247932424D-04-0.2043146629650D-19
-0.3429378301439D-03-0.8242526328163D-20-0.1551161436786D-04-0.1112256094378D-19
-0.1789472996388D-04 0.1215450162587D-19-0.1650022997475D-04-0.9676432913244D-20
-0.1772674201207D-04-0.2174258666297D-19-0.1307421492637D-04-0.3527416175089D-20
-0.2729350047485D-03 0.1245615797757D-19-0.5515203231719D-03-0.1190951948915D-19
 0.1238200477319D-04 0.2791452576635D-20 0.3019112001075D-05-0.7209810719122D-20
 0.1845672247631D-04-0.3048306496220D-20 0.3633468423524D-04-0.1359877185530D-19
 0.9522687185644D-05 0.7645571758360D-20 0.3034359544104D-04-0.1411066804978D-19
-0.3229514557814D-03 0.1293482009422D-19-0.1615218952756D-03-0.2099773063041D-20
 0.5976032082066D-04-0.1019761494442D-19 0.2838845225701D-04 0.3732303194288D-20
 0.2999726844212D-04 0.1122058047526D-19 0.5668264335655D-04 0.5942860903259D-20
-0.2350486611838D-03-0.3470734771460D-20-0.2329887142658D-03-0.1139612663824D-20
 0.7744202400442D-04-0.5507315408451D-20 0.7416935647777D-04-0.5951022508373D-20
 0.3841534518632D-04 0.9602071524677D-20 0.3709447251344D-04 0.2245694823950D-20
 0.8991969179130D-04 0.7435938191193D-23 0.8975820362796D-04 0.2872405250465D-20
 0.9014965830817D-04 0.1363886131318D-19 0.8923486024843D-04 0.2675761789540D-20
-0.1208743438410D-04-0.8386115701428D-21 0.9890421306203D-04-0.4602161274086D-20
 0.4924986472011D-04 0.3759042720759D-20 0.4932129009616D-04 0.9240554864285D-20
-0.4380916126024D-04 0.2679098090902D-20-0.2147163974428D-04-0.1856977907725D-20
-0.2157668380706D-04-0.2647417989094D-20 0.5105018266008D-04-0.1901528009467D-20
 0.1029662420625D-03-0.5272669450096D-20-0.2157471926125D-05 0.4287050144467D-20
-0.3670995813850D-05-0.2083484404202D-20-0.6356582307363D-06-0.1981319270415D-20
 0.9980154774774D-04-0.1673280486163D-20 0.9999381465134D-04 0.3807787027533D-20
 0.1022178867297D-03 0.8108698297139D-22 0.1000336429500D-03-0.3105754364960D-20
 0.1044235048783D-03 0.8760212231569D-20 0.1250807176887D-04 0.1992381045545D-21
 0.9405635107124D-04-0.1954319624359D-20 0.9543221867578D-04 0.2781028297969D-21
 0.9645065312922D-04-0.1924521081508D-20 0.9484176474238D-04-0.2671907512417D-20
 0.2180980247984D-04 0.1510114194331D-20 0.2508108560472D-04-0.9067461327883D-21
 0.8393517095312D-04-0.9131592644699D-21 0.8529492643088D-04-0.1166235349284D-20
 0.4538683582671D-04 0.1439791231325D-20 0.4343164129038D-04 0.9174596999499D-21
 0.5750351315375D-04-0.3518699997262D-22 0.6347562606125D-04-0.8586936756449D-21
 0.3548688963799D-04 0.7993156154713D-22 0.7276224908828D-04-0.5082283974435D-21
 0.7459397496703D-04 0.5697071680921D-21 0.7261809737879D-04-0.1147938894894D-21
 0.6197135176115D-04 0.1236534084416D-21 0.5734838269108D-04 0.1422149574427D-21
 0.6357180628323D-04-0.4616261276820D-21 0.4011724828371D-04-0.2634508194587D-21
 0.4270401163621D-04 0.3330551803987D-21 0.4147010734435D-04 0.2500308168853D-21
 0.3234913615533D-04 0.5024756257854D-21 0.1463387090401D-04 0.1226838873742D-21
 0.2303912339190D-04 0.1221074126220D-20 0.2514794060974D-04-0.1017109490690D-20
 0.2741126609987D-04-0.2136692053599D-20 0.2497957701077D-04 0.1695171461601D-20
 0.1145709534649D-04-0.1773594049985D-20 0.1706226281215D-04 0.8357291718660D-21
 0.2584252946866D-04 0.1505407839713D-21 0.2796900923461D-04 0.8519855129997D-21
 0.3511055105906D-05 0.1750006290715D-21 0.5314295741614D-05 0.1784637462265D-20
 0.4492758222067D-05-0.4128203416625D-20 0.1359721137582D-04 0.2232517256594D-20
 0.4203273903639D-04-0.1290347979128D-20 0.4635902290154D-04 0.1940277231533D-20
 0.2216543485130D-04 0.6463454484150D-21-0.1072867133186D-04 0.2252987687397D-20
-0.3388506257839D-05 0.6830070383963D-21 0.4733348705981D-05-0.1059312511760D-20
 0.3374866447899D-04 0.9904583380971D-21-0.3111685070847D-04 0.2240581131703D-20
-0.2972052340423D-04 0.9246802875910D-21-0.2417237906055D-04 0.1673889250388D-20
 0.8730027625612D-05-0.6365847270639D-21-0.2413388639108D-04 0.1155956279746D-20
-0.2409826733437D-04 0.6346834726961D-21-0.4505828529676D-04-0.4026411611557D-20
-0.1957704425429D-04-0.1416234186996D-20-0.3820618625779D-04-0.2368003991698D-20
-0.2060907659026D-04-0.3025896204214D-20-0.3855811638034D-04 0.3429752828851D-20
 0.6633538396050D-05-0.6261652025053D-20 0.1390419233673D-04 0.1978069407843D-20
-0.5455864804162D-04-0.2888071666723D-21-0.5589578464287D-04-0.5727105551294D-20
-0.9510806009853D-07-0.5414314441921D-21-0.7090884922114D-04 0.1360187983332D-20
-0.7471311053963D-04 0.2727817965457D-20-0.6854085996035D-04 0.2226806009254D-20
-0.6575296342560D-04-0.2183413010697D-20-0.6767053188856D-04 0.3516490462685D-20
-0.6123073738521D-04 0.2421093350663D-20-0.2979012175638D-04-0.5293766480944D-21
-0.8158080177206D-04 0.2817036520880D-20-0.7939971948488D-04 0.2527954095308D-20
-0.7108619674504D-04-0.7599848128331D-21-0.9064782914760D-05 0.1640802537829D-20
-0.8308853210410D-04-0.4159840396532D-20-0.8836480169489D-04 0.3471440845226D-20
-0.1401806102804D-04-0.2160481228668D-20-0.1242548096170D-04-0.2281197577297D-20
-0.2089915781579D-04 0.2850040003528D-20-0.5599176905466D-06 0.3129907597306D-21
-0.9412897269271D-04 0.1594801955916D-20-0.9186209959172D-04-0.1528431637619D-20
-0.9378074669071D-04 0.2480656819466D-20-0.9240418803172D-04 0.3922378785034D-20
-0.8177576827706D-04 0.4104130371457D-20-0.4008474163195D-04-0.5740034606402D-20
-0.1077408636295D-04 0.5096777027914D-21-0.2106790882783D-05 0.1348638995674D-20
-0.8728609546999D-04-0.1427135192090D-20-0.8048352187689D-04 0.1007616584845D-21
-0.3147727641163D-04-0.3281493375516D-20-0.2807058994320D-05 0.1410751178741D-20
-0.9122872266081D-04 0.3495633798033D-20-0.7148522179949D-04 0.2950601918867D-20
-0.6744281274935D-04-0.9764029824361D-20-0.1743435617676D-04 0.1504598337749D-20
-0.8710538057462D-04 0.1458222767624D-20-0.8941734905157D-04 0.3137363047903D-20
-0.7262110575674D-04 0.6227082177928D-22-0.2229181071051D-04-0.2228738606286D-20
-0.3370068222133D-04-0.2213958262786D-20-0.1367794410099D-04 0.9911774679049D-21
-0.1500859162541D-05 0.1521572104776D-20-0.3794533244883D-04 0.1475068285591D-20
-0.6914635390017D-04-0.1368857380335D-20-0.8360238264427D-04 0.2235304513052D-20
-0.4147518069967D-04-0.3860668321058D-20-0.6677772026708D-04-0.3798446893335D-20
-0.2807380726254D-04-0.4039126760113D-20-0.9525072951669D-05-0.4326852291707D-20
-0.1264211362413D-04 0.1204423084102D-20 0.7350046714371D-07 0.2981095365095D-20
-0.7085785745395D-04 0.2880470712948D-20-0.6275409232563D-04 0.1496272595892D-21
-0.3066772063852D-04-0.4079092010900D-20-0.5100337549225D-04 0.2617114133816D-20
-0.5249593550472D-04 0.2668975731021D-20-0.4951881362341D-04 0.1050371337263D-20
-0.3703195795065D-04-0.7016530405337D-20-0.4595232884199D-04-0.6303205663958D-20
 0.6000042062177D-05-0.3364188576780D-20-0.3249282572651D-04 0.1193925197060D-20
-0.2009224289923D-04-0.1508654776842D-21-0.9134216235334D-05-0.2297822503131D-20
-0.3060716880028D-04-0.2169237095605D-20-0.3532229136472D-04 0.3423315218246D-20
 0.2328727100934D-04-0.3140677266990D-21 0.3455384322128D-04-0.7238501089321D-21
 0.5267635000298D-05 0.1335827925387D-20 0.1041633807510D-04 0.1325947182518D-20
-0.6197383617993D-05 0.8486672935607D-21-0.1824605675633D-04-0.4996163919221D-20
 0.4950286654822D-04-0.4925440245288D-20 0.4057358306207D-04 0.2037403615182D-20
 0.1208955143746D-04 0.1479200826008D-20 0.1464805151402D-04 0.2433451996096D-20
 0.4207162056895D-05 0.2940342621029D-21 0.6914738563647D-05-0.4126961428772D-20
 0.1672799064963D-05 0.2530291059652D-20-0.6946097140274D-05 0.1956292780799D-20
 0.4605571365536D-04 0.2690536647719D-20 0.3851584838244D-04 0.1725721318243D-20
 0.2397245293033D-04 0.2588259802078D-20 0.1644482821445D-04 0.3678696076970D-20
 0.6228924346958D-04 0.7422417581864D-21 0.3967679199869D-04 0.2620857938856D-20
 0.2537949663042D-04-0.2586184127591D-20 0.1751219842116D-04 0.1032719746255D-20
 0.7927138930942D-04 0.5576082738802D-21 0.6942527221882D-04 0.1720973572666D-20
 0.3062945076624D-04-0.5848191453793D-21 0.4704159376436D-04-0.4317484473205D-21
 0.6120672431755D-04 0.2124295551793D-20 0.1534193119939D-04-0.1431745058184D-20
 0.5760050220623D-04-0.4350573445658D-20 0.5529451496810D-04-0.2428797020734D-20
 0.4135261362537D-04 0.1982032843815D-20 0.1098140862153D-03-0.2459572473255D-20
 0.8946600580995D-04 0.1941605790471D-20 0.7845814636977D-04 0.1271257116534D-20
 0.8005065254660D-04 0.2121790706282D-20 0.8082141521785D-04 0.1339401409545D-20
 0.5083322196037D-04 0.2952403582475D-20 0.8728462380112D-04-0.1106996622216D-20
 0.9315395372754D-04-0.1820672877771D-20 0.5532990441325D-04-0.6750106051478D-21
 0.4781694503649D-04 0.9083059174684D-21 0.1000427336290D-03 0.3655955515670D-21
 0.1150807720219D-03-0.2415876372423D-20 0.1029651361167D-03 0.1048981613472D-20
 0.7496564797105D-04 0.1662217726096D-20 0.3889799705310D-04-0.1252083308489D-21
 0.6184686484250D-04-0.2560292785629D-20 0.6541081257044D-04 0.1018678519674D-20
 0.9795265978334D-04 0.1563189954273D-20 0.1137891066379D-03 0.1397498533186D-20
 0.1119365854507D-03 0.1785535686655D-20 0.9364889932895D-04-0.1087790288753D-21
 0.1390457350054D-03-0.7540937756418D-21 0.1426921234067D-03 0.1710895811400D-20
 0.3209187465784D-04 0.2683990441974D-21 0.1066278544344D-03 0.1452475947580D-20
 0.1151294455122D-03 0.1364457004553D-20 0.5218804161409D-04-0.2120006827414D-20
 0.6743495787804D-04-0.1778152000891D-20 0.6857354790321D-04 0.4815204310871D-21
 0.6739368458594D-04 0.3252298753822D-21 0.1239884465481D-03 0.9966050185405D-21
 0.1231642889547D-03-0.9206859594462D-21 0.1212625972832D-03 0.1290018803514D-20
 0.1247999535383D-03-0.3415979562344D-20 0.1179852175007D-03 0.1803390859661D-20
 0.7465221030227D-04 0.5599452222027D-21 0.1566564389485D-04 0.5616277783310D-22
 0.6599811940332D-04 0.2678326743705D-21 0.1231744218493D-03 0.3676016101770D-21
 0.1192871634491D-03 0.6195182005598D-21 0.1203242121652D-03 0.1503776118045D-21
 0.5733418646961D-04-0.2237480363028D-20
    1
    1    1  120    3
 0.6670041565273D-04 0.7325994306415D-04 0.8043471032351D-04 0.8835002696759D-04
 0.9704404865934D-04 0.1065762518399D-03 0.1170007007022D-03 0.1283685810621D-03
 0.1407233563747D-03 0.1540330965699D-03 0.1684547875590D-03 0.1839421767862D-03
 0.2004983547659D-03 0.2181118647803D-03 0.2367551424346D-03 0.2563806160312D-03
 0.2769209345653D-03 0.2982841278767D-03 0.3203544045520D-03 0.3429872978885D-03
 0.3660115460730D-03 0.3892247761902D-03 0.4123975668318D-03 0.4352706309334D-03
 0.4575625269709D-03 0.4789700798757D-03 0.4991816279607D-03 0.5178826930062D-03
 0.5347771521055D-03 0.5495998399936D-03 0.5621469301460D-03 0.5722952009118D-03
 0.5800391261815D-03 0.5855107220791D-03 0.5890129650515D-03 0.5910244383082D-03
 0.5922085450719D-03 0.5933793405255D-03 0.5954642922560D-03 0.5994167167956D-03
 0.6061325289638D-03 0.6163314259759D-03 0.6304718948683D-03 0.6486633770542D-03
 0.6706450805140D-03 0.6957832707046D-03 0.7231395559596D-03 0.7515460088682D-03
 0.7797241006384D-03 0.8063815588634D-03 0.8303223182201D-03 0.8505152326946D-03
 0.8661622390179D-03 0.8767240975345D-03 0.8819461249649D-03 0.8818501253512D-03
 0.8767304370681D-03 0.8671254988329D-03 0.8537956942794D-03 0.8376832739656D-03
 0.8198777339113D-03 0.8015675351294D-03 0.7839949050787D-03 0.7683996898460D-03
 0.7559638536561D-03 0.7477480925304D-03 0.7446271335198D-03 0.7472232196829D-03
 0.7558393858077D-03 0.7704041193194D-03 0.7904257010447D-03 0.8149859286106D-03
 0.8427695115508D-03 0.8721796275420D-03 0.9015217659965D-03 0.9293053766546D-03
 0.9545829967213D-03 0.9773213880184D-03 0.9986229225231D-03 0.1020768191253D-02
 0.1046935236962D-02 0.1080741591339D-02 0.1125651144343D-02 0.1184534899278D-02
 0.1259380886166D-02 0.1351310427006D-02 0.1460702894609D-02 0.1587487372891D-02
 0.1731368090104D-02 0.1892090281956D-02 0.2069558762135D-02 0.2263966837948D-02
 0.2475773818610D-02 0.2705699237507D-02 0.2954577114139D-02 0.3223233521931D-02
 0.3512231407145D-02 0.3821640280692D-02 0.4150677130772D-02 0.4497367931471D-02
 0.4858069978341D-02 0.5226997760535D-02 0.5595567080920D-02 0.5951691957692D-02
 0.6278823955555D-02 0.6554889826379D-02 0.6750939622446D-02 0.6829769461851D-02
 0.6744453106333D-02 0.6437211935807D-02 0.5838635725915D-02 0.4867552059881D-02
 0.3431208551257D-02 0.1425245714499D-02-0.1267447433494D-02-0.4779606082853D-02
-0.9262985127063D-02-0.1488906218402D-01-0.2184068577774D-01-0.3029082234849D-01
 0.7910819065999D-09 0.9350688527918D-09 0.1104171143025D-08 0.1303849463124D-08
 0.1539194116405D-08 0.1816506934964D-08 0.2142916696737D-08 0.2526786323653D-08
 0.2977636671562D-08 0.3505877248154D-08 0.4124933267441D-08 0.4848524630077D-08
 0.5692783252316D-08 0.6675955805153D-08 0.7818435656544D-08 0.9143229609142D-08
 0.1067597238154D-07 0.1244502778249D-07 0.1448171535524D-07 0.1682041218101D-07
 0.1949835328220D-07 0.2255594384228D-07 0.2603614528181D-07 0.2998463672927D-07
 0.3444906342166D-07 0.3947880168937D-07 0.4512404879209D-07 0.5143536680149D-07
 0.5846260971679D-07 0.6625470432678D-07 0.7485885775433D-07 0.8432128666266D-07
 0.9468784598726D-07 0.1060074765064D-06 0.1183357725254D-06 0.1317436359638D-06
 0.1463259160373D-06 0.1622168216791D-06 0.1796039007669D-06 0.1987479594576D-06
 0.2199967472614D-06 0.2438000671933D-06 0.2707104255717D-06 0.3013803419147D-06
 0.3365388891069D-06 0.3769660621450D-06 0.4234481932140D-06 0.4767399916597D-06
 0.5375125314361D-06 0.6063181329745D-06 0.6835408119285D-06 0.7693675246948D-06
 0.8637393961214D-06 0.9663217173044D-06 0.1076445364059D-05 0.1193067186940D-05
 0.1314691734891D-05 0.1439316180354D-05 0.1564329413720D-05 0.1686440990706D-05
 0.1801562281348D-05 0.1904732628947D-05 0.1989999994647D-05 0.2050379843867D-05
 0.2077786934957D-05 0.2063106868671D-05 0.1996296548720D-05 0.1866737884725D-05
 0.1663732168995D-05 0.1377435231105D-05 0.1000088515927D-05 0.5278825828582D-06
-0.3685792394221D-07-0.6830171822924D-06-0.1388370138378D-05-0.2117999162301D-05
-0.2824939244084D-05-0.3453570913870D-05-0.3946601441641D-05-0.4254123567767D-05
-0.4343086311826D-05-0.4203698458804D-05-0.3851481650140D-05-0.3324239233656D-05
-0.2676294655177D-05-0.1971730033703D-05-0.1279151748615D-05-0.6682508264101D-06
-0.2087720820522D-06 0.2917593655525D-07-0.2664193371071D-07-0.4530560710240D-06
-0.1335486975277D-05-0.2773761326119D-05-0.4891791911392D-05-0.7852700133021D-05
-0.1188257345047D-04-0.1730521648692D-04-0.2459099579138D-04-0.3442043298439D-04
-0.4776271746542D-04-0.6596460029326D-04-0.9084533873405D-04-0.1247902200000D-03
-0.1708429220279D-03-0.2328042143074D-03-0.3153662743589D-03-0.4243276649768D-03
-0.5669498449744D-03-0.7524989785993D-03-0.9929707246473D-03-0.1303906609863D-02
-0.1705125967324D-02-0.2221196942687D-02-0.2881607099861D-02-0.3720928706551D-02
-0.4779502700495D-02-0.6105120199012D-02-0.7755319261191D-02-0.9798964240304D-02
 0.3507941003209D-10 0.4365164218377D-10 0.5399749883609D-10 0.6648360612637D-10
 0.8145185270435D-10 0.9938290644158D-10 0.1207292725240D-09 0.1461569509445D-09
 0.1764389279844D-09 0.2126098270189D-09 0.2554437799286D-09 0.3063480915995D-09
 0.3669282226842D-09 0.4391159257006D-09 0.5251055890461D-09 0.6277169766636D-09
 0.7503565959157D-09 0.8970377897229D-09 0.1072690503096D-08 0.1283286465618D-08
 0.1535913051938D-08 0.1839268373874D-08 0.2203504736716D-08 0.2640910885899D-08
 0.3165846833909D-08 0.3795117965561D-08 0.4548047792381D-08 0.5446515942851D-08
 0.6514584962244D-08 0.7777945263843D-08 0.9262729044983D-08 0.1099349448929D-07
 0.1299053868015D-07 0.1526617012889D-07 0.1781988631301D-07 0.2063360428757D-07
 0.2366623802040D-07 0.2685057460188D-07 0.3009163396470D-07 0.3327025410343D-07
 0.3625002534203D-07 0.3888984954948D-07 0.4105820448416D-07 0.4264859970920D-07
 0.4359091103978D-07 0.4385857049784D-07 0.4346802203945D-07 0.4247373209249D-07
 0.4095772484897D-07 0.3901911402836D-07 0.3676265716248D-07 0.3429077232564D-07
 0.3169681292408D-07 0.2906211406227D-07 0.2645396916521D-07 0.2392592252068D-07
 0.2151795920819D-07 0.1925749195374D-07 0.1715928970248D-07 0.1522525038219D-07
 0.1344255029582D-07 0.1178078145612D-07 0.1018697550173D-07 0.8578812522180D-08
 0.6835190084753D-08 0.4784188526028D-08 0.2188156469345D-08-0.1273540322960D-08
-0.6023280579973D-08-0.1260229221641D-07-0.2168246920892D-07-0.3406443311382D-07
-0.5065318566797D-07-0.7239884957120D-07-0.1001966482601D-06-0.1347479891008D-06
-0.1764109460625D-06-0.2250890654854D-06-0.2802288147630D-06-0.3409722272601D-06
-0.4064662216581D-06-0.4762562135360D-06-0.5506695698297D-06-0.6311189184635D-06
-0.7203319230529D-06-0.8225753439533D-06-0.9439745370389D-06-0.1093022591067D-05
-0.1281364827624D-05-0.1524922501580D-05-0.1845432295215D-05-0.2272455718377D-05
-0.2845947539276D-05-0.3619429262490D-05-0.4663886586555D-05-0.6072459347014D-05
-0.7966174686262D-05-0.1050102222046D-04-0.1387713571407D-04-0.1835115582267D-04
-0.2425383594278D-04-0.3201559821113D-04-0.4220418763618D-04-0.5557902349236D-04
-0.7316781636436D-04-0.9636980747867D-04-0.1270889123832D-03-0.1678966541107D-03
-0.2222232952468D-03-0.2945756370997D-03-0.3907884931577D-03-0.5183336287213D-03
-0.6867361761378D-03-0.9081764066548D-03-0.1198359254446D-02-0.1577706718798D-02
-0.2072836793889D-02-0.2718220716709D-02-0.3557882608467D-02-0.4647239363643D-02
    2    2  120    8
 0.2146476042672D-03 0.2279152030486D-03 0.2420050499409D-03 0.2569679170824D-03
 0.2728582167712D-03 0.2897333519227D-03 0.3076546846386D-03 0.3267507843563D-03
 0.3469672870613D-03 0.3684373895254D-03 0.3912392911681D-03 0.4154555465852D-03
 0.4411744199867D-03 0.4684891126443D-03 0.4974992926812D-03 0.5283101794688D-03
 0.5610343216514D-03 0.5957905605815D-03 0.6327059892221D-03 0.6719148390262D-03
 0.7135606952878D-03 0.7577951791327D-03 0.8047805217235D-03 0.8546880738914D-03
 0.9077011440394D-03 0.9640133991283D-03 0.1023832074477D-02 0.1087376084289D-02
 0.1154879749984D-02 0.1226590667195D-02 0.1302773819478D-02 0.1383709291615D-02
 0.1469696925203D-02 0.1561053621000D-02 0.1658118747172D-02 0.1761251096862D-02
 0.1870834863458D-02 0.1987276382995D-02 0.2111010901642D-02 0.2242498737488D-02
 0.2382233144744D-02 0.2530735991996D-02 0.2688566460434D-02 0.2856316427171D-02
 0.3034620323093D-02 0.3224149703218D-02 0.3425624697674D-02 0.3639807923890D-02
 0.3867517155722D-02 0.4109618832489D-02 0.4367042452458D-02 0.4640772925621D-02
 0.4931867263917D-02 0.5241446142719D-02 0.5570712241891D-02 0.5920941335731D-02
 0.6293503214313D-02 0.6689851081864D-02 0.7111545870512D-02 0.7560244522052D-02
 0.8037726826417D-02 0.8545883057450D-02 0.9086744460986D-02 0.9662468718785D-02
 0.1027537538452D-01 0.1092792964785D-01 0.1162278169351D-01 0.1236274954055D-01
 0.1315086385571D-01 0.1399034775465D-01 0.1488466876830D-01 0.1583751678273D-01
 0.1685286148694D-01 0.1793492931687D-01 0.1908826941554D-01 0.2031772633785D-01
 0.2162851687573D-01 0.2302620067738D-01 0.2451676603223D-01 0.2610659987883D-01
 0.2780258653042D-01 0.2961207363399D-01 0.3154298814108D-01 0.3360380034925D-01
 0.3580365543106D-01 0.3815233949008D-01 0.4066043135654D-01 0.4333926555040D-01
 0.4620111253625D-01 0.4925914074102D-01 0.5252762072881D-01 0.5602189232698D-01
 0.5975859807613D-01 0.6375564439252D-01 0.6803247238334D-01 0.7261001246825D-01
 0.7751098188365D-01 0.8275983431313D-01 0.8838308627183D-01 0.9440924341823D-01
 0.1008691632356D+00 0.1077959584297D+00 0.1152253885083D+00 0.1231957529594D+00
 0.1317483373681D+00 0.1409273004523D+00 0.1507802194553D+00 0.1613580162145D+00
 0.1727156301790D+00 0.1849120302300D+00 0.1980110583034D+00 0.2120815070760D+00
 0.2271981208063D+00 0.2434416651727D+00 0.2608999467650D+00 0.2796677292476D+00
 0.2998476252287D+00 0.3215497109494D+00 0.3448923057005D+00 0.3700014647742D+00
-0.1417336584666D-07-0.1597740786892D-07-0.1801144685010D-07-0.2030480588077D-07
-0.2289057326957D-07-0.2580603811281D-07-0.2909327373384D-07-0.3280149293015D-07
-0.3698077127991D-07-0.4169299978996D-07-0.4700613953260D-07-0.5299681661201D-07
-0.5975143128164D-07-0.6736736037951D-07-0.7595441204382D-07-0.8563635005203D-07
-0.9655271939158D-07-0.1088607719304D-06-0.1227378306399D-06-0.1383836749873D-06
-0.1560235809761D-06-0.1759113311695D-06-0.1983330402409D-06-0.2236110248949D-06
-0.2521086047207D-06-0.2842350252275D-06-0.3204514941243D-06-0.3612775275312D-06
-0.4072984253106D-06-0.4591733530928D-06-0.5176449514297D-06-0.5835492680538D-06
-0.6578280400184D-06-0.7415413169317D-06-0.8358827637710D-06-0.9421957154469D-06
-0.1061992415200D-05-0.1196974203015D-05-0.1349055797886D-05-0.1520390589233D-05
-0.1713401294441D-05-0.1930811508021D-05-0.2175684369995D-05-0.2451462102201D-05
-0.2762014282470D-05-0.3111687437287D-05-0.3505365739012D-05-0.3948532378871D-05
-0.4447345687967D-05-0.5008716064250D-05-0.5640400285896D-05-0.6351097372571D-05
-0.7150566800791D-05-0.8049747142704D-05-0.9060902871169D-05-0.1019777257382D-04
-0.1147575156656D-04-0.1291207508115D-04-0.1452604643623D-04-0.1633926485449D-04
-0.1837590944721D-04-0.2066302315347D-04-0.2323086877367D-04-0.2611328237831D-04
-0.2934812128517D-04-0.3297771099215D-04-0.3704940870092D-04-0.4161617128714D-04
-0.4673727672796D-04-0.5247905079387D-04-0.5891579663740D-04-0.6613074276662D-04
-0.7421725561787D-04-0.8328008580539D-04-0.9343697333550D-04-0.1048203152757D-03
-0.1175793044690D-03-0.1318821850739D-03-0.1479191429879D-03-0.1659053589394D-03
-0.1860849345000D-03-0.2087350578297D-03-0.2341713032975D-03-0.2627532928120D-03
-0.2948918350213D-03-0.3310564925573D-03-0.3717850674876D-03-0.4176936065042D-03
-0.4694886897244D-03-0.5279802966905D-03-0.5940974151237D-03-0.6689040370190D-03
-0.7536183155767D-03-0.8496318520665D-03-0.9585324821357D-03-0.1082126666156D-02
-0.1222466000497D-02-0.1381872867497D-02-0.1562971142227D-02-0.1768716269033D-02
-0.2002432684064D-02-0.2267852093853D-02-0.2569163774473D-02-0.2911069637007D-02
-0.3298859425050D-02-0.3738497044350D-02-0.4236738128367D-02-0.4801266703915D-02
-0.5440873955540D-02-0.6165659707280D-02-0.6987282035846D-02-0.7919221893848D-02
-0.8977089403018D-02-0.1017892520680D-01-0.1154552885055D-01-0.1310076199495D-01
-0.1487188516691D-01-0.1688988679193D-01-0.1918992045633D-01-0.2181183235348D-01
 0.3954228772225D-07 0.4458432779010D-07 0.5026989707562D-07 0.5668108875295D-07
 0.6391053512460D-07 0.7206263655408D-07 0.8125513238363D-07 0.9162336673185D-07
 0.1033120783575D-06 0.1164922792175D-06 0.1313541822000D-06 0.1481121586586D-06
 0.1670078827541D-06 0.1883137349851D-06 0.2123367598336D-06 0.2394229213699D-06
 0.2699622114490D-06 0.3043939950687D-06 0.3432134377883D-06 0.3869783366292D-06
 0.4363172007233D-06 0.4919379149211D-06 0.5546379382173D-06 0.6253152289320D-06
 0.7049811850733D-06 0.7947743059299D-06 0.8959765646161D-06 0.1010030710374D-05
 0.1138560706908D-05 0.1283393542636D-05 0.1446585058156D-05 0.1630447094983D-05
 0.1837579966766D-05 0.2070906645244D-05 0.2333713177867D-05 0.2629691355243D-05
 0.2962989500323D-05 0.3338265366498D-05 0.3760749262053D-05 0.4236310240277D-05
 0.4771534169204D-05 0.5373805398788D-05 0.6051403828394D-05 0.6813605565807D-05
 0.7670802280385D-05 0.8634624803957D-05 0.9718090425560D-05 0.1093575280543D-04
 0.1230388248601D-04 0.1384064998616D-04 0.1556634419282D-04 0.1750359424053D-04
 0.1967763442708D-04 0.2211657104465D-04 0.2485170090450D-04 0.2791783174702D-04
 0.3135366542719D-04 0.3520217770900D-04 0.3951107884200D-04 0.4433326603505D-04
 0.4972737314627D-04 0.5575830991132D-04 0.6249792494326D-04 0.7002564673540D-04
 0.7842928851879D-04 0.8780582967155D-04 0.9826239876938D-04 0.1099172424700D-03
 0.1229009645043D-03 0.1373577588095D-03 0.1534470079444D-03 0.1713449186530D-03
 0.1912466608920D-03 0.2133685960665D-03 0.2379512370428D-03 0.2652624111961D-03
 0.2956014358429D-03 0.3293037005159D-03 0.3667466974906D-03 0.4083566873562D-03
 0.4546174413563D-03 0.5060799831021D-03 0.5633751166639D-03 0.6272274473434D-03
 0.6984731179688D-03 0.7780794032206D-03 0.8671691047933D-03 0.9670471660249D-03
 0.1079232828283D-02 0.1205494062203D-02 0.1347888131680D-02 0.1508803518817D-02
 0.1691007820177D-02 0.1897695293094D-02 0.2132539227848D-02 0.2399740759843D-02
 0.2704081169869D-02 0.3050967029671D-02 0.3446477777107D-02 0.3897404459821D-02
 0.4411294059327D-02 0.4996488550319D-02 0.5662181478350D-02 0.6418483800872D-02
 0.7276533357711D-02 0.8248641066157D-02 0.9348520948268D-02 0.1059159379385D-01
 0.1199541510428D-01 0.1358019886716D-01 0.1536947927965D-01 0.1739083707081D-01
 0.1967670826496D-01 0.2226514815399D-01 0.2520054821785D-01 0.2853415527633D-01
 0.3232444721694D-01 0.3663728111153D-01 0.4154606292520D-01 0.4713203310288D-01
-0.7799549704069D-12-0.9365430507765D-12-0.1125022299816D-11-0.1350331143658D-11
-0.1621709981178D-11-0.1946721466007D-11-0.2337539383137D-11-0.2808723959966D-11
-0.3372689896123D-11-0.4050499731915D-11-0.4864546258902D-11-0.5842851800103D-11
-0.7018856890914D-11-0.8431103590232D-11-0.1012798893275D-10-0.1216776765354D-10
-0.1461862825582D-10-0.1756376556929D-10-0.2110325800155D-10-0.2535686406979D-10
-0.3047061109860D-10-0.3661670182142D-10-0.4400410201304D-10-0.5288416366766D-10
-0.6355946623414D-10-0.7639257320718D-10-0.9181922416645D-10-0.1103651930077D-09
-0.1326615169073D-09-0.1594660212596D-09-0.1916903954960D-09-0.2304304857795D-09
-0.2770025149995D-09-0.3329895092579D-09-0.4002903049866D-09-0.4811897492388D-09
-0.5784284955776D-09-0.6952983380479D-09-0.8357503309665D-09-0.1004524768549D-08
-0.1207309495071D-08-0.1450921947930D-08-0.1743535741288D-08-0.2094941962265D-08
-0.2516863215532D-08-0.3023326844639D-08-0.3631109033698D-08-0.4360252603303D-08
-0.5234694485417D-08-0.6282977768560D-08-0.7539125991000D-08-0.9043627099201D-08
-0.1084461707933D-07-0.1299922840719D-07-0.1557518132002D-07-0.1865257160952D-07
-0.2232598602585D-07-0.2670681623002D-07-0.3192596590487D-07-0.3813676117794D-07
-0.4551826221614D-07-0.5427871845374D-07-0.6465936207501D-07-0.7693812206001D-07
-0.9143345009035D-07-0.1085075604314D-06-0.1285692170326D-06-0.1520749271822D-06
-0.1795285078128D-06-0.2114771287326D-06-0.2485035311568D-06-0.2912113325009D-06
-0.3402024467604D-06-0.3960418898985D-06-0.4592078074812D-06-0.5300194367197D-06
-0.6085391063049D-06-0.6944372800925D-06-0.7868141594610D-06-0.8839618469863D-06
-0.9830573095431D-06-0.1079763645309D-05-0.1167726333491D-05-0.1237934869805D-05
-0.1277933850194D-05-0.1270847607971D-05-0.1194204206614D-05-0.1018520901363D-05
-0.7056475119034D-06-0.2068382769009D-06 0.5394234503417D-06 0.1609852407681D-05
 0.3098962502459D-05 0.5121800954857D-05 0.7816657019406D-05 0.1134764802863D-04
 0.1590693689868D-04 0.2171646173121D-04 0.2902890435222D-04 0.3812789764552D-04
 0.4932737200895D-04 0.6297048668769D-04 0.7942862161103D-04 0.9910186935772D-04
 0.1224226139547D-03 0.1498652398918D-03 0.1819649961112D-03 0.2193507023146D-03
 0.2627950241556D-03 0.3132871023966D-03 0.3721288797060D-03 0.4410558617608D-03
 0.5223756763598D-03 0.6191155157393D-03 0.7351594647784D-03 0.8753574888739D-03
 0.1045582428997D-02 0.1252727597432D-02 0.1504649663059D-02 0.1810105309817D-02
 0.1757324795272D-10 0.2105676931247D-10 0.2523047049271D-10 0.3023251737437D-10
 0.3622580561850D-10 0.4340794309915D-10 0.5201364276643D-10 0.6232653661780D-10
 0.7468269791341D-10 0.8948751573511D-10 0.1072268992837D-09 0.1284821586232D-09
 0.1539487311133D-09 0.1844612892416D-09 0.2210187293079D-09 0.2648169117282D-09
 0.3172886594712D-09 0.3801489385870D-09 0.4554532835624D-09 0.5456573396239D-09
 0.6537063969395D-09 0.7831228946800D-09 0.9381215060913D-09 0.1123747098965D-08
 0.1346034406507D-08 0.1612200509322D-08 0.1930879443196D-08 0.2312390546251D-08
 0.2769071202091D-08 0.3315664637303D-08 0.3969789234032D-08 0.4752481918978D-08
 0.5688868005387D-08 0.6808931402696D-08 0.8148453400557D-08 0.9750108293119D-08
 0.1166477138484D-07 0.1395306734788D-07 0.1668720199165D-07 0.1995312650642D-07
 0.2385309632256D-07 0.2850868122900D-07 0.3406431687395D-07 0.4069147510589D-07
 0.4859356408342D-07 0.5801165598422D-07 0.6923119983166D-07 0.8258983345067D-07
 0.9848648369933D-07 0.1173919148260D-06 0.1398609436592D-06 0.1665464895724D-06
 0.1982157541843D-06 0.2357686511697D-06 0.2802588473834D-06 0.3329174847018D-06
 0.3951799256604D-06 0.4687154832669D-06 0.5554604117379D-06 0.6576538522568D-06
 0.7778768110180D-06 0.9190933874399D-06 0.1084693919525D-05 0.1278538405312D-05
 0.1504999132757D-05 0.1768999488423D-05 0.2076046570214D-05 0.2432252459074D-05
 0.2844339750326D-05 0.3319622939059D-05 0.3865958336481D-05 0.4491649609611D-05
 0.5205297444508D-05 0.6015574594335D-05 0.6930909681256D-05 0.7959054007478D-05
 0.9106509232944D-05 0.1037778333834D-04 0.1177444851095D-04 0.1329396410614D-04
 0.1492823924928D-04 0.1666190096815D-04 0.1847025451599D-04 0.2031691931252D-04
 0.2215115904729D-04 0.2390493126200D-04 0.2548973762532D-04 0.2679337592977D-04
 0.2767677446270D-04 0.2797112199524D-04 0.2747560368825D-04 0.2595608071596D-04
 0.2314514412805D-04 0.1874394690798D-04 0.1242625094151D-04 0.3844954470597D-05
-0.7358760671450D-05-0.2154397565001D-04-0.3905699027908D-04-0.6021827841681D-04
-0.8531176984423D-04-0.1145800833242D-03-0.1482302010892D-03-0.1864554489379D-03
-0.2294798311435D-03-0.2776313016356D-03-0.3314485209083D-03-0.3918238207996D-03
-0.4601791452550D-03-0.5386667206416D-03-0.6303761208040D-03-0.7395238565384D-03
-0.8715923775367D-03-0.1033388551130D-02-0.1232995792513D-02-0.1479621112947D-02
-0.1783368537445D-02-0.2155027508772D-02-0.2606009742023D-02-0.3148619157158D-02
-0.1233918899027D-13-0.1546367924913D-13-0.2053081261703D-13-0.2530503276899D-13
-0.3154355232001D-13-0.3966612925026D-13-0.5053004797007D-13-0.6542833854990D-13
-0.8209073734613D-13-0.1051169218022D-12-0.1320951095039D-12-0.1682524103012D-12
-0.2134593935420D-12-0.2725477760225D-12-0.3458641592565D-12-0.4415816277309D-12
-0.5615848585873D-12-0.7141075771174D-12-0.9084903188723D-12-0.1155815912846D-11
-0.1471313142916D-11-0.1871420988640D-11-0.2381275868020D-11-0.3029747821069D-11
-0.3855335939676D-11-0.4905264971677D-11-0.6240987781161D-11-0.7939759798821D-11
-0.1010160025476D-10-0.1285196729483D-10-0.1635067652673D-10-0.2079993546083D-10
-0.2645823841140D-10-0.3365575707058D-10-0.4280674202969D-10-0.5444263904518D-10
-0.6923498695741D-10-0.8803965237983D-10-0.1119401998724D-09-0.1423141326839D-09
-0.1809081802555D-09-0.2299367449707D-09-0.2922126845280D-09-0.3712974497869D-09
-0.4717054818444D-09-0.5991554881841D-09-0.7608883012491D-09-0.9660672162127D-09
-0.1226285190615D-08-0.1556192197468D-08-0.1974305395776D-08-0.2504002081813D-08
-0.3174775842775D-08-0.4023818469080D-08-0.5097982451975D-08-0.6456236579316D-08
-0.8172739546793D-08-0.1034064759989D-07-0.1307685625306D-07-0.1652787213574D-07
-0.2087707909907D-07-0.2635369144495D-07-0.3324378658614D-07-0.4190381027166D-07
-0.5277710230442D-07-0.6641400462873D-07-0.8349626191732D-07-0.1048664512300D-06
-0.1315633391061D-06-0.1648640745717D-06-0.2063342360656D-06-0.2578867307147D-06
-0.3218505079046D-06-0.4010499192789D-06-0.4988952647179D-06-0.6194846212220D-06
-0.7677163125265D-06-0.9494103512451D-06-0.1171435685604D-05-0.1441838101462D-05
-0.1769960863906D-05-0.2166546878932D-05-0.2643806602957D-05-0.3215430902383D-05
-0.3896521406310D-05-0.4703404398243D-05-0.5653285825935D-05-0.6763698567262D-05
-0.8051685027639D-05-0.9532656152023D-05-0.1121886566494D-04-0.1311745023110D-04
-0.1522800048732D-04-0.1753966973859D-04-0.2002787456740D-04-0.2265073578767D-04
-0.2534550756238D-04-0.2802540881418D-04-0.3057742837687D-04-0.3286190660391D-04
-0.3471486977264D-04-0.3595430943166D-04-0.3639164408608D-04-0.3584958805420D-04
-0.3418727583154D-04-0.3133288735876D-04-0.2732283783434D-04-0.2234505376056D-04
-0.1678172754619D-04-0.1124465974888D-04-0.6594072759105D-05-0.3930425121905D-05
-0.4549239816236D-05-0.9852354352483D-05-0.2121684772281D-04-0.3983545186557D-04
-0.6656004138468D-04-0.1017995806411D-03-0.1455421732591D-03-0.1975781036429D-03
 0.2554029547747D-13 0.3245785516351D-13 0.4143774844346D-13 0.5255249386424D-13
 0.6670579161075D-13 0.8441580692453D-13 0.1073666096928D-12 0.1369334095160D-12
 0.1739905352691D-12 0.2213965215792D-12 0.2813775396747D-12 0.3580019326902D-12
 0.4553639432223D-12 0.5794903641323D-12 0.7373981074605D-12 0.9383045289216D-12
 0.1193582112097D-11 0.1518703143962D-11 0.1932398182347D-11 0.2458972113209D-11
 0.3128667188103D-11 0.3980675936835D-11 0.5064905511005D-11 0.6444172377925D-11
 0.8199350930099D-11 0.1043171908151D-10 0.1327107666299D-10 0.1688378267511D-10
 0.2147843315659D-10 0.2732280631393D-10 0.3475532249178D-10 0.4420753605092D-10
 0.5622685289226D-10 0.7150885165319D-10 0.9093758377316D-10 0.1156354795910D-09
 0.1470275117931D-09 0.1869225869141D-09 0.2376167559825D-09 0.3020223631929D-09
 0.3838339891892D-09 0.4877353746112D-09 0.6196635116548D-09 0.7871422826513D-09
 0.9996973635943D-09 0.1269391168183D-08 0.1611484654267D-08 0.2045278994557D-08
 0.2595172037352D-08 0.3291981829305D-08 0.4174616171499D-08 0.5292157405364D-08
 0.6706478457971D-08 0.8495513542660D-08 0.1075733905863D-07 0.1361526192543D-07
 0.1722415551509D-07 0.2177831928203D-07 0.2752122867436D-07 0.3475758372711D-07
 0.4386817215403D-07 0.5532814578267D-07 0.6972943793940D-07 0.8780814753988D-07
 0.1104778864853D-06 0.1388702102282D-06 0.1743834165645D-06 0.2187411310370D-06
 0.2740622575688D-06 0.3429439193409D-06 0.4285591035942D-06 0.5347705875159D-06
 0.6662625622208D-06 0.8286908585613D-06 0.1028852000308D-05 0.1274870050553D-05
 0.1576398625280D-05 0.1944832861319D-05 0.2393523011244D-05 0.2937976720484D-05
 0.3596031590134D-05 0.4387972194292D-05 0.5336557258707D-05 0.6466912008117D-05
 0.7806229091736D-05 0.9383208570918D-05 0.1122715445057D-04 0.1336663404306D-04
 0.1582759811182D-04 0.1863086014628D-04 0.2178884225400D-04 0.2530152664611D-04
 0.2915160087533D-04 0.3329887768559D-04 0.3767419080357D-04 0.4217315764779D-04
 0.4665041733753D-04 0.5091525749066D-04 0.5472984089517D-04 0.5781160853902D-04
 0.5984168317343D-04 0.6048130668286D-04 0.5939820262955D-04 0.5630435161611D-04
 0.5100555904808D-04 0.4346154738260D-04 0.3385266906763D-04 0.2264612870365D-04
 0.1065070917965D-04-0.9546109066285D-06-0.1063536990944D-04-0.1657677177348D-04
-0.1683180428979D-04-0.9544032628150D-05 0.6771904158187D-05 0.3293475833218D-04
 0.6885931895266D-04 0.1134777100796D-03 0.1649337618708D-03 0.2211489307707D-03
 0.1185532878638D-13 0.1563519405710D-13 0.1941190724450D-13 0.2466837231649D-13
 0.3155098339120D-13 0.4058925616598D-13 0.5169518079927D-13 0.6571566106200D-13
 0.8404158456525D-13 0.1067174341323D-12 0.1361567356187D-12 0.1733069602126D-12
 0.2200858920825D-12 0.2802065298770D-12 0.3566692370189D-12 0.4538586791056D-12
 0.5773059501968D-12 0.7342791321913D-12 0.9344795144277D-12 0.1188954667593D-11
 0.1512111549135D-11 0.1923607712654D-11 0.2446842581428D-11 0.3112427329329D-11
 0.3958635166628D-11 0.5034543877537D-11 0.6402976710433D-11 0.8142399724594D-11
 0.1035464734513D-10 0.1316541635540D-10 0.1673893718954D-10 0.2128026499392D-10
 0.2705152908758D-10 0.3438384101097D-10 0.4369908153229D-10 0.5553140588953D-10
 0.7055805391258D-10 0.8963820877437D-10 0.1138599576976D-09 0.1446031512714D-09
 0.1836126002915D-09 0.2331006525006D-09 0.2958630547249D-09 0.3754370144286D-09
 0.4762937108285D-09 0.6040801088235D-09 0.7659264704076D-09 0.9708292006796D-09
 0.1230128527816D-08 0.1558112725339D-08 0.1972764268669D-08 0.2496700290685D-08
 0.3158336598676D-08 0.3993334901888D-08 0.5046403764644D-08 0.6373526177425D-08
 0.8044704715200D-08 0.1014735517494D-07 0.1279046467676D-07 0.1610969107933D-07
 0.2027358246342D-07 0.2549114523041D-07 0.3202099550796D-07 0.4018240125316D-07
 0.5036850512244D-07 0.6306209289908D-07 0.7885422932256D-07 0.9846617976360D-07
 0.1227748647808D-06 0.1528422273039D-06 0.1899485375431D-06 0.2356297625696D-06
 0.2917184789793D-06 0.3603878273800D-06 0.4441968615042D-06 0.5461355183284D-06
 0.6696655059419D-06 0.8187530613134D-06 0.9978864664078D-06 0.1212070611524D-05
 0.1466786364193D-05 0.1767901879717D-05 0.2121516687702D-05 0.2533719644835D-05
 0.3010234109841D-05 0.3555926568342D-05 0.4174147482939D-05 0.4865882471944D-05
 0.5628688029082D-05 0.6455408685983D-05 0.7332678270288D-05 0.8239252773764D-05
 0.9144246086552D-05 0.1000541562946D-04 0.1076769033738D-04 0.1136224040154D-04
 0.1170644274369D-04 0.1170520455693D-04 0.1125412007838D-04 0.1024495968412D-04
 0.8573843457263D-05 0.6152230539882D-05 0.2920368293001D-05-0.1137818298530D-05
-0.5980384306633D-05-0.1149671003305D-04-0.1750493082283D-04-0.2376297745764D-04
-0.2999929421521D-04-0.3596885521037D-04-0.4153783241273D-04-0.4679586800802D-04
-0.5218778213723D-04-0.5864746606902D-04-0.6770696612864D-04-0.8154679598428D-04
-0.1029541178053D-03-0.1351695265122D-03-0.1816363122411D-03-0.2457190839304D-03
