  -1.0456738626318085E-018   1.8932541546451847E-020  -5.2048136628005384E-019   9.9999999999999995E-021
  -4.8424685613225119E-019  -5.8998508524857674E-019  -5.4320088175508390E-019  -4.0053618797095469E-019
   9.2908035705038193E-021   8.9831154598579321E-021   8.8264440098226670E-021   8.6853267688460527E-021
  -1.4822827219744770E-018   2.7528322744129083E-020  -1.0456738626318085E-018   1.8932541546451847E-020
  -4.1479484805686379E-019  -4.5658099058535712E-019  -4.4525693480462386E-019  -4.0118245721918487E-019
   8.7506989711264962E-021   8.6063059859695807E-021   8.5654749906882805E-021   8.4804262616211922E-021
  -1.8967332308780113E-018   3.5922779788616276E-020  -1.4822827219744770E-018   2.7528322744129083E-020
  -4.0505503150414087E-019  -4.2329718736709838E-019  -4.1931781329497123E-019  -3.9641802059292469E-019
   8.4945050015038498E-021   8.3980301116216025E-021   8.3805628398131392E-021   8.3150513625498207E-021
  -2.2989738621992374E-018   4.4168553093655288E-020  -1.8967332308780113E-018   3.5922779788616276E-020
  -3.9797217879338054E-019  -4.0710548106858936E-019  -4.0529764516500202E-019  -3.9066535666679381E-019
   8.3202197928750466E-021   8.2473830501556357E-021   8.2378520756980575E-021   8.1839497856516450E-021
  -2.6922623441169923E-018   5.2295313674888108E-020  -2.2989738621992374E-018   4.4168553093655288E-020
  -3.9142941877272177E-019  -3.9633090185079515E-019  -3.9536787234030232E-019  -3.8490392435161293E-019
   8.1863947866126283E-021   8.1276296278328087E-021   8.1216515084051151E-021   8.0756064283084456E-021
   1.5386397246234442E-017   3.2624184026875660E-020   5.1795982746917888E-018   9.9999999999999995E-021
   8.4937329130316326E-018   8.4187695848274108E-018   1.0404724886762045E-017   1.5100071973045378E-017
   1.7057606363297711E-020   2.2000024251412676E-020   2.3609136377156695E-020   2.7469176540817517E-020
   3.1191175331917706E-017   6.4353281282859909E-020   1.5386397246234442E-017   3.2624184026875660E-020
   1.4528153090998655E-017   1.4803625045357267E-017   1.5923569131244750E-017   1.8846127069896901E-017
   2.6841256410446775E-020   3.1375688731581916E-020   3.2361370468737814E-020   3.6059208724819277E-020
   5.1116910874199774E-017   1.0447715905573385E-019   3.1191175331917706E-017   6.4353281282859909E-020
   1.8600818937598396E-017   1.9326308173385597E-017   1.9986286186674911E-017   2.2328405595973023E-017
   3.5793826938853072E-020   3.9859673391811888E-020   4.0587066540198952E-020   4.4055959834368883E-020
   7.4604406801880386E-017   1.5236828082874311E-019   5.1116910874199774E-017   1.0447715905573385E-019
   2.2188517346344624E-017   2.3078747091587359E-017   2.3529689371278167E-017   2.5519585294008016E-017
   4.3919077866067215E-020   4.7686859050937039E-020   4.8245664627840815E-020   5.1562605414432612E-020
   1.0128162006317651E-016   2.0757014890155814E-019   7.4604406801880386E-017   1.5236828082874311E-019
   2.5434122691294697E-017   2.6375057543960632E-017   2.6711611660397124E-017   2.8455818467766540E-017
   5.1479816550044355E-020   5.5038412133689860E-020   5.5483981172989675E-020   5.8686605273486747E-020
   6.7483732295076673E-017   6.0584171526351383E-020   1.2113176786287047E-017   9.9999999999999995E-021
   3.0916273221707831E-017   4.0461493608180988E-017   5.9060852478085492E-017   1.0226236765849694E-016
   2.6505147510061803E-020   4.3719498929466010E-020   5.4342130538320586E-020   8.0876622712473268E-020
   1.9785559668658326E-016   1.7296260169083688E-019   6.7483732295076673E-017   6.0584171526351383E-020
   9.6056301112813627E-017   1.1556497633654175E-016   1.3551220513032702E-016   1.8402052230248842E-016
   7.6472312367717465E-020   1.0560956109391606E-019   1.1701722096367970E-019   1.5254470450400406E-019
   4.2156280811924366E-016   3.6642790232645385E-019   1.9785559668658326E-016   1.7296260169083688E-019
   1.7916015851335601E-016   2.1061051672352156E-016   2.2869774177852459E-016   2.8446659307851399E-016
   1.4863474236211013E-019   1.8678265670077106E-019   1.9858572625622335E-019   2.4142029553760291E-019
   7.5494139646264253E-016   6.5766465549315608E-019   4.2156280811924366E-016   3.6642790232645385E-019
   2.8032428432631486E-016   3.2154775699001550E-016   3.3829119219641827E-016   4.0026934736121088E-016
   2.3840240057765647E-019   2.8480041092733572E-019   2.9644622140728873E-019   3.4652485375330835E-019
   1.2121778832825160E-015   1.0620492427462884E-018   7.5494139646264253E-016   6.5766465549315608E-019
   3.9691186238082918E-016   4.4636501024624037E-016   4.6207707747393775E-016   5.2962288309805447E-016
   3.4409973156863722E-019   3.9821121036958359E-019   4.0954561792874217E-019   4.6669413535350497E-019
   1.9732132817646275E-016   1.0968277341657326E-019   1.9339940439825730E-017   9.9999999999999995E-021
   6.7723687798576342E-017   1.0924869581852416E-016   1.9012041336563267E-016   4.0142642025293213E-016
   3.6352176264487388E-020   7.3233275192432034E-020   1.0677630112496042E-019   2.0172531160016720E-019
   8.4092162007570616E-016   4.5836946540311406E-019   1.9732132817646275E-016   1.0968277341657326E-019
   3.7674966167401966E-016   5.2405485202670734E-016   6.8127243735682735E-016   1.0741975109543709E-015
   1.8987161309312754E-019   3.0249446073882085E-019   3.6715381928742141E-019   5.6295197877363260E-019
   2.3539249112756750E-015   1.2793777225211256E-018   8.4092162007570616E-016   4.5836946540311406E-019
   1.0338107391466862E-015   1.3566724479625945E-015   1.5707108878153667E-015   2.1894423364972019E-015
   5.3947337225804834E-019   7.5662655284955083E-019   8.5287055747137797E-019   1.1675819498081635E-018
   5.2199649593915149E-015   2.8480292496908965E-018   2.3539249112756750E-015   1.2793777225211256E-018
   2.1360168916050686E-015   2.6791800413885079E-015   2.9433612635058410E-015   3.8151407873012711E-015
   1.1395215964151348E-018   1.4884599599070711E-018   1.6127498219215487E-018   2.0699680029462495E-018
   9.9884383569709451E-015   5.4871390255026036E-018   5.2199649593915149E-015   2.8480292496908965E-018
   3.7562786194313842E-015   4.5551093376428419E-015   4.8644276243106812E-015   6.0154878421381466E-015
   2.0393772191894955E-018   2.5447880115983737E-018   2.6943607043730483E-018   3.3169840037379048E-018
   4.7607543930842898E-016   1.8981983546400844E-019   2.6674266279715096E-017   9.9999999999999995E-021
   1.1910159959922985E-016   2.2814329315982574E-016   4.6739404829893451E-016   1.1862307556555328E-015
   4.6345766881547781E-020   1.1036205681291606E-019   1.8750002730370921E-019   4.3684907766925247E-019
   2.9298104845564571E-015   1.1547008415069960E-018   4.7607543930842898E-016   1.8981983546400844E-019
   1.1394917605476331E-015   1.8036362178862044E-015   2.6082466832168169E-015   4.7591527087344923E-015
   4.2069616162242954E-019   7.5835512292423559E-019   1.0158570480862658E-018   1.8201655326144924E-018
   1.0784698977249550E-014   4.2466934360196004E-018   2.9298104845564571E-015   1.1547008415069960E-018
   4.5659711193992817E-015   6.6189373856761294E-015   8.2342764824682669E-015   1.2856932100470486E-014
   1.7321239613876819E-018   2.6834613974559913E-018   3.2340917251342701E-018   4.9847253605074225E-018
   2.9677313569478262E-014   1.1742877162636932E-017   1.0784698977249550E-014   4.2466934360196004E-018
   1.2445133909465549E-014   1.6949734008027733E-014   1.9590884142941836E-014   2.7829317341967577E-014
   4.8170911504432959E-018   6.8343982107017786E-018   7.7677752661751843E-018   1.0955664255506766E-017
   6.7822221365151248E-014   2.7038341383061810E-017   2.9677313569478262E-014   1.1742877162636932E-017
   2.7202548895291121E-014   3.5394828344341259E-014   3.9245773604415476E-014   5.2385693981233299E-014
   1.0704736084953938E-017   1.4336633087337776E-017   1.5729527889999110E-017   2.0935727282921558E-017
   1.0120289832209946E-015   3.1326228466942513E-019   3.4059213329344876E-017   9.9999999999999995E-021
   1.8510694960027873E-016   4.1044505382920153E-016   9.7418404713588138E-016   2.9134534678194542E-015
   5.6408332842454306E-020   1.5505084357686708E-019   3.0324250475123056E-019   8.4657867851790136E-019
   8.8859501218868156E-015   2.7371401210707922E-018   1.0120289832209946E-015   3.1326228466942513E-019
   2.9117764116239384E-015   5.1734671613705635E-015   8.3021721063410598E-015   1.7380471884947746E-014
   8.4917920074906867E-019   1.7069738310251128E-018   2.5254608275690746E-018   5.2292185004707598E-018
   4.2866525234586103E-014   1.3213118939979145E-017   8.8859501218868156E-015   2.7371401210707922E-018
   1.6790164288373625E-014   2.6653414355355426E-014   3.5740682191936893E-014   6.2305093293237491E-014
   4.9984335562669610E-018   8.4780732514170353E-018   1.0967665073824102E-017   1.8965962706700872E-017
   1.4627778224546723E-013   4.5340451098453983E-017   4.2866525234586103E-014   1.3213118939979145E-017
   6.0109538389477773E-014   8.8357058493574189E-014   1.0791676988174591E-013   1.6781034692516887E-013
   1.8230141566066793E-017   2.7924170296442804E-017   3.3448747158257780E-017   5.1788016475381091E-017
   3.9933180303532346E-013   1.2476628282212083E-016   1.4627778224546723E-013   4.5340451098453983E-017
   1.6310523198177315E-013   2.2670137293383810E-013   2.6213984929752691E-013   3.7753644829463428E-013
   5.0255128442075342E-017   7.1921789444304208E-017   8.2141331457938949E-017   1.1817362009543947E-016
   1.9588036910624875E-015   4.9454478898478810E-019   4.1471874816357822E-017   9.9999999999999995E-021
   2.6576264457408021E-016   6.6943682084157118E-016   1.8133424419557589E-015   6.2726697273080377E-015
   6.6508661884445026E-020   2.0727750946085054E-019   4.6077005840323497E-019   1.5046649362961120E-018
   2.4168807668441124E-014   6.1035027723560528E-018   1.9588036910624875E-015   4.9454478898478810E-019
   6.5842918103212092E-015   1.2981165603723976E-014   2.3006978517884691E-014   5.4699443810733281E-014
   1.5877139387084945E-018   3.5192963129222576E-018   5.7353577344557683E-018   1.3556725866763044E-017
   1.5189209574582041E-013   3.8435721892097360E-017   2.4168807668441124E-014   6.1035027723560528E-018
   5.3686448656528679E-014   9.2646427012031979E-014   1.3395332381308410E-013   2.5945377815751493E-013
   1.3148117385429386E-017   2.4232303196096616E-017   3.3686163440712746E-017   6.5008264059399739E-017
   6.4127621179699514E-013   1.6327106242723399E-016   1.5189209574582041E-013   3.8435721892097360E-017
   2.5083758752311399E-013   3.9585218166989258E-013   5.1204865694164048E-013   8.6966543156086810E-013
   6.2500372315399571E-017   1.0280880684302495E-016   1.3011950759029839E-016   2.2065504202877342E-016
   2.0894746181172989E-012   5.3642105787203622E-016   6.4127621179699514E-013   1.6327106242723399E-016
   8.4277165420022342E-013   1.2463065515996801E-012   1.5071336806714429E-012   2.3395383191793560E-012
   2.1321661533939935E-016   3.2477116745605107E-016   3.8726001541938075E-016   6.0162099157855073E-016
   3.5236215011568207E-015   7.5044664799275406E-019   4.8901319904441876E-017   9.9999999999999995E-021
   3.6107961535694621E-016   1.0183954509695536E-015   3.1072846084636281E-015   1.2235881353290964E-014
   7.6631859891061284E-020   2.6703149619255146E-019   6.6686206254909390E-019   2.4982609105821717E-018
   6.0088908186033123E-014   1.2849905969374700E-017   3.5236215011568207E-015   7.5044664799275406E-019
   1.3553940117428315E-014   2.9366831796952228E-014   5.7163045832202520E-014   1.5277802473351996E-013
   2.7864954018439312E-018   6.7501859477650817E-018   1.2066001981828342E-017   3.2177884667260903E-017
   4.8830088897873323E-013   1.0475689204550477E-016   6.0088908186033123E-014   1.2849905969374700E-017
   1.5342891233669331E-013   2.8603600690522244E-013   4.4534929964448522E-013   9.5307235932009200E-013
   3.1914167703969274E-017   6.3502565369463070E-017   9.4803492812409682E-017   2.0291563238906569E-016
   2.5419929338851802E-012   5.4894681363789148E-016   4.8830088897873323E-013   1.0475689204550477E-016
   9.2831365056187273E-013   1.5655509377010288E-012   2.1464292735758827E-012   3.9698781963229869E-012
   1.9622399634295341E-016   3.4500352673864997E-016   4.6186512672251214E-016   8.5517822628904225E-016
   9.8698007486867767E-012   2.1497391245132837E-015   2.5419929338851802E-012   5.4894681363789148E-016
   3.8481517239137480E-012   6.0332433509026453E-012   7.6425993942682444E-012   1.2767009674554056E-011
   8.2553141542884990E-016   1.3335553616132126E-015   1.6631947391514336E-015   2.7857222482942100E-015
   5.9755719757349760E-015   1.0999845626347065E-018   5.6341687206732280E-017   9.9999999999999995E-021
   4.7106372333574165E-016   1.4705952604502382E-015   4.9979935323917442E-015   2.2107140422149760E-014
   8.6769940265845106E-020   3.3430714216320623E-019   9.2830341196116173E-019   3.9279163272936591E-018
   1.3848326285376440E-013   2.5669920763203188E-017   5.9755719757349760E-015   1.0999845626347065E-018
   2.5891314525787756E-014   6.1151684388337755E-014   1.2999278158014591E-013   3.8686589880542145E-013
   4.6391743485534743E-018   1.2192185936348422E-017   2.3788571662826038E-017   7.0818927656508493E-017
   1.4429574625684963E-012   2.6861350010216868E-016   1.3848326285376440E-013   2.5669920763203188E-017
   3.9959595651034058E-013   8.0044685768344310E-013   1.3391298215256070E-012   3.1480958833599517E-012
   7.2235820906628944E-017   1.5432778793681527E-016   2.4703213020648780E-016   5.8270581884055780E-016
   9.2235068304031073E-012   1.7289927553174558E-015   1.4429574625684963E-012   2.6861350010216868E-016
   3.1040228395733201E-012   5.5712708942705206E-012   8.0945709429889254E-012   1.6247589692915460E-011
   5.6961599717659011E-016   1.0660750404725078E-015   1.5096958000278502E-015   3.0411178531144165E-015
   4.2582156274877353E-011   8.0526651674842272E-015   9.2235068304031073E-012   1.7289927553174558E-015
   1.5806912091429271E-011   2.6190441120818289E-011   3.4780917179267475E-011   6.2402267975244633E-011
   2.9428363413326249E-015   5.0253951744039652E-015   6.5616952596480980E-015   1.1825017263563874E-014
   9.6538814088871117E-015   1.5644098840801691E-018   6.3789555865787493E-017   9.9999999999999995E-021
   5.9571838936790788E-016   2.0393093406254043E-015   7.6470214350047883E-015   3.7572171177499647E-014
   9.6918241823900116E-020   4.0910114311105595E-019   1.2518816581392681E-018   5.9075754601564665E-018
   2.9908560586355573E-013   4.8910877189087692E-017   9.6538814088871117E-015   1.5644098840801691E-018
   4.6532638066354060E-014   1.1898455284462325E-013   2.7472486344285781E-013   9.0263887608669554E-013
   7.3885145801379283E-018   2.0936281881591255E-017   4.4369790390100680E-017   1.4607814470652329E-016
   3.9605983111005438E-012   6.5107056038713491E-016   2.9908560586355573E-013   4.8910877189087692E-017
   9.6237322515898762E-013   2.0615737837996841E-012   3.6962337636729098E-012   9.4910879113177506E-012
   1.5383307104886122E-016   3.5120027259151952E-016   6.0144791051967506E-016   1.5538286619170329E-015
   3.0937793020208951E-011   5.1228955103888016E-015   3.9605983111005438E-012   6.5107056038713491E-016
   9.5112486648454088E-012   1.8102857956940046E-011   2.7849729721603969E-011   6.0446744232716993E-011
   1.5419161349805160E-015   3.0606773073939171E-015   4.5821441323898028E-015   1.0003390685462045E-014
   1.6938499644819644E-010   2.8300308054994931E-014   3.0937793020208951E-011   5.1228955103888016E-015
   5.9212883012149679E-011   1.0338547983664837E-010   1.4396020825768478E-010   2.7677896136710897E-010
   9.7356495331380654E-015   1.7524384315073040E-014   2.3962627446170173E-014   4.6354802212012281E-014
  -2.1107062029666045E-020   1.9999079811814710E-020  -9.9409214714116241E-021   9.9999999999999995E-021
  -9.9412297543404561E-021  -1.2407772115879153E-020  -1.1585347375116928E-020  -9.0693746131939043E-021
   9.9994883529389666E-021   9.9991608864147011E-021   9.9989964367108195E-021   9.9986758716982549E-021
  -3.1042442811029587E-020   2.9997494311445478E-020  -2.1107062029666045E-020   1.9999079811814710E-020
  -9.2790607026490094E-021  -1.0344455673036799E-020  -1.0131260392568702E-020  -9.3817918543212496E-021
   9.9987335737916439E-021   9.9984519319682207E-021   9.9983764300074357E-021   9.9980967000416367E-021
  -4.0829115968171010E-020   3.9995317037289400E-020  -3.1042442811029587E-020   2.9997494311445478E-020
  -9.4471101792420925E-021  -9.9740983502936770E-021  -9.8987364465653348E-021  -9.5272591698884291E-021
   9.9981160076701364E-021   9.9978460613700496E-021   9.9977988862354114E-021   9.9975304521824713E-021
  -5.0585478047870130E-020   4.9992576193602424E-020  -4.0829115968171010E-020   3.9995317037289400E-020
  -9.5552867719192762E-021  -9.8620587779004305E-021  -9.8279143436881812E-021  -9.6029394630982327E-021
   9.9975399508374349E-021   9.9972759935659160E-021   9.9972419227953186E-021   9.9969791543182345E-021
  -6.0333472223249529E-020   5.9989287603883173E-020  -5.0585478047870130E-020   4.9992576193602424E-020
  -9.6172567187523105E-021  -9.8154526281538356E-021  -9.7973877671010238E-021  -9.6450275430143365E-021
   9.9969847658485826E-021   9.9967245580175011E-021   9.9966979482055560E-021   9.9964386833898308E-021
   4.9889181342456961E-016   4.2106520428289020E-020   2.7657364251929727E-016   9.9999999999999995E-021
   1.1199158520338099E-016   2.1674605086600336E-016   2.3556060058887669E-016   3.1730413731849271E-016
   2.4234906870674764E-020   2.9655849667663075E-020   3.3811184321746471E-020   4.1470147720240267E-020
   8.1152757130212304E-016   9.1220102739042337E-020   4.9889181342456961E-016   4.2106520428289020E-020
   3.0161585978573745E-016   2.9272543948805147E-016   3.3067555179907568E-016   3.2739670490532901E-016
   4.0111928391887719E-020   4.8249899563031253E-020   4.9717495549952835E-020   5.8634775246664017E-020
   1.1443662285778615E-015   1.5804761858306263E-019   8.1152757130212304E-016   9.1220102739042337E-020
   3.2943808079502732E-016   3.2114122352709745E-016   3.4331740371779352E-016   3.3867660836962136E-016
   5.7823999951727746E-020   6.6228644978868683E-020   6.7293731754227823E-020   7.6096341646200990E-020
   1.4854558794489679E-015   2.4267017024897675E-019   1.1443662285778615E-015   1.5804761858306263E-019
   3.3945104153921966E-016   3.3361929896476991E-016   3.4785121223698130E-016   3.4414584128391608E-016
   7.5648888103996518E-020   8.4154469722469230E-020   8.5009385308121862E-020   9.3758711830305923E-020
   1.8308932439212507E-015   3.4509880004615972E-019   1.4854558794489679E-015   2.4267017024897675E-019
   3.4447545037728452E-016   3.4028016479872396E-016   3.5015813102594274E-016   3.4727214480707897E-016
   9.3476772828525909E-020   1.0204302021047000E-019   1.0275922983105850E-019   1.1149050587151491E-019
   2.0763130077187056E-015   8.6525093475300144E-020   6.2178488855295480E-016   9.9999999999999995E-021
   5.4395055891753176E-016   1.2479698000321107E-015   1.5704938231021901E-015   2.5462909098083719E-015
   4.2002507185863299E-020   6.0739589129336606E-020   8.2767772139482204E-020   1.3013333112829998E-019
   5.0673078794709602E-015   2.7552271015966006E-019   2.0763130077187056E-015   8.6525093475300144E-020
   2.3591614649019004E-015   2.6400034780357100E-015   3.3004140763976225E-015   3.7059726567449628E-015
   1.2258186924889404E-019   1.7631711188223283E-019   1.9211839050905733E-019   2.7453282607468512E-019
   9.4725270263158577E-015   6.3167477440639766E-019   5.0673078794709602E-015   2.7552271015966006E-019
   3.7475330384484761E-015   4.1169236086687183E-015   4.6643839264514587E-015   5.1211667723805559E-015
   2.6303890129285286E-019   3.4314236530857362E-019   3.6062183313440122E-019   4.6634508730162319E-019
   1.5281451876726129E-014   1.2082229321931514E-018   9.4725270263158577E-015   6.3167477440639766E-019
   5.1328803521736974E-015   5.5681630068953460E-015   6.0292248816090093E-015   6.5258929732792249E-015
   4.5704369738908289E-019   5.6335961542632261E-019   5.8190124092207627E-019   7.1172353663464201E-019
   2.2494939597559549E-014   2.0580809602937262E-018   1.5281451876726129E-014   1.2082229321931514E-018
   6.5274916253816403E-015   7.0072503220511831E-015   7.4046985576735215E-015   7.9295369401694588E-015
   7.0398770235144372E-019   8.3659131419124281E-019   8.5579806744831471E-019   1.0103817029728913E-018
   6.0091991197764590E-015   1.6456057531218732E-019   9.8441219571676529E-016   9.9999999999999995E-021
   1.3470785813754331E-015   3.6924255898428999E-015   5.3228290323499992E-015   1.0771133718596928E-014
   6.0666490851191250E-020   1.0122373369729842E-019   1.6732008990868504E-019   3.2960931380996573E-019
   2.1633840704619937E-014   7.7328924634282959E-019   6.0091991197764590E-015   1.6456057531218732E-019
   9.9181639309184718E-015   1.2707952278127843E-014   1.7781206021333416E-014   2.2851368979219875E-014
   3.1184375002612145E-019   5.2297875872060463E-019   6.1541275078902119E-019   1.0637452571384807E-018
   5.3617034344029745E-014   2.3501195179020909E-018   2.1633840704619937E-014   7.7328924634282959E-019
   2.3306437811646147E-014   2.8484157484464699E-014   3.4659166464168741E-014   4.2306076127545800E-014
   9.8865812613939172E-019   1.4500471331650691E-018   1.6005676272305495E-018   2.3710939824249385E-018
   1.0774055120559925E-013   5.6068368230790561E-018   5.3617034344029745E-014   2.3501195179020909E-018
   4.2411304864934768E-014   5.0274041946336040E-014   5.7146411711979958E-014   6.7488888987850232E-014
   2.2806573370879877E-018   3.0889236804023558E-018   3.3002758868564813E-018   4.4812473594561294E-018
   1.8986176119855790E-013   1.1449667522127161E-017   1.0774055120559925E-013   5.6068368230790561E-018
   6.7402426052692249E-014   7.8027840932434367E-014   8.5401774715880774E-014   9.8465602608429236E-014
   4.3810774076403786E-018   5.6347181294642089E-018   5.9070811089755650E-018   7.5923083097687093E-018
   1.4460320347283564E-014   2.9262953631881060E-019   1.3535467387425317E-015   9.9999999999999995E-021
   2.5322844778452830E-015   8.1331015866851884E-015   1.3305309134934029E-014   3.3231535730162468E-014
   7.9665393981861930E-020   1.5067657801929728E-019   2.9990438563745470E-019   7.1494989661749797E-019
   7.5499265412171549E-014   2.0172668710952616E-018   1.4460320347283564E-014   2.9262953631881060E-019
   3.1069833439239941E-014   4.5077924664216986E-014   7.0623463406145537E-014   1.0376106080936289E-013
   6.9872801653678050E-019   1.3364281208995836E-018   1.7160675891624713E-018   3.5441045719978153E-018
   2.4771535665900499E-013   8.0973692188177718E-018   7.5499265412171549E-014   2.0172668710952616E-018
   1.0751957642027835E-013   1.4435105080429886E-013   1.8999549985219837E-013   2.5708386974772771E-013
   3.2231500908849820E-018   5.2611895418594802E-018   6.1541916371356147E-018   1.0426701637459890E-017
   6.2013103911042876E-013   2.4063304895083166E-017   2.4771535665900499E-013   8.0973692188177718E-018
   2.5859598463675822E-013   3.3216988685369908E-013   3.9911037129694072E-013   5.1333759377050487E-013
   9.8467382496291325E-018   1.4549495775234207E-017   1.6209354521283832E-017   2.4431175214927164E-017
   1.3088513870341257E-012   5.8877351377327626E-017   6.2013103911042876E-013   2.4063304895083166E-017
   5.1224020716375242E-013   6.3568346668089762E-013   7.2500933827364942E-013   8.9869627046933394E-013
   2.3574838762217648E-017   3.2643290861048073E-017   3.5307894258709001E-017   4.9407069891734963E-017
   3.0745720057594099E-014   4.9078061127954175E-019   1.7257656488946927E-015   9.9999999999999995E-021
   4.1029911170626415E-015   1.5149780769862754E-014   2.7844322462951440E-014   8.4028528869505395E-014
   9.8823045713445058E-020   2.0896266564453603E-019   4.9331943984873883E-019   1.3812964109772557E-018
   2.2871222161670640E-013   4.9013778107987569E-018   3.0745720057594099E-014   4.9078061127954175E-019
   8.0979042726303486E-014   1.3163422978864644E-013   2.2981305236082522E-013   3.8392540232942692E-013
   1.4199384956394178E-018   3.0442988080768480E-018   4.2807971914367003E-018   1.0393452702448776E-017
   9.8917075019422482E-013   2.5835375100984339E-017   2.2871222161670640E-013   4.9013778107987569E-018
   4.0734738142474678E-013   5.9446363079055302E-013   8.4903093396366152E-013   1.2684146605319353E-012
   9.3607899301504026E-018   1.6868662214957078E-017   2.0998833661394838E-017   4.0508202058259255E-017
   3.0807251611685958E-012   9.5395037744774258E-017   9.8917075019422482E-013   2.5835375100984339E-017
   1.2867080387705956E-012   1.7783354388481655E-012   2.2677416094613006E-012   3.1704643304566999E-012
   3.7695039098448448E-017   6.0401766343977735E-017   7.0524477780891766E-017   1.1781044851455209E-016
   7.7837759444900060E-012   2.7934526168183188E-016   3.0807251611685958E-012   9.5395037744774258E-017
   3.1674350487307120E-012   4.1925723948063849E-012   5.0030307884060019E-012   6.6596632847729691E-012
   1.1228690963677948E-016   1.6662041396634585E-016   1.8684179493623136E-016   2.8449001618041203E-016
   5.9615102466939986E-014   7.8245156040049825E-019   2.0996791290187371E-015   9.9999999999999995E-021
   6.0605882961820233E-015   2.5321358693105439E-014   5.1783149992104003E-014   1.8482293436092666E-013
   1.1806791488742753E-019   2.7602699680398419E-019   7.6046211148263027E-019   2.4436632309423329E-018
   6.2029363866111041E-013   1.1140291612565922E-017   5.9615102466939986E-014   7.8245156040049825E-019
   1.8525214187974473E-013   3.3430509209774672E-013   6.4594507509509101E-013   1.2183187408996025E-012
   2.6686422976219293E-018   6.3263872310511945E-018   9.7403977878656225E-018   2.7344827977536990E-017
   3.5126255902822127E-012   7.6575346786577041E-017   6.2029363866111041E-013   1.1140291612565922E-017
   1.3320272984772899E-012   2.0952283434749392E-012   3.2490685871234321E-012   5.3333705500525840E-012
   2.4669928855497176E-017   4.8745645795207770E-017   6.4656304924642348E-017   1.4113650074886933E-016
   1.3575553756536041E-011   3.5013120585849298E-016   3.5126255902822127E-012   7.6575346786577041E-017
   5.4872895462368293E-012   8.1095872624435906E-012   1.0998928570419678E-011   1.6673247785559607E-011
   1.3006610063721302E-016   2.2489159669549278E-016   2.7596412321085765E-016   5.0955761398158173E-016
   4.1012056162852986E-011   1.2250470127215924E-015   1.3575553756536041E-011   3.5013120585849298E-016
   1.6726723504070732E-011   2.3510320840659400E-011   2.9429668694403065E-011   4.2012311863706002E-011
   4.8075709807398483E-016   7.6146289751392943E-016   8.8810634019365640E-016   1.4695992676894402E-015
   1.0753405352590237E-013   1.1944110764837315E-018   2.4746208552680196E-015   9.9999999999999995E-021
   8.4057423390500698E-015   3.9226412753354272E-014   8.8482750710683517E-014   3.6653252675668050E-013
   1.3736570663096352E-019   3.5184320242820866E-019   1.1142641079124661E-018   4.0368861315900759E-018
   1.5365731894042261E-012   2.3820214969850139E-017   1.0753405352590237E-013   1.1944110764837315E-018
   3.8395107917801820E-013   7.6316939935921394E-013   1.6200748042393896E-012   3.4237953288947179E-012
   4.7052221238211356E-018   1.2199178814362551E-017   2.0522649362690940E-017   6.5605944882270310E-017
   1.1297831798885770E-011   2.1187636298990946E-016   1.5365731894042261E-012   2.3820214969850139E-017
   3.8748151405429703E-012   6.5253919438743389E-012   1.0975185099585225E-011   1.9691582429427161E-011
   5.9852893991375769E-017   1.2889103233052248E-016   1.8206601391302979E-016   4.4656990164187562E-016
   5.3994609715839237E-011   1.1947368490790912E-015   1.1297831798885770E-011   2.1187636298990946E-016
   2.0658984110084315E-011   3.2470564108723425E-011   4.6879483861388740E-011   7.6821587451412149E-011
   4.0973386642386090E-016   7.6125451731122112E-016   9.8289974466316044E-016   1.9991205261624662E-015
   1.9469781167430987E-010   4.9840131096380562E-015   5.3994609715839237E-011   1.1947368490790912E-015
   7.7655222072581610E-011   1.1544158935287544E-010   1.5181775068458337E-010   2.3204530960332464E-010
   1.8725641426133016E-015   3.1549047792130248E-015   3.8347717583474298E-015   6.8837403456195832E-015
   1.8296665126284813E-013   1.7567403445866667E-018   2.8502325512773083E-015   9.9999999999999995E-021
   1.1138811522032014E-014   5.7443384370900968E-014   1.4182201144775037E-013   6.7102890911009036E-013
   1.5669798089804363E-019   4.3639710410471744E-019   1.5676719632100925E-018   6.3156059519923365E-018
   3.5275635057470606E-012   4.8201222455079204E-017   1.8296665126284813E-013   1.7567403445866667E-018
   7.3625486795860979E-013   1.6009383977892759E-012   3.7074530765054042E-012   8.7145433103573050E-012
   7.8680633285606056E-018   2.2112061172421325E-017   4.0522312800354050E-017   1.4553008138884386E-016
   3.3361782363052624E-011   5.5026132751655696E-016   3.5275635057470606E-012   4.8201222455079204E-017
   1.0237818867019772E-011   1.8359661517752770E-011   3.3423650239766662E-011   6.5200870761774721E-011
   1.3524511188605581E-016   3.1567206663199710E-016   4.7416427720833546E-016   1.2974428308021454E-015
   1.9633086523220760E-010   3.8087810563413059E-015   3.3361782363052624E-011   5.5026132751655696E-016
   7.0073469013553551E-011   1.1657146948471324E-010   1.7915428371977146E-010   3.1628952179240679E-010
   1.1910691379893208E-015   2.3692758789404743E-015   3.2189694731183120E-015   7.1835585308416000E-015
   8.4310830321117332E-010   1.8896124682479734E-014   1.9633086523220760E-010   3.8087810563413059E-015
   3.2329134718417974E-010   5.0648538391528745E-010   7.0030336274504108E-010   1.1437957873689581E-009
   6.7017823759002301E-015   1.1974645066380291E-014   1.5184914234444772E-014   2.9503160779280208E-014
   2.9665818699802722E-013   2.5028259776674182E-018   3.2263047557466532E-015   9.9999999999999995E-021
   1.4260005306427806E-014   8.0550649133779940E-014   2.1619784276923995E-013   1.1528343043412158E-012
   1.7605395697192769E-019   5.2968041262160598E-019   2.1336393708883747E-018   9.4542623420126214E-018
   7.5898575303071075E-012   9.2839833039978853E-017   2.9665818699802722E-013   2.5028259776674182E-018
   1.3257686097066906E-012   3.1348209503646496E-012   7.8681035771558871E-012   2.0427578395106718E-011
   1.2584350904563096E-017   3.8055201687853206E-017   7.5706348241614639E-017   3.0191459161036988E-016
   9.1425691994540255E-011   1.3487271776331684E-015   7.5898575303071075E-012   9.2839833039978853E-017
   2.4949747862627975E-011   4.7438714841606895E-011   9.3228168085742440E-011   1.9673149306807226E-010
   2.8736845166104412E-016   7.2332348303104731E-016   1.1530891694195162E-015   3.4951303109969664E-015
   6.5930958672107477E-010   1.1402026101603641E-014   9.1425691994540255E-011   1.3487271776331684E-015
   2.1739090537424490E-010   3.8116544151395816E-010   6.2322318974633358E-010   1.1811352004643782E-009
   3.2242372114226552E-015   6.8450456875330358E-015   9.7790396168705806E-015   2.3847385723592947E-014
   3.3629107671163444E-009   6.7079077159232721E-014   6.5930958672107477E-010   1.1402026101603641E-014
   1.2248364844674322E-009   2.0156541179401208E-009   2.9307768417860460E-009   5.1039086784518553E-009
   2.2227937112893536E-014   4.2009728661147803E-014   5.5596983946628478E-014   1.1662094401732830E-013
