 -4.997430322341787E-019  9.238758311986994E-021  2.499999936845000E-005
 -5.401304807775360E-019  2.499999936845000E-005  0.000000000000000E+000
  1.331283340022320E-005  0.704740000000000        4159493.45238400     
  9.999999999999999E-021
 -6.134578411237049E-019  8.906297471172502E-021  2.499999936845000E-005
 -7.900019968946254E-019  3.749999905267500E-005  0.000000000000000E+000
  1.331283340022320E-005  0.704740000000000        3119491.18527750     
  1.461937915599349E-020
 -5.625890439463242E-019  8.735024586519822E-021  2.499999936845000E-005
 -8.468594013393886E-019  3.749999905267500E-005  0.000000000000000E+000
  1.331283340022320E-005  0.704740000000000        3119491.18527750     
  1.445314873558625E-020
 -4.226224433495910E-019  8.576754928978699E-021  2.499999936845000E-005
 -1.102719524723860E-018  4.999999873690000E-005  0.000000000000000E+000
  1.331283340022320E-005  0.704740000000000        2079488.91817100     
  1.873502458651982E-020
 -4.370066501826044E-019  8.646169188430525E-021  2.499999936845000E-005
 -1.085873688398174E-018  4.999999873690000E-005  0.000000000000000E+000
  1.331283340022320E-005  0.704740000000000        2079488.91817100     
  1.884969289272506E-020
 -4.821064334727043E-019  8.484242387844258E-021  2.499999936845000E-005
 -1.304377013489476E-018  6.249999842112500E-005  0.000000000000000E+000
  1.331283340022320E-005  0.704740000000000        1732820.94737950     
  2.317277748694032E-020
 -4.695790985768589E-019  8.438288326455149E-021  2.499999936845000E-005
 -1.326926905134526E-018  6.249999842112500E-005  0.000000000000000E+000
  1.331283340022320E-005  0.704740000000000        1732820.94737950     
  2.309181408664719E-020
 -4.271491043607975E-019  8.339513566135573E-021  2.499999936845000E-005
 -1.555452786975033E-018  7.499999810535000E-005  0.000000000000000E+000
  1.331283340022320E-005  0.704740000000000        1386152.97658800     
  2.728798121918020E-020
 -4.310849664624972E-019  8.354729629791761E-021  2.499999936845000E-005
 -1.547128158171929E-018  7.499999810535000E-005  0.000000000000000E+000
  1.331283340022320E-005  0.704740000000000        1386152.97658800     
  2.732148358991921E-020
 -4.514401743626348E-019  8.244099446363269E-021  2.499999936845000E-005
 -1.762670641403177E-018  8.749999778957500E-005  0.000000000000000E+000
  1.331283340022320E-005  0.704740000000000        1212818.72214600     
  3.149884840481509E-020
 -4.468551071163515E-019  8.223932488598640E-021  2.499999936845000E-005
 -1.772848245353246E-018  8.749999778957500E-005  0.000000000000000E+000
  1.331283340022320E-005  0.704740000000000        1212818.72214600     
  3.144353331310085E-020
 -4.252274843921278E-019  8.146661374064064E-021  2.499999936845000E-005
 -1.993983265288280E-018  9.999999747380000E-005  0.000000000000000E+000
  1.331283340022320E-005  0.704740000000000        1039484.46770400     
  3.554541607851785E-020
 -4.268101606612154E-019  8.152317436075481E-021  2.499999936845000E-005
 -1.989278660474028E-018  9.999999747380000E-005  0.000000000000000E+000
  1.331283340022320E-005  0.704740000000000        1039484.46770400     
  3.556105940221581E-020
 -4.375147383867384E-019  8.067400858896788E-021  2.499999936845000E-005
 -2.202683740804636E-018  1.124999971580250E-004  0.000000000000000E+000
  1.331283340022320E-005  0.704740000000000        935483.753050750     
  3.963721812025356E-020
 -4.353323641597719E-019  8.056165448200817E-021  2.499999936845000E-005
 -2.208036029667398E-018  1.124999971580250E-004  0.000000000000000E+000
  1.331283340022320E-005  0.704740000000000        935483.753050750     
  3.959475983166421E-020
 -4.217531067661677E-019  7.991854705405974E-021  2.499999936845000E-005
 -2.424611024633800E-018  1.249999968422500E-004  0.000000000000000E+000
  1.331283340022320E-005  0.704740000000000        831483.038397500     
  4.361722485041663E-020
 -4.225324955107196E-019  7.994557072423156E-021  2.499999936845000E-005
 -2.421654905894096E-018  1.249999968422500E-004  0.000000000000000E+000
  1.331283340022320E-005  0.704740000000000        831483.038397500     
  4.362627686149526E-020
 -4.286941495256524E-019  7.925140199282748E-021  2.499999936845000E-005
 -2.632921153649456E-018  1.374999965264750E-004  0.000000000000000E+000
  1.331283340022320E-005  0.704740000000000        762149.119562650     
  4.762355539770683E-020
 -4.274726734565199E-019  7.917971073250088E-021  2.499999936845000E-005
 -2.636001980656922E-018  1.374999965264750E-004  0.000000000000000E+000
  1.331283340022320E-005  0.704740000000000        762149.119562650     
  4.758884696113663E-020
 -4.179122510026719E-019  7.862517814637892E-021  2.499999936845000E-005
 -2.849127579350616E-018  1.499999962107000E-004  0.000000000000000E+000
  1.331283340022320E-005  0.704740000000000        692815.200727800     
  5.154424793474534E-020
  8.166791568774108E-018  1.702443665512066E-020  2.499999936845000E-005
  4.984110050022437E-018  2.499999936845000E-005   2.00000000000000     
  1.331283340022320E-005  0.704740000000000        4159493.45238400     
  9.999999999999999E-021
  7.987963710873778E-018  2.198234005843682E-020  2.499999936845000E-005
  9.067505834409492E-018  3.749999905267500E-005   2.00000000000000     
  1.331283340022320E-005  0.704740000000000        3119491.18527750     
  1.851221832756033E-020
  9.926712940902962E-018  2.353990678743717E-020  2.499999936845000E-005
  8.978091905459326E-018  3.749999905267500E-005   2.00000000000000     
  1.331283340022320E-005  0.704740000000000        3119491.18527750     
  2.099117002921841E-020
  1.418681907663133E-017  2.746246660601568E-020  2.499999936845000E-005
  1.491082299092540E-017  4.999999873690000E-005   2.00000000000000     
  1.331283340022320E-005  0.704740000000000        2079488.91817100     
  3.353990678743717E-020
  1.368772549654696E-017  2.682218493405888E-020  2.499999936845000E-005
  1.468127070818226E-017  4.999999873690000E-005   2.00000000000000     
  1.331283340022320E-005  0.704740000000000        2079488.91817100     
  3.258856615881405E-020
  1.386027569667595E-017  3.135194811242062E-020  2.499999936845000E-005
  2.152513345645573E-017  6.249999842112500E-005   2.00000000000000     
  1.331283340022320E-005  0.704740000000000        1732820.94737950     
  4.599965862584349E-020
  1.493213548970485E-017  3.230981412658726E-020  2.499999936845000E-005
  2.161140855652023E-017  6.249999842112500E-005   2.00000000000000     
  1.331283340022320E-005  0.704740000000000        1732820.94737950     
  4.826454021502436E-020
  1.753370509627792E-017  3.603500148569101E-020  2.499999936845000E-005
  2.961340619788710E-017  7.499999810535000E-005   2.00000000000000     
  1.331283340022320E-005  0.704740000000000        1386152.97658800     
  6.489838028540131E-020
  1.731853722351867E-017  3.576690245722664E-020  2.499999936845000E-005
  2.948231286911333E-017  7.499999810535000E-005   2.00000000000000     
  1.331283340022320E-005  0.704740000000000        1386152.97658800     
  6.428535130844165E-020
  1.790755644208013E-017  3.982624926248350E-020  2.499999936845000E-005
  3.814158148087267E-017  8.749999778957500E-005   2.00000000000000     
  1.331283340022320E-005  0.704740000000000        1212818.72214600     
  8.216880253705498E-020
  1.853493452414215E-017  4.053239795344409E-020  2.499999936845000E-005
  3.843609109015340E-017  8.749999778957500E-005   2.00000000000000     
  1.331283340022320E-005  0.704740000000000        1212818.72214600     
  8.419847593968340E-020
  2.059131684232420E-017  4.401702650585783E-020  2.499999936845000E-005
  4.801724739325549E-017  9.999999747380000E-005   2.00000000000000     
  1.331283340022320E-005  0.704740000000000        1039484.46770400     
  1.048177492618857E-019
  2.046901481428760E-017  4.387916724825515E-020  2.499999936845000E-005
  4.794811886882791E-017  9.999999747380000E-005   2.00000000000000     
  1.331283340022320E-005  0.704740000000000        1039484.46770400     
  1.043688885409316E-019
  2.120575586745615E-017  4.763820065535585E-020  2.499999936845000E-005
  5.818262627597170E-017  1.124999971580250E-004   2.00000000000000     
  1.331283340022320E-005  0.704740000000000        935483.753050750     
  1.263084721650592E-019
  2.163184055261306E-017  4.817977198529696E-020  2.499999936845000E-005
  5.855099680255597E-017  1.124999971580250E-004   2.00000000000000     
  1.331283340022320E-005  0.704740000000000        935483.753050750     
  1.281879888686095E-019
  2.335868235611662E-017  5.150444854107467E-020  2.499999936845000E-005
  6.957995942144095E-017  1.249999968422500E-004   2.00000000000000     
  1.331283340022320E-005  0.704740000000000        831483.038397500     
  1.525486605262286E-019
  2.328443313572329E-017  5.142132185168858E-020  2.499999936845000E-005
  6.953193387058501E-017  1.249999968422500E-004   2.00000000000000     
  1.331283340022320E-005  0.704740000000000        831483.038397500     
  1.522054820527042E-019
  2.406411019642136E-017  5.496832432226257E-020  2.499999936845000E-005
  8.117415043844666E-017  1.374999965264750E-004   2.00000000000000     
  1.331283340022320E-005  0.704740000000000        762149.119562650     
  1.779161429785485E-019
  2.438022582009779E-017  5.539941123750423E-020  2.499999936845000E-005
  8.156398896879570E-017  1.374999965264750E-004   2.00000000000000     
  1.331283340022320E-005  0.704740000000000        762149.119562650     
  1.796896442138355E-019
  2.587872732722906E-017  5.860321980965186E-020  2.499999936845000E-005
  9.391215969068281E-017  1.499999962107000E-004   2.00000000000000     
  1.331283340022320E-005  0.704740000000000        692815.200727800     
  2.076048932902084E-019
  2.984186789987913E-017  2.647631489322918E-020  2.499999936845000E-005
  1.169058398253394E-017  2.499999936845000E-005   6.00000000000000     
  1.331283340022320E-005  0.704740000000000        4159493.45238400     
  9.999999999999999E-021
  3.872977927822540E-017  4.378631890654380E-020  2.499999936845000E-005
  2.661151793247351E-017  3.749999905267500E-005   6.00000000000000     
  1.331283340022320E-005  0.704740000000000        3119491.18527750     
  2.323815744661459E-020
  5.679956748805855E-017  5.428127555644328E-020  2.499999936845000E-005
  3.105547362164664E-017  3.749999905267500E-005   6.00000000000000     
  1.331283340022320E-005  0.704740000000000        3119491.18527750     
  3.189315945327190E-020
  9.687449821112232E-017  8.125475106071653E-020  2.499999936845000E-005
  6.849015147059250E-017  4.999999873690000E-005   6.00000000000000     
  1.331283340022320E-005  0.704740000000000        2079488.91817100     
  6.428127555644327E-020
  9.137455650995755E-017  7.668475698884019E-020  2.499999936845000E-005
  6.465309392312884E-017  4.999999873690000E-005   6.00000000000000     
  1.331283340022320E-005  0.704740000000000        2079488.91817100     
  6.064437581331997E-020
  1.095020042017793E-016  1.059886149124241E-019  2.499999936845000E-005
  1.103403721781076E-016  6.249999842112500E-005   6.00000000000000     
  1.331283340022320E-005  0.704740000000000        1732820.94737950     
  9.898675430774005E-020
  1.286178937538779E-016  1.173032025602776E-019  2.499999936845000E-005
  1.194040960240185E-016  6.249999842112500E-005   6.00000000000000     
  1.331283340022320E-005  0.704740000000000        1732820.94737950     
  1.136386832695320E-019
  1.733369005439022E-016  1.533114288073996E-019  2.499999936845000E-005
  1.932709876770068E-016  7.499999810535000E-005   6.00000000000000     
  1.331283340022320E-005  0.704740000000000        1386152.97658800     
  1.779475783735975E-019
  1.689796915520373E-016  1.493051372164742E-019  2.499999936845000E-005
  1.881449694173245E-016  7.499999810535000E-005   6.00000000000000     
  1.331283340022320E-005  0.704740000000000        1386152.97658800     
  1.734076792702605E-019
  1.980274587717170E-016  1.877396963443950E-019  2.499999936845000E-005
  2.726348151933432E-016  8.749999778957500E-005   6.00000000000000     
  1.331283340022320E-005  0.704740000000000        1212818.72214600     
  2.480602478784976E-019
  2.152535998862025E-016  1.994560330663941E-019  2.499999936845000E-005
  2.871586988031830E-016  8.749999778957500E-005   6.00000000000000     
  1.331283340022320E-005  0.704740000000000        1212818.72214600     
  2.672775274424580E-019
  2.663827945519898E-016  2.428615946952537E-019  2.499999936845000E-005
  4.033985693035270E-016  9.999999747380000E-005   6.00000000000000     
  1.331283340022320E-005  0.704740000000000        1039484.46770400     
  3.728637123366545E-019
  2.626622966960293E-016  2.397742826964471E-019  2.499999936845000E-005
  3.984657366539689E-016  9.999999747380000E-005   6.00000000000000     
  1.331283340022320E-005  0.704740000000000        1039484.46770400     
  3.678340443924782E-019
  3.005043030379786E-016  2.865789844889195E-019  2.499999936845000E-005
  5.297968850019836E-016  1.124999971580250E-004   6.00000000000000     
  1.331283340022320E-005  0.704740000000000        935483.753050750     
  4.877211857407017E-019
  3.163679206026277E-016  2.981435619164946E-019  2.499999936845000E-005
  5.487178881729583E-016  1.124999971580250E-004   6.00000000000000     
  1.331283340022320E-005  0.704740000000000        935483.753050750     
  5.111235366369379E-019
  3.729078899969716E-016  3.488859306509121E-019  2.499999936845000E-005
  7.148336572565966E-016  1.249999968422500E-004   6.00000000000000     
  1.331283340022320E-005  0.704740000000000        831483.038397500     
  6.659776063089727E-019
  3.699003138776698E-016  3.464077286194801E-019  2.499999936845000E-005
  7.100181756496711E-016  1.249999968422500E-004   6.00000000000000     
  1.331283340022320E-005  0.704740000000000        831483.038397500     
  6.608515954188427E-019
  4.150594797878423E-016  4.010377266300091E-019  2.499999936845000E-005
  8.949683325885060E-016  1.374999965264750E-004   6.00000000000000     
  1.331283340022320E-005  0.704740000000000        762149.119562650     
  8.340554597285828E-019
  4.298762088425592E-016  4.122961016311608E-019  2.499999936845000E-005
  9.175479155435923E-016  1.374999965264750E-004   6.00000000000000     
  1.331283340022320E-005  0.704740000000000        762149.119562650     
  8.613704587338473E-019
  4.912325002491181E-016  4.701962162659690E-019  2.499999936845000E-005
  1.139894384492230E-015  1.499999962107000E-004   6.00000000000000     
  1.331283340022320E-005  0.704740000000000        692815.200727800     
  1.073147697050003E-018
  6.542812363056816E-017  3.632224592919726E-020  2.499999936845000E-005
  1.867665364726969E-017  2.499999936845000E-005   12.0000000000000     
  1.331283340022320E-005  0.704740000000000        4159493.45238400     
  9.999999999999999E-021
  1.048038041959506E-016  7.341432841504638E-020  2.499999936845000E-005
  5.139071546255377E-017  3.749999905267500E-005   12.0000000000000     
  1.331283340022320E-005  0.704740000000000        3119491.18527750     
  2.816112296459863E-020
  1.832619952768533E-016  1.067110951261286E-019  2.499999936845000E-005
  7.107855574524499E-017  3.749999905267500E-005   12.0000000000000     
  1.331283340022320E-005  0.704740000000000        3119491.18527750     
  4.670716420752319E-020
  3.812277649898594E-016  2.031652386853249E-019  2.499999936845000E-005
  2.019386489241230E-016  4.999999873690000E-005   12.0000000000000     
  1.331283340022320E-005  0.704740000000000        2079488.91817100     
  1.167110951261286E-019
  3.597191011030457E-016  1.906108924145244E-019  2.499999936845000E-005
  1.891412349082756E-016  4.999999873690000E-005   12.0000000000000     
  1.331283340022320E-005  0.704740000000000        2079488.91817100     
  1.099563886161453E-019
  4.984688934231640E-016  3.041395669917858E-019  2.499999936845000E-005
  3.690007854597984E-016  6.249999842112500E-005   12.0000000000000     
  1.331283340022320E-005  0.704740000000000        1732820.94737950     
  2.052618348234075E-019
  6.493867834851863E-016  3.685895043441725E-019  2.499999936845000E-005
  4.383756816198576E-016  6.249999842112500E-005   12.0000000000000     
  1.331283340022320E-005  0.704740000000000        1732820.94737950     
  2.620261721120382E-019
  1.015870285451949E-015  5.673256961605849E-019  2.499999936845000E-005
  8.385280183934619E-016  7.499999810535000E-005   12.0000000000000     
  1.331283340022320E-005  0.704740000000000        1386152.97658800     
  4.785458929603178E-019
  9.795828569286333E-016  5.430783924536826E-019  2.499999936845000E-005
  8.010246916368916E-016  7.499999810535000E-005   12.0000000000000     
  1.331283340022320E-005  0.704740000000000        1386152.97658800     
  4.605221771573163E-019
  1.281969262947107E-015  7.624707405176746E-019  2.499999936845000E-005
  1.290816120101208E-015  8.749999778957500E-005   12.0000000000000     
  1.331283340022320E-005  0.704740000000000        1212818.72214600     
  7.320613733841576E-019
  1.486132401930199E-015  8.586217073931333E-019  2.499999936845000E-005
  1.442009323110445E-015  8.749999778957500E-005   12.0000000000000     
  1.331283340022320E-005  0.704740000000000        1212818.72214600     
  8.417575474161536E-019
  2.060933800147052E-015  1.178235058356867E-018  2.499999936845000E-005
  2.287157093567091E-015  9.999999747380000E-005   12.0000000000000     
  1.331283340022320E-005  0.704740000000000        1039484.46770400     
  1.319143884550449E-018
  2.012491941960870E-015  1.149366263379101E-018  2.499999936845000E-005
  2.230478022775274E-015  9.999999747380000E-005   12.0000000000000     
  1.331283340022320E-005  0.704740000000000        1039484.46770400     
  1.287771901596010E-018
  2.518518232899449E-015  1.502546835822466E-018  2.499999936845000E-005
  3.236723993755710E-015  1.124999971580250E-004   12.0000000000000     
  1.331283340022320E-005  0.704740000000000        935483.753050750     
  1.862455033285561E-018
  2.769286973067058E-015  1.626889766710737E-018  2.499999936845000E-005
  3.489737139224999E-015  1.124999971580250E-004   12.0000000000000     
  1.331283340022320E-005  0.704740000000000        935483.753050750     
  2.039045319507243E-018
  3.576101442573306E-015  2.091536954967687E-018  2.499999936845000E-005
  4.999764995842332E-015  1.249999968422500E-004   12.0000000000000     
  1.331283340022320E-005  0.704740000000000        831483.038397500     
  2.914661668306747E-018
  3.522709408233653E-015  2.060111741693933E-018  2.499999936845000E-005
  4.924511988853139E-015  1.249999968422500E-004   12.0000000000000     
  1.331283340022320E-005  0.704740000000000        831483.038397500     
  2.871067972164876E-018
  4.263623779722362E-015  2.572374403286021E-018  2.499999936845000E-005
  6.685866692969966E-015  1.374999965264750E-004   12.0000000000000     
  1.331283340022320E-005  0.704740000000000        762149.119562650     
  3.901123843011843E-018
  4.556011437780883E-015  2.722175088770192E-018  2.499999936845000E-005
  7.056323878714320E-015  1.374999965264750E-004   12.0000000000000     
  1.331283340022320E-005  0.704740000000000        762149.119562650     
  4.157255173807887E-018
  5.617770573287994E-015  3.355273121042485E-018  2.499999936845000E-005
  9.480523426634022E-015  1.499999962107000E-004   12.0000000000000     
  1.331283340022320E-005  0.704740000000000        692815.200727800     
  5.593243060935069E-018
  1.151027144577154E-016  4.631255249701405E-020  2.499999936845000E-005
  2.576516334735546E-017  2.499999936845000E-005   20.0000000000000     
  1.331283340022320E-005  0.704740000000000        4159493.45238400     
  9.999999999999999E-021
  2.190647884069412E-016  1.106889640372822E-019  2.499999936845000E-005
  8.331652057621316E-017  3.749999905267500E-005   20.0000000000000     
  1.331283340022320E-005  0.704740000000000        3119491.18527750     
  3.315627624850702E-020
  4.510020809552725E-016  1.874156629671269E-019  2.499999936845000E-005
  1.352975575508260E-016  3.749999905267500E-005   20.0000000000000     
  1.331283340022320E-005  0.704740000000000        3119491.18527750     
  6.534448201864111E-020
  1.127844453373045E-015  4.405964087940732E-019  2.499999936845000E-005
  4.767672443026280E-016  4.999999873690000E-005   20.0000000000000     
  1.331283340022320E-005  0.704740000000000        2079488.91817100     
  1.974156629671269E-019
  1.090364804165689E-015  4.224561081666058E-019  2.499999936845000E-005
  4.562786477732201E-016  4.999999873690000E-005   20.0000000000000     
  1.331283340022320E-005  0.704740000000000        2079488.91817100     
  1.905197025499842E-019
  1.718544707981509E-015  7.632973782809298E-019  2.499999936845000E-005
  1.001461049856065E-015  6.249999842112500E-005   20.0000000000000     
  1.331283340022320E-005  0.704740000000000        1732820.94737950     
  4.017477566332871E-019
  2.491839277012495E-015  1.020459566155610E-018  2.499999936845000E-005
  1.315551001763975E-015  6.249999842112500E-005   20.0000000000000     
  1.331283340022320E-005  0.704740000000000        1732820.94737950     
  5.721683916904492E-019
  4.508619522310053E-015  1.837449825714760E-018  2.499999936845000E-005
  2.948117924785714E-015  7.499999810535000E-005   20.0000000000000     
  1.331283340022320E-005  0.704740000000000        1386152.97658800     
  1.210979268705594E-018
  4.337150424636989E-015  1.745555331118413E-018  2.499999936845000E-005
  2.792904030517179E-015  7.499999810535000E-005   20.0000000000000     
  1.331283340022320E-005  0.704740000000000        1386152.97658800     
  1.161756339675725E-018
  6.269903229021299E-015  2.708041264972901E-018  2.499999936845000E-005
  4.961479242835673E-015  8.749999778957500E-005   20.0000000000000     
  1.331283340022320E-005  0.704740000000000        1212818.72214600     
  2.034534005234932E-018
  7.812167975610385E-015  3.259778011290008E-018  2.499999936845000E-005
  5.927855645027828E-015  8.749999778957500E-005   20.0000000000000     
  1.331283340022320E-005  0.704740000000000        1212818.72214600     
  2.515776972162175E-018
  1.213269538272512E-014  5.039465636062901E-018  2.499999936845000E-005
  1.060507200612756E-014  9.999999747380000E-005   20.0000000000000     
  1.331283340022320E-005  0.704740000000000        1039484.46770400     
  4.421534350965732E-018
  1.175898981118009E-014  4.866116629066651E-018  2.499999936845000E-005
  1.023190206662143E-014  9.999999747380000E-005   20.0000000000000     
  1.331283340022320E-005  0.704740000000000        1039484.46770400     
  4.281866259626914E-018
  1.598035078293409E-014  6.911253046889436E-018  2.499999936845000E-005
  1.611139697221147E-014  1.124999971580250E-004   20.0000000000000     
  1.331283340022320E-005  0.704740000000000        935483.753050750     
  6.714924574160239E-018
  1.849006495420660E-014  7.848415085040758E-018  2.499999936845000E-005
  1.822207745808847E-014  1.124999971580250E-004   20.0000000000000     
  1.331283340022320E-005  0.704740000000000        935483.753050750     
  7.737492783071632E-018
  2.616485872949716E-014  1.109248203427681E-017  2.499999936845000E-005
  2.872196702082803E-014  1.249999968422500E-004   20.0000000000000     
  1.331283340022320E-005  0.704740000000000        831483.038397500     
  1.213028134466767E-017
  2.559373235569045E-014  1.083376606455709E-017  2.499999936845000E-005
  2.804268206911453E-014  1.249999968422500E-004   20.0000000000000     
  1.331283340022320E-005  0.704740000000000        831483.038397500     
  1.186152208082756E-017
  3.324076642138773E-014  1.452184951301531E-017  2.499999936845000E-005
  4.083954824695976E-014  1.374999965264750E-004   20.0000000000000     
  1.331283340022320E-005  0.704740000000000        762149.119562650     
  1.727840511310610E-017
  3.688568444260721E-014  1.592258853598028E-017  2.499999936845000E-005
  4.466306527980839E-014  1.374999965264750E-004   20.0000000000000     
  1.331283340022320E-005  0.704740000000000        762149.119562650     
  1.912244683733521E-017
  4.909099572708953E-014  2.122530827164492E-017  2.499999936845000E-005
  6.492836651172174E-014  1.499999962107000E-004   20.0000000000000     
  1.331283340022320E-005  0.704740000000000        692815.200727800     
  2.778411061680784E-017
  1.789198945638693E-016  5.637077058108572E-020  2.499999936845000E-005
  3.290185890024287E-017  2.499999936845000E-005   30.0000000000000     
  1.331283340022320E-005  0.704740000000000        4159493.45238400     
  9.999999999999999E-021
  3.943067896248205E-016  1.555558953801037E-019  2.499999936845000E-005
  1.223618061821775E-016  3.749999905267500E-005   30.0000000000000     
  1.331283340022320E-005  0.704740000000000        3119491.18527750     
  3.818538529054286E-020
  9.405532237278968E-016  3.031207091184893E-019  2.499999936845000E-005
  2.300552537126531E-016  3.749999905267500E-005   30.0000000000000     
  1.331283340022320E-005  0.704740000000000        3119491.18527750     
  8.777794769005185E-020
  2.771870281724377E-015  8.546225164475437E-019  2.499999936845000E-005
  9.734550826281396E-016  4.999999873690000E-005   30.0000000000000     
  1.331283340022320E-005  0.704740000000000        2079488.91817100     
  3.131207091184893E-019
  2.790460567904680E-015  8.526983072594917E-019  2.499999936845000E-005
  9.696535593991898E-016  4.999999873690000E-005   30.0000000000000     
  1.331283340022320E-005  0.704740000000000        2079488.91817100     
  3.147244160043025E-019
  4.933593114075178E-015  1.719425286023099E-018  2.499999936845000E-005
  2.364883843351530E-015  6.249999842112500E-005   30.0000000000000     
  1.331283340022320E-005  0.704740000000000        1732820.94737950     
  7.410735696340483E-019
  7.943195894409279E-015  2.537552611611921E-018  2.499999936845000E-005
  3.436450116436779E-015  6.249999842112500E-005   30.0000000000000     
  1.331283340022320E-005  0.704740000000000        1732820.94737950     
  1.174437059015852E-018
  1.647944126679459E-014  5.285441462101447E-018  2.499999936845000E-005
  8.912849453808469E-015  7.499999810535000E-005   30.0000000000000     
  1.331283340022320E-005  0.704740000000000        1386152.97658800     
  2.852277027616223E-018
  1.597438022954988E-014  5.039954850629809E-018  2.499999936845000E-005
  8.473566868010553E-015  7.499999810535000E-005   30.0000000000000     
  1.331283340022320E-005  0.704740000000000        1386152.97658800     
  2.756740343442799E-018
  2.528396995848399E-014  8.563562865916271E-018  2.499999936845000E-005
  1.646075698278549E-014  8.749999778957500E-005   30.0000000000000     
  1.331283340022320E-005  0.704740000000000        1212818.72214600     
  5.276717768757703E-018
  3.396617921289148E-014  1.106222053613383E-017  2.499999936845000E-005
  2.111555184725255E-014  8.749999778957500E-005   30.0000000000000     
  1.331283340022320E-005  0.704740000000000        1212818.72214600     
  7.038521776400934E-018
  5.887780529001508E-014  1.919828661879918E-017  2.499999936845000E-005
  4.243974608090203E-014  9.999999747380000E-005   30.0000000000000     
  1.331283340022320E-005  0.704740000000000        1039484.46770400     
  1.381896087957663E-017
  5.689640218653106E-014  1.843238186333852E-017  2.499999936845000E-005
  4.069898084506320E-014  9.999999747380000E-005   30.0000000000000     
  1.331283340022320E-005  0.704740000000000        1039484.46770400     
  1.333837505569767E-017
  8.345031169388165E-014  2.826969121175236E-017  2.499999936845000E-005
  6.914718193832873E-014  1.124999971580250E-004   30.0000000000000     
  1.331283340022320E-005  0.704740000000000        935483.753050750     
  2.255456598736693E-017
  1.020495498865740E-013  3.382841218632975E-017  2.499999936845000E-005
  8.242413669200401E-014  1.124999971580250E-004   30.0000000000000     
  1.331283340022320E-005  0.704740000000000        935483.753050750     
  2.747322066157384E-017
  1.580520655329381E-013  5.250560050893287E-017  2.499999936845000E-005
  1.427485307316371E-013  1.249999968422500E-004   30.0000000000000     
  1.331283340022320E-005  0.704740000000000        831483.038397500     
  4.716678724202741E-017
  1.537633701006130E-013  5.091931587236411E-017  2.499999936845000E-005
  1.383570126584599E-013  1.249999968422500E-004   30.0000000000000     
  1.331283340022320E-005  0.704740000000000        831483.038397500     
  4.586073991710360E-017
  2.133327311504797E-013  7.294561719387674E-017  2.499999936845000E-005
  2.152386977087665E-013  1.374999965264750E-004   30.0000000000000     
  1.331283340022320E-005  0.704740000000000        762149.119562650     
  7.132039785328566E-017
  2.469027810735904E-013  8.324778745813890E-017  2.499999936845000E-005
  2.450233782336998E-013  1.374999965264750E-004   30.0000000000000     
  1.331283340022320E-005  0.704740000000000        762149.119562650     
  8.233354851404197E-017
  3.545137582313837E-013  1.199841581601795E-016  2.499999936845000E-005
  3.852597937320504E-013  1.499999962107000E-004   30.0000000000000     
  1.331283340022320E-005  0.704740000000000        692815.200727800     
  1.291085273752425E-016
  2.569014753083360E-016  6.646615998702038E-020  2.499999936845000E-005
  4.006492894662578E-017  2.499999936845000E-005   42.0000000000000     
  1.331283340022320E-005  0.704740000000000        4159493.45238400     
  9.999999999999999E-021
  6.433076387717356E-016  2.079932804458891E-019  2.499999936845000E-005
  1.685156666007938E-016  3.749999905267500E-005   42.0000000000000     
  1.331283340022320E-005  0.704740000000000        3119491.18527750     
  4.323307999351019E-020
  1.751349790904842E-015  4.605886609071133E-019  2.499999936845000E-005
  3.617187483324936E-016  3.749999905267500E-005   42.0000000000000     
  1.331283340022320E-005  0.704740000000000        3119491.18527750     
  1.139966402229445E-019
  5.970357220239737E-015  1.519913266133546E-018  2.499999936845000E-005
  1.791414719851467E-015  4.999999873690000E-005   42.0000000000000     
  1.331283340022320E-005  0.704740000000000        2079488.91817100     
  4.705886609071134E-019
  6.317088544470412E-015  1.594018543346224E-018  2.499999936845000E-005
  1.876160521430164E-015  4.999999873690000E-005   42.0000000000000     
  1.331283340022320E-005  0.704740000000000        2079488.91817100     
  4.972572181377620E-019
  1.238441944823859E-014  3.547184804181063E-018  2.499999936845000E-005
  5.034704793665370E-015  6.249999842112500E-005   42.0000000000000     
  1.331283340022320E-005  0.704740000000000        1732820.94737950     
  1.294266489810874E-018
  2.203512871443485E-014  5.763232604821146E-018  2.499999936845000E-005
  8.068370245549457E-015  6.249999842112500E-005   42.0000000000000     
  1.331283340022320E-005  0.704740000000000        1732820.94737950     
  2.270849620228293E-018
  5.188493654070489E-014  1.371586579691420E-017  2.499999936845000E-005
  2.391128923586501E-014  7.499999810535000E-005   42.0000000000000     
  1.331283340022320E-005  0.704740000000000        1386152.97658800     
  6.260489822958909E-018
  5.113849373530084E-014  1.326079284654988E-017  2.499999936845000E-005
  2.304968075651719E-014  7.499999810535000E-005   42.0000000000000     
  1.331283340022320E-005  0.704740000000000        1386152.97658800     
  6.152377077848568E-018
  8.796436836777282E-014  2.449280034399006E-017  2.499999936845000E-005
  4.861892762416761E-014  8.749999778957500E-005   42.0000000000000     
  1.331283340022320E-005  0.704740000000000        1212818.72214600     
  1.278277350112351E-017
  1.274528800234272E-013  3.399010721356700E-017  2.499999936845000E-005
  6.703186494040360E-014  8.749999778957500E-005   42.0000000000000     
  1.331283340022320E-005  0.704740000000000        1212818.72214600     
  1.839877724984360E-017
  2.453870378857552E-013  6.586639923717783E-017  2.499999936845000E-005
  1.505025607799444E-013  9.999999747380000E-005   42.0000000000000     
  1.331283340022320E-005  0.704740000000000        1039484.46770400     
  4.014248429141557E-017
  2.377223516472307E-013  6.322972564410842E-017  2.499999936845000E-005
  1.442763521570932E-013  9.999999747380000E-005   42.0000000000000     
  1.331283340022320E-005  0.704740000000000        1039484.46770400     
  3.883454494432221E-017
  3.742994181949500E-013  1.041613920053595E-016  2.499999936845000E-005
  2.631375279807086E-013  1.124999971580250E-004   42.0000000000000     
  1.331283340022320E-005  0.704740000000000        935483.753050750     
  7.044940776637641E-017
  4.848468803043089E-013  1.316781150006352E-016  2.499999936845000E-005
  3.314260612545682E-013  1.124999971580250E-004   42.0000000000000     
  1.331283340022320E-005  0.704740000000000        935483.753050750     
  9.091524094700198E-017
  8.200108701466258E-013  2.239310972618987E-016  2.499999936845000E-005
  6.291232324614021E-013  1.249999968422500E-004   42.0000000000000     
  1.331283340022320E-005  0.704740000000000        831483.038397500     
  1.705126599449574E-016
  7.955749228723660E-013  2.161988847839456E-016  2.499999936845000E-005
  6.069473219558223E-013  1.249999968422500E-004   42.0000000000000     
  1.331283340022320E-005  0.704740000000000        831483.038397500     
  1.653078510973216E-016
  1.174372795054661E-012  3.296891424684278E-016  2.499999936845000E-005
  1.004734783392005E-012  1.374999965264750E-004   42.0000000000000     
  1.331283340022320E-005  0.704740000000000        762149.119562650     
  2.734072934892944E-016
  1.421589981272038E-012  3.927842199911113E-016  2.499999936845000E-005
  1.194133719483153E-012  1.374999965264750E-004   42.0000000000000     
  1.331283340022320E-005  0.704740000000000        762149.119562650     
  3.301524223315355E-016
  2.199776519737507E-012  6.114761341946532E-016  2.499999936845000E-005
  2.028537303227860E-012  1.499999962107000E-004   42.0000000000000     
  1.331283340022320E-005  0.704740000000000        692815.200727800     
  5.580920710884330E-016
  3.490578612991766E-016  7.658405681102906E-020  2.499999936845000E-005
  4.724396887844299E-017  2.499999936845000E-005   56.0000000000000     
  1.331283340022320E-005  0.704740000000000        4159493.45238400     
  9.999999999999999E-021
  9.788394333593433E-016  2.679907000112723E-019  2.499999936845000E-005
  2.217728995280313E-016  3.749999905267500E-005   56.0000000000000     
  1.331283340022320E-005  0.704740000000000        3119491.18527750     
  4.829202840551453E-020
  3.001740117783623E-015  6.665948333003826E-019  2.499999936845000E-005
  5.366636855581146E-016  3.749999905267500E-005   56.0000000000000     
  1.331283340022320E-005  0.704740000000000        3119491.18527750     
  1.439953500056362E-019
  1.164959497489093E-014  2.524716144211949E-018  2.499999936845000E-005
  3.048984086662066E-015  4.999999873690000E-005   56.0000000000000     
  1.331283340022320E-005  0.704740000000000        2079488.91817100     
  6.765948333003825E-019
  1.301531636110789E-014  2.796939524584314E-018  2.499999936845000E-005
  3.373879291957782E-015  4.999999873690000E-005   56.0000000000000     
  1.331283340022320E-005  0.704740000000000        2079488.91817100     
  7.550785446077147E-019
  2.802186552020967E-014  6.807329493046703E-018  2.499999936845000E-005
  9.881537472511726E-015  6.249999842112500E-005   56.0000000000000     
  1.331283340022320E-005  0.704740000000000        1732820.94737950     
  2.153548306899872E-018
  5.479238283294555E-014  1.212427136871216E-017  2.499999936845000E-005
  1.738481205206262E-014  6.249999842112500E-005   56.0000000000000     
  1.331283340022320E-005  0.704740000000000        1732820.94737950     
  4.158743291131066E-018
  1.449427433783840E-013  3.258174387085571E-017  2.499999936845000E-005
  5.816626212490334E-014  7.499999810535000E-005   56.0000000000000     
  1.331283340022320E-005  0.704740000000000        1386152.97658800     
  1.287934991331987E-017
  1.462851552524516E-013  3.219043317511616E-017  2.499999936845000E-005
  5.730497203292484E-014  7.499999810535000E-005   56.0000000000000     
  1.331283340022320E-005  0.704740000000000        1386152.97658800     
  1.296205939776734E-017
  2.717345749653426E-013  6.421862497412307E-017  2.499999936845000E-005
  1.304475496591506E-013  8.749999778957500E-005   56.0000000000000     
  1.331283340022320E-005  0.704740000000000        1212818.72214600     
  2.905727598532542E-017
  4.241127633995559E-013  9.568112589787964E-017  2.499999936845000E-005
  1.931722595155962E-013  8.749999778957500E-005   56.0000000000000     
  1.331283340022320E-005  0.704740000000000        1212818.72214600     
  4.507137188482887E-017
  9.018620759293162E-013  2.057486333149466E-016  2.499999936845000E-005
  4.814177354324807E-013  9.999999747380000E-005   56.0000000000000     
  1.331283340022320E-005  0.704740000000000        1039484.46770400     
  1.086431852956470E-016
  8.805936862180668E-013  1.985858400733897E-016  2.499999936845000E-005
  4.639452900181856E-013  9.999999747380000E-005   56.0000000000000     
  1.331283340022320E-005  0.704740000000000        1039484.46770400     
  1.059184874367787E-016
  1.481489724697357E-012  3.497432098904202E-016  2.499999936845000E-005
  9.042421331272191E-013  1.124999971580250E-004   56.0000000000000     
  1.331283340022320E-005  0.704740000000000        935483.753050750     
  2.052114074734735E-016
  2.034357812822857E-012  4.675937768606250E-016  2.499999936845000E-005
  1.204690152366864E-012  1.124999971580250E-004   56.0000000000000     
  1.331283340022320E-005  0.704740000000000        935483.753050750     
  2.807900923819888E-016
  3.746018006527602E-012  8.685282045706349E-016  2.499999936845000E-005
  2.498303102841043E-012  1.249999968422500E-004   56.0000000000000     
  1.331283340022320E-005  0.704740000000000        831483.038397500     
  5.735122642974037E-016
  3.636239714903557E-012  8.375186175634149E-016  2.499999936845000E-005
  2.406996417982535E-012  1.249999968422500E-004   56.0000000000000     
  1.331283340022320E-005  0.704740000000000        831483.038397500     
  5.562164904611312E-016
  5.690354209415625E-012  1.354636414031183E-015  2.499999936845000E-005
  4.225116275434314E-012  1.374999965264750E-004   56.0000000000000     
  1.331283340022320E-005  0.704740000000000        762149.119562650     
  9.749757992428386E-016
  7.216394862683593E-012  1.687846211182360E-015  2.499999936845000E-005
  5.252173522690348E-012  1.374999965264750E-004   56.0000000000000     
  1.331283340022320E-005  0.704740000000000        762149.119562650     
  1.233534697476722E-015
  1.201524872070463E-011  2.833591069480762E-015  2.499999936845000E-005
  9.623391280666128E-012  1.499999962107000E-004   56.0000000000000     
  1.331283340022320E-005  0.704740000000000        692815.200727800     
  2.244062701643491E-015
  4.553946306573555E-016  8.671659943750236E-020  2.499999936845000E-005
  5.443340057473022E-017  2.499999936845000E-005   72.0000000000000     
  1.331283340022320E-005  0.704740000000000        4159493.45238400     
  9.999999999999999E-021
  1.413671838937941E-015  3.355425681197284E-019  2.499999936845000E-005
  2.821307159034079E-016  3.749999905267500E-005   72.0000000000000     
  1.331283340022320E-005  0.704740000000000        3119491.18527750     
  5.335829971875118E-020
  4.828990581301863E-015  9.279199911601134E-019  2.499999936845000E-005
  7.612693200437009E-016  3.749999905267500E-005   72.0000000000000     
  1.331283340022320E-005  0.704740000000000        3119491.18527750     
  1.777712840598642E-019
  2.105243675301023E-014  3.970850902556968E-018  2.499999936845000E-005
  4.883423981876594E-015  4.999999873690000E-005   72.0000000000000     
  1.331283340022320E-005  0.704740000000000        2079488.91817100     
  9.379199911601134E-019
  2.487989493748481E-014  4.655476071549531E-018  2.499999936845000E-005
  5.719959437932595E-015  4.999999873690000E-005   72.0000000000000     
  1.331283340022320E-005  0.704740000000000        2079488.91817100     
  1.107415436759026E-018
  5.835373546707068E-014  1.230122484593795E-017  2.499999936845000E-005
  1.815990690667500E-014  6.249999842112500E-005   72.0000000000000     
  1.331283340022320E-005  0.704740000000000        1732820.94737950     
  3.435153472533791E-018
  1.246828423975394E-013  2.390129976793089E-017  2.499999936845000E-005
  3.489682717146793E-014  6.249999842112500E-005   72.0000000000000     
  1.331283340022320E-005  0.704740000000000        1732820.94737950     
  7.258027859728001E-018
  3.670433617220870E-013  7.175644311321877E-017  2.499999936845000E-005
  1.304028018354720E-013  7.499999810535000E-005   72.0000000000000     
  1.331283340022320E-005  0.704740000000000        1386152.97658800     
  2.500871520468991E-017
  3.812917285827758E-013  7.285936285072316E-017  2.499999936845000E-005
  1.320526948360646E-013  7.499999810535000E-005   72.0000000000000     
  1.331283340022320E-005  0.704740000000000        1386152.97658800     
  2.591024350551002E-017
  7.606979472684409E-013  1.561366490447392E-016  2.499999936845000E-005
  3.226985591274525E-013  8.749999778957500E-005   72.0000000000000     
  1.331283340022320E-005  0.704740000000000        1212818.72214600     
  6.233992493087161E-017
  1.276172048422445E-012  2.493499386432505E-016  2.499999936845000E-005
  5.124016684702850E-013  8.749999778957500E-005   72.0000000000000     
  1.331283340022320E-005  0.704740000000000        1212818.72214600     
  1.039785680278796E-016
  2.979865139703946E-012  5.912133545024081E-016  2.499999936845000E-005
  1.408224743258510E-012  9.999999747380000E-005   72.0000000000000     
  1.331283340022320E-005  0.704740000000000        1039484.46770400     
  2.752601821487605E-016
  2.946646179269432E-012  5.766021364739244E-016  2.499999936845000E-005
  1.371202171447480E-012  9.999999747380000E-005   72.0000000000000     
  1.331283340022320E-005  0.704740000000000        1039484.46770400     
  2.717512256270285E-016
  5.275120286715597E-012  1.081208467088659E-015  2.499999936845000E-005
  2.844525261082196E-012  1.124999971580250E-004   72.0000000000000     
  1.331283340022320E-005  0.704740000000000        935483.753050750     
  5.600522938639907E-016
  7.677607069025764E-012  1.528865468171002E-015  2.499999936845000E-005
  4.008762314805279E-012  1.124999971580250E-004   72.0000000000000     
  1.331283340022320E-005  0.704740000000000        935483.753050750     
  8.123554591713579E-016
  1.533932738230903E-011  3.090466754670013E-015  2.499999936845000E-005
  9.048809240473244E-012  1.249999968422500E-004   72.0000000000000     
  1.331283340022320E-005  0.704740000000000        831483.038397500     
  1.800616693798030E-015
  1.494786145524563E-011  2.986681519316920E-015  2.499999936845000E-005
  8.736440216957678E-012  1.249999968422500E-004   72.0000000000000     
  1.331283340022320E-005  0.704740000000000        831483.038397500     
  1.752954019237572E-015
  2.471899287043023E-011  5.107406583778485E-015  2.499999936845000E-005
  1.621037094458049E-011  1.374999965264750E-004   72.0000000000000     
  1.331283340022320E-005  0.704740000000000        762149.119562650     
  3.246294778896032E-015
  3.286757790786310E-011  6.661608257182321E-015  2.499999936845000E-005
  2.109593665217279E-011  1.374999965264750E-004   72.0000000000000     
  1.331283340022320E-005  0.704740000000000        762149.119562650     
  4.306657311126815E-015
  5.876613349166707E-011  1.203573017970880E-014  2.499999936845000E-005
  4.160401812482078E-011  1.499999962107000E-004   72.0000000000000     
  1.331283340022320E-005  0.704740000000000        692815.200727800     
  8.414562276419892E-015
  5.759150385169034E-016  9.685920019029080E-020  2.499999936845000E-005
  6.162996890145672E-017  2.499999936845000E-005   90.0000000000000     
  1.331283340022320E-005  0.704740000000000        4159493.45238400     
  9.999999999999999E-021
  1.960573348871867E-015  4.106456250647551E-019  2.499999936845000E-005
  3.495874881599085E-016  3.749999905267500E-005   90.0000000000000     
  1.331283340022320E-005  0.704740000000000        3119491.18527750     
  5.842960009514539E-020
  7.389287151285478E-015  1.251347521485800E-018  2.499999936845000E-005
  1.041916643337390E-015  3.749999905267500E-005   90.0000000000000     
  1.331283340022320E-005  0.704740000000000        3119491.18527750     
  2.153228125323776E-019
  3.578562340252116E-014  5.973707461821325E-018  2.499999936845000E-005
  7.450917120186936E-015  4.999999873690000E-005   90.0000000000000     
  1.331283340022320E-005  0.704740000000000        2079488.91817100     
  1.261347521485801E-018
  4.474060597534582E-014  7.412788938528218E-018  2.499999936845000E-005
  9.238506542460248E-015  4.999999873690000E-005   90.0000000000000     
  1.331283340022320E-005  0.704740000000000        2079488.91817100     
  1.575758825852121E-018
  1.135371381284631E-013  2.113248681445252E-017  2.499999936845000E-005
  3.160880953013316E-014  6.249999842112500E-005   90.0000000000000     
  1.331283340022320E-005  0.704740000000000        1732820.94737950     
  5.282153295116230E-018
  2.636466615942213E-013  4.457452126341536E-017  2.499999936845000E-005
  6.600707560669182E-014  6.249999842112500E-005   90.0000000000000     
  1.331283340022320E-005  0.704740000000000        1732820.94737950     
  1.214200223307838E-017
  8.563677855358977E-013  1.480986213272728E-016  2.499999936845000E-005
  2.728851681366815E-013  7.499999810535000E-005   90.0000000000000     
  1.331283340022320E-005  0.704740000000000        1386152.97658800     
  4.615028008926748E-017
  9.189178149502138E-013  1.551462071914888E-016  2.499999936845000E-005
  2.851511717018957E-013  7.499999810535000E-005   90.0000000000000     
  1.331283340022320E-005  0.704740000000000        1386152.97658800     
  4.939666322944159E-017
  1.959622139701128E-012  3.554553509015839E-016  2.499999936845000E-005
  7.446100791770026E-013  8.749999778957500E-005   90.0000000000000     
  1.331283340022320E-005  0.704740000000000        1212818.72214600     
  1.269697668251860E-016
  3.524527900322426E-012  6.071207108530955E-016  2.499999936845000E-005
  1.264962241552460E-012  8.749999778957500E-005   90.0000000000000     
  1.331283340022320E-005  0.704740000000000        1212818.72214600     
  2.271243386802335E-016
  8.985466385150403E-012  1.577376706523650E-015  2.499999936845000E-005
  3.809679072024323E-012  9.999999747380000E-005   90.0000000000000     
  1.331283340022320E-005  0.704740000000000        1039484.46770400     
  6.565173740825372E-016
  9.034622181407233E-012  1.561029173039904E-015  2.499999936845000E-005
  3.763931885059850E-012  9.999999747380000E-005   90.0000000000000     
  1.331283340022320E-005  0.704740000000000        1039484.46770400     
  6.590091694335245E-016
  1.714763589659602E-011  3.105279559089010E-015  2.499999936845000E-005
  8.281242975763466E-012  1.124999971580250E-004   90.0000000000000     
  1.331283340022320E-005  0.704740000000000        935483.753050750     
  1.439523755953477E-015
  2.643083970917315E-011  4.641263783487197E-015  2.499999936845000E-005
  1.233774983335786E-011  1.124999971580250E-004   90.0000000000000     
  1.331283340022320E-005  0.704740000000000        935483.753050750     
  2.211648948978030E-015
  5.708839778058979E-011  1.017087720009260E-014  2.499999936845000E-005
  3.019477159423300E-011  1.249999968422500E-004   90.0000000000000     
  1.331283340022320E-005  0.704740000000000        831483.038397500     
  5.300272952920721E-015
  5.602937135024265E-011  9.883336715587267E-015  2.499999936845000E-005
  2.931059374731574E-011  1.249999968422500E-004   90.0000000000000     
  1.331283340022320E-005  0.704740000000000        831483.038397500     
  5.196508012481011E-015
  9.762793839903840E-011  1.781752897318145E-014  2.499999936845000E-005
  5.732527942243707E-011  1.374999965264750E-004   90.0000000000000     
  1.331283340022320E-005  0.704740000000000        762149.119562650     
  1.013817637027464E-014
  1.361267912247594E-010  2.433473367059610E-014  2.499999936845000E-005
  7.812456294683495E-011  1.374999965264750E-004   90.0000000000000     
  1.331283340022320E-005  0.704740000000000        762149.119562650     
  1.410527249907174E-014
  2.607765352886420E-010  4.720494970440003E-014  2.499999936845000E-005
  1.654373849720751E-010  1.499999962107000E-004   90.0000000000000     
  1.331283340022320E-005  0.704740000000000        692815.200727800     
  2.953124168307712E-014
 -9.999853498184605E-021  9.999483748953661E-021  2.499999936845000E-005
 -9.999943561810509E-021  2.499999936845000E-005  0.000000000000000E+000
  1.331283340022320E-005  0.704740000000000        79998.4855209200     
  9.999999999999999E-021
 -1.249939485860270E-020  9.999153387460502E-021  2.499999936845000E-005
 -1.499987031090281E-020  3.749999905267500E-005  0.000000000000000E+000
  1.331283340022320E-005  0.704740000000000        59998.4849950350     
  1.499974187447683E-020
 -1.166596663736240E-020  9.998987066050945E-021  2.499999936845000E-005
 -1.624964099111186E-020  3.749999905267500E-005  0.000000000000000E+000
  1.331283340022320E-005  0.704740000000000        59998.4849950350     
  1.499957669373025E-020
 -9.165626086367256E-021  9.998663456485020E-021  2.499999936845000E-005
 -2.166591019917291E-020  4.999999873690000E-005  0.000000000000000E+000
  1.331283340022320E-005  0.704740000000000        39998.4844691500     
  1.999898706605094E-020
 -9.374010141323682E-021  9.998721560494012E-021  2.499999936845000E-005
 -2.124931065789085E-020  4.999999873690000E-005  0.000000000000000E+000
  1.331283340022320E-005  0.704740000000000        39998.4844691500     
  1.999907135207693E-020
 -1.045699313088018E-020  9.998436713851882E-021  2.499999936845000E-005
 -2.593631572855269E-020  6.249999842112500E-005  0.000000000000000E+000
  1.331283340022320E-005  0.704740000000000        33331.8176170500     
  2.499843213232393E-020
 -1.024027784975854E-020  9.998360200061020E-021  2.499999936845000E-005
 -2.647780722333094E-020  6.249999842112500E-005  0.000000000000000E+000
  1.331283340022320E-005  0.704740000000000        33331.8176170500     
  2.499828970900287E-020
 -9.501149374492289E-021  9.998077142431100E-021  2.499999936845000E-005
 -3.148958850764940E-020  7.499999810535000E-005  0.000000000000000E+000
  1.331283340022320E-005  0.704740000000000        26665.1507649500     
  2.999743155213795E-020
 -9.566284278277976E-021  9.998096610832234E-021  2.499999936845000E-005
 -3.129426090407309E-020  7.499999810535000E-005  0.000000000000000E+000
  1.331283340022320E-005  0.704740000000000        26665.1507649500     
  2.999747010720208E-020
 -1.010609600092864E-020  9.997823164843443E-021  2.499999936845000E-005
 -3.607740304321207E-020  8.749999778957500E-005  0.000000000000000E+000
  1.331283340022320E-005  0.704740000000000        23331.8173318900     
  3.499651841261820E-020
 -1.002890028824488E-020  9.997775257517129E-021  2.499999936845000E-005
 -3.634730890453740E-020  8.749999778957500E-005  0.000000000000000E+000
  1.331283340022320E-005  0.704740000000000        23331.8173318900     
  3.499638168962381E-020
 -9.666020614393830E-021  9.997503209161600E-021  2.499999936845000E-005
 -4.132316119231797E-020  9.999999747380000E-005  0.000000000000000E+000
  1.331283340022320E-005  0.704740000000000        19998.4838988300     
  3.999524536471922E-020
 -9.693995384639371E-021  9.997512796574491E-021  2.499999936845000E-005
 -4.121131048257623E-020  9.999999747380000E-005  0.000000000000000E+000
  1.331283340022320E-005  0.704740000000000        19998.4838988300     
  3.999526955132125E-020
 -1.001121883792553E-020  9.997245063053964E-021  2.499999936845000E-005
 -4.605830817489592E-020  1.124999971580250E-004  0.000000000000000E+000
  1.331283340022320E-005  0.704740000000000        17998.4838336000     
  4.499402594960849E-020
 -9.975911550235382E-021  9.997210399427637E-021  2.499999936845000E-005
 -4.621691990153900E-020  1.124999971580250E-004  0.000000000000000E+000
  1.331283340022320E-005  0.704740000000000        17998.4838336000     
  4.499389208284823E-020
 -9.758532856622765E-021  9.996943744679225E-021  2.499999936845000E-005
 -5.118722203281161E-020  1.249999968422500E-004  0.000000000000000E+000
  1.331283340022320E-005  0.704740000000000        15998.4837683700     
  4.999247995074888E-020
 -9.772829203705010E-021  9.996949413612707E-021  2.499999936845000E-005
 -5.111577531884023E-020  1.249999968422500E-004  0.000000000000000E+000
  1.331283340022320E-005  0.704740000000000        15998.4837683700     
  4.999249746235740E-020
 -9.980023919817565E-021  9.996685169096249E-021  2.499999936845000E-005
 -5.600218992069274E-020  1.374999965264750E-004  0.000000000000000E+000
  1.331283340022320E-005  0.704740000000000        14665.1503871650     
  5.499097216916376E-020
 -9.961139594388371E-021  9.996658051264318E-021  2.499999936845000E-005
 -5.610578727874902E-020  1.374999965264750E-004  0.000000000000000E+000
  1.331283340022320E-005  0.704740000000000        14665.1503871650     
  5.499084004690552E-020
 -9.815681686189075E-021  9.996394643676273E-021  2.499999936845000E-005
 -6.107691491322861E-020  1.499999962107000E-004  0.000000000000000E+000
  1.331283340022320E-005  0.704740000000000        13331.8170059600     
  5.998915551362171E-020
  1.124450165246321E-016  2.419394899644312E-020  2.499999936845000E-005
  2.749412129821645E-016  2.499999936845000E-005   2.00000000000000     
  1.331283340022320E-005  0.704740000000000        79998.4855209200     
  9.999999999999999E-021
  2.159755847269603E-016  2.962341085480940E-020  2.499999936845000E-005
  3.311637212444805E-016  3.749999905267500E-005   2.00000000000000     
  1.331283340022320E-005  0.704740000000000        59998.4849950350     
  2.209697449822156E-020
  2.351226293075136E-016  3.376106346301658E-020  2.499999936845000E-005
  3.829290053456446E-016  3.749999905267500E-005   2.00000000000000     
  1.331283340022320E-005  0.704740000000000        59998.4849950350     
  2.481170542740470E-020
  3.160302498838178E-016  4.142238461121168E-020  2.499999936845000E-005
  5.100638422896781E-016  4.999999873690000E-005   2.00000000000000     
  1.331283340022320E-005  0.704740000000000        39998.4844691500     
  4.376106346301658E-020
  3.005591315030957E-016  4.006271637862021E-020  2.499999936845000E-005
  4.967198287283975E-016  4.999999873690000E-005   2.00000000000000     
  1.331283340022320E-005  0.704740000000000        39998.4844691500     
  4.206421370721779E-020
  2.916753652904196E-016  4.819086768982646E-020  2.499999936845000E-005
  6.469993944799454E-016  6.249999842112500E-005   2.00000000000000     
  1.331283340022320E-005  0.704740000000000        33331.8176170500     
  6.209557189652789E-020
  3.294800103520717E-016  4.965617370255221E-020  2.499999936845000E-005
  6.425575113736074E-016  6.249999842112500E-005   2.00000000000000     
  1.331283340022320E-005  0.704740000000000        33331.8176170500     
  6.615964755213101E-020
  3.262315294398810E-016  5.856094189813540E-020  2.499999936845000E-005
  8.261998390804693E-016  7.499999810535000E-005   2.00000000000000     
  1.331283340022320E-005  0.704740000000000        26665.1507649500     
  9.172038740977000E-020
  3.282624865046808E-016  5.775137018997045E-020  2.499999936845000E-005
  8.082367307663907E-016  7.499999810535000E-005   2.00000000000000     
  1.331283340022320E-005  0.704740000000000        26665.1507649500     
  9.111717055080328E-020
  3.200151259270407E-016  6.614384320106733E-020  2.499999936845000E-005
  9.723679740187310E-016  8.749999778957500E-005   2.00000000000000     
  1.331283340022320E-005  0.704740000000000        23331.8173318900     
  1.199928556457885E-019
  3.421000245920756E-016  6.720765326981369E-020  2.499999936845000E-005
  9.682442937299110E-016  8.749999778957500E-005   2.00000000000000     
  1.331283340022320E-005  0.704740000000000        23331.8173318900     
  1.241890921513370E-019
  3.375107670778815E-016  7.599643407379056E-020  2.499999936845000E-005
  1.150336755358466E-015  9.999999747380000E-005   2.00000000000000     
  1.331283340022320E-005  0.704740000000000        19998.4838988300     
  1.583248238206170E-019
  3.382796838924086E-016  7.554970949384379E-020  2.499999936845000E-005
  1.139903989869857E-015  9.999999747380000E-005   2.00000000000000     
  1.331283340022320E-005  0.704740000000000        19998.4838988300     
  1.578589700850571E-019
  3.324901027165182E-016  8.404211164765120E-020  2.499999936845000E-005
  1.309043831816061E-015  1.124999971580250E-004   2.00000000000000     
  1.331283340022320E-005  0.704740000000000        17998.4838336000     
  1.956338248319790E-019
  3.466639428701394E-016  8.489600086712515E-020  2.499999936845000E-005
  1.306149041228116E-015  1.124999971580250E-004   2.00000000000000     
  1.331283340022320E-005  0.704740000000000        17998.4838336000     
  1.998800259088827E-019
  3.430010467999437E-016  9.363096236656652E-020  2.499999936845000E-005
  1.486567932739996E-015  1.249999968422500E-004   2.00000000000000     
  1.331283340022320E-005  0.704740000000000        15998.4837683700     
  2.427549709521823E-019
  3.433280228901328E-016  9.334949745141213E-020  2.499999936845000E-005
  1.479835460180801E-015  1.249999968422500E-004   2.00000000000000     
  1.331283340022320E-005  0.704740000000000        15998.4837683700     
  2.423684529000510E-019
  3.391659012403467E-016  1.019019325513441E-019  2.499999936845000E-005
  1.651499471625868E-015  1.374999965264750E-004   2.00000000000000     
  1.331283340022320E-005  0.704740000000000        14665.1503871650     
  2.890432016257570E-019
  3.490043782982874E-016  1.026172422618209E-019  2.499999936845000E-005
  1.649418410800974E-015  1.374999965264750E-004   2.00000000000000     
  1.331283340022320E-005  0.704740000000000        14665.1503871650     
  2.933194191757230E-019
  3.461518648523778E-016  1.113337964969762E-019  2.499999936845000E-005
  1.828839838479088E-015  1.499999962107000E-004   2.00000000000000     
  1.331283340022320E-005  0.704740000000000        13331.8170059600     
  3.449856951618719E-019
  5.440836722993088E-016  4.191043246392361E-020  2.499999936845000E-005
  6.181150158152011E-016  2.499999936845000E-005   6.00000000000000     
  1.331283340022320E-005  0.704740000000000        79998.4855209200     
  9.999999999999999E-021
  1.242164253280187E-015  6.066625586329417E-020  2.499999936845000E-005
  8.901568519648555E-016  3.749999905267500E-005   6.00000000000000     
  1.331283340022320E-005  0.704740000000000        59998.4849950350     
  3.095521623196181E-020
  1.565568115253402E-015  8.261418259129977E-020  2.499999936845000E-005
  1.239197142455295E-015  3.749999905267500E-005   6.00000000000000     
  1.331283340022320E-005  0.704740000000000        59998.4849950350     
  4.033312793164708E-020
  2.534063785137336E-015  1.299695879189599E-019  2.499999936845000E-005
  2.183683131068603E-015  4.999999873690000E-005   6.00000000000000     
  1.331283340022320E-005  0.704740000000000        39998.4844691500     
  9.261418259129978E-020
  2.349357737983035E-015  1.223974052162809E-019  2.499999936845000E-005
  2.067050381565838E-015  4.999999873690000E-005   6.00000000000000     
  1.331283340022320E-005  0.704740000000000        39998.4844691500     
  8.640681621534522E-020
  2.629107945233436E-015  1.760483953974288E-019  2.499999936845000E-005
  3.241729250557356E-015  6.249999842112500E-005   6.00000000000000     
  1.331283340022320E-005  0.704740000000000        33331.8176170500     
  1.476055188234857E-019
  3.286623903938162E-015  1.918272114359229E-019  2.499999936845000E-005
  3.381604354182556E-015  6.249999842112500E-005   6.00000000000000     
  1.331283340022320E-005  0.704740000000000        33331.8176170500     
  1.744310139140597E-019
  3.690964691839817E-015  2.741001323283531E-019  2.499999936845000E-005
  5.353674285503999E-015  7.499999810535000E-005   6.00000000000000     
  1.331283340022320E-005  0.704740000000000        26665.1507649500     
  2.782340276512682E-019
  3.732246746436051E-015  2.626271929759817E-019  2.499999936845000E-005
  5.045681402926847E-015  7.499999810535000E-005   6.00000000000000     
  1.331283340022320E-005  0.704740000000000        26665.1507649500     
  2.751149414172348E-019
  4.100459977704597E-015  3.425915150606841E-019  2.499999936845000E-005
  6.911804776144872E-015  8.749999778957500E-005   6.00000000000000     
  1.331283340022320E-005  0.704740000000000        23331.8173318900     
  4.064285379052256E-019
  4.645508239293840E-015  3.600473439157542E-019  2.499999936845000E-005
  7.095911391779145E-015  8.749999778957500E-005   6.00000000000000     
  1.331283340022320E-005  0.704740000000000        23331.8173318900     
  4.464106989475769E-019
  5.101043459000917E-015  4.655762842286500E-019  2.499999936845000E-005
  9.691189642220686E-015  9.999999747380000E-005   6.00000000000000     
  1.331283340022320E-005  0.704740000000000        19998.4838988300     
  6.351622853329890E-019
  5.112620329709174E-015  4.562931473462879E-019  2.499999936845000E-005
  9.433219176165819E-015  9.999999747380000E-005   6.00000000000000     
  1.331283340022320E-005  0.704740000000000        19998.4838988300     
  6.306951406101528E-019
  5.546550839754480E-015  5.624152735354987E-019  2.499999936845000E-005
  1.198952934102040E-014  1.124999971580250E-004   6.00000000000000     
  1.331283340022320E-005  0.704740000000000        17998.4838336000     
  8.588417142832968E-019
  6.005622584631224E-015  5.809304835342000E-019  2.499999936845000E-005
  1.220649459604306E-014  1.124999971580250E-004   6.00000000000000     
  1.331283340022320E-005  0.704740000000000        17998.4838336000     
  9.119027773779022E-019
  6.500913326659376E-015  7.105058785803826E-019  2.499999936845000E-005
  1.543884176079704E-014  1.249999968422500E-004   6.00000000000000     
  1.331283340022320E-005  0.704740000000000        15998.4837683700     
  1.211625624144353E-018
  6.502445880976811E-015  7.027856128687562E-019  2.499999936845000E-005
  1.521953259368914E-014  1.249999968422500E-004   6.00000000000000     
  1.331283340022320E-005  0.704740000000000        15998.4837683700     
  1.206276897287831E-018
  6.980731253361456E-015  8.351391923563594E-019  2.499999936845000E-005
  1.847075553417755E-014  1.374999965264750E-004   6.00000000000000     
  1.331283340022320E-005  0.704740000000000        14665.1503871650     
  1.557669703722209E-018
  7.376499962386216E-015  8.543171828000402E-019  2.499999936845000E-005
  1.870989822036987E-014  1.374999965264750E-004   6.00000000000000     
  1.331283340022320E-005  0.704740000000000        14665.1503871650     
  1.623846493466010E-018
  7.899862659092279E-015  1.008599445935054E-018  2.499999936845000E-005
  2.259603255607536E-014  1.499999962107000E-004   6.00000000000000     
  1.331283340022320E-005  0.704740000000000        13331.8170059600     
  2.060594080087871E-018
  1.345815298973442E-015  6.052071975255128E-020  2.499999936845000E-005
  9.786020770526378E-016  2.499999936845000E-005   12.0000000000000     
  1.331283340022320E-005  0.704740000000000        79998.4855209200     
  9.999999999999999E-021
  3.673822899362897E-015  1.011069466095902E-019  2.499999936845000E-005
  1.651509726539359E-015  3.749999905267500E-005   12.0000000000000     
  1.331283340022320E-005  0.704740000000000        59998.4849950350     
  4.026035987627564E-020
  5.304558770213068E-015  1.669797516811817E-019  2.499999936845000E-005
  2.815513526734086E-015  3.749999905267500E-005   12.0000000000000     
  1.331283340022320E-005  0.704740000000000        59998.4849950350     
  6.055347330479510E-020
  1.071634081213282E-014  3.292138690285779E-019  2.499999936845000E-005
  6.283160847265706E-015  4.999999873690000E-005   12.0000000000000     
  1.331283340022320E-005  0.704740000000000        39998.4844691500     
  1.769797516811817E-019
  9.875599133475109E-015  3.113353737941755E-019  2.499999936845000E-005
  5.981755318762337E-015  4.999999873690000E-005   12.0000000000000     
  1.331283340022320E-005  0.704740000000000        39998.4844691500     
  1.643179975604455E-019
  1.265348424062957E-014  5.221220344985160E-019  2.499999936845000E-005
  1.091955488549989E-014  6.249999842112500E-005   12.0000000000000     
  1.331283340022320E-005  0.704740000000000        33331.8176170500     
  3.199856844575332E-019
  1.770419598132982E-014  6.144115216717093E-019  2.499999936845000E-005
  1.230849743907712E-014  6.249999842112500E-005   12.0000000000000     
  1.331283340022320E-005  0.704740000000000        33331.8176170500     
  4.253790148097035E-019
  2.275530808973829E-014  1.061936956500805E-018  2.499999936845000E-005
  2.368595130009216E-014  7.499999810535000E-005   12.0000000000000     
  1.331283340022320E-005  0.704740000000000        26665.1507649500     
  7.787295192321548E-019
  2.320755369039174E-014  9.869954643273878E-019  2.499999936845000E-005
  2.153946659661770E-014  7.499999810535000E-005   12.0000000000000     
  1.331283340022320E-005  0.704740000000000        26665.1507649500     
  7.720412379996840E-019
  2.836559109326198E-014  1.447539118349471E-018  2.499999936845000E-005
  3.314324344181357E-014  8.749999778957500E-005   12.0000000000000     
  1.331283340022320E-005  0.704740000000000        23331.8173318900     
  1.265538970163378E-018
  3.451303270610507E-014  1.597834031657840E-018  2.499999936845000E-005
  3.572226214324869E-014  8.749999778957500E-005   12.0000000000000     
  1.331283340022320E-005  0.704740000000000        23331.8173318900     
  1.495810797174419E-018
  4.213296923537883E-014  2.366874911299721E-018  2.499999936845000E-005
  5.605249930272278E-014  9.999999747380000E-005   12.0000000000000     
  1.331283340022320E-005  0.704740000000000        19998.4838988300     
  2.369875269657525E-018
  4.223658939709505E-014  2.276628983655652E-018  2.499999936845000E-005
  5.338909501736848E-014  9.999999747380000E-005   12.0000000000000     
  1.331283340022320E-005  0.704740000000000        19998.4838988300     
  2.346144017273306E-018
  5.007016975491345E-014  3.083345686132295E-018  2.499999936845000E-005
  7.450738971591600E-014  1.124999971580250E-004   12.0000000000000     
  1.331283340022320E-005  0.704740000000000        17998.4838336000     
  3.484458509101132E-018
  5.691250693470334E-014  3.294364177737827E-018  2.499999936845000E-005
  7.842417989482519E-014  1.124999971580250E-004   12.0000000000000     
  1.331283340022320E-005  0.704740000000000        17998.4838336000     
  3.887816860339453E-018
  6.721874944507305E-014  4.472982553129442E-018  2.499999936845000E-005
  1.103016019520718E-013  1.249999968422500E-004   12.0000000000000     
  1.331283340022320E-005  0.704740000000000        15998.4837683700     
  5.640508195011133E-018
  6.713162882634352E-014  4.373028149247467E-018  2.499999936845000E-005
  1.072925437209354E-013  1.249999968422500E-004   12.0000000000000     
  1.331283340022320E-005  0.704740000000000        15998.4837683700     
  5.596982561360862E-018
  7.771833878223088E-014  5.624184088230075E-018  2.499999936845000E-005
  1.408583581341072E-013  1.374999965264750E-004   12.0000000000000     
  1.331283340022320E-005  0.704740000000000        14665.1503871650     
  7.783496635984596E-018
  8.506070179897324E-014  5.896096814042238E-018  2.499999936845000E-005
  1.461517131120509E-013  1.374999965264750E-004   12.0000000000000     
  1.331283340022320E-005  0.704740000000000        14665.1503871650     
  8.409074605475900E-018
  9.807902727286585E-014  7.577881170906853E-018  2.499999936845000E-005
  1.923532455199087E-013  1.499999962107000E-004   12.0000000000000     
  1.331283340022320E-005  0.704740000000000        13331.8170059600     
  1.149307937540310E-017
  2.528484330241166E-015  7.946496267848961E-020  2.499999936845000E-005
  1.345557963000339E-015  2.499999936845000E-005   20.0000000000000     
  1.331283340022320E-005  0.704740000000000        79998.4855209200     
  9.999999999999999E-021
  8.090535297897555E-015  1.505150354753101E-019  2.499999936845000E-005
  2.609800128120923E-015  3.749999905267500E-005   20.0000000000000     
  1.331283340022320E-005  0.704740000000000        59998.4849950350     
  4.973248133924481E-020
  1.325859686241666E-014  2.992582704650039E-019  2.499999936845000E-005
  5.390825611949117E-015  3.749999905267500E-005   20.0000000000000     
  1.331283340022320E-005  0.704740000000000        59998.4849950350     
  8.525751773765507E-020
  3.305751745090823E-014  7.141517309718567E-019  2.499999936845000E-005
  1.460415482541700E-014  4.999999873690000E-005   20.0000000000000     
  1.331283340022320E-005  0.704740000000000        39998.4844691500     
  3.092582704650039E-019
  3.093614791056032E-014  6.975271898606571E-019  2.499999936845000E-005
  1.439293564662998E-014  4.999999873690000E-005   20.0000000000000     
  1.331283340022320E-005  0.704740000000000        39998.4844691500     
  2.921938842551624E-019
  4.488106474049493E-014  1.334179016376002E-018  2.499999936845000E-005
  2.986100960191013E-014  6.249999842112500E-005   20.0000000000000     
  1.331283340022320E-005  0.704740000000000        33331.8176170500     
  6.409574791854910E-019
  7.031395220034096E-014  1.713171601484583E-018  2.499999936845000E-005
  3.683346801687743E-014  6.249999842112500E-005   20.0000000000000     
  1.331283340022320E-005  0.704740000000000        33331.8176170500     
  9.592833924431635E-019
  1.033165138298971E-013  3.537896874324505E-018  2.499999936845000E-005
  8.470688784697093E-014  7.499999810535000E-005   20.0000000000000     
  1.331283340022320E-005  0.704740000000000        26665.1507649500     
  2.005365485739745E-018
  1.070552172939330E-013  3.217562742012790E-018  2.499999936845000E-005
  7.516671825031818E-014  7.499999810535000E-005   20.0000000000000     
  1.331283340022320E-005  0.704740000000000        26665.1507649500     
  2.013881434239551E-018
  1.437393711284159E-013  5.251786744848999E-018  2.499999936845000E-005
  1.286943268972847E-013  8.749999778957500E-005   20.0000000000000     
  1.331283340022320E-005  0.704740000000000        23331.8173318900     
  3.622662805245946E-018
  1.891791921057841E-013  6.143378387418396E-018  2.499999936845000E-005
  1.470364038145261E-013  8.749999778957500E-005   20.0000000000000     
  1.331283340022320E-005  0.704740000000000        23331.8173318900     
  4.639774806664051E-018
  2.560135567264317E-013  1.040748765180576E-017  2.499999936845000E-005
  2.643459103561023E-013  9.999999747380000E-005   20.0000000000000     
  1.331283340022320E-005  0.704740000000000        19998.4838988300     
  8.157259821657947E-018
  2.575094341936874E-013  9.828799027041608E-018  2.499999936845000E-005
  2.466510349984456E-013  9.999999747380000E-005   20.0000000000000     
  1.331283340022320E-005  0.704740000000000        19998.4838988300     
  8.083111543965108E-018
  3.307958561713957E-013  1.452234932291299E-017  2.499999936845000E-005
  3.754057520952893E-013  1.124999971580250E-004   20.0000000000000     
  1.331283340022320E-005  0.704740000000000        17998.4838336000     
  1.299751105748591E-017
  3.974426003317613E-013  1.617944649494057E-017  2.499999936845000E-005
  4.120489630841435E-013  1.124999971580250E-004   20.0000000000000     
  1.331283340022320E-005  0.704740000000000        17998.4838336000     
  1.534428620542160E-017
  5.112419536521190E-013  2.438456254447523E-017  2.499999936845000E-005
  6.440936353302069E-013  1.249999968422500E-004   20.0000000000000     
  1.331283340022320E-005  0.704740000000000        15998.4837683700     
  2.426255803890567E-017
  5.101381250318582E-013  2.353013652109553E-017  2.499999936845000E-005
  6.175224184737990E-013  1.249999968422500E-004   20.0000000000000     
  1.331283340022320E-005  0.704740000000000        15998.4837683700     
  2.401927041183576E-017
  6.331074721356550E-013  3.258023791452980E-017  2.499999936845000E-005
  8.725914809897281E-013  1.374999965264750E-004   20.0000000000000     
  1.331283340022320E-005  0.704740000000000        14665.1503871650     
  3.578433867238353E-017
  7.220492306624623E-013  3.524020416946248E-017  2.499999936845000E-005
  9.340761545416265E-013  1.374999965264750E-004   20.0000000000000     
  1.331283340022320E-005  0.704740000000000        14665.1503871650     
  4.030938936910066E-017
  8.950914344482558E-013  4.931000555735903E-017  2.499999936845000E-005
  1.339571649136261E-012  1.499999962107000E-004   20.0000000000000     
  1.331283340022320E-005  0.704740000000000        13331.8170059600     
  5.925947458129824E-017
  4.095493430303216E-015  9.856749735492677E-020  2.499999936845000E-005
  1.715580009457574E-015  2.499999936845000E-005   30.0000000000000     
  1.331283340022320E-005  0.704740000000000        79998.4855209200     
  9.999999999999999E-021
  1.506869890849202E-014  2.087554606635278E-019  2.499999936845000E-005
  3.763326724609182E-015  3.749999905267500E-005   30.0000000000000     
  1.331283340022320E-005  0.704740000000000        59998.4849950350     
  5.928374867746338E-020
  2.774628461705484E-014  4.922117067201353E-019  2.499999936845000E-005
  9.249929463703584E-015  3.749999905267500E-005   30.0000000000000     
  1.331283340022320E-005  0.704740000000000        59998.4849950350     
  1.143777303317639E-019
  8.358064764143942E-014  1.379865385713013E-018  2.499999936845000E-005
  2.946186462651241E-014  4.999999873690000E-005   30.0000000000000     
  1.331283340022320E-005  0.704740000000000        39998.4844691500     
  5.022117067201354E-019
  8.063306513793424E-014  1.417392386916090E-018  2.499999936845000E-005
  3.059993136326363E-014  4.999999873690000E-005   30.0000000000000     
  1.331283340022320E-005  0.704740000000000        39998.4844691500     
  4.900612029725443E-019
  1.310515499640559E-013  3.039144575886409E-018  2.499999936845000E-005
  7.091646393223076E-014  6.249999842112500E-005   30.0000000000000     
  1.331283340022320E-005  0.704740000000000        33331.8176170500     
  1.198757396430589E-018
  2.288031460441256E-013  4.273391283791953E-018  2.499999936845000E-005
  9.612570634529159E-014  6.249999842112500E-005   30.0000000000000     
  1.331283340022320E-005  0.704740000000000        33331.8176170500     
  2.009633490915749E-018
  3.822582159063143E-013  1.037508414603241E-017  2.499999936845000E-005
  2.594030774073893E-013  7.499999810535000E-005   30.0000000000000     
  1.331283340022320E-005  0.704740000000000        26665.1507649500     
  4.763452486764497E-018
  4.055720422559234E-013  9.344323221597923E-018  2.499999936845000E-005
  2.277000435400322E-013  7.499999810535000E-005   30.0000000000000     
  1.331283340022320E-005  0.704740000000000        26665.1507649500     
  4.892985911690082E-018
  5.919216076679189E-013  1.683801138760900E-017  2.499999936845000E-005
  4.304860646679940E-013  8.749999778957500E-005   30.0000000000000     
  1.331283340022320E-005  0.704740000000000        23331.8173318900     
  9.565147522489043E-018
  8.453466148572031E-013  2.096146114427018E-017  2.499999936845000E-005
  5.236608473739917E-013  8.749999778957500E-005   30.0000000000000     
  1.331283340022320E-005  0.704740000000000        23331.8173318900     
  1.331199160549458E-017
  1.263089600681255E-012  4.043213329949396E-017  2.499999936845000E-005
  1.073046658397235E-012  9.999999747380000E-005   30.0000000000000     
  1.331283340022320E-005  0.704740000000000        19998.4838988300     
  2.585444705596026E-017
  1.281243182490395E-012  3.762535089443071E-017  2.499999936845000E-005
  9.848997248712692E-013  9.999999747380000E-005   30.0000000000000     
  1.331283340022320E-005  0.704740000000000        19998.4838988300     
  2.578888617583179E-017
  1.770902457556475E-012  6.028718329260559E-017  2.499999936845000E-005
  1.625521316116466E-012  1.124999971580250E-004   30.0000000000000     
  1.331283340022320E-005  0.704740000000000        17998.4838336000     
  4.460156162304715E-017
  2.258158065922241E-012  7.039255857739841E-017  2.499999936845000E-005
  1.870350953649507E-012  1.124999971580250E-004   30.0000000000000     
  1.331283340022320E-005  0.704740000000000        17998.4838336000     
  5.593247782213458E-017
  3.157393070521911E-012  1.175815705772021E-016  2.499999936845000E-005
  3.243057790793511E-012  1.249999968422500E-004   30.0000000000000     
  1.331283340022320E-005  0.704740000000000        15998.4837683700     
  9.618144475323019E-017
  3.154286954624354E-012  1.120706806504342E-016  2.499999936845000E-005
  3.067692608199559E-012  1.249999968422500E-004   30.0000000000000     
  1.331283340022320E-005  0.704740000000000        15998.4837683700     
  9.521662037777192E-017
  4.175389251591583E-012  1.662931745240999E-016  2.499999936845000E-005
  4.644836085511736E-012  1.374999965264750E-004   30.0000000000000     
  1.331283340022320E-005  0.704740000000000        14665.1503871650     
  1.512519607029890E-016
  4.982357586286703E-012  1.864783227839662E-016  2.499999936845000E-005
  5.155387233995350E-012  1.374999965264750E-004   30.0000000000000     
  1.331283340022320E-005  0.704740000000000        14665.1503871650     
  1.783632076398219E-016
  6.632653484167189E-012  2.839212240122187E-016  2.499999936845000E-005
  8.050050194486262E-012  1.499999962107000E-004   30.0000000000000     
  1.331283340022320E-005  0.704740000000000        13331.8170059600     
  2.816949431617381E-016
  6.048224192550094E-015  1.177569984759693E-019  2.499999936845000E-005
  2.087286623033834E-015  2.499999936845000E-005   42.0000000000000     
  1.331283340022320E-005  0.704740000000000        79998.4855209200     
  9.999999999999999E-021
  2.518382898955736E-014  2.757733826499953E-019  2.499999936845000E-005
  5.111398719308881E-015  3.749999905267500E-005   42.0000000000000     
  1.331283340022320E-005  0.704740000000000        59998.4849950350     
  6.887849923798463E-020
  5.160155226818244E-014  7.586998186292409E-019  2.499999936845000E-005
  1.467920111781252E-014  3.749999905267500E-005   42.0000000000000     
  1.331283340022320E-005  0.704740000000000        59998.4849950350     
  1.478866913249976E-019
  1.838258699037090E-013  2.441306909411858E-018  2.499999936845000E-005
  5.368883889121628E-014  4.999999873690000E-005   42.0000000000000     
  1.331283340022320E-005  0.704740000000000        39998.4844691500     
  7.686998186292408E-019
  1.844690601619856E-013  2.663678919111432E-018  2.499999936845000E-005
  5.932809605832362E-014  4.999999873690000E-005   42.0000000000000     
  1.331283340022320E-005  0.704740000000000        39998.4844691500     
  7.813350517410499E-019
  3.328077848247637E-013  6.315734404478915E-018  2.499999936845000E-005
  1.515626261393164E-013  6.249999842112500E-005   42.0000000000000     
  1.331283340022320E-005  0.704740000000000        33331.8176170500     
  2.113174511296766E-018
  6.431116173763762E-013  9.723196443270251E-018  2.499999936845000E-005
  2.257319884707055E-013  6.249999842112500E-005   42.0000000000000     
  1.331283340022320E-005  0.704740000000000        33331.8176170500     
  3.939202253980507E-018
  1.212967230462412E-012  2.729662168014656E-017  2.499999936845000E-005
  7.024397134346999E-013  7.499999810535000E-005   42.0000000000000     
  1.331283340022320E-005  0.704740000000000        26665.1507649500     
  1.050453149501130E-017
  1.326196155295678E-012  2.462616782910629E-017  2.499999936845000E-005
  6.175406118961033E-013  7.499999810535000E-005   42.0000000000000     
  1.331283340022320E-005  0.704740000000000        26665.1507649500     
  1.112102876753377E-017
  2.086223968656435E-012  4.865629005295292E-017  2.499999936845000E-005
  1.280638689543942E-012  8.749999778957500E-005   42.0000000000000     
  1.331283340022320E-005  0.704740000000000        23331.8173318900     
  2.343411268208691E-017
  3.234891838969569E-012  6.454052880376320E-017  2.499999936845000E-005
  1.660652596224320E-012  8.749999778957500E-005   42.0000000000000     
  1.331283340022320E-005  0.704740000000000        23331.8173318900     
  3.544917379401023E-017
  5.310883419898318E-012  1.408685529829023E-016  2.499999936845000E-005
  3.852432450865672E-012  9.999999747380000E-005   42.0000000000000     
  1.331283340022320E-005  0.704740000000000        19998.4838988300     
  7.566155757129697E-017
  5.463832929652877E-012  1.298239603914002E-016  2.499999936845000E-005
  3.497425810303770E-012  9.999999747380000E-005   42.0000000000000     
  1.331283340022320E-005  0.704740000000000        19998.4838988300     
  7.643575518844057E-017
  8.075493029054227E-012  2.244610657265981E-016  2.499999936845000E-005
  6.229342275130209E-012  1.124999971580250E-004   42.0000000000000     
  1.331283340022320E-005  0.704740000000000        17998.4838336000     
  1.413477353841407E-016
  1.095213421972477E-011  2.754446312762821E-016  2.499999936845000E-005
  7.535172324830883E-012  1.124999971580250E-004   42.0000000000000     
  1.331283340022320E-005  0.704740000000000        17998.4838336000     
  1.886662880517396E-016
  1.660415102362873E-011  5.085569985725753E-016  2.499999936845000E-005
  1.444956003002854E-011  1.249999968422500E-004   42.0000000000000     
  1.331283340022320E-005  0.704740000000000        15998.4837683700     
  3.518803864647227E-016
  1.665681416238760E-011  4.798240096225170E-016  2.499999936845000E-005
  1.351796555211037E-011  1.249999968422500E-004   42.0000000000000     
  1.331283340022320E-005  0.704740000000000        15998.4837683700     
  3.494678140167299E-016
  2.341333574466538E-011  7.599536428204305E-016  2.499999936845000E-005
  2.184637263330417E-011  1.374999965264750E-004   42.0000000000000     
  1.331283340022320E-005  0.704740000000000        14665.1503871650     
  5.893798188279883E-016
  2.930718736990524E-011  8.863661263486995E-016  2.499999936845000E-005
  2.522463342444306E-011  1.374999965264750E-004   42.0000000000000     
  1.331283340022320E-005  0.704740000000000        14665.1503871650     
  7.294446354269451E-016
  4.184088507581288E-011  1.466630922355944E-015  2.499999936845000E-005
  4.282515292201561E-011  1.499999962107000E-004   42.0000000000000     
  1.331283340022320E-005  0.704740000000000        13331.8170059600     
  1.235833940365429E-015
  8.387339007604328E-015  1.369992698634238E-019  2.499999936845000E-005
  2.460015413106596E-015  2.499999936845000E-005   56.0000000000000     
  1.331283340022320E-005  0.704740000000000        79998.4855209200     
  9.999999999999999E-021
  3.901112451565032E-014  3.515425091935548E-019  2.499999936845000E-005
  6.653684916908760E-015  3.749999905267500E-005   56.0000000000000     
  1.331283340022320E-005  0.704740000000000        59998.4849950350     
  7.849963493171190E-020
  8.817443879206636E-014  1.111617110469347E-018  2.499999936845000E-005
  2.196557767093175E-014  3.749999905267500E-005   56.0000000000000     
  1.331283340022320E-005  0.704740000000000        59998.4849950350     
  1.857712545967774E-019
  3.645378051958462E-013  4.033246754262739E-018  2.499999936845000E-005
  9.063445420517295E-014  4.999999873690000E-005   56.0000000000000     
  1.331283340022320E-005  0.704740000000000        39998.4844691500     
  1.121617110469347E-018
  3.823472914984794E-013  4.696184538866636E-018  2.499999936845000E-005
  1.070093938829206E-013  4.999999873690000E-005   56.0000000000000     
  1.331283340022320E-005  0.704740000000000        39998.4844691500     
  1.192760877241994E-018
  7.597136317642241E-013  1.217888743622755E-017  2.499999936845000E-005
  2.981830396321603E-013  6.249999842112500E-005   56.0000000000000     
  1.331283340022320E-005  0.704740000000000        33331.8176170500     
  3.540853146675312E-018
  1.612999219127345E-012  2.048571251071345E-017  2.499999936845000E-005
  4.868662097650327E-013  6.249999842112500E-005   56.0000000000000     
  1.331283340022320E-005  0.704740000000000        33331.8176170500     
  7.282204595355768E-018
  3.408596863302516E-012  6.549136603730971E-017  2.499999936845000E-005
  1.720008613010265E-012  7.499999810535000E-005   56.0000000000000     
  1.331283340022320E-005  0.704740000000000        26665.1507649500     
  2.167847338795544E-017
  3.857827291197586E-012  5.974608573352033E-017  2.499999936845000E-005
  1.529737703313609E-012  7.499999810535000E-005   56.0000000000000     
  1.331283340022320E-005  0.704740000000000        26665.1507649500     
  2.377888595558505E-017
  6.497265693491091E-012  1.286537315604073E-016  2.499999936845000E-005
  3.458651348912402E-012  8.749999778957500E-005   56.0000000000000     
  1.331283340022320E-005  0.704740000000000        23331.8173318900     
  5.365192882234521E-017
  1.092715849322781E-011  1.817390046551197E-016  2.499999936845000E-005
  4.778370550059155E-012  8.749999778957500E-005   56.0000000000000     
  1.331283340022320E-005  0.704740000000000        23331.8173318900     
  8.810575173578870E-017
  1.960835776614429E-011  4.457167956445615E-016  2.499999936845000E-005
  1.245689619654142E-011  9.999999747380000E-005   56.0000000000000     
  1.331283340022320E-005  0.704740000000000        19998.4838988300     
  2.055178906107047E-016
  2.057030818876972E-011  4.089688701420933E-016  2.499999936845000E-005
  1.124890994177689E-011  9.999999747380000E-005   56.0000000000000     
  1.331283340022320E-005  0.704740000000000        19998.4838988300     
  2.114869449237743E-016
  3.233359695825550E-011  7.597895861321467E-016  2.499999936845000E-005
  2.153406403616175E-011  1.124999971580250E-004   56.0000000000000     
  1.331283340022320E-005  0.704740000000000        17998.4838336000     
  4.159713799948210E-016
  4.667919786653608E-011  9.810447906219827E-016  2.499999936845000E-005
  2.741570842090464E-011  1.124999971580250E-004   56.0000000000000     
  1.331283340022320E-005  0.704740000000000        17998.4838336000     
  5.913817379898477E-016
  7.650238285693518E-011  1.995168252017145E-015  2.499999936845000E-005
  5.792810780831296E-011  1.249999968422500E-004   56.0000000000000     
  1.331283340022320E-005  0.704740000000000        15998.4837683700     
  1.192531735545757E-015
  7.732924800887585E-011  1.868915947127630E-015  2.499999936845000E-005
  5.376529005765823E-011  1.249999968422500E-004   56.0000000000000     
  1.331283340022320E-005  0.704740000000000        15998.4837683700     
  1.192454590868357E-015
  1.149635196144420E-010  3.148619009338432E-015  2.499999936845000E-005
  9.242991406209616E-011  1.374999965264750E-004   56.0000000000000     
  1.331283340022320E-005  0.704740000000000        14665.1503871650     
  2.126912564432172E-015
  1.511830477193834E-010  3.827232394237220E-015  2.499999936845000E-005
  1.112470498648792E-010  1.374999965264750E-004   56.0000000000000     
  1.331283340022320E-005  0.704740000000000        14665.1503871650     
  2.766764095537573E-015
  2.310952801485158E-010  6.869748455778669E-015  2.499999936845000E-005
  2.049483377770417E-010  1.499999962107000E-004   56.0000000000000     
  1.331283340022320E-005  0.704740000000000        13331.8170059600     
  5.019686985105578E-015
  1.111319403696725E-014  1.562759245387449E-019  2.499999936845000E-005
  2.833410218174531E-015  2.499999936845000E-005   72.0000000000000     
  1.331283340022320E-005  0.704740000000000        79998.4855209200     
  9.999999999999999E-021
  5.712564928513013E-014  4.360487031917690E-019  2.499999936845000E-005
  8.390007236658155E-015  3.749999905267500E-005   72.0000000000000     
  1.331283340022320E-005  0.704740000000000        59998.4849950350     
  8.813796226937243E-020
  1.413313402607375E-013  1.563872869673585E-018  2.499999936845000E-005
  3.139623486073960E-014  3.749999905267500E-005   72.0000000000000     
  1.331283340022320E-005  0.704740000000000        59998.4849950350     
  2.280243515958845E-019
  6.673526676116531E-013  6.310257460007725E-018  2.499999936845000E-005
  1.441647504789121E-013  4.999999873690000E-005   72.0000000000000     
  1.331283340022320E-005  0.704740000000000        39998.4844691500     
  1.573872869673585E-018
  7.332165506891415E-013  7.852512825540807E-018  2.499999936845000E-005
  1.820633836749005E-013  4.999999873690000E-005   72.0000000000000     
  1.331283340022320E-005  0.704740000000000        39998.4844691500     
  1.754396088379529E-018
  1.593613469471247E-012  2.207588254043306E-017  2.499999936845000E-005
  5.486716590194712E-013  6.249999842112500E-005   72.0000000000000     
  1.331283340022320E-005  0.704740000000000        33331.8176170500     
  5.680652501149933E-018
  3.691355862088960E-012  4.044803514357237E-017  2.499999936845000E-005
  9.788701184105241E-013  6.249999842112500E-005   72.0000000000000     
  1.331283340022320E-005  0.704740000000000        33331.8176170500     
  1.279233735859606E-017
  8.675472230677626E-012  1.452793659325732E-016  2.499999936845000E-005
  3.873419245763861E-012  7.499999810535000E-005   72.0000000000000     
  1.331283340022320E-005  0.704740000000000        26665.1507649500     
  4.220243123195190E-017
  1.019295803507542E-011  1.350024546247284E-016  2.499999936845000E-005
  3.511834624422764E-012  7.499999810535000E-005   72.0000000000000     
  1.331283340022320E-005  0.704740000000000        26665.1507649500     
  4.811768177606700E-017
  1.828037036702675E-011  3.150900934642407E-016  2.499999936845000E-005
  8.608313641960474E-012  8.749999778957500E-005   72.0000000000000     
  1.331283340022320E-005  0.704740000000000        23331.8173318900     
  1.156189090884312E-016
  3.327721741081967E-011  4.733111501244850E-016  2.499999936845000E-005
  1.265201980793614E-011  8.749999778957500E-005   72.0000000000000     
  1.331283340022320E-005  0.704740000000000        23331.8173318900     
  2.056627285081873E-016
  6.492488378899732E-011  1.294956805346314E-015  2.499999936845000E-005
  3.678905203524244E-011  9.999999747380000E-005   72.0000000000000     
  1.331283340022320E-005  0.704740000000000        19998.4838988300     
  5.214288319005520E-016
  6.977188487766302E-011  1.188844041639198E-015  2.499999936845000E-005
  3.321733752105036E-011  9.999999747380000E-005   72.0000000000000     
  1.331283340022320E-005  0.704740000000000        19998.4838988300     
  5.492446396341493E-016
  1.160788530435766E-010  2.364703129553944E-015  2.499999936845000E-005
  6.810327995988187E-011  1.124999971580250E-004   72.0000000000000     
  1.331283340022320E-005  0.704740000000000        17998.4838336000     
  1.143666660453748E-015
  1.783868111413763E-010  3.212892284752796E-015  2.499999936845000E-005
  9.125676404283863E-011  1.124999971580250E-004   72.0000000000000     
  1.331283340022320E-005  0.704740000000000        17998.4838336000     
  1.731596204411121E-015
  3.149737402098573E-010  7.169294100182555E-015  2.499999936845000E-005
  2.116041486624267E-010  1.249999968422500E-004   72.0000000000000     
  1.331283340022320E-005  0.704740000000000        15998.4837683700     
  3.762136924386945E-015
  3.219303453652618E-010  6.688707711202115E-015  2.499999936845000E-005
  1.954968297639547E-010  1.249999968422500E-004   72.0000000000000     
  1.331283340022320E-005  0.704740000000000        15998.4837683700     
  3.801466134706688E-015
  5.043830878864958E-010  1.195071723667972E-014  2.499999936845000E-005
  3.564620024465856E-010  1.374999965264750E-004   72.0000000000000     
  1.331283340022320E-005  0.704740000000000        14665.1503871650     
  7.145819990307746E-015
  6.973669758523024E-010  1.515502618849921E-014  2.499999936845000E-005
  4.476883737072026E-010  1.374999965264750E-004   72.0000000000000     
  1.331283340022320E-005  0.704740000000000        14665.1503871650     
  9.776824753046549E-015
  1.139104588096596E-009  2.944295105376387E-014  2.499999936845000E-005
  8.928638056162571E-010  1.499999962107000E-004   72.0000000000000     
  1.331283340022320E-005  0.704740000000000        13331.8170059600     
  1.895649232320590E-014
  1.422599750551131E-014  1.755762128104347E-019  2.499999936845000E-005
  3.207262813365171E-015  2.499999936845000E-005   90.0000000000000     
  1.331283340022320E-005  0.704740000000000        79998.4855209200     
  9.999999999999999E-021
  8.010240165162729E-014  5.292836995841494E-019  2.499999936845000E-005
  1.032026156612083E-014  3.749999905267500E-005   90.0000000000000     
  1.331283340022320E-005  0.704740000000000        59998.4849950350     
  9.778810640521735E-020
  2.154551051720612E-013  2.128383522090273E-018  2.499999936845000E-005
  4.325846363917882E-014  3.749999905267500E-005   90.0000000000000     
  1.331283340022320E-005  0.704740000000000        59998.4849950350     
  2.746418497920747E-019
  1.146485291762380E-012  9.446707419314414E-018  2.499999936845000E-005
  2.186623679854264E-013  4.999999873690000E-005   90.0000000000000     
  1.331283340022320E-005  0.704740000000000        39998.4844691500     
  2.138383522090273E-018
  1.320362038080540E-012  1.255883910808997E-017  2.499999936845000E-005
  2.951783132992432E-013  4.999999873690000E-005   90.0000000000000     
  1.331283340022320E-005  0.704740000000000        39998.4844691500     
  2.499603012578949E-018
  3.120336235206442E-012  3.799411662717735E-017  2.499999936845000E-005
  9.553593323395135E-013  6.249999842112500E-005   90.0000000000000     
  1.331283340022320E-005  0.704740000000000        33331.8176170500     
  8.779022566623935E-018
  7.834172184953134E-012  7.556508778038439E-017  2.499999936845000E-005
  1.855346430902464E-012  6.249999842112500E-005   90.0000000000000     
  1.331283340022320E-005  0.704740000000000        33331.8176170500     
  2.149666132616762E-017
  2.033512466578071E-011  3.014029169610073E-016  2.499999936845000E-005
  8.129350498252378E-012  7.499999810535000E-005   90.0000000000000     
  1.331283340022320E-005  0.704740000000000        26665.1507649500     
  7.806469079296333E-017
  2.484063498221531E-011  2.868499348679574E-016  2.499999936845000E-005
  7.555928903995975E-012  7.499999810535000E-005   90.0000000000000     
  1.331283340022320E-005  0.704740000000000        26665.1507649500     
  9.267963049328240E-017
  4.723351939950397E-011  7.219911296743616E-016  2.499999936845000E-005
  1.997624639510363E-011  8.749999778957500E-005   90.0000000000000     
  1.331283340022320E-005  0.704740000000000        23331.8173318900     
  2.361045979272611E-016
  9.281973151916608E-011  1.151011729409621E-015  2.499999936845000E-005
  3.117268860374796E-011  8.749999778957500E-005   90.0000000000000     
  1.331283340022320E-005  0.704740000000000        23331.8173318900     
  4.536751953304632E-016
  1.958977446306502E-010  3.488429387377310E-015  2.499999936845000E-005
  1.003756604231621E-010  9.999999747380000E-005   90.0000000000000     
  1.331283340022320E-005  0.704740000000000        19998.4838988300     
  1.243691359902903E-015
  2.164537347631534E-010  3.218218142098906E-015  2.499999936845000E-005
  9.103007581236356E-011  9.999999747380000E-005   90.0000000000000     
  1.331283340022320E-005  0.704740000000000        19998.4838988300     
  1.346227137228821E-015
  3.795532926734044E-010  6.831814512078832E-015  2.499999936845000E-005
  1.992569431939403E-010  1.124999971580250E-004   90.0000000000000     
  1.331283340022320E-005  0.704740000000000        17998.4838336000     
  2.955336208278274E-015
  6.205488451478581E-010  9.760593986061566E-015  2.499999936845000E-005
  2.808067221490657E-010  1.124999971580250E-004   90.0000000000000     
  1.331283340022320E-005  0.704740000000000        17998.4838336000     
  4.762134393268237E-015
  1.176220163293491E-009  2.379989716971271E-014  2.499999936845000E-005
  7.115789209602217E-010  1.249999968422500E-004   90.0000000000000     
  1.331283340022320E-005  0.704740000000000        15998.4837683700     
  1.110682112329039E-014
  1.219670009044796E-009  2.218457839454121E-014  2.499999936845000E-005
  6.565097714288919E-010  1.249999968422500E-004   90.0000000000000     
  1.331283340022320E-005  0.704740000000000        15998.4837683700     
  1.138004918857755E-014
  2.007276885729166E-009  4.192565635728786E-014  2.499999936845000E-005
  1.266344775951290E-009  1.374999965264750E-004   90.0000000000000     
  1.331283340022320E-005  0.704740000000000        14665.1503871650     
  2.247233838584816E-014
  2.918464154157145E-009  5.548758027910636E-014  2.499999936845000E-005
  1.660148214293475E-009  1.374999965264750E-004   90.0000000000000     
  1.331283340022320E-005  0.704740000000000        14665.1503871650     
  3.234287736722149E-014
  5.082959109543693E-009  1.163823288386376E-013  2.499999936845000E-005
  3.574973925586037E-009  1.499999962107000E-004   90.0000000000000     
  1.331283340022320E-005  0.704740000000000        13331.8170059600     
  6.686762946768391E-014
