bcc Sb -- Hedin-Lundqvist LDA                                                   
INPUT  IT=171 SPIN=1 NTYPE=  2
 -3.600000  3.600000  3.600000
  3.600000 -3.600000  3.600000
  3.600000  3.600000 -3.600000
    1  435  2.200000  0.030000    1
  0.000000  0.000000  0.000000
 0.1019976459065D+03 0.1019975732374D+03 0.1019974983268D+03 0.1019974211058D+03
 0.1019973415027D+03 0.1019972594445D+03 0.1019971748553D+03 0.1019970876573D+03
 0.1019969977699D+03 0.1019969051103D+03 0.1019968095930D+03 0.1019967111300D+03
 0.1019966096306D+03 0.1019965050010D+03 0.1019963971448D+03 0.1019962859627D+03
 0.1019961713520D+03 0.1019960532072D+03 0.1019959314193D+03 0.1019958058760D+03
 0.1019956764617D+03 0.1019955430570D+03 0.1019954055390D+03 0.1019952637809D+03
 0.1019951176521D+03 0.1019949670179D+03 0.1019948117394D+03 0.1019946516735D+03
 0.1019944866727D+03 0.1019943165850D+03 0.1019941412537D+03 0.1019939605170D+03
 0.1019937742086D+03 0.1019935821567D+03 0.1019933841843D+03 0.1019931801091D+03
 0.1019929697429D+03 0.1019927528921D+03 0.1019925293567D+03 0.1019922989308D+03
 0.1019920614021D+03 0.1019918165517D+03 0.1019915641542D+03 0.1019913039769D+03
 0.1019910357803D+03 0.1019907593171D+03 0.1019904743327D+03 0.1019901805646D+03
 0.1019898777421D+03 0.1019895655864D+03 0.1019892438098D+03 0.1019889121159D+03
 0.1019885701993D+03 0.1019882177449D+03 0.1019878544280D+03 0.1019874799142D+03
 0.1019870938582D+03 0.1019866959047D+03 0.1019862856869D+03 0.1019858628271D+03
 0.1019854269358D+03 0.1019849776115D+03 0.1019845144402D+03 0.1019840369954D+03
 0.1019835448374D+03 0.1019830375128D+03 0.1019825145543D+03 0.1019819754802D+03
 0.1019814197940D+03 0.1019808469839D+03 0.1019802565222D+03 0.1019796478651D+03
 0.1019790204519D+03 0.1019783737048D+03 0.1019777070279D+03 0.1019770198072D+03
 0.1019763114096D+03 0.1019755811827D+03 0.1019748284537D+03 0.1019740525291D+03
 0.1019732526944D+03 0.1019724282125D+03 0.1019715783239D+03 0.1019707022458D+03
 0.1019697991708D+03 0.1019688682671D+03 0.1019679086769D+03 0.1019669195162D+03
 0.1019658998734D+03 0.1019648488091D+03 0.1019637653547D+03 0.1019626485119D+03
 0.1019614972514D+03 0.1019603105122D+03 0.1019590872008D+03 0.1019578261895D+03
 0.1019565263162D+03 0.1019551863826D+03 0.1019538051537D+03 0.1019523813562D+03
 0.1019509136776D+03 0.1019494007647D+03 0.1019478412226D+03 0.1019462336135D+03
 0.1019445764548D+03 0.1019428682185D+03 0.1019411073292D+03 0.1019392921628D+03
 0.1019374210451D+03 0.1019354922502D+03 0.1019335039987D+03 0.1019314544565D+03
 0.1019293417324D+03 0.1019271638771D+03 0.1019249188809D+03 0.1019226046718D+03
 0.1019202191141D+03 0.1019177600058D+03 0.1019152250767D+03 0.1019126119866D+03
 0.1019099183228D+03 0.1019071415979D+03 0.1019042792478D+03 0.1019013286286D+03
 0.1018982870151D+03 0.1018951515973D+03 0.1018919194784D+03 0.1018885876719D+03
 0.1018851530989D+03 0.1018816125852D+03 0.1018779628580D+03 0.1018742005434D+03
 0.1018703221630D+03 0.1018663241306D+03 0.1018622027488D+03 0.1018579542057D+03
 0.1018535745714D+03 0.1018490597941D+03 0.1018444056965D+03 0.1018396079717D+03
 0.1018346621796D+03 0.1018295637421D+03 0.1018243079394D+03 0.1018188899055D+03
 0.1018133046233D+03 0.1018075469204D+03 0.1018016114639D+03 0.1017954927555D+03
 0.1017891851268D+03 0.1017826827334D+03 0.1017759795497D+03 0.1017690693636D+03
 0.1017619457701D+03 0.1017546021660D+03 0.1017470317433D+03 0.1017392274833D+03
 0.1017311821495D+03 0.1017228882815D+03 0.1017143381880D+03 0.1017055239392D+03
 0.1016964373602D+03 0.1016870700229D+03 0.1016774132387D+03 0.1016674580500D+03
 0.1016571952227D+03 0.1016466152371D+03 0.1016357082796D+03 0.1016244642337D+03
 0.1016128726707D+03 0.1016009228405D+03 0.1015886036617D+03 0.1015759037116D+03
 0.1015628112163D+03 0.1015493140397D+03 0.1015353996732D+03 0.1015210552243D+03
 0.1015062674053D+03 0.1014910225216D+03 0.1014753064600D+03 0.1014591046760D+03
 0.1014424021818D+03 0.1014251835328D+03 0.1014074328151D+03 0.1013891336315D+03
 0.1013702690879D+03 0.1013508217793D+03 0.1013307737752D+03 0.1013101066054D+03
 0.1012888012442D+03 0.1012668380957D+03 0.1012441969783D+03 0.1012208571082D+03
 0.1011967970838D+03 0.1011719948692D+03 0.1011464277774D+03 0.1011200724533D+03
 0.1010929048567D+03 0.1010649002449D+03 0.1010360331551D+03 0.1010062773864D+03
 0.1009756059824D+03 0.1009439912125D+03 0.1009114045544D+03 0.1008778166752D+03
 0.1008431974134D+03 0.1008075157607D+03 0.1007707398434D+03 0.1007328369042D+03
 0.1006937732844D+03 0.1006535144052D+03 0.1006120247507D+03 0.1005692678496D+03
 0.1005252062584D+03 0.1004798015442D+03 0.1004330142685D+03 0.1003848039709D+03
 0.1003351291536D+03 0.1002839472670D+03 0.1002312146951D+03 0.1001768867420D+03
 0.1001209176199D+03 0.1000632604371D+03 0.1000038671873D+03 0.9994268874010D+02
 0.9987967483281D+02 0.9981477406297D+02 0.9974793388265D+02 0.9967910059396D+02
 0.9960821934597D+02 0.9953523413331D+02 0.9946008779616D+02 0.9938272202205D+02
 0.9930307734925D+02 0.9922109317190D+02 0.9913670774690D+02 0.9904985820255D+02
 0.9896048054893D+02 0.9886850968999D+02 0.9877387943742D+02 0.9867652252598D+02
 0.9857637063058D+02 0.9847335438459D+02 0.9836740339958D+02 0.9825844628610D+02
 0.9814641067549D+02 0.9803122324226D+02 0.9791280972706D+02 0.9779109495964D+02
 0.9766600288179D+02 0.9753745656963D+02 0.9740537825499D+02 0.9726968934553D+02
 0.9713031044296D+02 0.9698716135904D+02 0.9684016112891D+02 0.9668922802111D+02
 0.9653427954400D+02 0.9637523244789D+02 0.9621200272269D+02 0.9604450559048D+02
 0.9587265549279D+02 0.9569636607221D+02 0.9551555014842D+02 0.9533011968830D+02
 0.9513998577059D+02 0.9494505854524D+02 0.9474524718814D+02 0.9454045985187D+02
 0.9433060361399D+02 0.9411558442380D+02 0.9389530704994D+02 0.9366967503052D+02
 0.9343859062906D+02 0.9320195479852D+02 0.9295966715783D+02 0.9271162598395D+02
 0.9245772822465D+02 0.9219786953576D+02 0.9193194434868D+02 0.9165984597194D+02
 0.9138146673272D+02 0.9109669816136D+02 0.9080543122375D+02 0.9050755660236D+02
 0.9020296502818D+02 0.8989154765998D+02 0.8957319650833D+02 0.8924780489378D+02
 0.8891526792934D+02 0.8857548300711D+02 0.8822835027018D+02 0.8787377303917D+02
 0.8751165816623D+02 0.8714191627813D+02 0.8676446187926D+02 0.8637921327734D+02
 0.8598609231407D+02 0.8558502388093D+02 0.8517593523269D+02 0.8475875511512D+02
 0.8433341276870D+02 0.8389983685867D+02 0.8345795446214D+02 0.8300769018218D+02
 0.8254896552845D+02 0.8208169864694D+02 0.8160580449961D+02 0.8112119551922D+02
 0.8062778277107D+02 0.8012547755792D+02 0.7961419342077D+02 0.7909384839266D+02
 0.7856436740894D+02 0.7802568469173D+02 0.7747774601163D+02 0.7692051064960D+02
 0.7635395300310D+02 0.7577806369372D+02 0.7519285018287D+02 0.7459833679612D+02
 0.7399456423110D+02 0.7338158848814D+02 0.7275947936573D+02 0.7212831849002D+02
 0.7148819708396D+02 0.7083921346650D+02 0.7018147054909D+02 0.6951507332744D+02
 0.6884012669448D+02 0.6815673355987D+02 0.6746499364810D+02 0.6676500291632D+02
 0.6605685398163D+02 0.6534063740003D+02 0.6461644415796D+02 0.6388436903536D+02
 0.6314451510237D+02 0.6239699872384D+02 0.6164195516130D+02 0.6087954378373D+02
 0.6010995280787D+02 0.5933340227207D+02 0.5855014521954D+02 0.5776046583371D+02
 0.5696467510618D+02 0.5616310343406D+02 0.5535609195036D+02 0.5454398297882D+02
 0.5372711253908D+02 0.5290580544730D+02 0.5208037586930D+02 0.5125113233539D+02
 0.5041838850024D+02 0.4958247644599D+02 0.4874376223006D+02 0.4790265979588D+02
 0.4705964257094D+02 0.4621524968516D+02 0.4537008725887D+02 0.4452482299374D+02
 0.4368017575865D+02 0.4283689944484D+02 0.4199576353303D+02 0.4115753021173D+02
 0.4032293076332D+02 0.3949264130046D+02 0.3866726054751D+02 0.3784728980938D+02
 0.3703311762916D+02 0.3622500920213D+02 0.3542310269053D+02 0.3462741228868D+02
 0.3383783960025D+02 0.3305419274778D+02 0.3227621379570D+02 0.3150361308262D+02
 0.3073610933329D+02 0.2997347255561D+02 0.2921556572946D+02 0.2846237981845D+02
 0.2771405456361D+02 0.2697087842433D+02 0.2623325988406D+02 0.2550167106523D+02
 0.2477656683369D+02 0.2405829857565D+02 0.2334704308435D+02 0.2264277070930D+02
 0.2194526218856D+02 0.2125417556429D+02 0.2056913792273D+02 0.1988984620266D+02
 0.1921614664594D+02 0.1854809114968D+02 0.1788595615623D+02 0.1723023955118D+02
 0.1658162992221D+02 0.1594096908010D+02 0.1530920003207D+02 0.1468732108204D+02
 0.1407633352766D+02 0.1347720291495D+02 0.1289081731134D+02 0.1231796273594D+02
 0.1175929639838D+02 0.1121533794166D+02 0.1068645791799D+02 0.1017288364542D+02
 0.9674700450844D+01 0.9191869250030D+01 0.8724236238774D+01 0.8271558404295D+01
 0.7833517088486D+01 0.7409746640946D+01 0.6999847068366D+01 0.6603410997111D+01
 0.6220032502759D+01 0.5849327980289D+01 0.5490934956697D+01 0.5144527023499D+01
 0.4809801412823D+01 0.4486487850978D+01 0.4174328453906D+01 0.3873086694385D+01
 0.3582527880446D+01 0.3302435976055D+01 0.3032599800286D+01 0.2772836814952D+01
 0.2522979910355D+01 0.2282901925156D+01 0.2052505203867D+01 0.1831762201261D+01
 0.1620735308719D+01 0.1419654331523D+01 0.1228957046876D+01
    2  435  1.200000  0.030000    3
  0.000000  0.500000  0.500000
  0.500000  0.500000  0.000000
  0.500000  0.000000  0.500000
 0.1999995756237D+01 0.1999995626993D+01 0.1999995493813D+01 0.1999995356577D+01
 0.1999995215161D+01 0.1999995069438D+01 0.1999994919277D+01 0.1999994764543D+01
 0.1999994605097D+01 0.1999994440795D+01 0.1999994271488D+01 0.1999994097026D+01
 0.1999993917250D+01 0.1999993731999D+01 0.1999993541107D+01 0.1999993344400D+01
 0.1999993141703D+01 0.1999992932833D+01 0.1999992717602D+01 0.1999992495815D+01
 0.1999992267274D+01 0.1999992031773D+01 0.1999991789100D+01 0.1999991539035D+01
 0.1999991281356D+01 0.1999991015828D+01 0.1999990742214D+01 0.1999990460266D+01
 0.1999990169732D+01 0.1999989870350D+01 0.1999989561850D+01 0.1999989243954D+01
 0.1999988916377D+01 0.1999988578823D+01 0.1999988230989D+01 0.1999987872562D+01
 0.1999987503219D+01 0.1999987122627D+01 0.1999986730444D+01 0.1999986326317D+01
 0.1999985909882D+01 0.1999985480765D+01 0.1999985038578D+01 0.1999984582925D+01
 0.1999984113394D+01 0.1999983629564D+01 0.1999983130999D+01 0.1999982617249D+01
 0.1999982087853D+01 0.1999981542334D+01 0.1999980980201D+01 0.1999980400948D+01
 0.1999979804053D+01 0.1999979188980D+01 0.1999978555174D+01 0.1999977902066D+01
 0.1999977229066D+01 0.1999976535571D+01 0.1999975820954D+01 0.1999975084573D+01
 0.1999974325765D+01 0.1999973543847D+01 0.1999972738116D+01 0.1999971907845D+01
 0.1999971052288D+01 0.1999970170674D+01 0.1999969262210D+01 0.1999968326078D+01
 0.1999967361435D+01 0.1999966367413D+01 0.1999965343118D+01 0.1999964287627D+01
 0.1999963199990D+01 0.1999962079228D+01 0.1999960924332D+01 0.1999959734262D+01
 0.1999958507948D+01 0.1999957244285D+01 0.1999955942136D+01 0.1999954600329D+01
 0.1999953217655D+01 0.1999951792870D+01 0.1999950324692D+01 0.1999948811799D+01
 0.1999947252829D+01 0.1999945646378D+01 0.1999943991001D+01 0.1999942285206D+01
 0.1999940527460D+01 0.1999938716179D+01 0.1999936849732D+01 0.1999934926440D+01
 0.1999932944571D+01 0.1999930902341D+01 0.1999928797912D+01 0.1999926629388D+01
 0.1999924394818D+01 0.1999922092190D+01 0.1999919719431D+01 0.1999917274406D+01
 0.1999914754912D+01 0.1999912158682D+01 0.1999909483378D+01 0.1999906726591D+01
 0.1999903885841D+01 0.1999900958569D+01 0.1999897942140D+01 0.1999894833838D+01
 0.1999891630865D+01 0.1999888330337D+01 0.1999884929282D+01 0.1999881424639D+01
 0.1999877813252D+01 0.1999874091869D+01 0.1999870257141D+01 0.1999866305614D+01
 0.1999862233730D+01 0.1999858037824D+01 0.1999853714116D+01 0.1999849258716D+01
 0.1999844667610D+01 0.1999839936664D+01 0.1999835061620D+01 0.1999830038086D+01
 0.1999824861541D+01 0.1999819527321D+01 0.1999814030626D+01 0.1999808366503D+01
 0.1999802529854D+01 0.1999796515422D+01 0.1999790317791D+01 0.1999783931381D+01
 0.1999777350439D+01 0.1999770569039D+01 0.1999763581074D+01 0.1999756380252D+01
 0.1999748960086D+01 0.1999741313895D+01 0.1999733434791D+01 0.1999725315679D+01
 0.1999716949247D+01 0.1999708327957D+01 0.1999699444047D+01 0.1999690289513D+01
 0.1999680856110D+01 0.1999671135341D+01 0.1999661118449D+01 0.1999650796412D+01
 0.1999640159931D+01 0.1999629199424D+01 0.1999617905019D+01 0.1999606266539D+01
 0.1999594273500D+01 0.1999581915097D+01 0.1999569180195D+01 0.1999556057321D+01
 0.1999542534651D+01 0.1999528600001D+01 0.1999514240814D+01 0.1999499444152D+01
 0.1999484196681D+01 0.1999468484661D+01 0.1999452293932D+01 0.1999435609904D+01
 0.1999418417539D+01 0.1999400701342D+01 0.1999382445346D+01 0.1999363633096D+01
 0.1999344247633D+01 0.1999324271484D+01 0.1999303686639D+01 0.1999282474543D+01
 0.1999260616070D+01 0.1999238091513D+01 0.1999214880562D+01 0.1999190962289D+01
 0.1999166315125D+01 0.1999140916843D+01 0.1999114744539D+01 0.1999087774606D+01
 0.1999059982720D+01 0.1999031343812D+01 0.1999001832047D+01 0.1998971420802D+01
 0.1998940082641D+01 0.1998907789287D+01 0.1998874511604D+01 0.1998840219559D+01
 0.1998804882208D+01 0.1998768467657D+01 0.1998730943038D+01 0.1998692274478D+01
 0.1998652427069D+01 0.1998611364836D+01 0.1998569050702D+01 0.1998525446458D+01
 0.1998480512726D+01 0.1998434208921D+01 0.1998386493218D+01 0.1998337322514D+01
 0.1998286652383D+01 0.1998234437041D+01 0.1998180629303D+01 0.1998125180538D+01
 0.1998068040626D+01 0.1998009157913D+01 0.1997948479160D+01 0.1997885949498D+01
 0.1997821512379D+01 0.1997755109518D+01 0.1997686680845D+01 0.1997616164447D+01
 0.1997543496514D+01 0.1997468611277D+01 0.1997391440949D+01 0.1997311915664D+01
 0.1997229963411D+01 0.1997145509966D+01 0.1997058478829D+01 0.1996968791147D+01
 0.1996876365645D+01 0.1996781118553D+01 0.1996682963521D+01 0.1996581811548D+01
 0.1996477570892D+01 0.1996370146990D+01 0.1996259442369D+01 0.1996145356556D+01
 0.1996027785980D+01 0.1995906623884D+01 0.1995781760218D+01 0.1995653081541D+01
 0.1995520470913D+01 0.1995383807789D+01 0.1995242967900D+01 0.1995097823144D+01
 0.1994948241462D+01 0.1994794086714D+01 0.1994635218552D+01 0.1994471492291D+01
 0.1994302758766D+01 0.1994128864200D+01 0.1993949650052D+01 0.1993764952870D+01
 0.1993574604138D+01 0.1993378430113D+01 0.1993176251664D+01 0.1992967884100D+01
 0.1992753136992D+01 0.1992531813998D+01 0.1992303712668D+01 0.1992068624259D+01
 0.1991826333527D+01 0.1991576618528D+01 0.1991319250399D+01 0.1991053993145D+01
 0.1990780603403D+01 0.1990498830216D+01 0.1990208414784D+01 0.1989909090216D+01
 0.1989600581275D+01 0.1989282604102D+01 0.1988954865949D+01 0.1988617064886D+01
 0.1988268889512D+01 0.1987910018646D+01 0.1987540121013D+01 0.1987158854920D+01
 0.1986765867917D+01 0.1986360796452D+01 0.1985943265508D+01 0.1985512888233D+01
 0.1985069265556D+01 0.1984611985789D+01 0.1984140624216D+01 0.1983654742667D+01
 0.1983153889083D+01 0.1982637597056D+01 0.1982105385361D+01 0.1981556757472D+01
 0.1980991201057D+01 0.1980408187459D+01 0.1979807171159D+01 0.1979187589218D+01
 0.1978548860702D+01 0.1977890386087D+01 0.1977211546643D+01 0.1976511703796D+01
 0.1975790198469D+01 0.1975046350400D+01 0.1974279457436D+01 0.1973488794803D+01
 0.1972673614347D+01 0.1971833143758D+01 0.1970966585753D+01 0.1970073117247D+01
 0.1969151888477D+01 0.1968202022114D+01 0.1967222612329D+01 0.1966212723836D+01
 0.1965171390895D+01 0.1964097616290D+01 0.1962990370258D+01 0.1961848589394D+01
 0.1960671175509D+01 0.1959456994454D+01 0.1958204874900D+01 0.1956913607080D+01
 0.1955581941483D+01 0.1954208587509D+01 0.1952792212071D+01 0.1951331438160D+01
 0.1949824843348D+01 0.1948270958255D+01 0.1946668264953D+01 0.1945015195296D+01
 0.1943310129339D+01 0.1941551393410D+01 0.1939737258413D+01 0.1937865937934D+01
 0.1935935586306D+01 0.1933944296632D+01 0.1931890098718D+01 0.1929770956973D+01
 0.1927584768220D+01 0.1925329359462D+01 0.1923002485557D+01 0.1920601826861D+01
 0.1918124986761D+01 0.1915569489184D+01 0.1912932775996D+01 0.1910212204375D+01
 0.1907405044068D+01 0.1904508474632D+01 0.1901519582557D+01 0.1898435358376D+01
 0.1895252693647D+01 0.1891968377952D+01 0.1888579095742D+01 0.1885081423224D+01
 0.1881471825093D+01 0.1877746651317D+01 0.1873902133765D+01 0.1869934382917D+01
 0.1865839384403D+01 0.1861612995667D+01 0.1857250942439D+01 0.1852748815391D+01
 0.1848102066570D+01 0.1843306006095D+01 0.1838355798592D+01 0.1833246459971D+01
 0.1827972853934D+01 0.1822529688893D+01 0.1816911514597D+01 0.1811112719292D+01
 0.1805127526537D+01 0.1798949992690D+01 0.1792574004020D+01 0.1785993274631D+01
 0.1779201343958D+01 0.1772191575295D+01 0.1764957153789D+01 0.1757491085714D+01
 0.1749786197143D+01 0.1741835134141D+01 0.1733630362264D+01 0.1725164167919D+01
 0.1716428658888D+01 0.1707415767074D+01 0.1698117250285D+01 0.1688524696683D+01
 0.1678629528031D+01 0.1668423006192D+01 0.1657896238147D+01 0.1647040184860D+01
 0.1635845668417D+01 0.1624303383672D+01 0.1612403907797D+01 0.1600137715259D+01
 0.1587495190096D+01 0.1574466644702D+01 0.1561042335340D+01 0.1547212485243D+01
 0.1532967303703D+01 0.1518297014263D+01 0.1503191877817D+01 0.1487642226433D+01
 0.1471638491020D+01 0.1455171241668D+01 0.1438231220154D+01 0.1420809387611D+01
 0.1402896962590D+01 0.1384485476833D+01 0.1365566819180D+01 0.1346133300742D+01
 0.1326177705149D+01 0.1305693363886D+01 0.1284674213691D+01 0.1263114883277D+01
 0.1241010758056D+01 0.1218358080208D+01 0.1195154020898D+01 0.1171396795185D+01
 0.1147085742971D+01 0.1122221460182D+01 0.1096805889227D+01 0.1070842469562D+01
 0.1044336237579D+01 0.1017294000382D+01 0.9897244467150D+00 0.9616383468782D+00
 0.9330486775639D+00 0.9039708530638D+00 0.8744228655543D+00 0.8444255557879D+00
 0.8140027726129D+00 0.7831816906195D+00 0.7519929954913D+00 0.7204712604535D+00
 0.6886551629130D+00 0.6565879376647D+00 0.6243176348782D+00 0.5918976689441D+00
 0.5593871358792D+00 0.5268514868223D+00 0.4943629249123D+00 0.4620012496082D+00
 0.4298543671241D+00 0.3980193605313D+00 0.3666031670413D+00 0.3357239490823D+00
 0.3055119967778D+00 0.2761114968758D+00 0.2476817235067D+00
  300
-0.7482805115399D+00 0.1709154116961D-32-0.4839153776429D+01-0.3208786711473D-17
-0.1995705089069D+01-0.6858017743710D-19-0.2797373821678D+01 0.5546430999653D-17
-0.1737737394256D+01 0.4675318535621D-19-0.1147697276050D+01-0.5057018988044D-17
-0.6231659147045D+00 0.1785704156100D-18-0.1093869421212D+01-0.2499771248851D-18
-0.2648248045039D+00-0.1922943149392D-18-0.2393104232186D+00 0.6306978456597D-17
-0.1125344161383D+00-0.2987017585120D-17-0.6543076098261D+00-0.2551927100965D-18
-0.6996291117994D-01-0.2624564091313D-17-0.4110809608837D+00 0.3242539147916D-18
 0.2889635877352D-01 0.6673309741518D-17 0.1497948484444D-01-0.2734452746818D-17
 0.1170433425751D+00-0.1622656898076D-17-0.8645108708793D-01-0.8817735653993D-20
 0.7181102071152D-01 0.1124317096671D-17 0.7265900376796D-01-0.4268429097664D-17
-0.1173415850304D+00 0.6351529370506D-18-0.2963800695944D-01-0.2335469023693D-18
 0.1491687475009D+00-0.5172803436317D-17 0.7530500480497D-01 0.3489148445954D-17
-0.8419330840475D-01-0.6138234051467D-18 0.1337219780746D+00 0.3049598024650D-17
-0.6442120498966D-01-0.2063234098858D-18 0.1131488743075D+00 0.5212426063630D-17
-0.1887516128637D-01 0.4058869683849D-18 0.8530183111612D-01-0.2045326489269D-18
 0.2126392795587D-01-0.1986457486064D-17 0.4275148331265D-01-0.9539144215798D-18
-0.4958547504840D-01-0.2835288461014D-18 0.3214698803562D-01 0.1604144401926D-17
 0.3125223597233D-01-0.2894743514306D-17 0.6274389818532D-01-0.4381791116026D-18
-0.9136039570738D-01 0.4597520808132D-18 0.2082935066445D-01-0.2020726212675D-17
 0.2599564728559D-01-0.2646552834465D-17 0.2650107908363D-01 0.3391490210699D-17
-0.9686743756548D-02-0.1646554146576D-18 0.6195555623653D-02-0.1018249908989D-17
 0.1320547132393D-01 0.1682483308835D-17 0.8462193180304D-02 0.1207430535864D-17
-0.3827862165816D-01 0.8507324188557D-18-0.3671713250673D-01-0.5305413146170D-18
 0.5415053392315D-02 0.1508697650260D-17-0.3377636434595D-01-0.3419508659392D-18
-0.1713365013187D-01-0.1520979777312D-18 0.9694894902498D-04-0.2939528403941D-18
 0.1578146661553D-02 0.2168097274968D-17 0.1854153238217D-03-0.2278588678254D-17
-0.3063996455395D-01 0.1351759621140D-18-0.1961125130558D-02-0.3525876324161D-17
-0.2659343068657D-01-0.3606475023290D-18-0.9683246675794D-03 0.7946967916597D-18
-0.3758353898201D-03-0.1403436737686D-18-0.4530546216014D-01-0.1777097834930D-18
-0.1067373388952D-02-0.1862673546622D-20-0.1630315642236D-02 0.2013006949224D-17
-0.3488169527858D-03 0.1998413549993D-18-0.1913980610284D-01 0.7355411590527D-18
-0.2941859898423D-03-0.1570740197094D-17 0.2023629763126D-03 0.1723439849926D-17
 0.4180644156539D-03-0.6317264644718D-18 0.1720116922024D-02 0.7305097186633D-18
 0.2498718997350D-02-0.7931254944638D-18-0.1184390361633D-01 0.2897845858076D-18
 0.3908437321630D-02 0.9812686601205D-18 0.4269467942451D-02 0.9110501055260D-18
 0.9437634481950D-03-0.7296422393587D-18-0.8931122520293D-02-0.3015441517340D-18
-0.2072442115299D-02-0.6786703340722D-19 0.2769194335610D-02-0.1187073351240D-17
 0.3391363760959D-02 0.1922993455156D-18-0.1281278297669D-01-0.1079243119069D-18
-0.5965517175537D-02-0.2415666206582D-18 0.7287332452024D-02 0.1965415442764D-19
 0.3586631152777D-02-0.8414630355106D-18-0.1468061791286D-02 0.2382162905949D-18
-0.4009688052798D-02-0.1854532601862D-18 0.8015502432599D-02-0.3024449201950D-18
 0.8211193187635D-02-0.1316606847121D-17 0.8682039137555D-02 0.4636114649523D-18
 0.4387378800732D-02 0.1459045772098D-18 0.4371551807243D-02-0.6319839562132D-18
 0.8810543246658D-02 0.1112523024653D-17-0.2691289064783D-02 0.6149873350539D-18
-0.1239365359086D-02-0.1962382587853D-18 0.4640877848749D-02 0.1926854611979D-18
 0.9071945850380D-02 0.9460872175555D-18-0.6832336607000D-03-0.2038816865623D-18
 0.8936744202146D-02-0.6008771379365D-18 0.8954612379327D-02 0.5410729360375D-18
 0.4634500303249D-02 0.3399708888193D-19 0.8529171093871D-02 0.3552079018337D-18
 0.8577504019031D-02 0.4724289579477D-18 0.8658367602366D-02 0.1811787830208D-18
 0.3085359791275D-03-0.1094927397553D-18 0.3919098481235D-02-0.5537939480241D-18
 0.3941647083444D-02-0.1128021912264D-18 0.7883265532992D-03 0.3681532488552D-19
 0.8013982022962D-03-0.7929591207367D-19 0.3537266891497D-02-0.2095184795533D-18
 0.7013981789117D-02 0.2817586776863D-18 0.7000594560666D-02-0.9069459474889D-18
 0.6970760709640D-02-0.1136242494040D-18 0.8562205334230D-03 0.3325596668595D-18
 0.8252144415884D-03-0.1554943535391D-18 0.6112466119027D-02 0.4426805535825D-19
 0.5988147561270D-02 0.3248599315436D-18 0.1452370313201D-02-0.1362753979359D-18
 0.5065787031408D-02-0.1195323348496D-18 0.5757673603500D-03 0.1261240276059D-18
 0.1140739131979D-03-0.1323090196164D-19 0.4013796118919D-02-0.4868493977704D-18
 0.3900988509548D-02 0.6490366517535D-19 0.4026973430901D-02 0.4799956635010D-18
 0.1974530051218D-02-0.1794353185957D-18 0.1897824207650D-02-0.2030156650663D-19
 0.2394402198523D-03-0.5090528139756D-19 0.1497395605733D-02 0.5079989111061D-19
 0.2931914003692D-02-0.2711382298661D-18 0.3014915369795D-02 0.3146614947483D-18
 0.1914117334236D-03 0.1173192947220D-18 0.7448340749930D-05-0.4199067409086D-19
 0.2069512121687D-02 0.2204228146280D-18 0.1891105563845D-02 0.1310005469168D-19
 0.1199146429225D-02 0.1576965920477D-18 0.1175293798192D-02 0.2625960768595D-18
-0.4212638416962D-03-0.4531086543843D-19 0.2622373106176D-03-0.3648244620128D-19
 0.3876541910663D-03-0.1059826063035D-18 0.1623757328701D-03 0.1149539602173D-19
 0.1169175124656D-03-0.9089120812684D-19-0.5405115137578D-03 0.1403004330619D-18
-0.1233180017511D-02-0.5445076161858D-19-0.5569363051573D-03-0.8392056579709D-19
-0.1628934204649D-03-0.1543839478096D-18-0.2360556886027D-03 0.1020885563397D-18
-0.9894180276696D-04-0.1460145281105D-18-0.1472368192278D-02-0.8113790515770D-19
-0.7217947312444D-03 0.1036817870944D-19-0.7708668779810D-03 0.4763202103913D-19
-0.3640155947492D-03-0.9998021753333D-19-0.4911607681510D-03 0.1388787932791D-19
-0.8688184113749D-03 0.6735832349840D-19-0.1150929879360D-02 0.2569230561359D-19
-0.1157705004653D-02-0.1544934294371D-18-0.1328322114610D-02 0.3851893461000D-19
-0.9848377208339D-03-0.2061819386922D-20-0.7394014044718D-03-0.7019395608723D-19
-0.1482537736432D-02 0.2465750045360D-19-0.7867638077170D-03-0.6422370113988D-20
-0.2060041838394D-02 0.3337763672720D-19-0.1019105286865D-02-0.2809826725451D-19
-0.1680361425023D-02-0.1083485620769D-19-0.1672748148482D-02 0.9366522554845D-19
-0.1735196495717D-02-0.1379395241403D-20-0.2080485647254D-02-0.2804196773285D-19
-0.1792593077275D-02-0.6281264889379D-19-0.1783311664921D-02 0.7893648059926D-19
-0.1806569809578D-02 0.3826584223778D-19-0.1838018620395D-02 0.3609906748540D-19
-0.3342121920365D-03 0.1162834966929D-19-0.1808266501897D-02-0.1588069076926D-19
-0.8838726602774D-03 0.2691788880818D-20-0.1788994074540D-02 0.2624167901924D-19
-0.1759526749266D-02 0.8265970248361D-20-0.1760334233238D-02 0.2022945728183D-19
-0.8775797607364D-03-0.8948593680887D-20-0.1833030517648D-02 0.3336607555211D-20
-0.2303650707934D-03-0.2701660524930D-21-0.8541861942751D-03-0.1209719823335D-20
-0.8589932901121D-03-0.1065899396863D-19-0.1650485907209D-02-0.9400659515268D-20
-0.8303171492259D-03-0.3402634729109D-20-0.1703168773431D-02 0.1750352439930D-19
-0.4225898758651D-03-0.3909780022236D-20-0.8196429744780D-03-0.9074075614492D-21
-0.1527739945526D-02 0.3988072915852D-20-0.7757117444120D-03-0.6407702580230D-20
-0.7462489508036D-03-0.1640855234746D-20-0.7083944399844D-03-0.3164718602745D-21
-0.1376428686949D-02-0.1102186152726D-21-0.1393374966646D-02 0.5330718347044D-22
-0.1376586315865D-02-0.2662187353628D-21-0.1324988765596D-02 0.1782074577960D-21
-0.1300008025796D-02-0.3832184775819D-22-0.6227588638550D-03 0.1750171269298D-20
-0.1176754450537D-02-0.1103281972480D-20-0.1121857642752D-02 0.1903115456581D-20
-0.1013299902625D-02 0.6741945663264D-20-0.4740302211368D-03 0.1457128555805D-20
-0.9112708055457D-03-0.7873063656156D-20-0.4371383173319D-03 0.9358820614810D-21
-0.3862208379547D-03-0.5165595651754D-20-0.3995742228485D-03-0.1363452245515D-20
-0.7112802018604D-03 0.3415185056447D-20-0.7197937450368D-03-0.3099451881402D-20
-0.7373226776703D-03 0.2287438871148D-19-0.3514315104184D-03 0.8431888861613D-20
-0.4857617188081D-03 0.1932585579446D-19-0.5157227562726D-03-0.2919724976752D-19
-0.4506742968758D-03-0.7756389908570D-21-0.3199969145300D-03-0.2514570744960D-20
-0.1657808878198D-03 0.1019884975342D-19-0.2987607184999D-03-0.2411040506452D-19
-0.8484085827935D-04-0.2496325539108D-20-0.7099570222103D-04-0.2372840084809D-19
-0.3251783050078D-04 0.1056141994117D-20-0.1232571025725D-03 0.7409396848134D-20
-0.8052022361456D-04-0.3299837212240D-21-0.1026884280645D-03-0.2547398628412D-19
-0.5747651153493D-04-0.3256945098217D-21 0.9410859719976D-05-0.8095163297030D-20
 0.5319152477261D-04 0.7847298514145D-20 0.6674198149029D-04 0.1340766810225D-19
 0.9206254678816D-04 0.2111056659884D-19 0.8056195406353D-04-0.1957284973098D-19
 0.8412865249166D-04-0.3580037273569D-19 0.8405726902609D-04 0.2034303089180D-21
 0.1175002329010D-03-0.1745891333850D-19 0.2691185188361D-03 0.1160956206564D-19
 0.2307634514460D-03 0.3190008705941D-19 0.3082877973002D-03-0.2081561200745D-20
 0.1852223252947D-03 0.8279877113893D-21 0.3760561378605D-03-0.2594124068042D-19
 0.9325494288197D-04 0.9747510474411D-20 0.4235235687839D-03-0.1643008302986D-19
 0.5106609732559D-03-0.2810588442267D-19 0.2549500219059D-03 0.1946309456145D-19
 0.4858741657839D-03-0.9901469048614D-20 0.2465336260007D-03-0.1042243317812D-21
 0.2434805150044D-03 0.1919767993162D-19 0.4835529279964D-03-0.1074180798678D-19
 0.6117077500910D-03 0.2314553828752D-21 0.6072961962959D-03 0.2832161769218D-19
 0.5719559167519D-03-0.7425524922136D-20 0.5937398993406D-03-0.8549945857520D-20
 0.2822651353496D-03 0.1595908794767D-19 0.2945975545648D-03 0.4879952012052D-20
 0.6312634587566D-03 0.1532691690110D-19 0.6274619568041D-03-0.6751792930355D-20
 0.6284108909657D-03 0.3043180527997D-19 0.6421411966779D-03 0.7687872458924D-20
 0.9738672857096D-04-0.2959666684239D-21 0.6699485601372D-03-0.7287427631076D-20
 0.3384232489959D-03 0.1698669220698D-19 0.3585958765235D-03 0.6559856780793D-20
 0.7481352823574D-03 0.2322881680938D-20 0.3658950986511D-03 0.1255572048196D-19
 0.3901041605240D-03-0.4447211800948D-21 0.3437315211799D-03 0.7547411089723D-20
 0.6804734357814D-03-0.2253063596607D-19 0.3737773769288D-03-0.2455259392868D-19
 0.7347293739035D-03 0.1761748596178D-19 0.3823053596146D-03-0.5092902312852D-22
 0.6879991354650D-03 0.2144566772162D-19 0.6850216253358D-03 0.2474034228586D-19
 0.6780168977492D-03 0.2572653416782D-20 0.6865660643510D-03-0.2964040629645D-19
 0.6961925467535D-03 0.9138667192347D-20 0.3607127473877D-03-0.4691113975312D-20
 0.6712824700961D-03 0.5915183560383D-20 0.6578158630095D-03-0.1450566202173D-20
 0.6535086400193D-03-0.1323581687480D-19 0.6625402135854D-03-0.3145302060773D-19
 0.3497023887656D-03-0.1693168994361D-19 0.3451534722649D-03 0.1453608514005D-20
 0.6354054482121D-03 0.3220249893522D-20 0.6360317338335D-03-0.1895985972182D-19
 0.3112608906480D-03 0.3237380771563D-20 0.3070576649018D-03 0.6560847172348D-20
 0.6424836203504D-03 0.1648377502423D-20 0.6379954092968D-03 0.2028445548685D-20
 0.2963856042107D-03 0.1124501229838D-19 0.5852875956465D-03-0.1980667100761D-19
 0.5681991474533D-03 0.1138070326880D-19 0.5741690735000D-03-0.1366061108568D-19
 0.6006467268425D-03-0.1743305991128D-19 0.5299392338955D-03 0.5904340037635D-20
 0.5080670152641D-03 0.2907892074770D-20 0.4672528066235D-03 0.1439778518943D-19
 0.4506726975587D-03-0.1867386963882D-20 0.4579034573138D-03-0.7982491676250D-20
 0.2183515812871D-03 0.3080334977412D-21 0.1149197705530D-03 0.5884434104222D-20
 0.4027508235651D-03-0.5505894429610D-20 0.3832185106508D-03 0.6890435512575D-20
 0.3739381436654D-03 0.2315662607462D-20 0.3820611008131D-03-0.1618149870637D-19
 0.1981114973798D-03 0.7479231242744D-20 0.1836649621847D-03-0.1176914856385D-20
 0.1933662338437D-03 0.8134087174618D-20 0.1807644793722D-03 0.2814792157032D-20
 0.1609387991910D-03 0.4532877753341D-21 0.3282849730454D-03-0.5488773754509D-20
 0.3257436239697D-03 0.1317253193226D-19 0.2912163520329D-03-0.3016536908350D-20
    1
    1    1  120    3
 0.1288358757055D-03 0.1415821192085D-03 0.1551200622870D-03 0.1696187417278D-03
 0.1850264976992D-03 0.2013325284463D-03 0.2185052075816D-03 0.2364984444078D-03
 0.2552426311708D-03 0.2746477097420D-03 0.2946006079312D-03 0.3149617577050D-03
 0.3355672749195D-03 0.3562254069603D-03 0.3767208964420D-03 0.3968131964365D-03
 0.4162444547791D-03 0.4347410369109D-03 0.4520270624644D-03 0.4678310480736D-03
 0.4819069107300D-03 0.4940470367243D-03 0.5041112440353D-03 0.5120449166631D-03
 0.5179121420345D-03 0.5219113220597D-03 0.5244006519031D-03 0.5258946234437D-03
 0.5270618242815D-03 0.5286815201894D-03 0.5315972259269D-03 0.5366274907205D-03
 0.5444860728831D-03 0.5556784819674D-03 0.5704376038877D-03 0.5886650290406D-03
 0.6099352747050D-03 0.6335169813299D-03 0.6584510335067D-03 0.6836283381716D-03
 0.7078971654891D-03 0.7301447584804D-03 0.7493851203309D-03 0.7648090159658D-03
 0.7758326428944D-03 0.7821109952774D-03 0.7835521976807D-03 0.7803048079950D-03
 0.7727495993238D-03 0.7614719675541D-03 0.7472397684821D-03 0.7309668877236D-03
 0.7136812134672D-03 0.6964812649686D-03 0.6804950793397D-03 0.6668300825318D-03
 0.6565228838086D-03 0.6504831222429D-03 0.6494354543359D-03 0.6538624091555D-03
 0.6639465182072D-03 0.6795278709599D-03 0.7000716602811D-03 0.7246803535752D-03
 0.7521413838834D-03 0.7810634603747D-03 0.8100710558088D-03 0.8381027084734D-03
 0.8647101529902D-03 0.8903526496788D-03 0.9165053065300D-03 0.9455913735790D-03
 0.9806357689318D-03 0.1024835386548D-02 0.1081071965636D-02 0.1151626307501D-02
 0.1238023475599D-02 0.1341127090536D-02 0.1461277196359D-02 0.1598545951259D-02
 0.1752902602095D-02 0.1924414442473D-02 0.2113310350475D-02 0.2320068090149D-02
 0.2545367302228D-02 0.2790070900418D-02 0.3055080610853D-02 0.3341220542151D-02
 0.3648997007613D-02 0.3978375228364D-02 0.4328427496062D-02 0.4696987166817D-02
 0.5080157703696D-02 0.5471819905900D-02 0.5862977045316D-02 0.6241097352336D-02
 0.6589284351004D-02 0.6885463402111D-02 0.7101410707691D-02 0.7201846326854D-02
 0.7143432983177D-02 0.6873923641190D-02 0.6331331547056D-02 0.5443320428067D-02
 0.4126754585674D-02 0.2287414829889D-02-0.1801403536887D-03-0.3392899481407D-02
-0.7479863576590D-02-0.1258341392127D-01-0.1886119056582D-01-0.2648978050243D-01
-0.3566907053547D-01-0.4662931068612D-01-0.5963855113958D-01-0.7501298334543D-01
-0.9312544560816D-01-0.1144146760139D+00-0.1393887321623D+00-0.1686289416260D+00
 0.2468425633518D-08 0.2916368923989D-08 0.3436169252131D-08 0.4042864833614D-08
 0.4748537260963D-08 0.5568366987879D-08 0.6518977610381D-08 0.7619199413867D-08
 0.8889647197092D-08 0.1035331224106D-07 0.1203536750712D-07 0.1396324251500D-07
 0.1616662531174D-07 0.1867741447030D-07 0.2152941212073D-07 0.2475822465798D-07
 0.2840070377127D-07 0.3249475397243D-07 0.3707847210187D-07 0.4218989603061D-07
 0.4786609676230D-07 0.5414327194147D-07 0.6105608191572D-07 0.6863887450358D-07
 0.7692642876235D-07 0.8595758122892D-07 0.9577881403369D-07 0.1064522866968D-06
 0.1180635870125D-06 0.1307348789786D-06 0.1446361870798D-06 0.1600006971233D-06
 0.1771333664894D-06 0.1964201029809D-06 0.2183234598430D-06 0.2433762533157D-06
 0.2721582832066D-06 0.3052741478843D-06 0.3433166096549D-06 0.3868388505147D-06
 0.4363159469462D-06 0.4921216237415D-06 0.5544931944725D-06 0.6235131063969D-06
 0.6990735032772D-06 0.7808565741432D-06 0.8682906605921D-06 0.9605233632018D-06
 0.1056363013459D-05 0.1154241029865D-05 0.1252137501497D-05 0.1347533631462D-05
 0.1437324643773D-05 0.1517772692317D-05 0.1584420528739D-05 0.1632071293079D-05
 0.1654742023441D-05 0.1645730959217D-05 0.1597699850592D-05 0.1502959543873D-05
 0.1353852050741D-05 0.1143479972494D-05 0.8666408231795D-06 0.5212336824339D-06
 0.1098448715990D-06-0.3583867882575D-06-0.8663372857436D-06-0.1388180622716D-05
-0.1890512111386D-05-0.2335434346380D-05-0.2685956423285D-05-0.2912123893798D-05
-0.2996672742149D-05-0.2937891488664D-05-0.2749535857930D-05-0.2457748999825D-05
-0.2097063755342D-05-0.1706382765460D-05-0.1326616359547D-05-0.9997438589335D-06
-0.7699226078814D-06-0.6857717109712D-06-0.8043594356274D-06-0.1196180445556D-05
-0.1951976737729D-05-0.3190994441973D-05-0.5071910879035D-05-0.7806303452188D-05
-0.1167635668587D-04-0.1705702590156D-04-0.2444511158470D-04-0.3449599097758D-04
-0.4807171654376D-04-0.6630200201721D-04-0.9066349528913D-04-0.1230799558171D-03
-0.1660500765995D-03-0.2228063173330D-03-0.2975113711458D-03-0.3954946285989D-03
-0.5235326148096D-03-0.6901729460879D-03-0.9061032130064D-03-0.1184567973324D-02
-0.1541837944185D-02-0.1997759664935D-02-0.2576403416422D-02-0.3306880906534D-02
-0.4224348315920D-02-0.5371296224489D-02-0.6799086209947D-02-0.8569882009040D-02
-0.1075890946618D-01-0.1345740803538D-01-0.1677629578968D-01-0.2085115675204D-01
-0.2584830917328D-01-0.3197228966237D-01-0.3947379032870D-01-0.4865854312438D-01
 0.1525130074531D-09 0.1833949872918D-09 0.2201209135245D-09 0.2638286516623D-09
 0.3158482735557D-09 0.3778624171575D-09 0.4518335192617D-09 0.5402083649596D-09
 0.6458774432721D-09 0.7723955854233D-09 0.9240374008570D-09 0.1105973620961D-08
 0.1324392473268D-08 0.1586765064401D-08 0.1901952816012D-08 0.2280458963802D-08
 0.2734591451741D-08 0.3278652725577D-08 0.3928897125734D-08 0.4703529494600D-08
 0.5622215709500D-08 0.6705517331757D-08 0.7973433335598D-08 0.9443759559598D-08
 0.1112925702536D-07 0.1303452098373D-07 0.1515185450406D-07 0.1745747725971D-07
 0.1990778014595D-07 0.2243782683068D-07 0.2496183422319D-07 0.2737786496076D-07
 0.2957531639182D-07 0.3144629696084D-07 0.3289687121214D-07 0.3385825974031D-07
 0.3429324692369D-07 0.3419909854158D-07 0.3360429271714D-07 0.3256262993288D-07
 0.3114425091909D-07 0.2942741263217D-07 0.2749058051952D-07 0.2540716733758D-07
 0.2324167678491D-07 0.2104831006319D-07 0.1887033277538D-07 0.1674084905705D-07
 0.1468345541996D-07 0.1271340459155D-07 0.1083813715625D-07 0.9057772148305D-08
 0.7364660074740D-08 0.5742538036295D-08 0.4164592334687D-08 0.2590694879561D-08
 0.9633305941160D-09-0.7977269996164D-09-0.2802199746491D-08-0.5197478525060D-08
-0.8177723363789D-08-0.1199295119262D-07-0.1695631624626D-07-0.2344632797677D-07
-0.3190073125905D-07-0.4279775588373D-07-0.5662511211744D-07-0.7384239601430D-07
-0.9485540568110D-07-0.1200274584543D-06-0.1497543248104D-06-0.1846075027729D-06
-0.2255250685099D-06-0.2740070842850D-06-0.3322813200297D-06-0.4034373955898D-06
-0.4915583535901D-06-0.6018994143008D-06-0.7411584181219D-06-0.9178832147061D-06
-0.1143052002488D-05-0.1430880748086D-05-0.1799920777670D-05-0.2274543115339D-05
-0.2886933474489D-05-0.3679762455326D-05-0.4709748264433D-05-0.6052379266899D-05
-0.7808152868670D-05-0.1011075909349D-04-0.1313780173180D-04-0.1712476185402D-04
-0.2238323931967D-04-0.2932474168299D-04-0.3849191581582D-04-0.5059964180289D-04
-0.6658947150700D-04-0.8770183790446D-04-0.1155718238068D-03-0.1523555019409D-03
-0.2008947357339D-03-0.2649291283740D-03-0.3493635926255D-03-0.4606014328288D-03
-0.6069531191205D-03-0.7991414762238D-03-0.1050931664447D-02-0.1379946517644D-02
-0.1808741726886D-02-0.2366263977341D-02-0.3089802136570D-02-0.4027587250889D-02
-0.5242140568127D-02-0.6814570480403D-02-0.8850011553851D-02-0.1148468301115D-01
-0.1489510618790D-01-0.1931037818695D-01-0.2502827312546D-01-0.3243622520244D-01
    2    2  120    8
 0.2649449729178D-03 0.2813354835447D-03 0.2987425465646D-03 0.3172289471517D-03
 0.3368620589083D-03 0.3577129359349D-03 0.3798575769751D-03 0.4033761804651D-03
 0.4283545440338D-03 0.4548832263402D-03 0.4830590829994D-03 0.5129843685865D-03
 0.5447684714125D-03 0.5785268535668D-03 0.6143830618278D-03 0.6524675310362D-03
 0.6929198019292D-03 0.7358872294470D-03 0.7815274937619D-03 0.8300070768805D-03
 0.8815041726320D-03 0.9362069686496D-03 0.9943168581449D-03 0.1056046586692D-02
 0.1121623889796D-02 0.1191289310590D-02 0.1265300415238D-02 0.1343929334631D-02
 0.1427467421585D-02 0.1516222601664D-02 0.1610524650745D-02 0.1710722080424D-02
 0.1817188254773D-02 0.1930317886971D-02 0.2050533805370D-02 0.2178283183720D-02
 0.2314045214975D-02 0.2458326686264D-02 0.2611670876830D-02 0.2774652589066D-02
 0.2947888006930D-02 0.3132029359973D-02 0.3327776116215D-02 0.3535868732555D-02
 0.3757101638866D-02 0.3992316237329D-02 0.4242415316632D-02 0.4508355555389D-02
 0.4791163911186D-02 0.5091928861086D-02 0.5411819433631D-02 0.5752075424124D-02
 0.6114028507264D-02 0.6499091985944D-02 0.6908784651837D-02 0.7344718827872D-02
 0.7808628320187D-02 0.8302354910904D-02 0.8827879530514D-02 0.9387308182037D-02
 0.9982907267055D-02 0.1061708731473D-01 0.1129244407901D-01 0.1201174063764D-01
 0.1277795323968D-01 0.1359425259632D-01 0.1446405630214D-01 0.1539100716526D-01
 0.1637903430268D-01 0.1743232931972D-01 0.1855541470590D-01 0.1975311961525D-01
 0.2103065766820D-01 0.2239359897673D-01 0.2384796152448D-01 0.2540018022917D-01
 0.2705720906833D-01 0.2882649078207D-01 0.3071607325512D-01 0.3273457369958D-01
 0.3489131570545D-01 0.3719629048857D-01 0.3966030933366D-01 0.4229496676696D-01
 0.4511281433380D-01 0.4812731707896D-01 0.5135305774572D-01 0.5480568923872D-01
 0.5850216344245D-01 0.6246068672352D-01 0.6670098067131D-01 0.7124423056536D-01
 0.7611339020183D-01 0.8133312690403D-01 0.8693016872092D-01 0.9293324411964D-01
 0.9937349262475D-01 0.1062843897982D+00 0.1137022191806D+00 0.1216660036295D+00
 0.1302180331371D+00 0.1394037917241D+00 0.1492725660354D+00 0.1598773531161D+00
 0.1712755415666D+00 0.1835288161518D+00 0.1967038992453D+00 0.2108724331494D+00
 0.2261118163141D+00 0.2425050428185D+00 0.2601416426290D+00 0.2791175328591D+00
 0.2995360843726D+00 0.3215080197445D+00 0.3451527133365D+00 0.3705981780862D+00
 0.3979826451814D+00 0.4274547023577D+00 0.4591751323790D+00 0.4933171118407D+00
-0.1859546688866D-07-0.2096067633351D-07-0.2362724963394D-07-0.2663361095646D-07
-0.3002311152892D-07-0.3384462015176D-07-0.3815326139582D-07-0.4301118208988D-07
-0.4848848251077D-07-0.5466419732986D-07-0.6162747978057D-07-0.6947884501328D-07
-0.7833168519120D-07-0.8831384392190D-07-0.9956954600654D-07-0.1122614041042D-06
-0.1265728819247D-06-0.1427108270481D-06-0.1609086290357D-06-0.1814294329621D-06
-0.2045701614166D-06-0.2306656120529D-06-0.2600935674476D-06-0.2932800319247D-06
-0.3307057310118D-06-0.3729127626655D-06-0.4205129104142D-06-0.4741961126504D-06
-0.5347410333534D-06-0.6030258774659D-06-0.6800418568491D-06-0.7669069849775D-06
-0.8648832234487D-06-0.9753941097991D-06-0.1100046632000D-05-0.1240653650143D-05
-0.1399261862305D-05-0.1578180427323D-05-0.1780016631381D-05-0.2007712423311D-05
-0.2264589999389D-05-0.2554398414057D-05-0.2881371839271D-05-0.3250289194838D-05
-0.3666548452694D-05-0.4136242983762D-05-0.4666256562356D-05-0.5264360995284D-05
-0.5939337645510D-05-0.6701102358936D-05-0.7560861178679D-05-0.8531270141866D-05
-0.9626634501944D-05-0.1086311386208D-04-0.1225897717087D-04-0.1383486565375D-04
-0.1561411981994D-04-0.1762311624615D-04-0.1989168730646D-04-0.2245355308423D-04
-0.2534685988420D-04-0.2861473432140D-04-0.3230597369006D-04-0.3647575890352D-04
-0.4118653901641D-04-0.4650894634345D-04-0.5252293323774D-04-0.5931894616996D-04
-0.6699938279615D-04-0.7568010226825D-04-0.8549229599894D-04-0.9658442092327D-04
-0.1091246061994D-03-0.1233031341069D-03-0.1393355242114D-03-0.1574657242647D-03
-0.1779700680233D-03-0.2011613729918D-03-0.2273940209331D-03-0.2570692396412D-03
-0.2906416278745D-03-0.3286259531773D-03-0.3716055946038D-03-0.4202413024523D-03
-0.4752821040208D-03-0.5375767204420D-03-0.6080877243737D-03-0.6879064041115D-03
-0.7782713153820D-03-0.8805878052874D-03-0.9964523683453D-03-0.1127678513626D-02
-0.1276329012252D-02-0.1444750192106D-02-0.1635614846009D-02-0.1851968090251D-02
-0.2097284253383D-02-0.2375528098321D-02-0.2691230610628D-02-0.3049569908842D-02
-0.3456471418874D-02-0.3918714962521D-02-0.4444065759049D-02-0.5041414589210D-02
-0.5720949540976D-02-0.6494339110926D-02-0.7374957290331D-02-0.8378126852105D-02
-0.9521419872579D-02-0.1082498771454D-01-0.1231197636563D-01-0.1400898953058D-01
-0.1594667650098D-01-0.1816039958073D-01-0.2069107482570D-01-0.2358612371455D-01
-0.2690065244956D-01-0.3069876383198D-01-0.3505513348542D-01-0.4005672700162D-01
 0.4236976739149D-07 0.4776247502460D-07 0.5384245589639D-07 0.6069733451934D-07
 0.6842596689271D-07 0.7713979245470D-07 0.8696450349354D-07 0.9804180407166D-07
 0.1105315257371D-06 0.1246138618028D-06 0.1404920608435D-06 0.1583952673088D-06
 0.1785819568730D-06 0.2013435375225D-06 0.2270087220037D-06 0.2559481182202D-06
 0.2885797920534D-06 0.3253750949942D-06 0.3668657591237D-06 0.4136512998360D-06
 0.4664080516290D-06 0.5258985986924D-06 0.5929832549910D-06 0.6686320795396D-06
 0.7539395105674D-06 0.8501396038386D-06 0.9586247152080D-06 0.1080964910486D-05
 0.1218931707255D-05 0.1374522815347D-05 0.1549992380610D-05 0.1747882504823D-05
 0.1971061707851D-05 0.2222765170193D-05 0.2506643724356D-05 0.2826815034011D-05
 0.3187926106442D-05 0.3595218542104D-05 0.4054608172768D-05 0.4572768219653D-05
 0.5157230965344D-05 0.5816493552510D-05 0.6560147815969D-05 0.7399015435185D-05
 0.8345313131986D-05 0.9412825330944D-05 0.1061711508741D-04 0.1197574445061D-04
 0.1350854346707D-04 0.1523789173480D-04 0.1718906239913D-04 0.1939058105037D-04
 0.2187466511510D-04 0.2467768351001D-04 0.2784071726546D-04 0.3141014716282D-04
 0.3543837140860D-04 0.3998455561375D-04 0.4511555157062D-04 0.5090685728413D-04
 0.5744379181323D-04 0.6482272347821D-04 0.7315257308050D-04 0.8255638958709D-04
 0.9317327050635D-04 0.1051603809699D-03 0.1186954167250D-03 0.1339791864834D-03
 0.1512387646962D-03 0.1707308084280D-03 0.1927455958850D-03 0.2176112678559D-03
 0.2456990191114D-03 0.2774285313599D-03 0.3132746221913D-03 0.3537742322006D-03
 0.3995349485840D-03 0.4512439717999D-03 0.5096790601237D-03 0.5757200803816D-03
 0.6503630466238D-03 0.7347349879601D-03 0.8301120906231D-03 0.9379388105402D-03
 0.1059851268262D-02 0.1197702078543D-02 0.1353590576169D-02 0.1529894976691D-02
 0.1729311752508D-02 0.1954897477246D-02 0.2210120079223D-02 0.2498913692955D-02
 0.2825745674304D-02 0.3195688363791D-02 0.3614507087597D-02 0.4088754664938D-02
 0.4625886407263D-02 0.5234384516005D-02 0.5923909277535D-02 0.6705461344511D-02
 0.7591579561560D-02 0.8596553844761D-02 0.9736682053982D-02 0.1103054726981D-01
 0.1249935346655D-01 0.1416728653692D-01 0.1606195305049D-01 0.1821485785404D-01
 0.2066198515287D-01 0.2344443864114D-01 0.2660923156705D-01 0.3021016415354D-01
 0.3430891385565D-01 0.3897626342568D-01 0.4429361601166D-01 0.5035469997705D-01
 0.5726765065096D-01 0.6515732564809D-01 0.7416806827475D-01 0.8446674518792D-01
 0.2830319792615D-11 0.3388328638387D-11 0.4058252688277D-11 0.4858727734714D-11
 0.5818207208110D-11 0.6966565066633D-11 0.8342144067794D-11 0.9988285773744D-11
 0.1196057863207D-10 0.1432120768605D-10 0.1714886959895D-10 0.2053432396903D-10
 0.2458872831007D-10 0.2944273213752D-10 0.3525617468057D-10 0.4221672470847D-10
 0.5055089554526D-10 0.6053103473650D-10 0.7247967941573D-10 0.8678791203830D-10
 0.1039190942438D-09 0.1244321323644D-09 0.1489924274943D-09 0.1783974629325D-09
 0.2136039855077D-09 0.2557557158405D-09 0.3062193010958D-09 0.3666339235975D-09
 0.4389592769422D-09 0.5255391330120D-09 0.6291820917923D-09 0.7532428584356D-09
 0.9017388135709D-09 0.1079473781246D-08 0.1292193472771D-08 0.1546770933096D-08
 0.1851422262029D-08 0.2215973291147D-08 0.2652169516846D-08 0.3174050593472D-08
 0.3798395087774D-08 0.4545251537716D-08 0.5438574339435D-08 0.6506972240274D-08
 0.7784613053696D-08 0.9312291392445D-08 0.1113870073914D-07 0.1332195227883D-07
 0.1593137530521D-07 0.1904966276111D-07 0.2277541032550D-07 0.2722614832284D-07
 0.3254192084206D-07 0.3888954977988D-07 0.4646767118911D-07 0.5551272556480D-07
 0.6630601723232D-07 0.7918211495048D-07 0.9453872590843D-07 0.1128484443722D-06
 0.1346725276225D-06 0.1606772815798D-06 0.1916532515942D-06 0.2285380122762D-06
 0.2724428455869D-06 0.3246843989530D-06 0.3868216977233D-06 0.4607000828168D-06
 0.5485025451206D-06 0.6528106946441D-06 0.7766760096853D-06 0.9237045922326D-06
 0.1098156296124D-05 0.1305062978178D-05 0.1550367094776D-05 0.1841087654590D-05
 0.2185515473136D-05 0.2593448095735D-05 0.3076467608466D-05 0.3648276977412D-05
 0.4325100146186D-05 0.5126169740441D-05 0.6074311034389D-05 0.7196658443428D-05
 0.8525518781140D-05 0.1009943610267D-04 0.1196448056122D-04 0.1417584387370D-04
 0.1679977460545D-04 0.1991597459943D-04 0.2362050381162D-04 0.2802936690998D-04
 0.3328284100834D-04 0.3955078754205D-04 0.4703901066977D-04 0.5599699087801D-04
 0.6672704400137D-04 0.7959534077005D-04 0.9504479634520D-04 0.1136104161997D-03
 0.1359370516169D-03 0.1628003910680D-03 0.1951311354470D-03 0.2340436650552D-03
 0.2808692946747D-03 0.3371964218227D-03 0.4049182429363D-03 0.4862921541537D-03
 0.5840127392434D-03 0.7013055072175D-03 0.8420449236819D-03 0.1010907983492D-02
 0.1213568246372D-02 0.1456945378403D-02 0.1749514326700D-02 0.2101691609638D-02
 0.2526298157346D-02 0.3039118017106D-02 0.3659548377400D-02 0.4411370784324D-02
-0.5703716042896D-11-0.6830947610908D-11-0.8179033699723D-11-0.9794888684371D-11
-0.1172934195504D-10-0.1404688919558D-10-0.1682110180159D-10-0.2014535150131D-10
-0.2412506883113D-10-0.2889279857682D-10-0.3460118402487D-10-0.4143872194747D-10
-0.4962663514944D-10-0.5943437103516D-10-0.7117834227406D-10-0.8524328312211D-10
-0.1020888259317D-09-0.1222617817378D-09-0.1464219685098D-09-0.1753536509509D-09
-0.2100007910476D-09-0.2514912067247D-09-0.3011754170992D-09-0.3606704095501D-09
-0.4319121416918D-09-0.5172153491069D-09-0.6193535167129D-09-0.7416426613163D-09
-0.8880539478782D-09-0.1063337976962D-08-0.1273174623426D-08-0.1524364463273D-08
-0.1825035915297D-08-0.2184913515039D-08-0.2615624079460D-08-0.3131066261062D-08
-0.3747856095436D-08-0.4485850619058D-08-0.5368777463222D-08-0.6424980678986D-08
-0.7688315245940D-08-0.9199205564876D-08-0.1100590352292D-07-0.1316600192106D-07
-0.1574820212143D-07-0.1883444532637D-07-0.2252242517107D-07-0.2692857126193D-07
-0.3219158743342D-07-0.3847664673105D-07-0.4598034842985D-07-0.5493659420587D-07
-0.6562350956646D-07-0.7837164848493D-07-0.9357362536051D-07-0.1116955139481D-06
-0.1332902090990D-06-0.1590131985956D-06-0.1896410050242D-06-0.2260929094326D-06
-0.2694562995469D-06-0.3210164516871D-06-0.3822911927008D-06-0.4550715476421D-06
-0.5414689303370D-06-0.6439703763917D-06-0.7655025292981D-06-0.9095064563680D-06
-0.1080024150746D-05-0.1281799677464D-05-0.1520396053607D-05-0.1802332072765D-05
-0.2135240587342D-05-0.2528054441425D-05-0.2991222283430D-05-0.3536963568634D-05
-0.4179566496337D-05-0.4935743094976D-05-0.5825048049262D-05-0.6870383661027D-05
-0.8098602535264D-05-0.9541243655407D-05-0.1123542252976D-04-0.1322493189656D-04
-0.1556158887408D-04-0.1830691757062D-04-0.2153422620929D-04-0.2533121683941D-04
-0.2980321975434D-04-0.3507725914252D-04-0.4130708549665D-04-0.4867947116905D-04
-0.5742195011829D-04-0.6781240827184D-04-0.8019073781363D-04-0.9497308073669D-04
-0.1126688727305D-03-0.1339013317177D-03-0.1594315424378D-03-0.1901869177034D-03
-0.2272940973316D-03-0.2721173094675D-03-0.3263022769864D-03-0.3918273463657D-03
-0.4710623821507D-03-0.5668387379880D-03-0.6825324025072D-03-0.8221669860055D-03
-0.9905419018590D-03-0.1193398166399D-02-0.1437631823212D-02-0.1731574750747D-02
-0.2085356839857D-02-0.2511374620649D-02-0.3024878615781D-02-0.3644703320057D-02
-0.4394140304873D-02-0.5301971121596D-02-0.6403647650937D-02-0.7742643706331D-02
 0.3200069479997D-15-0.4098698009367D-15 0.7303557951922D-15 0.1182485598910D-14
 0.7185241612290D-15 0.1329308391733D-14 0.2450113343116D-14 0.1959297121515D-14
 0.3060979255986D-14 0.3181913522128D-14 0.5294624553370D-14 0.6258619209307D-14
 0.8919979326302D-14 0.1045168447494D-13 0.1467412036797D-13 0.1939476682178D-13
 0.2461905938984D-13 0.3287737302051D-13 0.4000244361152D-13 0.5099574194430D-13
 0.6513801829543D-13 0.8330094051762D-13 0.1075939179990D-12 0.1357874492755D-12
 0.1730490574852D-12 0.2209109054779D-12 0.2808812500787D-12 0.3581528238999D-12
 0.4568556340735D-12 0.5811712428216D-12 0.7401930025062D-12 0.9424246718585D-12
 0.1199780589692D-11 0.1527641261895D-11 0.1944390276123D-11 0.2474187304789D-11
 0.3148288916946D-11 0.4006217355048D-11 0.5096847618640D-11 0.6483469152558D-11
 0.8245762482841D-11 0.1048293805076D-10 0.1332736955936D-10 0.1693683709302D-10
 0.2151928039849D-10 0.2733456136052D-10 0.3471016020481D-10 0.4405914236288D-10
 0.5590762828239D-10 0.7091368342491D-10 0.8990980724605D-10 0.1139401797714D-09
 0.1443196636770D-09 0.1826963093958D-09 0.2311386068251D-09 0.2922340771183D-09
 0.3692165328030D-09 0.4661168510152D-09 0.5879530653656D-09 0.7409590019760D-09
 0.9328552350416D-09 0.1173182079111D-08 0.1473690058891D-08 0.1848805607689D-08
 0.2316169894050D-08 0.2897269617416D-08 0.3618141515991D-08 0.4510165100501D-08
 0.5610924372470D-08 0.6965092976517D-08 0.8625318597487D-08 0.1065299793356D-07
 0.1311883252094D-07 0.1610296600782D-07 0.1969442396644D-07 0.2398947802349D-07
 0.2908837569478D-07 0.3508969156166D-07 0.4208128166899D-07 0.5012649752364D-07
 0.5924382579825D-07 0.6937767342482D-07 0.8035717520297D-07 0.9183930605151D-07
 0.1032312450271D-06 0.1135862214733D-06 0.1214650885660D-06 0.1247551868882D-06
 0.1204352383765D-06 0.1042747321881D-06 0.7045252386662D-07 0.1108004015114D-07
-0.8439032528814D-07-0.2298884663440D-06-0.4436050347911D-06-0.7490433761169D-06
-0.1176274467579D-05-0.1763416949840D-05-0.2558387412363D-05-0.3620961849126D-05
-0.5025239925718D-05-0.6862617583074D-05-0.9245483053167D-05-0.1231191090809D-04
-0.1623184684834D-04-0.2121541851987D-04-0.2752438967463D-04-0.3548802116602D-04
-0.4552517136450D-04-0.5817475291192D-04-0.7413733807075D-04-0.9433079392705D-04
-0.1199633663405D-03-0.1526271288882D-03-0.1944148692698D-03-0.2480621348073D-03
-0.3171163137631D-03-0.4061331975315D-03-0.5209036703852D-03-0.6687144807381D-03
-0.2357073712284D-14-0.2899698055638D-14-0.4057956362024D-14-0.5303384639795D-14
-0.6604957521920D-14-0.8546444000621D-14-0.1094482706253D-13-0.1390406390625D-13
-0.1766122934671D-13-0.2255028866802D-13-0.2877811261017D-13-0.3648446113228D-13
-0.4692540352828D-13-0.5938847502933D-13-0.7599628503545D-13-0.9738412123806D-13
-0.1233093835883D-12-0.1572903289758D-12-0.2000079731256D-12-0.2549377449587D-12
-0.3242344735883D-12-0.4131326820308D-12-0.5260754897912D-12-0.6698565906273D-12
-0.8524694198522D-12-0.1085633227076D-11-0.1382054869363D-11-0.1759536711728D-11
-0.2239857672474D-11-0.2851287446251D-11-0.3629332430611D-11-0.4619413084953D-11
-0.5879361284168D-11-0.7482841698781D-11-0.9522020410922D-11-0.1211673463800D-10
-0.1541633566394D-10-0.1961347203184D-10-0.2495004249649D-10-0.3173505556486D-10
-0.4035946569511D-10-0.5131937702138D-10-0.6524603854143D-10-0.8293632286205D-10
-0.1054022535914D-09-0.1339257884009D-09-0.1701278409512D-09-0.2160600981636D-09
-0.2743180440949D-09-0.3481783303075D-09-0.4417806950465D-09-0.5603451510470D-09
-0.7104539341901D-09-0.9003950110139D-09-0.1140595275222D-08-0.1444159646523D-08
-0.1827534916292D-08-0.2311339758631D-08-0.2921385110145D-08-0.3689930833823D-08
-0.4657231223779D-08-0.5873425225521D-08-0.7400838365064D-08-0.9316773763831D-08
-0.1171688816240D-07-0.1471923499867D-07-0.1846908963063D-07-0.2314465617892D-07
-0.2896376378895D-07-0.3619162981413D-07-0.4514976276106D-07-0.5622599636432D-07
-0.6988558992629D-07-0.8668318312025D-07-0.1072752247777D-06-0.1324322184239D-06
-0.1630497798198D-06-0.2001569988559D-06-0.2449199499722D-06-0.2986373490188D-06
-0.3627242496479D-06-0.4386783378649D-06-0.5280216339002D-06-0.6322085240593D-06
-0.7524884914055D-06-0.8897095498881D-06-0.1044045118526D-05-0.1214624745849D-05
-0.1399045613771D-05-0.1592740813044D-05-0.1788178046733D-05-0.1973865416992D-05
-0.2133142096732D-05-0.2242742590086D-05-0.2271130526784D-05-0.2176620852072D-05
-0.1905322700194D-05-0.1388970233322D-05-0.5427188013086D-06 0.7369830407322D-06
 0.2574360122926D-05 0.5116041868240D-05 0.8532615279387D-05 0.1302019719187D-04
 0.1880257484178D-04 0.2613484527506D-04 0.3531016490554D-04 0.4667188927597D-04
 0.6063434602909D-04 0.7771619121217D-04 0.9859106294152D-04 0.1241601615201D-03
 0.1556508180860D-03 0.1947428538764D-03 0.2437213814656D-03 0.3056495183820D-03
 0.3845495491273D-03 0.4855760084587D-03 0.6151639475488D-03 0.7811407036906D-03
 0.5771480437183D-15 0.1597461921126D-15 0.8297063068839D-15 0.1082027511965D-14
 0.1297412081363D-14 0.1743404206184D-14 0.2462791113148D-14 0.3106333833307D-14
 0.3653479220485D-14 0.4744239221124D-14 0.6345415640568D-14 0.8081750637447D-14
 0.1062127049839D-13 0.1311867866881D-13 0.1731924968700D-13 0.2239129721399D-13
 0.2808396352228D-13 0.3638449142158D-13 0.4617891075815D-13 0.5901218565648D-13
 0.7496385919592D-13 0.9595772469798D-13 0.1222379515016D-12 0.1558324103408D-12
 0.1981781780366D-12 0.2529534722904D-12 0.3221224747898D-12 0.4105656547697D-12
 0.5232478233597D-12 0.6662973000283D-12 0.8490459733504D-12 0.1081468830088D-11
 0.1377112901704D-11 0.1753782986153D-11 0.2232795768411D-11 0.2842548812492D-11
 0.3618543514449D-11 0.4605481252615D-11 0.5860656708622D-11 0.7456303475405D-11
 0.9484246297931D-11 0.1206058434010D-10 0.1533376247912D-10 0.1948919170591D-10
 0.2476318335242D-10 0.3145414403046D-10 0.3993805379177D-10 0.5069010271550D-10
 0.6430891094489D-10 0.8154815275432D-10 0.1033558262777D-09 0.1309206107148D-09
 0.1657356014211D-09 0.2096678397653D-09 0.2650519257823D-09 0.3347998985661D-09
 0.4225357129641D-09 0.5327592596032D-09 0.6710429534382D-09 0.8442688798941D-09
 0.1060905157257D-08 0.1331334962274D-08 0.1668236257007D-08 0.2087012430846D-08
 0.2606276958902D-08 0.3248376171352D-08 0.4039938825325D-08 0.5012409615232D-08
 0.6202526972851D-08 0.7652640031300D-08 0.9410760633637D-08 0.1153013341591D-07
 0.1406808191788D-07 0.1708371952334D-07 0.2063400570434D-07 0.2476737910772D-07
 0.2951398870334D-07 0.3487108884300D-07 0.4078183692813D-07 0.4710496601620D-07
 0.5357223354925D-07 0.5972939276735D-07 0.6485544899364D-07 0.6785330238830D-07
 0.6710333718886D-07 0.6026922202391D-07 0.4404297607099D-07 0.1381342421046D-07
-0.3676074466861D-07-0.1162954003732D-06-0.2363684291285D-06-0.4123787675631D-06
-0.6646093003160D-06-0.1019527495097D-05-0.1511361718778D-05-0.2183990513696D-05
-0.3093188655942D-05-0.4309272200858D-05-0.5920201776732D-05-0.8035210135457D-05
-0.1078906762521D-04-0.1434713982963D-04-0.1891151373801D-04-0.2472859179232D-04
-0.3209882073264D-04-0.4138950036883D-04-0.5305210477012D-04-0.6764603130614D-04
-0.8587140528669D-04-0.1086141550076D-03-0.1370072736112D-03-0.1725124522064D-03
-0.2170263002121D-03-0.2730144912568D-03-0.3436756522009D-03-0.4331341014944D-03
-0.5466574952100D-03-0.6908923021601D-03-0.8741090056780D-03-0.1106451895703D-02
