bcc Sb -- Hedin-Lundqvist LDA                                                   
INPUT  IT=230 SPIN=1 NTYPE=  2
 -3.600000  3.600000  3.600000
  3.600000 -3.600000  3.600000
  3.600000  3.600000 -3.600000
    1  435  1.700000  0.030000    1
  0.000000  0.000000  0.000000
 0.5934938507853D-04 0.6274760244978D-04 0.6634038353288D-04 0.7013885766642D-04
 0.7415476081318D-04 0.7840056939117D-04 0.8288944247517D-04 0.8763529206412D-04
 0.9265282613345D-04 0.9795759419430D-04 0.1035660353963D-03 0.1094955293986D-03
 0.1157644501496D-03 0.1223922227319D-03 0.1293993834628D-03 0.1368076434228D-03
 0.1446399556117D-03 0.1529205859430D-03 0.1616751882916D-03 0.1709308838257D-03
 0.1807163448663D-03 0.1910618835394D-03 0.2019995454840D-03 0.2135632089109D-03
 0.2257886893138D-03 0.2387138501554D-03 0.2523787198735D-03 0.2668256155550D-03
 0.2820992736714D-03 0.2982469882697D-03 0.3153187570419D-03 0.3333674357282D-03
 0.3524489013212D-03 0.3726222245756D-03 0.3939498523488D-03 0.4164978003384D-03
 0.4403358567983D-03 0.4655377978633D-03 0.4921816151425D-03 0.5203497562718D-03
 0.5501293791687D-03 0.5816126207622D-03 0.6148968810235D-03 0.6500851231611D-03
 0.6872861908984D-03 0.7266151438060D-03 0.7681936117083D-03 0.8121501692439D-03
 0.8586207317284D-03 0.9077489735169D-03 0.9596867701469D-03 0.1014594665604D-02
 0.1072642366135D-02 0.1134009262094D-02 0.1198884979441D-02 0.1267469962531D-02
 0.1339976089972D-02 0.1416627325438D-02 0.1497660405375D-02 0.1583325565722D-02
 0.1673887309798D-02 0.1769625219728D-02 0.1870834813812D-02 0.1977828452450D-02
 0.2090936295356D-02 0.2210507312916D-02 0.2336910354790D-02 0.2470535278882D-02
 0.2611794144178D-02 0.2761122470952D-02 0.2918980572110D-02 0.3085854959759D-02
 0.3262259831065D-02 0.3448738637966D-02 0.3645865745337D-02 0.3854248182605D-02
 0.4074527493991D-02 0.4307381692912D-02 0.4553527326286D-02 0.4813721654957D-02
 0.5088764956608D-02 0.5379502957995D-02 0.5686829403693D-02 0.6011688768941D-02
 0.6355079124516D-02 0.6718055162073D-02 0.7101731388850D-02 0.7507285501087D-02
 0.7935961945905D-02 0.8389075682217D-02 0.8868016151492D-02 0.9374251469858D-02
 0.9909332853862D-02 0.1047489929256D-01 0.1107268247928D-01 0.1170451201786D-01
 0.1237232091717D-01 0.1307815139104D-01 0.1382416097907D-01 0.1461262900629D-01
 0.1544596339983D-01 0.1632670788196D-01 0.1725754956014D-01 0.1824132693470D-01
 0.1928103834729D-01 0.2037985089380D-01 0.2154110982555D-01 0.2276834846672D-01
 0.2406529867349D-01 0.2543590186499D-01 0.2688432065635D-01 0.2841495112461D-01
 0.3003243574242D-01 0.3174167701322D-01 0.3354785184580D-01 0.3545642670595D-01
 0.3747317358671D-01 0.3960418683855D-01 0.4185590090521D-01 0.4423510901089D-01
 0.4674898284843D-01 0.4940509331921D-01 0.5221143237870D-01 0.5517643604364D-01
 0.5830900861948D-01 0.6161854820994D-01 0.6511497357214D-01 0.6880875238517D-01
 0.7271093100160D-01 0.7683316575501D-01 0.8118775590050D-01 0.8578767826699D-01
 0.9064662370449D-01 0.9577903541312D-01 0.1012001492428D+00 0.1069260360593D+00
 0.1129736462694D+00 0.1193608566132D+00 0.1261065193216D+00 0.1332305137516D+00
 0.1407538006103D+00 0.1486984788881D+00 0.1570878456153D+00 0.1659464585733D+00
 0.1753002020849D+00 0.1851763560203D+00 0.1956036681508D+00 0.2066124299968D+00
 0.2182345563092D+00 0.2305036683346D+00 0.2434551810164D+00 0.2571263942875D+00
 0.2715565886096D+00 0.2867871249229D+00 0.3028615491662D+00 0.3198257015373D+00
 0.3377278306580D+00 0.3566187128068D+00 0.3765517764000D+00 0.3975832318765D+00
 0.4197722071602D+00 0.4431808888633D+00 0.4678746693980D+00 0.4939223001447D+00
 0.5213960508428D+00 0.5503718753389D+00 0.5809295838429D+00 0.6131530218139D+00
 0.6471302555957D+00 0.6829537649073D+00 0.7207206422791D+00 0.7605327994997D+00
 0.8024971811310D+00 0.8467259851117D+00 0.8933368904545D+00 0.9424532919984D+00
 0.9942045421613D+00 0.1048726199589D+01 0.1106160284536D+01 0.1166655540813D+01
 0.1230367704068D+01 0.1297459776026D+01 0.1368102304405D+01 0.1442473668042D+01
 0.1520760366695D+01 0.1603157314937D+01 0.1689868139490D+01 0.1781105479128D+01
 0.1877091286322D+01 0.1978057129584D+01 0.2084244495370D+01 0.2195905088215D+01
 0.2313301127740D+01 0.2436705640893D+01 0.2566402747611D+01 0.2702687938054D+01
 0.2845868339137D+01 0.2996262968112D+01 0.3154202970470D+01 0.3320031839457D+01
 0.3494105614034D+01 0.3676793051929D+01 0.3868475774176D+01 0.4069548377135D+01
 0.4280418507756D+01 0.4501506897529D+01 0.4733247350106D+01 0.4976086677383D+01
 0.5230484578292D+01 0.5496913454355D+01 0.5775858155485D+01 0.6067815649263D+01
 0.6373294606355D+01 0.6692814894590D+01 0.7026906973459D+01 0.7376111180786D+01
 0.7740976902506D+01 0.8122061616576D+01 0.8519929801173D+01 0.8935151697571D+01
 0.9368301917148D+01 0.9819957882374D+01 0.1029069809083D+02 0.1078110019168D+02
 0.1129173886327D+02 0.1182318348209D+02 0.1237599557016D+02 0.1295072601286D+02
 0.1354791203531D+02 0.1416807392775D+02 0.1481171151175D+02 0.1547930033804D+02
 0.1617128760940D+02 0.1688808782278D+02 0.1763007812589D+02 0.1839759338614D+02
 0.1919092097120D+02 0.2001029524390D+02 0.2085589177478D+02 0.2172782128215D+02
 0.2262612330949D+02 0.2355075965641D+02 0.2450160758342D+02 0.2547845281384D+02
 0.2648098236485D+02 0.2750877724152D+02 0.2856130503785D+02 0.2963791249252D+02
 0.3073781805644D+02 0.3186010453520D+02 0.3300371188068D+02 0.3416743020912D+02
 0.3534989313994D+02 0.3654957154941D+02 0.3776476785238D+02 0.3899361092464D+02
 0.4023405179953D+02 0.4148386026756D+02 0.4274062253379D+02 0.4400174007625D+02
 0.4526442987888D+02 0.4652572619347D+02 0.4778248401902D+02 0.4903138445936D+02
 0.5026894215584D+02 0.5149151495310D+02 0.5269531599685D+02 0.5387642840536D+02
 0.5503082270561D+02 0.5615437714443D+02 0.5724290104209D+02 0.5829216124989D+02
 0.5929791183908D+02 0.6025592700951D+02 0.6116203728656D+02 0.6201216889592D+02
 0.6280238630422D+02 0.6352893768890D+02 0.6418830322132D+02 0.6477724577173D+02
 0.6529286379739D+02 0.6573264583766D+02 0.6609452623874D+02 0.6637694132458D+02
 0.6657888548895D+02 0.6669996620078D+02 0.6674045725416D+02 0.6670134902737D+02
 0.6658439495586D+02 0.6639215277001D+02 0.6612801961516D+02 0.6579625942417D+02
 0.6540202164119D+02 0.6495134953682D+02 0.6445117729460D+02 0.6390931406218D+02
 0.6333441434871D+02 0.6273593302536D+02 0.6212406467148D+02 0.6150966570676D+02
 0.6090415959868D+02 0.6031942390880D+02 0.5976766021046D+02 0.5926124610215D+02
 0.5881257128799D+02 0.5843385752930D+02 0.5813696557532D+02 0.5793318950504D+02
 0.5783304287775D+02 0.5784603813596D+02 0.5798046317775D+02 0.5824316043780D+02
 0.5863931188298D+02 0.5917223368241D+02 0.5984318868236D+02 0.6065121845714D+02
 0.6159300450460D+02 0.6266275979128D+02 0.6385216094656D+02 0.6515032096585D+02
 0.6654381315687D+02 0.6801674396547D+02 0.6955088526013D+02 0.7112586072866D+02
 0.7271939623187D+02 0.7430762475043D+02 0.7586545488584D+02 0.7736698829428D+02
 0.7878599407736D+02 0.8009641961685D+02 0.8127294474929D+02 0.8229155250486D+02
 0.8313012284761D+02 0.8376901573308D+02 0.8419165105693D+02 0.8438504489257D+02
 0.8434031216807D+02 0.8405308938083D+02 0.8352389214451D+02 0.8275835637184D+02
 0.8176738575947D+02 0.8056715086484D+02 0.7917897350070D+02 0.7762904011921D+02
 0.7594799242361D+02 0.7417033852137D+02 0.7233375074886D+02 0.7047819408357D+02
 0.6864497143513D+02 0.6687563026657D+02 0.6521083810994D+02 0.6368917013866D+02
 0.6234593708257D+02 0.6121199168753D+02 0.6031266006995D+02 0.5966672589363D+02
 0.5928562681783D+02 0.5917277696375D+02 0.5932317137933D+02 0.5972318354799D+02
 0.6035068941337D+02 0.6117542193488D+02 0.6215965964659D+02 0.6325913114268D+02
 0.6442424509659D+02 0.6560147133898D+02 0.6673497931187D+02 0.6776833541104D+02
 0.6864634979465D+02 0.6931686127513D+02 0.6973254122811D+02 0.6985250498111D+02
 0.6964380943687D+02 0.6908264030488D+02 0.6815527184904D+02 0.6685863224222D+02
 0.6520056685183D+02 0.6319967172452D+02 0.6088480280738D+02 0.5829417682828D+02
 0.5547418153864D+02 0.5247785610639D+02 0.4936316487552D+02 0.4619106734572D+02
 0.4302350902697D+02 0.3992135915977D+02 0.3694241253060D+02 0.3413949556494D+02
 0.3155884065376D+02 0.2923858775171D+02 0.2720780752707D+02 0.2548562456480D+02
 0.2408103980207D+02 0.2299277724565D+02 0.2220996388429D+02 0.2171261239783D+02
 0.2147306373247D+02 0.2145692970758D+02 0.2162511691173D+02 0.2193496712838D+02
 0.2234252400632D+02 0.2280363984685D+02 0.2327610641467D+02 0.2372059207728D+02
 0.2410220992437D+02 0.2439118145733D+02 0.2456370148556D+02 0.2460208842100D+02
 0.2449511568291D+02 0.2423747430881D+02 0.2382985736354D+02 0.2327778606471D+02
 0.2259135457803D+02 0.2178420952532D+02 0.2087277870085D+02 0.1987538962882D+02
 0.1881154715665D+02 0.1770118349474D+02 0.1656398879933D+02 0.1541906282983D+02
 0.1428422607788D+02 0.1317599834802D+02 0.1210906046947D+02 0.1109628575226D+02
 0.1014845539283D+02 0.9273946727184D+01 0.8478627221384D+01 0.7765007004337D+01
 0.7132423201602D+01 0.6576165208799D+01 0.6088761053755D+01 0.5660472727296D+01
 0.5283169181197D+01 0.4953694126978D+01 0.4679718217063D+01
    2  435  1.000000  0.030000    3
  0.000000  0.500000  0.500000
  0.500000  0.500000  0.000000
  0.500000  0.000000  0.500000
 0.2357947568341D-10 0.2503750564708D-10 0.2658569235675D-10 0.2822961061157D-10
 0.2997517992455D-10 0.3182868583801D-10 0.3379680260711D-10 0.3588661703562D-10
 0.3810565427901D-10 0.4046190476297D-10 0.4296385304549D-10 0.4562050815526D-10
 0.4844143635379D-10 0.5143679537355D-10 0.5461737109530D-10 0.5799461615592D-10
 0.6158069153762D-10 0.6538851013302D-10 0.6943178334879D-10 0.7372507022397D-10
 0.7828383024273D-10 0.8312447875542D-10 0.8826444619889D-10 0.9372224058280D-10
 0.9951751456164D-10 0.1056711359316D-09 0.1122052628892D-09 0.1191434235143D-09
 0.1265106009613D-09 0.1343333231283D-09 0.1426397582979D-09 0.1514598162341D-09
 0.1608252564020D-09 0.1707698020071D-09 0.1813292615515D-09 0.1925416574084D-09
 0.2044473633060D-09 0.2170892493567D-09 0.2305128365525D-09 0.2447664602737D-09
 0.2599014449719D-09 0.2759722885895D-09 0.2930368589335D-09 0.3111566015968D-09
 0.3303967619172D-09 0.3508266194841D-09 0.3725197377340D-09 0.3955542283515D-09
 0.4200130333027D-09 0.4459842230229D-09 0.4735613136737D-09 0.5028436033382D-09
 0.5339365304159D-09 0.5669520527676D-09 0.6020090509829D-09 0.6392337558460D-09
 0.6787602037934D-09 0.7207307189776D-09 0.7652964258652D-09 0.8126177927424D-09
 0.8628652105370D-09 0.9162196057236D-09 0.9728730919064D-09 0.1033029660832D-08
 0.1096905918026D-08 0.1164731862030D-08 0.1236751712650D-08 0.1313224789507D-08
 0.1394426446981D-08 0.1480649064906D-08 0.1572203101387D-08 0.1669418209760D-08
 0.1772644426872D-08 0.1882253432583D-08 0.1998639888079D-08 0.2122222855852D-08
 0.2253447310047D-08 0.2392785737642D-08 0.2540739839670D-08 0.2697842336448D-08
 0.2864658887247D-08 0.3041790125864D-08 0.3229873823111D-08 0.3429587181815D-08
 0.3641649276775D-08 0.3866823642469D-08 0.4105921021990D-08 0.4359802284534D-08
 0.4629381526730D-08 0.4915629362257D-08 0.5219576416140D-08 0.5542317033627D-08
 0.5885013222102D-08 0.6248898833007D-08 0.6635284003542D-08 0.7045559871532D-08
 0.7481203585837D-08 0.7943783622429D-08 0.8434965430463D-08 0.8956517425818D-08
 0.9510317359682D-08 0.1009835907623D-07 0.1072275968974D-07 0.1138576720323D-07
 0.1208976860359D-07 0.1283729845159D-07 0.1363104800501D-07 0.1447387490314D-07
 0.1536881345630D-07 0.1631908556496D-07 0.1732811231617D-07 0.1839952629448D-07
 0.1953718465971D-07 0.2074518302747D-07 0.2202787020881D-07 0.2338986385908D-07
 0.2483606710060D-07 0.2637168616613D-07 0.2800224913428D-07 0.2973362582107D-07
 0.3157204890759D-07 0.3352413636663D-07 0.3559691527659D-07 0.3779784710520D-07
 0.4013485456349D-07 0.4261635011091D-07 0.4525126622468D-07 0.4804908753600D-07
 0.5101988496189D-07 0.5417435193651D-07 0.5752384288345D-07 0.6108041406231D-07
 0.6485686694936D-07 0.6886679428768D-07 0.7312462898552D-07 0.7764569603168D-07
 0.8244626763058D-07 0.8754362173070D-07 0.9295610417253D-07 0.9870319467131D-07
 0.1048055768884D-06 0.1112852128190D-06 0.1181654217749D-06 0.1254709642470D-06
 0.1332281309549D-06 0.1414648373871D-06 0.1502107241803D-06 0.1594972636966D-06
 0.1693578731923D-06 0.1798280349645D-06 0.1909454239200D-06 0.2027500430088D-06
 0.2152843670498D-06 0.2285934954048D-06 0.2427253140935D-06 0.2577306679028D-06
 0.2736635431473D-06 0.2905812616830D-06 0.3085446869089D-06 0.3276184424715D-06
 0.3478711444914D-06 0.3693756480987D-06 0.3922093091880D-06 0.4164542623135D-06
 0.4421977157632D-06 0.4695322648060D-06 0.4985562242758D-06 0.5293739816573D-06
 0.5620963719876D-06 0.5968410758472D-06 0.6337330419067D-06 0.6729049355189D-06
 0.7144976150134D-06 0.7586606373140D-06 0.8055527947521D-06 0.8553426849475D-06
 0.9082093158710D-06 0.9643427481484D-06 0.1023944776977D-05 0.1087229656015D-05
 0.1154424865994D-05 0.1225771930537D-05 0.1301527282347D-05 0.1381963182663D-05
 0.1467368697447D-05 0.1558050733574D-05 0.1654335138927D-05 0.1756567870117D-05
 0.1865116232193D-05 0.1980370194567D-05 0.2102743787992D-05 0.2232676587405D-05
 0.2370635286126D-05 0.2517115366784D-05 0.2672642875068D-05 0.2837776302469D-05
 0.3013108584935D-05 0.3199269224231D-05 0.3396926539758D-05 0.3606790058673D-05
 0.3829613053005D-05 0.4066195232413D-05 0.4317385602499D-05 0.4584085498409D-05
 0.4867251804931D-05 0.5167900373952D-05 0.5487109651797D-05 0.5826024528890D-05
 0.6185860425799D-05 0.6567907629462D-05 0.6973535895537D-05 0.7404199332452D-05
 0.7861441585066D-05 0.8346901335414D-05 0.8862318140593D-05 0.9409538627623D-05
 0.9990523067803D-05 0.1060735235282D-04 0.1126223539773D-04 0.1195751699634D-04
 0.1269568615650D-04 0.1347938494496D-04 0.1431141787193D-04 0.1519476184841D-04
 0.1613257675148D-04 0.1712821663356D-04 0.1818524161524D-04 0.1930743050238D-04
 0.2049879417248D-04 0.2176358977523D-04 0.2310633579766D-04 0.2453182804503D-04
 0.2604515659386D-04 0.2765172377430D-04 0.2935726324506D-04 0.3116786022501D-04
 0.3308997295316D-04 0.3513045544825D-04 0.3729658164801D-04 0.3959607100891D-04
 0.4203711565569D-04 0.4462840917128D-04 0.4737917712704D-04 0.5029920945500D-04
 0.5339889477438D-04 0.5668925678581D-04 0.6018199285907D-04 0.6388951494137D-04
 0.6782499292736D-04 0.7200240063267D-04 0.7643656452881D-04 0.8114321539819D-04
 0.8613904308622D-04 0.9144175452746D-04 0.9707013524351D-04 0.1030441145103D-03
 0.1093848344170D-03 0.1161147230344D-03 0.1232575719446D-03 0.1308386183735D-03
 0.1388846322010D-03 0.1474240081321D-03 0.1564868633223D-03 0.1661051407766D-03
 0.1763127188543D-03 0.1871455272278D-03 0.1986416696668D-03 0.2108415540396D-03
 0.2237880299418D-03 0.2375265343832D-03 0.2521052459968D-03 0.2675752482421D-03
 0.2839907021202D-03 0.3014090289244D-03 0.3198911035972D-03 0.3395014592797D-03
 0.3603085036755D-03 0.3823847478901D-03 0.4058070484224D-03 0.4306568630434D-03
 0.4570205213076D-03 0.4849895105174D-03 0.5146607779384D-03 0.5461370501941D-03
 0.5795271707099D-03 0.6149464562170D-03 0.6525170732821D-03 0.6923684359739D-03
 0.7346376257083D-03 0.7794698345136D-03 0.8270188328268D-03 0.8774474632014D-03
 0.9309281611168D-03 0.9876435044189D-03 0.1047786792641D-02 0.1111562657933D-02
 0.1179187708884D-02 0.1250891209138D-02 0.1326915792217D-02 0.1407518214563D-02
 0.1492970148289D-02 0.1583559015926D-02 0.1679588868600D-02 0.1781381310174D-02
 0.1889276468879D-02 0.2003634019173D-02 0.2124834255221D-02 0.2253279219254D-02
 0.2389393885875D-02 0.2533627406127D-02 0.2686454412000D-02 0.2848376385786D-02
 0.3019923094565D-02 0.3201654094790D-02 0.3394160306716D-02 0.3598065664347D-02
 0.3814028840006D-02 0.4042745049846D-02 0.4284947938566D-02 0.4541411550728D-02
 0.4812952385389D-02 0.5100431542916D-02 0.5404756958955D-02 0.5726885735810D-02
 0.6067826564077D-02 0.6428642246824D-02 0.6810452315951D-02 0.7214435755689D-02
 0.7641833819134D-02 0.8093952955692D-02 0.8572167830429D-02 0.9077924457529D-02
 0.9612743422261D-02 0.1017822321872D-01 0.1077604367002D-01 0.1140796946464D-01
 0.1207585376524D-01 0.1278164193236D-01 0.1352737530599D-01 0.1431519509817D-01
 0.1514734632512D-01 0.1602618184210D-01 0.1695416639185D-01 0.1793388074852D-01
 0.1896802583773D-01 0.2005942694121D-01 0.2121103783343D-01 0.2242594498565D-01
 0.2370737164630D-01 0.2505868197038D-01 0.2648338495228D-01 0.2798513838625D-01
 0.2956775254368D-01 0.3123519384992D-01 0.3299158817157D-01 0.3484122407670D-01
 0.3678855557050D-01 0.3883820477743D-01 0.4099496394280D-01 0.4326379734626D-01
 0.4564984234717D-01 0.4815841032005D-01 0.5079498649374D-01 0.5356522965485D-01
 0.5647497049867D-01 0.5953020983665D-01 0.6273711511937D-01 0.6610201685550D-01
 0.6963140296049D-01 0.7333191303918D-01 0.7721033018747D-01 0.8127357279421D-01
 0.8552868336045D-01 0.8998281749744D-01 0.9464322930646D-01 0.9951725720973D-01
 0.1046123054855D+00 0.1099358265900D+00 0.1154952983659D+00 0.1212982026357D+00
 0.1273519976898D+00 0.1336640928685D+00 0.1402418160266D+00 0.1470923841030D+00
 0.1542228651877D+00 0.1616401451692D+00 0.1693508844184D+00 0.1773614807501D+00
 0.1856780206628D+00 0.1943062394124D+00 0.2032514670822D+00 0.2125185865059D+00
 0.2221119748377D+00 0.2320354608664D+00 0.2422922625569D+00 0.2528849455583D+00
 0.2638153581276D+00 0.2750845928151D+00 0.2866929196853D+00 0.2986397543740D+00
 0.3109235909401D+00 0.3235419786789D+00 0.3364914563900D+00 0.3497675419910D+00
 0.3633646686969D+00 0.3772761915984D+00 0.3914943287571D+00 0.4060101895766D+00
 0.4208137229880D+00 0.4358937773227D+00 0.4512380613261D+00 0.4668332464606D+00
 0.4826649524286D+00 0.4987179104142D+00 0.5149759868029D+00 0.5314224347120D+00
 0.5480399718994D+00 0.5648111458043D+00 0.5817184817417D+00 0.5987449740494D+00
 0.6158742978630D+00 0.6330914207150D+00 0.6503828326129D+00 0.6677372370749D+00
 0.6851457354471D+00 0.7026025480123D+00 0.7201051096005D+00 0.7376548587564D+00
 0.7552573232086D+00 0.7729231933594D+00 0.7906686911242D+00 0.8085173163027D+00
 0.8265008523990D+00 0.8446620828788D+00 0.8630564185894D+00
  491
 0.6965732881452D+03 0.0000000000000D+00 0.7614079420857D+04-0.4214793488289D-55
 0.3516596470276D+04 0.0000000000000D+00 0.1293865221202D+05-0.6206745824252D-27
 0.5976857701917D+04-0.7762486487861D-26 0.1101258037180D+05 0.8907375881034D-25
 0.3387429114442D+04-0.8360578072011D-56 0.1872120119876D+05 0.5062069732703D-25
 0.2158058972881D+04-0.7116447380395D-26 0.7945901033059D+04-0.9327840521978D-25
 0.3973373172452D+04 0.1637378474540D-55 0.7320892612394D+04-0.3677769709019D-55
 0.6734569119530D+04-0.9377816680705D-25 0.6198098527045D+04-0.2114635450450D-25
 0.1139260838749D+05 0.0000000000000D+00 0.5696129723317D+04 0.4010980729699D-25
 0.9615606369057D+04 0.6780439089317D-25 0.2207514436092D+04-0.2659734998717D-56
 0.4048808527965D+04-0.9327248241579D-26 0.4048450819572D+04 0.4590915660128D-56
 0.3712985134843D+04-0.1506898239470D-55 0.9280136897495D+03 0.0000000000000D+00
 0.6800340569650D+04-0.1038895267182D-24 0.3399378796483D+04-0.3035159646947D-26
 0.3113085436133D+04-0.7020413891397D-27 0.5694555145163D+04-0.4026325531679D-56
 0.2602916723034D+04 0.0000000000000D+00 0.4752608953531D+04 0.1878407703426D-25
 0.7232842708819D+03-0.4449938141050D-26 0.3954499988269D+04-0.8416440778255D-25
 0.9884332779096D+03-0.7391208477724D-56 0.1975760338235D+04-0.3695604239765D-56
 0.1800681309153D+04 0.0000000000000D+00 0.1637812196571D+04-0.1533270977273D-32
 0.1638033298311D+04-0.1946594660396D-37 0.3273820728268D+04-0.1712849149847D-25
 0.2977681052855D+04 0.2914892572279D-26 0.1350189208315D+04 0.4409857752145D-26
 0.2216433655637D+04 0.6199575439270D-25 0.2217327404616D+04 0.6072416937678D-25
 0.2503413804235D+03 0.0000000000000D+00 0.9053805960312D+03-0.9398816311411D-25
 0.1808735752207D+04-0.3399866277378D-27 0.9035319518705D+03 0.2368770888579D-56
 0.8161252546826D+03-0.5246648111363D-56 0.8145892062483D+03 0.1748882704196D-56
 0.1467720651252D+04-0.6198014328421D-25 0.6580336314165D+03-0.6129983362267D-26
 0.3294354717348D+03 0.6355921481449D-26 0.1180348346119D+04-0.4302687039519D-57
 0.1178736751005D+04 0.4662089253352D-26 0.5899588843710D+03-0.9543397105791D-26
 0.5280577978241D+03 0.0000000000000D+00 0.9411643540456D+03 0.3837291030962D-25
 0.4182476874820D+03 0.7939502364487D-26 0.3708035052304D+03-0.7335202310608D-57
 0.3701596507284D+03 0.0000000000000D+00 0.6559287720771D+03-0.9603237619970D-56
 0.2896137883458D+03 0.3888083025551D-25 0.5779164469592D+03 0.1771778041223D-25
 0.5761874199889D+03-0.6974016284739D-26 0.2541498260863D+03 0.7539494873271D-27
 0.4432344782475D+03-0.1725696647488D-25 0.4419983845755D+03 0.2548438430441D-25
 0.2205199939822D+03-0.8687539149792D-26 0.3320602097587D+03-0.7695998146175D-25
 0.3303906010209D+03 0.3076773921582D-25 0.1421878574101D+03-0.9004438229900D-27
 0.2412713060343D+03 0.1233614362830D-26 0.2402930073826D+03-0.3758809961359D-25
 0.6030370634859D+02 0.0000000000000D+00 0.1014031517108D+03 0.2544198519592D-56
 0.2521409629281D+02 0.0000000000000D+00 0.8423120774348D+02 0.1073101139926D-25
 0.8350549909937D+02 0.5816443366494D-26 0.1376005698643D+03-0.8770958942148D-26
 0.6821817027885D+02 0.2159553231489D-26 0.1092814927460D+03 0.2588644834352D-25
 0.5458768506595D+02 0.2278797551165D-25 0.1442150014675D+02 0.1118445615178D-56
 0.4220672576251D+02-0.2236891230600D-56 0.6428758634092D+02 0.1324964009241D-25
 0.6298788768139D+02-0.1476271745113D-25 0.6245752766561D+02-0.7948206387328D-26
 0.1377693498032D+02-0.9166840794754D-57 0.1383397622764D+02 0.9075851403382D-27
 0.2703604779797D+02 0.4518824836021D-25 0.1269564137725D+02-0.1678641384313D-56
 0.5775596537747D+01-0.1678641384313D-56-0.8130658007480D+00 0.1743270306302D-25
-0.1227297627155D+01 0.3635364420188D-25-0.1277799112899D+02-0.7822536909464D-26
-0.2215505309007D+02 0.0000000000000D+00-0.2192474369044D+02 0.1949909534186D-25
-0.1132288321655D+02-0.2413532623877D-26-0.3777300537159D+02 0.9066379609928D-26
-0.3821296794680D+02-0.4669239798060D-25-0.3824583107210D+02-0.2902670643396D-26
-0.1092221084624D+02-0.1511131037705D-26-0.2446469763385D+02 0.3756284102427D-26
-0.2463861693409D+02 0.0000000000000D+00-0.2654730304281D+02 0.0000000000000D+00
-0.2636877855307D+02 0.0000000000000D+00-0.2777848450292D+02 0.0000000000000D+00
-0.5647721618369D+02-0.1071565356390D-25-0.5623860851148D+02 0.1130071340798D-27
-0.5664642404412D+02-0.6249811199060D-26-0.2907265730057D+02-0.1661007573922D-26
-0.2946771993935D+02 0.2671452519967D-26-0.6024982164744D+02 0.1831006978388D-26
-0.6107110421674D+02-0.1924318717774D-25-0.6212525098608D+02-0.2246549256055D-57
-0.6262894819740D+02 0.1079633032652D-37-0.3145348944318D+02 0.1343724639860D-26
-0.7887251624193D+01 0.3163189229220D-27-0.6307379258119D+02 0.8864792217044D-26
-0.6353296572897D+02-0.3373708309651D-25-0.6324670434728D+02-0.3619199529943D-25
-0.3175973945848D+02 0.8977482599440D-27-0.3161256520376D+02 0.3387595975897D-27
-0.3141769989860D+02-0.2690059516910D-56-0.3112813331908D+02-0.4298831448441D-38
-0.6248912486114D+02-0.2386889371177D-25-0.6234199759806D+02 0.1044218566769D-25
-0.6128924289569D+02 0.7789140645823D-26-0.3067864871173D+02 0.2821475335859D-27
-0.6014740104393D+02 0.2623332297309D-25-0.6032462093218D+02-0.5056989072846D-26
-0.5749015695725D+02 0.4097295981616D-37-0.5763741535154D+02 0.1889214263124D-25
-0.2797898814299D+02-0.1516734407716D-27-0.2692918876325D+02-0.5480335167741D-57
-0.5434754438480D+02-0.1481047620601D-26-0.2717720406330D+02 0.4580085350341D-26
-0.1355200483532D+02 0.0000000000000D+00-0.2605386075214D+02-0.1120043231850D-56
-0.5253935431320D+02-0.2240086463475D-56-0.2621489659618D+02-0.1120043231850D-56
-0.5040286816647D+02 0.9260524364087D-27-0.5074432060746D+02 0.7749921472311D-27
-0.2530517902355D+02 0.6354024384565D-26-0.4873575145676D+02 0.6966440539262D-26
-0.4672335859949D+02-0.2633807756598D-25-0.4700342480474D+02-0.8052994697410D-26
-0.2348346156195D+02 0.3722637764690D-25-0.2332308677329D+02-0.1551157490500D-27
-0.2242414573957D+02 0.3406245750610D-56-0.4300258448156D+02 0.1846187669796D-25
-0.4314733376969D+02 0.7355828975840D-26-0.4293651499484D+02 0.9028647524603D-26
-0.2063503663989D+02-0.3407168078776D-26-0.1961804982225D+02 0.2186631767134D-25
-0.3942026772205D+02 0.1495919922102D-25-0.1961531204284D+02-0.9088682652164D-27
-0.3738345561812D+02 0.5205694105767D-56-0.1875583553726D+02 0.2082277642462D-56
-0.3566048482227D+02 0.1187081648478D-25-0.3563489175371D+02-0.1547969142159D-32
-0.3561476731919D+02-0.1281987765480D-26-0.3391544317476D+02 0.1193696347752D-26
-0.3214398580999D+02-0.1831384567706D-56-0.3214967504473D+02 0.1296533013031D-25
-0.3212366826309D+02-0.1562997935131D-25-0.2877913872431D+02 0.6239821686079D-26
-0.4503664851048D+01 0.3786354994981D-57-0.2554265949446D+02-0.3496287116296D-57
-0.1286897278147D+02-0.2729971652270D-26-0.2568993415023D+02-0.6638901303364D-26
-0.2571746390972D+02-0.1105186636522D-25-0.2572452358308D+02-0.2853395819709D-26
-0.1285126233780D+02 0.0000000000000D+00-0.2423559518056D+02 0.6713356437171D-56
-0.2991643343356D+01 0.0000000000000D+00-0.1134878794070D+02-0.1260819283065D-25
-0.1134563195393D+02-0.4143217951206D-26-0.2282136224659D+02-0.1080531157576D-25
-0.1128840388580D+02-0.1103528614714D-26-0.2133281506830D+02 0.3899635496313D-27
-0.5347595720428D+01 0.9770481145272D-27-0.1061629028129D+02-0.7621079245745D-28
-0.2015566790293D+02-0.2753325924916D-25-0.1005769498760D+02 0.4656408887135D-26
-0.9422559996130D+01 0.1556622858643D-56-0.9371452554318D+01-0.1556622858643D-56
-0.1765722131868D+02 0.5127993998720D-26-0.1764315394214D+02-0.3901319645172D-26
-0.1768141582513D+02-0.3041545776273D-25-0.1771318871454D+02-0.3844687029536D-25
-0.1759040983749D+02 0.3098980025477D-26-0.8274727347529D+01-0.9285164382461D-26
-0.1545522619507D+02-0.1605085478843D-56-0.1551293113129D+02-0.2219174120492D-27
-0.1444994365409D+02 0.2787572501337D-57-0.7194022179232D+01 0.0000000000000D+00
-0.1350989547533D+02 0.8916885644917D-26-0.6723427409321D+01 0.1050021525776D-26
-0.6277588977177D+01 0.2383279139403D-26-0.6265393061025D+01 0.1135543715217D-26
-0.1252304349932D+02 0.4077907257764D-26-0.1169645672528D+02-0.7162484028561D-58
-0.1167977344635D+02-0.1924024767525D-26-0.5852527075685D+01-0.6576573232782D-27
-0.1011122343122D+02-0.4279015594175D-26-0.1008081377111D+02-0.2404529600305D-25
-0.1008345136713D+02 0.4667177579235D-26-0.9359932287187D+01 0.7330055968464D-27
-0.4310615099656D+01 0.0000000000000D+00-0.8674134095085D+01-0.3913118031506D-25
-0.4266685773818D+01-0.9658686285086D-27-0.3989365390988D+01 0.2864159637260D-57
-0.4016057018277D+01 0.1145663854549D-56-0.7389527650503D+01 0.1916101899817D-26
-0.7444543750033D+01-0.7201282525683D-26-0.7420992447711D+01-0.2723553522407D-26
-0.7434995101082D+01 0.9667573571134D-26-0.7325408554519D+01-0.2105810881310D-26
-0.3427750243196D+01 0.2089879453191D-27-0.6305814016832D+01 0.6212769521933D-26
-0.6343433796088D+01-0.4560293445473D-26-0.6330418891434D+01-0.8103773667904D-57
-0.6335415967177D+01 0.9096814120407D-26-0.3129130603664D+01 0.8832809895167D-27
-0.2903806268701D+01-0.4389321076546D-57-0.5835190015237D+01-0.2633592646684D-56
-0.5355236380036D+01 0.8327673234623D-26-0.5323050828993D+01 0.2651494438464D-26
-0.2264815861571D+01 0.2300307659855D-26-0.4543999143148D+01-0.2609928411150D-56
-0.1131644791536D+01 0.4175885458062D-56-0.4504181225481D+01 0.5114136971268D-26
-0.4152895627481D+01 0.2174256305187D-56-0.2075486660646D+01-0.1087128152815D-56
-0.3808783038982D+01 0.1117152022983D-25-0.1913177315473D+01 0.1396687082516D-26
-0.1904531612603D+01 0.6831251179935D-26-0.3819974858036D+01 0.2963116732543D-26
-0.3498759056173D+01-0.3256007877512D-26-0.3484862002810D+01 0.6270468079883D-26
-0.3191356220688D+01-0.9676696756004D-26-0.3182553999241D+01-0.1545902434764D-27
-0.1596128564421D+01-0.7041901024625D-26-0.1589827301721D+01-0.1783689436547D-27
-0.2663090857620D+01-0.8369188679814D-26-0.2667565646876D+01 0.1412467979540D-25
-0.2661429291121D+01-0.7003854745251D-26-0.2653896818972D+01-0.4434477149835D-26
-0.2939968312362D+00 0.5143395978340D-28-0.2208422572068D+01-0.1891280204542D-27
-0.1102027968622D+01 0.3618242335911D-25-0.1073630762136D+01-0.2178602786298D-27
-0.2001665853035D+01-0.4883255483181D-56-0.1002117094404D+01-0.3662441613176D-56
-0.9764191124192D+00-0.1220813870707D-56-0.9032770256171D+00 0.3032523982177D-57
-0.1817996206665D+01-0.3584421202305D-26-0.8184452421940D+00 0.4491797557299D-27
-0.1650706497089D+01-0.1227600395611D-27-0.8064349177723D+00 0.2073980538259D-27
-0.1484861325161D+01 0.3084395845639D-26-0.1495350981760D+01-0.2366087797603D-56
-0.1495860476957D+01-0.2604114551351D-26-0.1489307595721D+01 0.5915219494359D-57
-0.1464453135614D+01 0.2957352086481D-27-0.6765113508475D+00 0.5806616779229D-57
-0.1214043126175D+01-0.6812524278006D-56-0.1223397176145D+01-0.8243211385565D-27
-0.1221594607207D+01 0.1593678151920D-26-0.1217371369069D+01-0.3016802922382D-25
-0.5466985800521D+00-0.1043875775892D-26-0.5405699201952D+00 0.1757316455668D-26
-0.9866085347771D+00 0.8596574707177D-26-0.9890115471569D+00-0.6366770533607D-27
-0.4884246405240D+00 0.1058623968879D-26-0.4953130731635D+00-0.2144086916439D-56
-0.8915593318847D+00-0.4140280963522D-56-0.8779073246039D+00-0.3105210722207D-56
-0.3987129898066D+00-0.3140682078757D-26-0.7991910586830D+00-0.9876747722709D-26
-0.8007771876494D+00-0.3437426676720D-26-0.7993562231583D+00 0.7336563245982D-26
-0.7139090096027D+00-0.1524964814732D-26-0.6400498959364D+00-0.7980347902407D-27
-0.6350937888646D+00 0.2290343041577D-26-0.5106201117482D+00 0.1562435693390D-26
-0.5132719630745D+00 0.2028973760888D-26-0.5119778840262D+00-0.7855584502156D-26
-0.2259506076091D+00 0.5615593270734D-27-0.1129134369075D+00 0.0000000000000D+00
-0.4042489245112D+00 0.6232268112662D-26-0.4062211837240D+00-0.3453023661249D-26
-0.4026007053359D+00 0.0000000000000D+00-0.4050167620085D+00 0.0000000000000D+00
-0.2012354939784D+00 0.0000000000000D+00-0.1921326019734D+00-0.4629391287356D-27
-0.1783519129468D+00 0.0000000000000D+00-0.1780569153314D+00 0.0000000000000D+00
-0.1589271006547D+00-0.8010776910685D-36-0.3176952408081D+00 0.0000000000000D+00
-0.3166344517814D+00-0.1399442391070D-25-0.3032836181868D+00 0.2666172801331D-27
-0.2803609485229D+00-0.6132321242907D-27-0.2791988522068D+00 0.5286664232942D-26
-0.1396148456616D+00-0.5976345900223D-27-0.2483070336559D+00-0.1399550313557D-25
-0.1186097531636D+00 0.1108075245396D-28-0.3580616172783D-01 0.0000000000000D+00
-0.2167852010473D+00 0.0000000000000D+00-0.1889806052655D+00-0.1465776542709D-26
-0.1911598954869D+00-0.2251289258068D-33-0.1838028800739D+00-0.1643384904945D-26
-0.8322338590299D-01 0.1296793385050D-26-0.7214189874996D-01-0.3283346392863D-26
-0.7223788641584D-01 0.0000000000000D+00-0.1455947636818D+00-0.3727445647575D-26
-0.7298183067598D-01 0.1309790441266D-26-0.1454489582156D+00 0.0000000000000D+00
-0.7279545793555D-01 0.0000000000000D+00-0.1407155863639D+00-0.8351624920939D-27
-0.1252973675462D+00 0.0000000000000D+00-0.1266513532262D+00 0.0000000000000D+00
-0.1101972819946D+00-0.2450209414186D-26-0.1099274316665D+00-0.1344358980247D-26
-0.9459381476736D-01-0.2789850876812D-27-0.8077592467622D-01 0.4407972266656D-26
-0.8103148059763D-01-0.7986091028194D-27-0.8183951169800D-01 0.7081932978914D-27
-0.8172894862880D-01-0.1354069716680D-25-0.8067826876818D-01 0.0000000000000D+00
-0.7929007736335D-01 0.4856911377894D-27-0.3957163025994D-01-0.1167822245416D-26
-0.5897659729198D-01-0.5667345699859D-27-0.5886309251224D-01-0.2046031564708D-25
-0.5785678074359D-01-0.1186493663615D-27-0.2500842186866D-01 0.0000000000000D+00
-0.4238240724433D-01 0.1062335107975D-26-0.4197824829056D-01-0.2290353707893D-25
-0.1736131707884D-01 0.0000000000000D+00-0.1747801139884D-01 0.0000000000000D+00
-0.3512252782203D-01 0.0000000000000D+00-0.3867096106510D-02 0.0000000000000D+00
-0.2879544202147D-01-0.1496775291009D-26-0.2893624096192D-01-0.6181876781711D-26
-0.2889926349309D-01-0.3537576104621D-26-0.2885485126126D-01 0.1412830031537D-27
-0.2831870484540D-01 0.2187785540853D-26-0.1279808137944D-01-0.3733633135199D-27
-0.1186700880289D-01-0.1299379115416D-26-0.1037035358955D-01 0.5550107818932D-27
-0.1917412885678D-01 0.2550691265381D-26-0.1865816901669D-01-0.1535415303801D-26
-0.1482746606447D-01 0.0000000000000D+00-0.6495492250552D-02 0.0000000000000D+00
-0.1149596443915D-01 0.6354752884721D-26-0.1127251351214D-01-0.1457591877716D-26
-0.9924015439310D-02-0.2204051936525D-28-0.8560657550688D-02-0.1036083518716D-26
-0.5912801434948D-02-0.4951628952309D-26-0.5953637528348D-02-0.1445239228956D-26
-0.5938808560464D-02 0.0000000000000D+00-0.1416176352582D-02 0.0000000000000D+00
-0.2874027335002D-02 0.0000000000000D+00-0.1744652704193D-02 0.0000000000000D+00
-0.1451514253407D-02 0.0000000000000D+00-0.8329326865725D-03 0.1709039606328D-27
-0.1945407683115D-02-0.1628992986865D-26-0.1946322329609D-02-0.1019531065759D-26
-0.8920770807336D-03-0.2387899335734D-33-0.1855445121423D-02-0.1380221348659D-25
-0.6448229459645D-03-0.5882418294349D-28-0.5575882880513D-04-0.8325537017951D-27
-0.2430487282898D-03 0.5859864939514D-26 0.1436818750405D-03-0.2952984653001D-27
 0.1096904314123D-02 0.0000000000000D+00 0.8248367929272D-03-0.1456240229890D-25
 0.4920177899140D-03 0.1770396206035D-25 0.2945700365015D-02-0.1679655051999D-26
 0.2746364205169D-02-0.1828230001838D-26 0.2773828902463D-02-0.5324515664726D-26
 0.2814974778948D-02 0.9767944650063D-27 0.3015285384769D-02-0.9943564239739D-27
 0.1790286525121D-02-0.1633663757120D-27 0.4068442106219D-02-0.1755822595837D-26
 0.1975369542626D-02-0.2989540298768D-27 0.1986752047954D-02-0.7759575274892D-26
 0.3951738373197D-02-0.7605358038251D-27 0.4003127407639D-02 0.0000000000000D+00
 0.4344999767154D-02 0.0000000000000D+00 0.4368043342568D-02 0.0000000000000D+00
 0.2227118430700D-02 0.0000000000000D+00 0.2201430915185D-02 0.0000000000000D+00
 0.2350764727901D-02 0.3595578348981D-27 0.4689636745887D-02-0.1280007537098D-26
 0.4855373262391D-02-0.2220671689228D-26 0.4810407507655D-02-0.5234651341437D-26
 0.2426697261088D-02-0.3351532363153D-29 0.4908336952513D-02-0.2473318609866D-35
 0.4859796123042D-02-0.5340498706098D-27 0.4868502264765D-02 0.2034039825470D-35
 0.4873980947774D-02-0.3879350400728D-26 0.2527479451765D-02 0.2746719437830D-27
 0.4913735298091D-02 0.2602367862340D-36 0.4849073632901D-02-0.2216842849285D-26
 0.4852535249857D-02 0.4228978713851D-26 0.4914710112775D-02 0.3232700611142D-28
 0.4573303213785D-02-0.2911330436057D-26 0.4575237405009D-02 0.1603179883191D-25
 0.2288888657171D-02 0.3146452178691D-33 0.2298224749080D-02-0.8901965506263D-28
 0.4364911261631D-02 0.9145076887981D-34 0.4139302754944D-02-0.1119700382226D-26
 0.2070556876934D-02 0.1882138447357D-26 0.4138825484100D-02 0.2151643575458D-26
 0.4139114293167D-02-0.4782535080577D-27 0.2069230102932D-02-0.9776584978768D-27
 0.4139897172886D-02 0.1739802613263D-26 0.4139452352310D-02 0.1273727972140D-26
 0.4146117919508D-02 0.6289434686382D-27 0.3880766847281D-02 0.1229738856054D-26
 0.3879724031173D-02 0.1936752115062D-26 0.3598567205010D-02-0.3343965013619D-26
 0.3597938305338D-02 0.7298994312134D-26 0.3598515908999D-02 0.1449654329943D-25
 0.3598853986857D-02 0.2076235215278D-26 0.2984038862720D-02 0.7365404159588D-26
 0.2984039043248D-02-0.1264348298675D-26 0.1329562078276D-02 0.3964730432984D-27
 0.1162758979421D-02 0.1065442418532D-26 0.2325517941665D-02 0.2429386772136D-26
 0.2325518038883D-02-0.3060300295942D-27 0.2325517773298D-02 0.3805239062486D-26
 0.2325518265832D-02 0.3572390333807D-26 0.1162759135536D-02-0.1600929025224D-27
 0.9927171558223D-03-0.4713366637017D-28 0.9927172722984D-03-0.3662021657609D-26
 0.1641054133236D-02 0.5079466618016D-26 0.1641053855458D-02-0.2088825010039D-25
 0.1641054166810D-02-0.2933067169691D-26 0.1641054421943D-02 0.1448172424239D-27
 0.1294512999069D-02 0.7862419873991D-27 0.1294513238121D-02 0.2446884419668D-26
 0.3236281498232D-03 0.1464211398810D-26 0.9478917822842D-03-0.2900455793213D-26
 0.9478916217713D-03-0.1295575701708D-25 0.4739459032349D-03-0.1735849126085D-26
 0.3016023002819D-03 0.2027237185713D-27 0.3016024531546D-03 0.5633170369771D-27
 0.3016021940151D-03 0.1488690807045D-25 0.2623918542486D-03-0.2022092064213D-26
 0.2623920829779D-03 0.1508417086751D-26 0.2623918589582D-03-0.5480559627493D-26
 0.2623917956861D-03-0.1170812131489D-25 0.2623921417183D-03 0.1470504040519D-26
-0.3634528028099D-04-0.9351510847105D-26-0.9086206473249D-05-0.1689223730567D-27
-0.2001377669068D-03 0.2383229862897D-26-0.4002754997969D-03-0.5199783843571D-26
-0.4002758173374D-03 0.6437344582289D-26-0.4002754262088D-03 0.2709510670581D-27
-0.2001375709857D-03 0.7975180585178D-27-0.7185039890809D-03-0.1038106890500D-26
-0.7185038768954D-03-0.6293102833129D-26-0.7185043351612D-03 0.1497379690426D-25
-0.3592517727398D-03-0.7116266067790D-27-0.1026189406938D-02 0.4297078410241D-27
-0.1026189378483D-02-0.3996939239448D-26-0.1026189265807D-02-0.7298244973959D-26
-0.1026189313430D-02 0.6808704382117D-27-0.6608456870281D-03 0.3673101306887D-26
-0.6608453790681D-03 0.2721938346541D-27-0.1603666404834D-02 0.3524788051208D-26
-0.1603666683650D-02-0.2610526220729D-26-0.8018334130738D-03-0.4405276412425D-26
-0.8018330852243D-03-0.1228689720543D-26-0.1603666007324D-02 0.1667008068116D-26
-0.2088623308582D-02 0.1500199991299D-26-0.2088623328236D-02-0.6877161726738D-26
-0.2088623268231D-02 0.6139541080032D-27-0.2088623205980D-02-0.1701541930869D-25
-0.2088623207874D-02 0.2246694367668D-26-0.2321850876817D-02-0.5093645502390D-26
-0.1160925136640D-02 0.1265310701804D-26-0.1268795241178D-02-0.3251209423291D-27
-0.2537590589553D-02-0.2507080720701D-26-0.1268795139690D-02-0.1006511658445D-26
-0.2735102186054D-02 0.5141383607222D-27-0.2735101953375D-02 0.7567557232213D-27
-0.1456882950912D-02-0.1954680101510D-26-0.2913765740800D-02-0.2836737749652D-27
-0.2913766536336D-02-0.1167930174831D-25-0.3073082522624D-02-0.5471167358096D-26
-0.1536541292733D-02-0.5659083129829D-27
    1
    1    1  120    3
-0.1875627860863D-04-0.2135166850143D-04-0.2427421103279D-04-0.2755926680315D-04
-0.3124486143211D-04-0.3537185800430D-04-0.3998372078725D-04-0.4512670034549D-04
-0.5084931577547D-04-0.5720254006260D-04-0.6423905434269D-04-0.7201320461775D-04
-0.8058004103559D-04-0.8999513904542D-04-0.1003131113386D-03-0.1115874377720D-03
-0.1238683492788D-03-0.1372024502792D-03-0.1516302118321D-03-0.1671852367279D-03
-0.1838911377809D-03-0.2017608186162D-03-0.2207924547546D-03-0.2409689095829D-03
-0.2622530768388D-03-0.2845872788782D-03-0.3078881617622D-03-0.3320465532491D-03
-0.3569218193063D-03-0.3823426181615D-03-0.4081011452540D-03-0.4339551006055D-03
-0.4596222765247D-03-0.4847843525558D-03-0.5090822821728D-03-0.5321226010636D-03
-0.5534741287108D-03-0.5726775274975D-03-0.5892438396484D-03-0.6026680659779D-03
-0.6124296900695D-03-0.6180111592341D-03-0.6189004660741D-03-0.6146147872287D-03
-0.6047051579768D-03-0.5887847197569D-03-0.5665355215184D-03-0.5377399243355D-03
-0.5022888158497D-03-0.4602144943659D-03-0.4116984566851D-03-0.3571035974009D-03
-0.2969789223922D-03-0.2320885638695D-03-0.1634100655902D-03-0.9215721444226D-04
-0.1976861901960D-04 0.5207918522106D-04 0.1214957928950D-03 0.1863770152671D-03
 0.2444436231744D-03 0.2932582035956D-03 0.3302790907113D-03 0.3528958995103D-03
 0.3584987737432D-03 0.3445311483927D-03 0.3085729455762D-03 0.2484070547587D-03
 0.1621110017353D-03 0.4813134180842D-04-0.9462451825234D-04-0.2667150431729D-03
-0.4680838880534D-03-0.6979971480794D-03-0.9549875312538D-03-0.1236811135011D-02
-0.1540428624316D-02-0.1861988376800D-02-0.2196854257598D-02-0.2539621750025D-02
-0.2884192822607D-02-0.3223833144501D-02-0.3551287917353D-02-0.3858881698760D-02
-0.4138670442931D-02-0.4382569285073D-02-0.4582526650914D-02-0.4730676786380D-02
-0.4819497897354D-02-0.4841971605210D-02-0.4791719525980D-02-0.4663138298671D-02
-0.4451496576782D-02-0.4153023285543D-02-0.3764946687251D-02-0.3285498418745D-02
-0.2713862185778D-02-0.2050061945090D-02-0.1294787892676D-02-0.4491300700578D-03
 0.4857149473053D-03 0.1508786997278D-02 0.2619710095950D-02 0.3818960782529D-02
 0.5108107953691D-02 0.6489905667004D-02 0.7968429430904D-02 0.9549188393382D-02
 0.1123955085697D-01 0.1304938767816D-01 0.1499223093505D-01 0.1708648386308D-01
 0.1935677192134D-01 0.2183454734802D-01 0.2455827885214D-01 0.2757288669561D-01
 0.3092990252713D-01 0.3468894911514D-01 0.3892205786919D-01 0.4371982072029D-01
 0.1928513647431D-09 0.2365562332683D-09 0.2899668421251D-09 0.3551824163961D-09
 0.4347434067629D-09 0.5317162467049D-09 0.6498026525953D-09 0.7934592009741D-09
 0.9680517945821D-09 0.1180022734077D-08 0.1437107436292D-08 0.1748566372249D-08
 0.2125486263055D-08 0.2581099159127D-08 0.3131198343396D-08 0.3794572097374D-08
 0.4593573487030D-08 0.5554704981816D-08 0.6709389469925D-08 0.8094750880493D-08
 0.9754649080719D-08 0.1174070588280D-07 0.1411368206344D-07 0.1694481096560D-07
 0.2031760384186D-07 0.2432956215448D-07 0.2909452301081D-07 0.3474481295178D-07
 0.4143426141561D-07 0.4934087185714D-07 0.5867062731901D-07 0.6966074329678D-07
 0.8258442381758D-07 0.9775471035935D-07 0.1155303460771D-06 0.1363202279661D-06
 0.1605904878118D-06 0.1888694853309D-06 0.2217562502428D-06 0.2599257941136D-06
 0.3041390121259D-06 0.3552480414665D-06 0.4142075739332D-06 0.4820798157933D-06
 0.5600472249912D-06 0.6494162827016D-06 0.7516315799067D-06 0.8682775401866D-06
 0.1001093503541D-05 0.1151972137528D-05 0.1322975506005D-05 0.1516328259721D-05
 0.1734434137079D-05 0.1979862352506D-05 0.2255363587222D-05 0.2563846873902D-05
 0.2908395100751D-05 0.3292228527252D-05 0.3718719533783D-05 0.4191339296897D-05
 0.4713670675888D-05 0.5289335275260D-05 0.5922003860313D-05 0.6615299266363D-05
 0.7372806731794D-05 0.8197948963985D-05 0.9093997168652D-05 0.1006391790064D-04
 0.1111038976521D-04 0.1223561933307D-04 0.1344135828656D-04 0.1472872345139D-04
 0.1609819744621D-04 0.1754945499471D-04 0.1908138771118D-04 0.2069193934300D-04
 0.2237819505001D-04 0.2413627694244D-04 0.2596156208881D-04 0.2784875329408D-04
 0.2979233218169D-04 0.3178703153375D-04 0.3382868313146D-04 0.3591539707588D-04
 0.3804903478418D-04 0.4023735931139D-04 0.4249635631109D-04 0.4485346707128D-04
 0.4735078058490D-04 0.5004893815838D-04 0.5303088232163D-04 0.5640577077832D-04
 0.6031203301519D-04 0.6492132027795D-04 0.7043973247505D-04 0.7711420086538D-04
 0.8523410387419D-04 0.9514445194670D-04 0.1072603613588D-03 0.1220967905181D-03
 0.1403070812840D-03 0.1627425216396D-03 0.1905181676069D-03 0.2250895362958D-03
 0.2683263996763D-03 0.3225575555034D-03 0.3906026828020D-03 0.4757549079378D-03
 0.5817648393464D-03 0.7128625301830D-03 0.8738389201723D-03 0.1070345486923D-02
 0.1309259377082D-02 0.1599308806881D-02 0.1951520278934D-02 0.2379712400079D-02
 0.2900689503292D-02 0.3534803880840D-02 0.4307347881665D-02 0.5251863511651D-02
-0.1104185732615D-13-0.1429290340455D-13-0.1848236073026D-13-0.2387422176130D-13
-0.3080415571904D-13-0.3969825862723D-13-0.5109594282923D-13-0.6567875172906D-13
-0.8430514443083D-13-0.1080539818478D-12-0.1382762606303D-12-0.1766592262152D-12
-0.2253012267264D-12-0.2868033594104D-12-0.3643738175921D-12-0.4619534092634D-12
-0.5843531496955D-12-0.7374154608456D-12-0.9281797988552D-12-0.1165067309435D-11
-0.1458046819395D-11-0.1818797942284D-11-0.2260798886506D-11-0.2799352668696D-11
-0.3451414096325D-11-0.4235220450890D-11-0.5169471480402D-11-0.6272027706733D-11
-0.7557670340846D-11-0.9034812317774D-11-0.1070034637074D-10-0.1253236293081D-10
-0.1447931029994D-10-0.1644500861928D-10-0.1826706058487D-10-0.1968748317379D-10
-0.2031134036285D-10-0.1955118498937D-10-0.1655015960440D-10-0.1007977176337D-10
 0.1599546873746D-11 0.2092209358853D-10 0.5126435207432D-10 0.9726806774856D-10
 0.1652705119018D-09 0.2638617337643D-09 0.4046182962137D-09 0.6030454200135D-09
 0.8798040489041D-09 0.1262271519470D-08 0.1786551090381D-08 0.2500000997234D-08
 0.3464450254870D-08 0.4760196292014D-08 0.6491017448475D-08 0.8790310192218D-08
 0.1182865716290D-07 0.1582292222415D-07 0.2104722993959D-07 0.2784584115095D-07
 0.3664827062341D-07 0.4798640943212D-07 0.6251384107359D-07 0.8102657774720D-07
 0.1044849618953D-06 0.1340349449471D-06 0.1710276365029D-06 0.2170336093940D-06
 0.2738493931670D-06 0.3434903563361D-06 0.4281673695268D-06 0.5302311737082D-06
 0.6520956367155D-06 0.7961043366994D-06 0.9643690334573D-06 0.1158534864604D-05
 0.1379522759131D-05 0.1627201617561D-05 0.1900085057540D-05 0.2195007095653D-05
 0.2506960813420D-05 0.2829033334648D-05 0.3152792353289D-05 0.3468961111841D-05
 0.3768980266119D-05 0.4047075300739D-05 0.4303641274011D-05 0.4549123824880D-05
 0.4809266448852D-05 0.5130198810430D-05 0.5583872827158D-05 0.6271436429646D-05
 0.7324846417319D-05 0.8902744628820D-05 0.1118311533225D-04 0.1434575758503D-04
 0.1855493093339D-04 0.2393297215597D-04 0.3054266453721D-04 0.3837514076443D-04
 0.4736464578472D-04 0.5742327575677D-04 0.6851723704696D-04 0.8075896916976D-04
 0.9450466968745D-04 0.1104308109884D-03 0.1295267670276D-03 0.1530138689109D-03
 0.1821749535151D-03 0.2181427450943D-03 0.2618950055291D-03 0.3143585961370D-03
 0.3771879097246D-03 0.4534959896127D-03 0.5491970307220D-03 0.6733316486994D-03
 0.8382548490518D-03 0.1057928667285D-02 0.1346294178694D-02 0.1715071044657D-02
    2    2  120    8
-0.5867840960716D-07-0.6607492411803D-07-0.7440228012159D-07-0.8377716023335D-07
-0.9433107388567D-07-0.1062116850118D-06-0.1195853813161D-06-0.1346389765673D-06
-0.1515829439345D-06-0.1706535358187D-06-0.1921169142592D-06-0.2162717909030D-06
-0.2434546078832D-06-0.2740429083565D-06-0.3084618723362D-06-0.3471884757860D-06
-0.3907598195538D-06-0.4397783379370D-06-0.4949221983855D-06-0.5569519470330D-06
-0.6267236070302D-06-0.7051968541503D-06-0.7934516821910D-06-0.8926986148705D-06
-0.1004299472795D-05-0.1129780375066D-05-0.1270857843526D-05-0.1429454740038D-05
-0.1607733418257D-05-0.1808115562344D-05-0.2033323403410D-05-0.2286404909628D-05
-0.2570785476830D-05-0.2890298664122D-05-0.3249251702894D-05-0.3652463589092D-05
-0.4105346313611D-05-0.4613953066678D-05-0.5185079840667D-05-0.5826323906419D-05
-0.6546212266299D-05-0.7354273744768D-05-0.8261197770317D-05-0.9278925236820D-05
-0.1042084650748D-04-0.1170191087620D-04-0.1313887590873D-04-0.1475044226890D-04
-0.1655756011217D-04-0.1858359806641D-04-0.2085472500346D-04-0.2340011090506D-04
-0.2625240648985D-04-0.2944798889555D-04-0.3302754842618D-04-0.3703639577896D-04
-0.4152518823603D-04-0.4655029334878D-04-0.5217469803087D-04-0.5846844740026D-04
-0.6550975482277D-04-0.7338554633410D-04-0.8219282976469D-04-0.9203932986746D-04
-0.1030451964133D-03-0.1153437672064D-03-0.1290836383027D-03-0.1444296042641D-03
-0.1615652072538D-03-0.1806938131169D-03-0.2020417734946D-03-0.2258597098916D-03
-0.2524263273402D-03-0.2820499671675D-03-0.3150732845202D-03-0.3518749925609D-03
-0.3928756134633D-03-0.4385395131043D-03-0.4893818035915D-03-0.5459707314229D-03
-0.6089360531014D-03-0.6789716195945D-03-0.7568455774775D-03-0.8434032075703D-03
-0.9395790454539D-03-0.1046400076060D-02-0.1165000222651D-02-0.1296623492834D-02
-0.1442641532769D-02-0.1604556735436D-02-0.1784022898773D-02-0.1982848628216D-02
-0.2203022068401D-02-0.2446713802533D-02-0.2716307245159D-02-0.3014401597715D-02
-0.3343848191544D-02-0.3707754555481D-02-0.4109529051597D-02-0.4552885033726D-02
-0.5041896837660D-02-0.5581004447982D-02-0.6175080758252D-02-0.6829437019365D-02
-0.7549902342457D-02-0.8342824505158D-02-0.9215162552772D-02-0.1017447848390D-01
-0.1122903919323D-01-0.1238779665266D-01-0.1366050487922D-01-0.1505769011753D-01
-0.1659080164575D-01-0.1827219339821D-01-0.2011534198218D-01-0.2213487360432D-01
-0.2434688912014D-01-0.2676905202018D-01-0.2942101776513D-01-0.3232454091324D-01
-0.8480888190131D-12-0.1017635600850D-11-0.1220747921016D-11-0.1464016443399D-11
-0.1755301511934D-11-0.2104004792153D-11-0.2521329312779D-11-0.3020663269505D-11
-0.3617951837757D-11-0.4332229239505D-11-0.5186152909705D-11-0.6206748980921D-11
-0.7426156024039D-11-0.8882662687839D-11-0.1062175645485D-10-0.1269758557235D-10
-0.1517437719459D-10-0.1812848916802D-10-0.2165040022466D-10-0.2584748416572D-10
-0.3084675152741D-10-0.3679870537928D-10-0.4388103800336D-10-0.5230386542935D-10
-0.6231465992026D-10-0.7420541007948D-10-0.8831921893534D-10-0.1050595165007D-09
-0.1248989916278D-09-0.1483916509084D-09-0.1761839701451D-09-0.2090307424600D-09
-0.2478084410080D-09-0.2935352735942D-09-0.3473869040535D-09-0.4107203731657D-09
-0.4850913214294D-09-0.5722808177843D-09-0.6743109013952D-09-0.7934728726123D-09
-0.9323339303300D-09-0.1093761599114D-08-0.1280910944598D-08-0.1497230884908D-08
-0.1746414352707D-08-0.2032364063935D-08-0.2359067608286D-08-0.2730485308165D-08
-0.3150293889340D-08-0.3621621527608D-08-0.4146565129953D-08-0.4725667297079D-08
-0.5357036541684D-08-0.6035385190079D-08-0.6750512035847D-08-0.7485598922838D-08
-0.8214655222272D-08-0.8899642201503D-08-0.9486266650754D-08-0.9899223417498D-08
-0.1003546944008D-07-0.9756542161496D-08-0.8877957017919D-08-0.7157162811081D-08
-0.4277150942202D-08 0.1721381609045D-09 0.6718545791545D-08 0.1603570472142D-07
 0.2897980265981D-07 0.4663068105255D-07 0.7034515314211D-07 0.1018160736637D-06
 0.1431477330186D-06 0.1969381912200D-06 0.2663832539369D-06 0.3553878016673D-06
 0.4687045028501D-06 0.6120792523242D-06 0.7924302258849D-06 0.1018029715900D-05
 0.1298726904374D-05 0.1646165620776D-05 0.2074050019225D-05 0.2598393786159D-05
 0.3237827291540D-05 0.4013871628108D-05 0.4951290735041D-05 0.6078397359917D-05
 0.7427474219480D-05 0.9035152211717D-05 0.1094298792998D-04 0.1319803438811D-04
 0.1585377136867D-04 0.1897113435105D-04 0.2262018105853D-04 0.2688204163665D-04
 0.3185192871908D-04 0.3764269876400D-04 0.4438998513831D-04 0.5225811778058D-04
 0.6144811032487D-04 0.7220637786302D-04 0.8483569899783D-04 0.9970625373109D-04
 0.1172685189137D-03 0.1380647001792D-03 0.1627412259642D-03 0.1920579563425D-03
 0.2268984064776D-03 0.2682763906562D-03 0.3173474609964D-03 0.3754211534501D-03
 0.4439888160953D-03 0.5247636669563D-03 0.6197537659959D-03 0.7313605049743D-03
 0.8625241455336D-03 0.1016893709798D-02 0.1199036823718D-02 0.1414643942105D-02
 0.3255931746678D-11 0.3901353842118D-11 0.4674003706571D-11 0.5598826496608D-11
 0.6705621124653D-11 0.8029991668255D-11 0.9614447271717D-11 0.1150976842894D-10
 0.1377652838466D-10 0.1648707332620D-10 0.1972765103775D-10 0.2360118152086D-10
 0.2823032463759D-10 0.3376133945542D-10 0.4036838600027D-10 0.4825900558607D-10
 0.5768012183166D-10 0.6892571887788D-10 0.8234523519303D-10 0.9835433804212D-10
 0.1174465156744D-09 0.1402081043063D-09 0.1673344005299D-09 0.1996504363101D-09
 0.2381330787072D-09 0.2839397541076D-09 0.3384386353054D-09 0.4032477678030D-09
 0.4802762597712D-09 0.5717771638628D-09 0.6804025643684D-09 0.8092748933099D-09
 0.9620597410544D-09 0.1143060166937D-08 0.1357311465919D-08 0.1610704455483D-08
 0.1910105792634D-08 0.2263515126740D-08 0.2680214140732D-08 0.3170960411491D-08
 0.3748163664546D-08 0.4426116433427D-08 0.5221187200368D-08 0.6152075918564D-08
 0.7239999038504D-08 0.8508944274997D-08 0.9985785990705D-08 0.1170048286909D-07
 0.1368602381569D-07 0.1597843544981D-07 0.1861638519645D-07 0.2164078358436D-07
 0.2509371894504D-07 0.2901728625554D-07 0.3345134194063D-07 0.3843092304446D-07
 0.4398196605846D-07 0.5011636274901D-07 0.5682429107596D-07 0.6406531477423D-07
 0.7175533154929D-07 0.7975134054309D-07 0.8782986816298D-07 0.9566199911562D-07
 0.1027788003932D-06 0.1085314096103D-06 0.1120373315977D-06 0.1121186196038D-06
 0.1072202211284D-06 0.9531712017389D-07 0.7379368354828D-07 0.3930780966418D-07
-0.1238239151999D-07-0.8661070513225D-07-0.1900445638622D-06-0.3309476858512D-06
-0.5195050380920D-06-0.7681679873685D-06-0.1092074673967D-05-0.1509481301705D-05
-0.2042281548934D-05-0.2716517166343D-05-0.3562984110621D-05-0.4617797432382D-05
-0.5923060164809D-05-0.7527438909535D-05-0.9486864245088D-05-0.1186508595850D-04
-0.1473439820227D-04-0.1817619405617D-04-0.2228182933383D-04-0.2715336053326D-04
-0.3290489659762D-04-0.3966403943375D-04-0.4757452729126D-04-0.5679940239057D-04
-0.6752635697919D-04-0.7997432390619D-04-0.9440352612397D-04-0.1111275644689D-03
-0.1305303368506D-03-0.1530852663801D-03-0.1793800368037D-03-0.2101425023416D-03
-0.2462711999689D-03-0.2888633398128D-03-0.3392445871190D-03-0.3989906831334D-03
-0.4699479284587D-03-0.5542414813973D-03-0.6542864398892D-03-0.7727924166647D-03
-0.9127911937410D-03-0.1077682708996D-02-0.1271345239291D-02-0.1498302512403D-02
-0.1764000070368D-02-0.2075154801780D-02-0.2440214023809D-02-0.2869829927812D-02
-0.4537154080773D-14-0.5764625910709D-14-0.7323944049253D-14-0.9304741926486D-14
-0.1182083244189D-13-0.1501672655153D-13-0.1907588901418D-13-0.2423123603173D-13
-0.3077843388503D-13-0.3909275631620D-13-0.4965048562651D-13-0.6305604947084D-13
-0.8007641868329D-13-0.1016846930338D-12-0.1291153040407D-12-0.1639341710775D-12
-0.2081271754136D-12-0.2642127167986D-12-0.3353838256751D-12-0.4256882661521D-12
-0.5402564647636D-12-0.6855901099988D-12-0.8699265342690D-12-0.1103700449958D-11
-0.1400126889624D-11-0.1775938078089D-11-0.2252314658080D-11-0.2856060821566D-11
-0.3621087655871D-11-0.4590284984543D-11-0.5817881936072D-11-0.7372420488304D-11
-0.9340501943634D-11-0.1183150433187D-10-0.1498351469979D-10-0.1897078946970D-10
-0.2401312570209D-10-0.3038762648640D-10-0.3844345740262D-10-0.4862033665029D-10
-0.6147169564357D-10-0.7769362696998D-10-0.9816107913664D-10-0.1239729943250D-09
-0.1565085948481D-09-0.1974974234010D-09-0.2491064049046D-09-0.3140478767402D-09
-0.3957134390656D-09-0.4983394592962D-09-0.6272113377623D-09-0.7889150773872D-09
-0.9916463939983D-09-0.1245589530222D-08-0.1563380345286D-08-0.1960670547165D-08
-0.2456813154425D-08-0.3075691891436D-08-0.3846721308780D-08-0.4806046791381D-08
-0.5997978117445D-08-0.7476692084850D-08-0.9308242871358D-08-0.1157291883197D-07
-0.1436798420542D-07-0.1781083874340D-07-0.2204262151094D-07-0.2723226758815D-07
-0.3358100831462D-07-0.4132726562084D-07-0.5075185313920D-07-0.6218332201947D-07
-0.7600321780460D-07-0.9265089120297D-07-0.1126273861914D-06-0.1364977431114D-06
-0.1648908803594D-06-0.1984959659634D-06-0.2380539862706D-06-0.2843429172868D-06
-0.3381547625121D-06-0.4002624546859D-06-0.4713747418591D-06-0.5520771635695D-06
-0.6427579834496D-06-0.7435185941109D-06-0.8540699288996D-06-0.9736183366249D-06
-0.1100748442674D-05-0.1233314450584D-05-0.1368358128612D-05-0.1502077865584D-05
-0.1629882587672D-05-0.1746571140042D-05-0.1846687311177D-05-0.1925102716371D-05
-0.1977882821504D-05-0.2003477288878D-05-0.2004259415818D-05-0.1988392410340D-05
-0.1971949935965D-05-0.1981122229941D-05-0.2054254324235D-05-0.2243329011123D-05
-0.2614433787113D-05-0.3246656475204D-05-0.4228934019451D-05-0.5654502788135D-05
-0.7613063699610D-05-0.1018134254431D-04-0.1341375611000D-04-0.1733585570888D-04
-0.2194451627825D-04-0.2721932169964D-04-0.3314980397259D-04-0.3978120735021D-04
-0.4727856267693D-04-0.5600274553885D-04-0.6658682327888D-04-0.7999438924129D-04
 0.7399784272307D-14 0.9401258248108D-14 0.1194370666750D-13 0.1517321792816D-13
 0.1927527638814D-13 0.2448537370909D-13 0.3110247556537D-13 0.3950610025680D-13
 0.5017796370329D-13 0.6372947200706D-13 0.8093651827279D-13 0.1027836856220D-12
 0.1305202055061D-12 0.1657309245768D-12 0.2104262031136D-12 0.2671558161707D-12
 0.3391533295551D-12 0.4305187131094D-12 0.5464497540285D-12 0.6935348619671D-12
 0.8801237896926D-12 0.1116796178813D-11 0.1416954658042D-11 0.1797574284081D-11
 0.2280150037202D-11 0.2891893222123D-11 0.3667243793159D-11 0.4649777261004D-11
 0.5894613063051D-11 0.7471450383319D-11 0.9468395674921D-11 0.1199678526588D-10
 0.1519725541130D-10 0.1924738565300D-10 0.2437130372999D-10 0.3085176243356D-10
 0.3904530038267D-10 0.4940126657453D-10 0.6248566928346D-10 0.7901104728386D-10
 0.9987384614042D-10 0.1262011342096D-09 0.1594089343090D-09 0.2012749539825D-09
 0.2540291735590D-09 0.3204664924302D-09 0.4040866214014D-09 0.5092674908080D-09
 0.6414798825214D-09 0.8075525072283D-09 0.1015998798136D-08 0.1277418777156D-08
 0.1604992245686D-08 0.2015082127872D-08 0.2527970922512D-08 0.3168756263884D-08
 0.3968436801597D-08 0.4965223272831D-08 0.6206115589282D-08 0.7748790224035D-08
 0.9663848582664D-08 0.1203747833017D-07 0.1497458529674D-07 0.1860244913347D-07
 0.2307495819215D-07 0.2857746252842D-07 0.3533227766637D-07 0.4360483389122D-07
 0.5371044157929D-07 0.6602156857555D-07 0.8097547319991D-07 0.9908190241782D-07
 0.1209304698294D-06 0.1471971116113D-06 0.1786488687238D-06 0.2161459249801D-06
 0.2606396327499D-06 0.3131648351203D-06 0.3748246189473D-06 0.4467651378237D-06
 0.5301381946748D-06 0.6260488437869D-06 0.7354859384834D-06 0.8592335374202D-06
 0.9977630341572D-06 0.1151106893661D-05 0.1318719179345D-05 0.1499330937204D-05
 0.1690816366892D-05 0.1890091288388D-05 0.2093077755173D-05 0.2294776400952D-05
 0.2489504330996D-05 0.2671362472373D-05 0.2835011764506D-05 0.2976831400624D-05
 0.3096536204920D-05 0.3199291986067D-05 0.3298340766637D-05 0.3418051971648D-05
 0.3597242051173D-05 0.3892432595570D-05 0.4380613491939D-05 0.5160863205997D-05
 0.6354145788461D-05 0.8100490593877D-05 0.1055305137497D-04 0.1386880436245D-04
 0.1819661060605D-04 0.2366425930891D-04 0.3036790608356D-04 0.3836849625769D-04
 0.4770165603766D-04 0.5840727909928D-04 0.7058474418833D-04 0.8447494067119D-04
 0.1005653773597D-03 0.1197041320498D-03 0.1432022009083D-03 0.1728958402668D-03
-0.9826900538845D-18-0.1325992262344D-17-0.1789198506596D-17-0.2414173712063D-17
-0.3257399268753D-17-0.4395056443107D-17-0.5929930663785D-17-0.8000639526960D-17
-0.1079417888975D-16-0.1456275123471D-16-0.1964649583177D-16-0.2650414191676D-16
-0.3575433752982D-16-0.4823133322312D-16-0.6505992664185D-16-0.8775694174455D-16
-0.1183671887275D-15-0.1596474880365D-15-0.2153143604762D-15-0.2903768783431D-15
-0.3915869653208D-15-0.5280434934347D-15-0.7120087294599D-15-0.9600047147683D-15
-0.1294290860243D-14-0.1744853569983D-14-0.2352084835701D-14-0.3170381916020D-14
-0.4272997066379D-14-0.5758556651535D-14-0.7759827582334D-14-0.1045551293365D-13
-0.1408609455113D-13-0.1897513606217D-13-0.2555788074248D-13-0.3441970051286D-13
-0.4634767708532D-13-0.6239987312738D-13-0.8399822473224D-13-0.1130531599117D-12
-0.1521307214500D-12-0.2046763802781D-12-0.2753150009064D-12-0.3702522299445D-12
-0.4978116706823D-12-0.6691534311965D-12-0.8992340241628D-12-0.1208088504028D-11
-0.1622542426313D-11-0.2178493649912D-11-0.2923954426824D-11-0.3923101011763D-11
-0.5261660252374D-11-0.7054069882429D-11-0.9452980344507D-11-0.1266185705969D-10
-0.1695166983807D-10-0.2268296404848D-10-0.3033501321906D-10-0.4054426012452D-10
-0.5415492374798D-10-0.7228550258929D-10-0.9641599551258D-10-0.1285020606929D-09
-0.1711240661388D-09-0.2276812354054D-09-0.3026438323956D-09-0.4018797352539D-09
-0.5330760041286D-09-0.7062810468490D-09-0.9345992143445D-09-0.1235076640709D-08
-0.1629825615249D-08-0.2147443842595D-08-0.2824795044918D-08-0.3709227486132D-08
-0.4861316460858D-08-0.6358224129246D-08-0.8297772418816D-08-0.1080332068387D-07
-0.1402952107722D-07-0.1816898984144D-07-0.2345986854173D-07-0.3019414923235D-07
-0.3872648435118D-07-0.4948298677545D-07-0.6296922214297D-07-0.7977620071713D-07
-0.1005826634984D-06-0.1261513445641D-06-0.1573161685261D-06-0.1949565904802D-06
-0.2399545633984D-06-0.2931291224421D-06-0.3551435243657D-06-0.4263806942732D-06
-0.5067848149051D-06-0.5956710177140D-06-0.6915117648038D-06-0.7917186711789D-06
-0.8924520516554D-06-0.9885081318776D-06-0.1073352989096D-05-0.1139391661343D-05
-0.1178572163178D-05-0.1183421980372D-05-0.1148580402453D-05-0.1072815630443D-05
-0.9613728573456D-06-0.8282889011472D-06-0.6980120775612D-06-0.6053316876068D-06
-0.5922792711931D-06-0.7004841421346D-06-0.9575530621347D-06-0.1356713518807D-05
-0.1830257020688D-05-0.2219508734343D-05-0.2246542949550D-05-0.1495343623566D-05
 0.9660496102958D-17 0.1303466676522D-16 0.1758691404452D-16 0.2372834456438D-16
 0.3201350489575D-16 0.4319024628085D-16 0.5826721031320D-16 0.7860459978383D-16
 0.1060365846017D-15 0.1430364647597D-15 0.1929389077412D-15 0.2602398901409D-15
 0.3510004014040D-15 0.4733909521707D-15 0.6384243302058D-15 0.8609432598922D-15
 0.1160950911118D-14 0.1565401503514D-14 0.2110612363080D-14 0.2845510842472D-14
 0.3836004210081D-14 0.5170862436676D-14 0.6969629821644D-14 0.9393274275662D-14
 0.1265850291782D-13 0.1705702043298D-13 0.2298141005727D-13 0.3095992651199D-13
 0.4170323659908D-13 0.5616721340821D-13 0.7563725072763D-13 0.1018414476927D-12
 0.1371024946692D-12 0.1845414359096D-12 0.2483508471360D-12 0.3341610429008D-12
 0.4495306395813D-12 0.6046035230381D-12 0.8129880760061D-12 0.1092933332728D-11
 0.1468901370320D-11 0.1973668190838D-11 0.2651128652191D-11 0.3560039137174D-11
 0.4779007321357D-11 0.6413139470067D-11 0.8602888426525D-11 0.1153581903500D-10
 0.1546223991168D-10 0.2071594699052D-10 0.2774172306484D-10 0.3713174719595D-10
 0.4967373927266D-10 0.6641453561358D-10 0.8874391370049D-10 0.1185049411369D-09
 0.1581389936067D-09 0.2108759765460D-09 0.2809833511059D-09 0.3740914349418D-09
 0.4976173587607D-09 0.6613162024366D-09 0.8779955175675D-09 0.1164438920338D-08
 0.1542596086685D-08 0.2041110587245D-08 0.2697273938377D-08 0.3559514222085D-08
 0.4690550718260D-08 0.6171372271059D-08 0.8106225840642D-08 0.1062883170138D-07
 0.1391007148104D-07 0.1816742075667D-07 0.2367641462864D-07 0.3078443500452D-07
 0.3992708176463D-07 0.5164732154971D-07 0.6661747929502D-07 0.8566392233748D-07
 0.1097939551653D-06 0.1402239551062D-06 0.1784070954689D-06 0.2260580719432D-06
 0.2851710353077D-06 0.3580253953565D-06 0.4471723069147D-06 0.5553924976600D-06
 0.6856137925585D-06 0.8407744277308D-06 0.1023616455935D-05 0.1236392782515D-05
 0.1480472582873D-05 0.1755834093523D-05 0.2060442711607D-05 0.2389527468255D-05
 0.2734792330382D-05 0.3083631607728D-05 0.3418461926238D-05 0.3716335200996D-05
 0.3949053885649D-05 0.4084062437153D-05 0.4086422653128D-05 0.3922173049342D-05
 0.3563293646051D-05 0.2994313097649D-05 0.2220267894198D-05 0.1275232884115D-05
 0.2299883449102D-06-0.8033661207992D-06-0.1672768218007D-05-0.2196887623331D-05
-0.2188374755601D-05-0.1491675367955D-05-0.3482800210734D-07 0.2109578176429D-05
 0.4664554476328D-05 0.7105976652959D-05 0.8656478833653D-05 0.8334074993342D-05
-0.1514517942797D-16-0.2043526784154D-16-0.2757245516807D-16-0.3720139824929D-16
-0.5019158621419D-16-0.6771573278738D-16-0.9135546144616D-16-0.1232437266226D-15
-0.1662568633873D-15-0.2242733949341D-15-0.3025230289041D-15-0.4080565776088D-15
-0.5503798305284D-15-0.7423068995459D-15-0.1001110653771D-14-0.1350071802383D-14
-0.1820565520062D-14-0.2454872199156D-14-0.3309961126441D-14-0.4462585322583D-14
-0.6016140227207D-14-0.8109893050526D-14-0.1093140330273D-13-0.1473323277098D-13
-0.1985542236895D-13-0.2675571718716D-13-0.3605020577816D-13-0.4856793914586D-13
-0.6542433576815D-13-0.8811978696521D-13-0.1186720802472D-12-0.1597941933790D-12
-0.2151329080086D-12-0.2895889297295D-12-0.3897462202570D-12-0.5244474872632D-12
-0.7055653886146D-12-0.9490353235164D-12-0.1276238075064D-11-0.1715849650320D-11
-0.2306314827082D-11-0.3099152880920D-11-0.4163372248157D-11-0.5591362357326D-11
-0.7506751158774D-11-0.1007487569930D-10-0.1351672314461D-10-0.1812747602819D-10
-0.2430115869234D-10-0.3256335824296D-10-0.4361461776667D-10-0.5838791640917D-10
-0.7812471114291D-10-0.1044754004857D-09-0.1396318605008D-09-0.1865020210494D-09
-0.2489394292787D-09-0.3320445832346D-09-0.4425596994469D-09-0.5893848066465D-09
-0.7842509328550D-09-0.1042596052827D-08-0.1384701841962D-08-0.1837164677143D-08
-0.2434793171580D-08-0.3223047631159D-08-0.4261164484542D-08-0.5626141693440D-08
-0.7417799598960D-08-0.9765175524568D-08-0.1283455921215D-07-0.1683952837137D-07
-0.2205339597650D-07-0.2882452933699D-07-0.3759503692941D-07-0.4892333199961D-07
-0.6351105516092D-07-0.8223474916496D-07-0.1061824972409D-06-0.1366954223469D-06
-0.1754134460694D-06-0.2243239643768D-06-0.2858110366236D-06-0.3627012310499D-06
-0.4583003379038D-06-0.5764127005346D-06-0.7213318705511D-06-0.8977877354815D-06
-0.1110831302016D-05-0.1365634315015D-05-0.1667177361174D-05-0.2019798014675D-05
-0.2426571225963D-05-0.2888499390884D-05-0.3403501792467D-05-0.3965215206891D-05
-0.4561652532082D-05-0.5173817253614D-05-0.5774439925167D-05-0.6327088209947D-05
-0.6785998415179D-05-0.7097073032528D-05-0.7200561816612D-05-0.7035962459018D-05
-0.6549589990518D-05-0.5705019607730D-05-0.4496134959037D-05-0.2961775533809D-05
-0.1199944314871D-05 0.6217080458998D-06 0.2263703781958D-05 0.3426416988595D-05
 0.3781326814651D-05 0.3026160433389D-05 0.9646725942794D-06-0.2394530188940D-05
-0.6734404762115D-05-0.1134537876140D-04-0.1509266853232D-04-0.1646815591386D-04
