bcc Sb -- Hedin-Lundqvist LDA                                                   
INPUT  IT=213 SPIN=1 NTYPE=  2
 -3.900000  3.900000  3.900000
  3.900000 -3.900000  3.900000
  3.900000  3.900000 -3.900000
    1  435  1.700000  0.030000    1
  0.000000  0.000000  0.000000
 0.1019981872493D+03 0.1019981312796D+03 0.1019980735833D+03 0.1019980141070D+03
 0.1019979527958D+03 0.1019978895933D+03 0.1019978244411D+03 0.1019977572791D+03
 0.1019976880453D+03 0.1019976166760D+03 0.1019975431052D+03 0.1019974672651D+03
 0.1019973890858D+03 0.1019973084952D+03 0.1019972254188D+03 0.1019971397802D+03
 0.1019970515004D+03 0.1019969604979D+03 0.1019968666888D+03 0.1019967699866D+03
 0.1019966703022D+03 0.1019965675436D+03 0.1019964616161D+03 0.1019963524221D+03
 0.1019962398608D+03 0.1019961238285D+03 0.1019960042182D+03 0.1019958809197D+03
 0.1019957538193D+03 0.1019956227999D+03 0.1019954877406D+03 0.1019953485170D+03
 0.1019952050008D+03 0.1019950570597D+03 0.1019949045572D+03 0.1019947473530D+03
 0.1019945853021D+03 0.1019944182551D+03 0.1019942460581D+03 0.1019940685524D+03
 0.1019938855745D+03 0.1019936969558D+03 0.1019935025224D+03 0.1019933020951D+03
 0.1019930954893D+03 0.1019928825147D+03 0.1019926629749D+03 0.1019924366678D+03
 0.1019922033848D+03 0.1019919629110D+03 0.1019917150247D+03 0.1019914594978D+03
 0.1019911960947D+03 0.1019909245728D+03 0.1019906446819D+03 0.1019903561643D+03
 0.1019900587540D+03 0.1019897521772D+03 0.1019894361515D+03 0.1019891103856D+03
 0.1019887745796D+03 0.1019884284241D+03 0.1019880716003D+03 0.1019877037795D+03
 0.1019873246228D+03 0.1019869337810D+03 0.1019865308941D+03 0.1019861155911D+03
 0.1019856874893D+03 0.1019852461945D+03 0.1019847913002D+03 0.1019843223874D+03
 0.1019838390242D+03 0.1019833407654D+03 0.1019828271520D+03 0.1019822977110D+03
 0.1019817519546D+03 0.1019811893803D+03 0.1019806094698D+03 0.1019800116890D+03
 0.1019793954872D+03 0.1019787602969D+03 0.1019781055330D+03 0.1019774305924D+03
 0.1019767348532D+03 0.1019760176748D+03 0.1019752783963D+03 0.1019745163369D+03
 0.1019737307944D+03 0.1019729210453D+03 0.1019720863436D+03 0.1019712259202D+03
 0.1019703389826D+03 0.1019694247135D+03 0.1019684822706D+03 0.1019675107857D+03
 0.1019665093635D+03 0.1019654770814D+03 0.1019644129882D+03 0.1019633161033D+03
 0.1019621854159D+03 0.1019610198842D+03 0.1019598184338D+03 0.1019585799576D+03
 0.1019573033141D+03 0.1019559873266D+03 0.1019546307820D+03 0.1019532324299D+03
 0.1019517909813D+03 0.1019503051072D+03 0.1019487734378D+03 0.1019471945609D+03
 0.1019455670205D+03 0.1019438893160D+03 0.1019421599001D+03 0.1019403771779D+03
 0.1019385395053D+03 0.1019366451871D+03 0.1019346924759D+03 0.1019326795705D+03
 0.1019306046135D+03 0.1019284656907D+03 0.1019262608282D+03 0.1019239879914D+03
 0.1019216450826D+03 0.1019192299395D+03 0.1019167403326D+03 0.1019141739637D+03
 0.1019115284632D+03 0.1019088013886D+03 0.1019059902215D+03 0.1019030923657D+03
 0.1019001051446D+03 0.1018970257989D+03 0.1018938514838D+03 0.1018905792663D+03
 0.1018872061228D+03 0.1018837289359D+03 0.1018801444919D+03 0.1018764494774D+03
 0.1018726404764D+03 0.1018687139671D+03 0.1018646663185D+03 0.1018604937873D+03
 0.1018561925141D+03 0.1018517585199D+03 0.1018471877025D+03 0.1018424758324D+03
 0.1018376185492D+03 0.1018326113572D+03 0.1018274496215D+03 0.1018221285633D+03
 0.1018166432558D+03 0.1018109886196D+03 0.1018051594176D+03 0.1017991502504D+03
 0.1017929555514D+03 0.1017865695813D+03 0.1017799864228D+03 0.1017731999753D+03
 0.1017662039492D+03 0.1017589918596D+03 0.1017515570211D+03 0.1017438925409D+03
 0.1017359913126D+03 0.1017278460097D+03 0.1017194490790D+03 0.1017107927331D+03
 0.1017018689437D+03 0.1016926694340D+03 0.1016831856711D+03 0.1016734088583D+03
 0.1016633299267D+03 0.1016529395272D+03 0.1016422280221D+03 0.1016311854757D+03
 0.1016198016461D+03 0.1016080659751D+03 0.1015959675795D+03 0.1015834952404D+03
 0.1015706373939D+03 0.1015573821204D+03 0.1015437171340D+03 0.1015296297713D+03
 0.1015151069811D+03 0.1015001353117D+03 0.1014847009003D+03 0.1014687894600D+03
 0.1014523862679D+03 0.1014354761524D+03 0.1014180434799D+03 0.1014000721421D+03
 0.1013815455417D+03 0.1013624465790D+03 0.1013427576375D+03 0.1013224605693D+03
 0.1013015366806D+03 0.1012799667161D+03 0.1012577308441D+03 0.1012348086405D+03
 0.1012111790727D+03 0.1011868204836D+03 0.1011617105751D+03 0.1011358263910D+03
 0.1011091443002D+03 0.1010816399796D+03 0.1010532883961D+03 0.1010240637897D+03
 0.1009939396549D+03 0.1009628887233D+03 0.1009308829452D+03 0.1008978934712D+03
 0.1008638906346D+03 0.1008288439323D+03 0.1007927220069D+03 0.1007554926283D+03
 0.1007171226755D+03 0.1006775781184D+03 0.1006368240002D+03 0.1005948244190D+03
 0.1005515425112D+03 0.1005069404337D+03 0.1004609793474D+03 0.1004136194008D+03
 0.1003648197143D+03 0.1003145383651D+03 0.1002627323722D+03 0.1002093576829D+03
 0.1001543691597D+03 0.1000977205681D+03 0.1000393645650D+03 0.9997925268908D+02
 0.9991733535134D+02 0.9985356182718D+02 0.9978788024989D+02 0.9972023760522D+02
 0.9965057972757D+02 0.9957885129753D+02 0.9950499584104D+02 0.9942895573015D+02
 0.9935067218540D+02 0.9927008527997D+02 0.9918713394548D+02 0.9910175597960D+02
 0.9901388805540D+02 0.9892346573245D+02 0.9883042346960D+02 0.9873469463947D+02
 0.9863621154451D+02 0.9853490543456D+02 0.9843070652579D+02 0.9832354402089D+02
 0.9821334613026D+02 0.9810004009408D+02 0.9798355220501D+02 0.9786380783112D+02
 0.9774073143893D+02 0.9761424661613D+02 0.9748427609351D+02 0.9735074176592D+02
 0.9721356471162D+02 0.9707266520970D+02 0.9692796275504D+02 0.9677937607030D+02
 0.9662682311460D+02 0.9647022108818D+02 0.9630948643285D+02 0.9614453482747D+02
 0.9597528117854D+02 0.9580163960509D+02 0.9562352341810D+02 0.9544084509402D+02
 0.9525351624271D+02 0.9506144756982D+02 0.9486454883415D+02 0.9466272880067D+02
 0.9445589519010D+02 0.9424395462627D+02 0.9402681258306D+02 0.9380437333261D+02
 0.9357653989754D+02 0.9334321400961D+02 0.9310429607850D+02 0.9285968517391D+02
 0.9260927902569D+02 0.9235297404570D+02 0.9209066537697D+02 0.9182224697412D+02
 0.9154761172089D+02 0.9126665158826D+02 0.9097925783835D+02 0.9068532127601D+02
 0.9038473255093D+02 0.9007738250871D+02 0.8976316258966D+02 0.8944196526728D+02
 0.8911368451885D+02 0.8877821631126D+02 0.8843545908568D+02 0.8808531421358D+02
 0.8772768639921D+02 0.8736248399151D+02 0.8698961917610D+02 0.8660900800828D+02
 0.8622057026390D+02 0.8582422908148D+02 0.8541991039659D+02 0.8500754217284D+02
 0.8458705347373D+02 0.8415837342663D+02 0.8372143016109D+02 0.8327614983340D+02
 0.8282245583876D+02 0.8236026831658D+02 0.8188950406012D+02 0.8141007687871D+02
 0.8092189846690D+02 0.8042487974520D+02 0.7991893264577D+02 0.7940397222177D+02
 0.7887991899253D+02 0.7834670134980D+02 0.7780425792249D+02 0.7725253971824D+02
 0.7669151196893D+02 0.7612115552737D+02 0.7554146780001D+02 0.7495246310499D+02
 0.7435417250910D+02 0.7374664307295D+02 0.7312993662556D+02 0.7250412803169D+02
 0.7186930313627D+02 0.7122555637352D+02 0.7057298828837D+02 0.6991170296801D+02
 0.6924180569282D+02 0.6856340079904D+02 0.6787659011176D+02 0.6718147190938D+02
 0.6647814080611D+02 0.6576668843233D+02 0.6504720528821D+02 0.6431978349525D+02
 0.6358452074350D+02 0.6284152490699D+02 0.6209091947020D+02 0.6133284889203D+02
 0.6056748386420D+02 0.5979502524355D+02 0.5901570657082D+02 0.5822979385544D+02
 0.5743758294944D+02 0.5663939365312D+02 0.5583556194763D+02 0.5502643047195D+02
 0.5421233990870D+02 0.5339362201734D+02 0.5257059713849D+02 0.5174357620846D+02
 0.5091286852760D+02 0.5007879344030D+02 0.4924169517266D+02 0.4840195757713D+02
 0.4756001775660D+02 0.4671637521291D+02 0.4587159657137D+02 0.4502631372888D+02
 0.4418121678595D+02 0.4333704078067D+02 0.4249454849916D+02 0.4165450907795D+02
 0.4081767507088D+02 0.3998475801392D+02 0.3915640520935D+02 0.3833317787421D+02
 0.3751553321686D+02 0.3670381055769D+02 0.3589822375287D+02 0.3509885986023D+02
 0.3430568580899D+02 0.3351856265174D+02 0.3273726832962D+02 0.3196152784647D+02
 0.3119105033924D+02 0.3042557061854D+02 0.2966489217294D+02 0.2890892693568D+02
 0.2815772528378D+02 0.2741148942590D+02 0.2667056198965D+02 0.2593538622100D+02
 0.2520643782488D+02 0.2448414001221D+02 0.2376878035395D+02 0.2306045347283D+02
 0.2235904775347D+02 0.2166428532348D+02 0.2097580005343D+02 0.2029323787966D+02
 0.1961634866631D+02 0.1894505970655D+02 0.1827951398571D+02 0.1762008217121D+02
 0.1696734427543D+02 0.1632205853702D+02 0.1568511357727D+02 0.1505748215623D+02
 0.1444016796239D+02 0.1383416291294D+02 0.1324040235102D+02 0.1265973500645D+02
 0.1209289252349D+02 0.1154047534835D+02 0.1100293746671D+02 0.1048058757243D+02
 0.9973586976030D+01 0.9481962848079D+01 0.9005615195607D+01 0.8544338016865D+01
 0.8097831370638D+01 0.7665727922700D+01 0.7247607968806D+01 0.6843030214809D+01
 0.6451549675430D+01 0.6072747178111D+01 0.5706235015429D+01 0.5351667176517D+01
 0.5008709014395D+01 0.4677014731992D+01 0.4356185079699D+01 0.4045794048580D+01
 0.3745471567791D+01 0.3455116757540D+01 0.3175137238397D+01
    2  435  1.000000  0.030000    3
  0.000000  0.500000  0.500000
  0.500000  0.500000  0.000000
  0.500000  0.000000  0.500000
 0.1999996384627D+01 0.1999996274520D+01 0.1999996161061D+01 0.1999996044146D+01
 0.1999995923670D+01 0.1999995799525D+01 0.1999995671599D+01 0.1999995539778D+01
 0.1999995403941D+01 0.1999995263968D+01 0.1999995119732D+01 0.1999994971103D+01
 0.1999994817948D+01 0.1999994660128D+01 0.1999994497502D+01 0.1999994329923D+01
 0.1999994157240D+01 0.1999993979298D+01 0.1999993795937D+01 0.1999993606992D+01
 0.1999993412292D+01 0.1999993211663D+01 0.1999993004924D+01 0.1999992791888D+01
 0.1999992572365D+01 0.1999992346155D+01 0.1999992113057D+01 0.1999991872859D+01
 0.1999991625346D+01 0.1999991370295D+01 0.1999991107476D+01 0.1999990836654D+01
 0.1999990557583D+01 0.1999990270013D+01 0.1999989973685D+01 0.1999989668332D+01
 0.1999989353680D+01 0.1999989029445D+01 0.1999988695335D+01 0.1999988351050D+01
 0.1999987996280D+01 0.1999987630705D+01 0.1999987253996D+01 0.1999986865814D+01
 0.1999986465811D+01 0.1999986053625D+01 0.1999985628886D+01 0.1999985191211D+01
 0.1999984740207D+01 0.1999984275467D+01 0.1999983796573D+01 0.1999983303095D+01
 0.1999982794587D+01 0.1999982270593D+01 0.1999981730640D+01 0.1999981174243D+01
 0.1999980600900D+01 0.1999980010096D+01 0.1999979401299D+01 0.1999978773960D+01
 0.1999978127516D+01 0.1999977461384D+01 0.1999976774965D+01 0.1999976067640D+01
 0.1999975338773D+01 0.1999974587708D+01 0.1999973813769D+01 0.1999973016260D+01
 0.1999972194462D+01 0.1999971347635D+01 0.1999970475018D+01 0.1999969575824D+01
 0.1999968649245D+01 0.1999967694447D+01 0.1999966710569D+01 0.1999965696727D+01
 0.1999964652007D+01 0.1999963575469D+01 0.1999962466145D+01 0.1999961323035D+01
 0.1999960145111D+01 0.1999958931313D+01 0.1999957680546D+01 0.1999956391687D+01
 0.1999955063574D+01 0.1999953695012D+01 0.1999952284769D+01 0.1999950831576D+01
 0.1999949334124D+01 0.1999947791065D+01 0.1999946201011D+01 0.1999944562530D+01
 0.1999942874147D+01 0.1999941134342D+01 0.1999939341549D+01 0.1999937494154D+01
 0.1999935590494D+01 0.1999933628856D+01 0.1999931607473D+01 0.1999929524525D+01
 0.1999927378138D+01 0.1999925166380D+01 0.1999922887258D+01 0.1999920538723D+01
 0.1999918118658D+01 0.1999915624886D+01 0.1999913055161D+01 0.1999910407171D+01
 0.1999907678531D+01 0.1999904866784D+01 0.1999901969400D+01 0.1999898983770D+01
 0.1999895907205D+01 0.1999892736937D+01 0.1999889470111D+01 0.1999886103785D+01
 0.1999882634930D+01 0.1999879060421D+01 0.1999875377042D+01 0.1999871581475D+01
 0.1999867670303D+01 0.1999863640005D+01 0.1999859486952D+01 0.1999855207405D+01
 0.1999850797511D+01 0.1999846253299D+01 0.1999841570678D+01 0.1999836745431D+01
 0.1999831773213D+01 0.1999826649549D+01 0.1999821369823D+01 0.1999815929283D+01
 0.1999810323029D+01 0.1999804546013D+01 0.1999798593033D+01 0.1999792458729D+01
 0.1999786137576D+01 0.1999779623883D+01 0.1999772911784D+01 0.1999765995234D+01
 0.1999758868005D+01 0.1999751523678D+01 0.1999743955640D+01 0.1999736157074D+01
 0.1999728120958D+01 0.1999719840054D+01 0.1999711306903D+01 0.1999702513822D+01
 0.1999693452889D+01 0.1999684115945D+01 0.1999674494579D+01 0.1999664580125D+01
 0.1999654363654D+01 0.1999643835962D+01 0.1999632987566D+01 0.1999621808696D+01
 0.1999610289279D+01 0.1999598418941D+01 0.1999586186986D+01 0.1999573582395D+01
 0.1999560593814D+01 0.1999547209540D+01 0.1999533417514D+01 0.1999519205311D+01
 0.1999504560125D+01 0.1999489468760D+01 0.1999473917619D+01 0.1999457892687D+01
 0.1999441379526D+01 0.1999424363253D+01 0.1999406828535D+01 0.1999388759568D+01
 0.1999370140069D+01 0.1999350953254D+01 0.1999331181832D+01 0.1999310807981D+01
 0.1999289813336D+01 0.1999268178972D+01 0.1999245885386D+01 0.1999222912479D+01
 0.1999199239541D+01 0.1999174845227D+01 0.1999149707543D+01 0.1999123803822D+01
 0.1999097110706D+01 0.1999069604122D+01 0.1999041259263D+01 0.1999012050566D+01
 0.1998981951686D+01 0.1998950935473D+01 0.1998918973948D+01 0.1998886038278D+01
 0.1998852098748D+01 0.1998817124736D+01 0.1998781084685D+01 0.1998743946072D+01
 0.1998705675382D+01 0.1998666238073D+01 0.1998625598550D+01 0.1998583720128D+01
 0.1998540565002D+01 0.1998496094209D+01 0.1998450267595D+01 0.1998403043780D+01
 0.1998354380114D+01 0.1998304232647D+01 0.1998252556081D+01 0.1998199303733D+01
 0.1998144427491D+01 0.1998087877771D+01 0.1998029603468D+01 0.1997969551917D+01
 0.1997907668836D+01 0.1997843898283D+01 0.1997778182600D+01 0.1997710462364D+01
 0.1997640676331D+01 0.1997568761378D+01 0.1997494652449D+01 0.1997418282492D+01
 0.1997339582398D+01 0.1997258480939D+01 0.1997174904702D+01 0.1997088778019D+01
 0.1997000022902D+01 0.1996908558965D+01 0.1996814303358D+01 0.1996717170681D+01
 0.1996617072914D+01 0.1996513919329D+01 0.1996407616411D+01 0.1996298067768D+01
 0.1996185174043D+01 0.1996068832822D+01 0.1995948938542D+01 0.1995825382384D+01
 0.1995698052184D+01 0.1995566832319D+01 0.1995431603603D+01 0.1995292243179D+01
 0.1995148624397D+01 0.1995000616703D+01 0.1994848085513D+01 0.1994690892088D+01
 0.1994528893406D+01 0.1994361942024D+01 0.1994189885943D+01 0.1994012568463D+01
 0.1993829828036D+01 0.1993641498117D+01 0.1993447407002D+01 0.1993247377668D+01
 0.1993041227608D+01 0.1992828768652D+01 0.1992609806797D+01 0.1992384142014D+01
 0.1992151568067D+01 0.1991911872307D+01 0.1991664835476D+01 0.1991410231497D+01
 0.1991147827254D+01 0.1990877382372D+01 0.1990598648986D+01 0.1990311371501D+01
 0.1990015286347D+01 0.1989710121726D+01 0.1989395597347D+01 0.1989071424156D+01
 0.1988737304055D+01 0.1988392929615D+01 0.1988037983773D+01 0.1987672139525D+01
 0.1987295059605D+01 0.1986906396157D+01 0.1986505790392D+01 0.1986092872236D+01
 0.1985667259965D+01 0.1985228559826D+01 0.1984776365653D+01 0.1984310258460D+01
 0.1983829806022D+01 0.1983334562453D+01 0.1982824067751D+01 0.1982297847345D+01
 0.1981755411616D+01 0.1981196255403D+01 0.1980619857500D+01 0.1980025680120D+01
 0.1979413168359D+01 0.1978781749628D+01 0.1978130833073D+01 0.1977459808969D+01
 0.1976768048097D+01 0.1976054901104D+01 0.1975319697825D+01 0.1974561746605D+01
 0.1973780333573D+01 0.1972974721910D+01 0.1972144151080D+01 0.1971287836040D+01
 0.1970404966422D+01 0.1969494705681D+01 0.1968556190221D+01 0.1967588528488D+01
 0.1966590800027D+01 0.1965562054510D+01 0.1964501310735D+01 0.1963407555578D+01
 0.1962279742920D+01 0.1961116792531D+01 0.1959917588914D+01 0.1958680980117D+01
 0.1957405776489D+01 0.1956090749413D+01 0.1954734629974D+01 0.1953336107591D+01
 0.1951893828628D+01 0.1950406394889D+01 0.1948872362135D+01 0.1947290238512D+01
 0.1945658482929D+01 0.1943975503394D+01 0.1942239655280D+01 0.1940449239543D+01
 0.1938602500872D+01 0.1936697625793D+01 0.1934732740689D+01 0.1932705909778D+01
 0.1930615133009D+01 0.1928458343906D+01 0.1926233407326D+01 0.1923938117169D+01
 0.1921570193992D+01 0.1919127282581D+01 0.1916606949417D+01 0.1914006680099D+01
 0.1911323876666D+01 0.1908555854866D+01 0.1905699841328D+01 0.1902752970681D+01
 0.1899712282563D+01 0.1896574718604D+01 0.1893337119271D+01 0.1889996220704D+01
 0.1886548651411D+01 0.1882990928965D+01 0.1879319456549D+01 0.1875530519519D+01
 0.1871620281818D+01 0.1867584782415D+01 0.1863419931594D+01 0.1859121507300D+01
 0.1854685151316D+01 0.1850106365537D+01 0.1845380508065D+01 0.1840502789442D+01
 0.1835468268696D+01 0.1830271849578D+01 0.1824908276590D+01 0.1819372131280D+01
 0.1813657828313D+01 0.1807759611879D+01 0.1801671551866D+01 0.1795387540466D+01
 0.1788901288522D+01 0.1782206322421D+01 0.1775295980711D+01 0.1768163411391D+01
 0.1760801568898D+01 0.1753203211927D+01 0.1745360900917D+01 0.1737266996553D+01
 0.1728913657886D+01 0.1720292841696D+01 0.1711396301422D+01 0.1702215587580D+01
 0.1692742047674D+01 0.1682966827932D+01 0.1672880874388D+01 0.1662474936176D+01
 0.1651739568052D+01 0.1640665135506D+01 0.1629241818979D+01 0.1617459621138D+01
 0.1605308373007D+01 0.1592777743792D+01 0.1579857249232D+01 0.1566536264288D+01
 0.1552804034050D+01 0.1538649689759D+01 0.1524062262506D+01 0.1509030703028D+01
 0.1493543898636D+01 0.1477590697231D+01 0.1461159927743D+01 0.1444240429064D+01
 0.1426821074409D+01 0.1408890805691D+01 0.1390438662372D+01 0.1371453822189D+01
 0.1351925634901D+01 0.1331843670329D+01 0.1311197757892D+01 0.1289978042925D+01
 0.1268175032806D+01 0.1245779663008D+01 0.1222783350262D+01 0.1199178069800D+01
 0.1174956416119D+01 0.1150111691917D+01 0.1124637976554D+01 0.1098530226724D+01
 0.1071784350807D+01 0.1044397320791D+01 0.1016367249263D+01 0.9876935103655D+00
 0.9583768166262D+00 0.9284193469063D+00 0.8978248214864D+00 0.8665986406123D+00
 0.8347479617740D+00 0.8022818611252D+00 0.7692114299385D+00 0.7355499830242D+00
 0.7013132009987D+00 0.6665194186335D+00 0.6311898350729D+00 0.5953488980271D+00
 0.5590245737975D+00 0.5222487928270D+00 0.4850577098907D+00 0.4474921260789D+00
 0.4095976380003D+00 0.3714249785944D+00 0.3330300716008D+00
  615
-0.5937030778474D+00-0.1499049274829D-32-0.5552842292740D+01-0.1515387884832D-17
-0.2409654422442D+01-0.1287252180836D-19-0.4468002151552D+01 0.2845147414905D-17
-0.2487720442630D+01 0.1223930605585D-19-0.2474973229538D+01-0.2676646886839D-17
-0.1026523706978D+01 0.3049309532819D-19-0.3156388500443D+01-0.6950670735064D-18
-0.5070674845301D+00-0.4344009880233D-19-0.1048974884266D+01 0.3993945623729D-17
-0.5160368551008D+00-0.1254497857527D-17-0.1440525799237D+01-0.4060462892506D-19
-0.7087695630115D+00-0.1106532945509D-17-0.1053814310184D+01 0.5750910872298D-19
-0.9937034102292D+00 0.3630617202599D-17-0.4948205384120D+00-0.2052051601670D-17
-0.6996288018713D+00-0.2258217563858D-17-0.3025863547608D+00 0.3540866742580D-19
-0.2510363977061D+00 0.7429194973067D-18-0.2503060088775D+00-0.1997367690340D-17
-0.4704302461759D+00 0.1402964381586D-18-0.1175406362329D+00-0.7315564085659D-19
-0.3575969627679D+00-0.2595474913127D-17-0.1778616198376D+00 0.3297874638961D-17
-0.3700527264667D+00-0.1682149458040D-18-0.2534657742827D+00 0.5986824019134D-18
-0.2942503882368D+00-0.6877710198047D-19-0.1777725042103D+00 0.4280013812826D-17
-0.7851209706418D-01 0.7125350881916D-19-0.1217530783054D+00-0.1919660319470D-18
-0.3041831119918D-01-0.8459612599371D-18-0.6087920639408D-01-0.1364332543982D-17
-0.1900705525778D+00 0.2451021851985D-19-0.4010020405439D-01 0.1382540362898D-17
-0.4012029040831D-01-0.1256838973807D-17-0.8041604537218D-01-0.1934000712221D-17
-0.3087747279065D+00 0.1686512797497D-18-0.2463525551798D-01-0.1352196291703D-17
-0.2661913590849D-01-0.2035114148888D-17-0.2682214578445D-01 0.1902240072494D-17
-0.2585219015463D-01-0.8543977174567D-19-0.5082958308389D-02-0.4178316626365D-18
-0.1017447596657D-01-0.4236423895622D-18-0.5136746889956D-02 0.2252215054264D-17
-0.8554182970179D-01 0.1744399487836D-18-0.8539081056113D-01-0.2471206470627D-18
 0.1782753334987D-02 0.1150570101758D-17-0.7091926966438D-01-0.1678679685858D-18
-0.3550757194710D-01 0.4559644297834D-19 0.1020193758323D-01-0.7100974496687D-18
 0.1020800454652D-01 0.3302112806775D-17 0.5142179708453D-02-0.1200640452731D-17
-0.5935175753422D-01 0.1274236042217D-18 0.1592095870930D-01-0.1922456169011D-17
-0.4988241205573D-01-0.6481148843713D-19 0.9730798435824D-02 0.1206736300355D-17
 0.9840285319648D-02-0.7787402864974D-18-0.8448605597036D-01-0.3262864979898D-19
 0.1074190684861D-01 0.1631446670910D-18 0.2152564432999D-01 0.5733742068110D-18
 0.2170027284037D-01-0.1208857818848D-17-0.3606857353102D-01 0.1836666286174D-18
 0.2242296267561D-01-0.9198677282755D-18 0.2245191218654D-01 0.1829006123788D-17
 0.1127063737883D-01-0.7776697353861D-18 0.2249572261117D-01 0.2454097087951D-18
 0.2259364015255D-01-0.1246908156260D-17-0.2679777008111D-01 0.7394950858394D-19
 0.2199502336115D-01 0.1312701666288D-17 0.2207832582975D-01-0.4825358128071D-18
 0.5501989139907D-02-0.4480983243255D-18-0.2336631908209D-01 0.5275623809812D-19
-0.5829811970993D-02-0.7561379307801D-19 0.1054760607887D-01-0.7477797133502D-18
 0.1059697363815D-01 0.1315467570159D-17-0.4102803468855D-01 0.1540034658406D-18
-0.2048307715594D-01-0.2410317148654D-18 0.1996754408590D-01-0.5897827346236D-18
 0.9981788512486D-02-0.7097425046418D-18-0.6043799905652D-02 0.6184317139720D-19
-0.1810522285194D-01-0.1882556947851D-18 0.1862761201869D-01-0.1112709192999D-18
 0.1865465492125D-01-0.1180430410442D-17 0.1867331698865D-01 0.2025693569487D-17
 0.8635813820777D-02 0.3344318792507D-18 0.8640802594069D-02-0.4222498890674D-18
 0.1728320832860D-01 0.7969872745225D-18-0.2875624830351D-01 0.2382031061342D-18
-0.1437050002722D-01-0.1096119436626D-18 0.7961948726831D-02 0.7769495035626D-18
 0.1592440750730D-01 0.8555505161706D-19-0.2577783552072D-01-0.1519340582678D-18
 0.1459712687476D-01-0.6551054823557D-18 0.1459727446576D-01 0.5428444587965D-18
 0.7288634934602D-02-0.3753489360892D-18 0.1333651738757D-01-0.4928391904787D-19
 0.1332487641594D-01 0.1219314649257D-17 0.1330700414236D-01-0.6039761764763D-18
-0.5227200826997D-02 0.3524047966275D-19 0.6079859000381D-02-0.5494565169521D-18
 0.6063109211805D-02-0.3739239174353D-18-0.9454605616435D-02-0.5984059330046D-20
-0.9447466071735D-02 0.8177897490117D-19 0.5535855399105D-02-0.1342459772558D-18
 0.1104735121510D-01 0.9247434759500D-18 0.1106127210770D-01-0.9383508621052D-18
 0.1102682609061D-01-0.6153073084246D-18-0.8545129000009D-02 0.1298153431342D-18
-0.8554667498183D-02-0.2152824327019D-20 0.1006056542049D-01 0.2272766399383D-18
 0.1001485510744D-01-0.2852897862243D-18-0.1549863210300D-01 0.2764911721649D-19
 0.9133692071507D-02-0.1910230472069D-18-0.7016617677571D-02 0.1000004575498D-18
-0.1763012179037D-02-0.5158067107116D-19 0.8289564366457D-02-0.5750598174947D-18
 0.8257111614054D-02-0.3233057208539D-18 0.8283776611355D-02 0.2870140193385D-18
 0.4129312921831D-02-0.3438558221360D-18 0.4109205777738D-02 0.6497784134679D-18
-0.6396945802668D-02-0.1726830667214D-18 0.3756179302296D-02 0.2661668967427D-18
 0.7492887126386D-02-0.5811627586495D-18 0.7507202548522D-02 0.5895930730755D-18
-0.1155968643878D-01 0.9001692545205D-19-0.5804679006111D-02-0.1433566028874D-18
 0.6816784108950D-02 0.1753548579239D-18 0.6762025898000D-02 0.1015878950575D-17
 0.6167289259175D-02 0.4357421811880D-18 0.6153523214216D-02-0.1700383399310D-19
-0.4787032758479D-02-0.9647911314732D-19 0.2797659024161D-02 0.1159984344816D-19
 0.5569827437495D-02-0.3412132772122D-18 0.2772163599751D-02 0.3952910412111D-18
 0.1395086246142D-02-0.1731424984197D-18-0.4328984060475D-02 0.9885633451454D-19
-0.8703033550558D-02-0.1544186726051D-18-0.4337650697641D-02 0.3910243548061D-19
 0.5048890711404D-02-0.2337177808386D-18 0.5028645465595D-02-0.6835431680617D-19
 0.2519997565620D-02-0.3001119620316D-18-0.7896555774546D-02 0.8915532811317D-19
 0.4544754381490D-02 0.3845764750644D-19 0.4513303917958D-02 0.6245189213674D-18
 0.2264430903118D-02-0.2698687368275D-18 0.2248880280071D-02-0.1485622313860D-18
-0.3596925237134D-02 0.6156892462874D-19 0.4075984952121D-02 0.2330425417207D-18
 0.4068613111592D-02-0.4650865119133D-18 0.4043682267705D-02-0.2411819549405D-18
-0.3293289038354D-02-0.3444710444138D-19 0.1824350193918D-02-0.1934055993134D-18
 0.3629670710995D-02 0.4806569904135D-18 0.1810637245604D-02-0.1452895615617D-18
-0.6011431491126D-02 0.1068368637177D-18-0.3012334407068D-02-0.2616550954458D-19
 0.3244331665096D-02-0.1205664566394D-18 0.3242278774464D-02 0.2376573090553D-18
 0.3229388060125D-02-0.2401315132661D-18-0.5519828523622D-02-0.3396308564605D-19
 0.2875030979098D-02-0.2935290545738D-18 0.2871427582763D-02 0.9287765696861D-19
 0.2864722249766D-02-0.1183976854252D-18 0.2530123170797D-02 0.1683456577814D-18
-0.7764107218474D-03 0.2429744224461D-19 0.2216561816058D-02-0.4145743633807D-19
 0.1105125264609D-02 0.1421202112138D-18 0.2212533925722D-02 0.4866165283297D-19
 0.2211181702374D-02-0.1281703985347D-18 0.2209247523985D-02 0.3053465627707D-18
 0.1105521859048D-02-0.1308417356409D-18-0.4302421013387D-02 0.4929303771954D-20
-0.5379244494455D-03-0.2627666420779D-19 0.9606792418659D-03 0.4223544062753D-19
 0.9613359873738D-03-0.8903698356548D-19 0.1920525059195D-02-0.2210898232772D-18
 0.9586663755210D-03 0.2596031329809D-18-0.3976050819720D-02 0.1049082867927D-18
-0.9945419231565D-03 0.1636563858689D-19-0.1987578250374D-02-0.9014065330729D-19
 0.1649824401154D-02 0.2300291013102D-18 0.8258994100239D-03-0.1704054318655D-18
-0.1842065109705D-02 0.3388806065759D-19-0.1839607130910D-02-0.7700032429524D-19
 0.1406513263658D-02-0.1282095390958D-18 0.1404919058433D-02 0.7855928838065D-19
 0.1406202838555D-02-0.2964973855792D-18 0.1407398507629D-02-0.1364005419405D-19
 0.1407478055714D-02 0.4025368419172D-18-0.1708055412967D-02 0.9428065563349D-20
 0.1182444638323D-02-0.4291425128898D-20 0.1185617870926D-02-0.1295159144814D-18
-0.3171894880234D-02 0.2426146115200D-19-0.1583217326152D-02-0.5521410060585D-19
 0.9843988993759D-03-0.2985781031705D-19 0.4927205304481D-03 0.1550915952790D-18
-0.1473576508286D-02 0.1664831028049D-19-0.1474336498644D-02 0.3445731722822D-19
-0.2941900391678D-02-0.9288692353898D-19 0.8018808237370D-03 0.1287629793241D-18
 0.8024399807985D-03-0.1933020110620D-18 0.4027426778304D-03-0.1002471855473D-18
 0.6464570933544D-03-0.1720336507482D-18 0.6427346170252D-03 0.8317650625618D-19
 0.6471177646114D-03 0.2409635691399D-18-0.2545387250668D-02 0.3384675432620D-19
 0.2516727799256D-03-0.2583782323731D-19 0.5044446035905D-03 0.1204613272144D-18
 0.2567621319400D-03-0.4541728116937D-19-0.1182377052365D-02 0.3822198231043D-19
-0.1179475857101D-02-0.2630815817222D-19 0.3835362217673D-03 0.1693009754404D-19
 0.3868904752636D-03-0.4557891335455D-19 0.3844017289394D-03 0.5608714063099D-19
 0.3878635718280D-03 0.1829803614030D-18 0.3923518827163D-03-0.7305125624222D-19
-0.1093572597167D-02-0.2101351685863D-19 0.2824684539253D-03-0.3166065568939D-19
 0.2849294989677D-03-0.1068571220221D-18 0.2829245217742D-03 0.8759416459415D-19
 0.2845995452831D-03 0.2889009060496D-19 0.1446703331601D-03-0.4224858745705D-19
-0.1013945904276D-02 0.2963054285926D-19-0.2024036494292D-02-0.3362344629785D-19
 0.1978730885463D-03-0.9102269835578D-19 0.2029328792980D-03-0.6887318291245D-19
 0.6418715917263D-04 0.2588892310209D-19 0.1296794295856D-03 0.1429192303834D-19
 0.3234974550636D-04-0.4026757224161D-19 0.1321002945752D-03-0.3456330441118D-19
-0.1720816567170D-02 0.3552618126837D-19-0.8602396035304D-03 0.1403348426154D-19
 0.7336960468077D-04 0.2185872846088D-19 0.3720205795082D-04 0.5211050676768D-19
 0.3708144829459D-04-0.6988827311893D-19 0.7442773483949D-04 0.1100473160230D-18
-0.1576013774500D-02-0.1500253426394D-19-0.1576879767911D-02 0.2810781302436D-19
 0.3125196301322D-04 0.4454494117919D-19 0.3265291018246D-04-0.3479369134311D-19
 0.1611654623058D-04-0.5986108398763D-19 0.1635723823905D-04-0.3515592201280D-19
 0.1045995464936D-05-0.4488785903539D-19 0.6120768470349D-06 0.8121321359759D-19
 0.1182618186070D-05-0.1030772158983D-18 0.1091954804470D-05-0.5827578633908D-19
-0.1635296764970D-03-0.8858022060870D-20-0.1984338844554D-04-0.2773584210050D-20
-0.9789477889308D-05-0.4508153457702D-19-0.1124110729986D-04 0.7381480839315D-19
-0.1179741209643D-02 0.2639783860212D-19-0.5900475428230D-03-0.1706220135668D-20
-0.5911646306242D-03-0.3044993410639D-19-0.1589340640207D-04-0.2464730582409D-20
-0.3302442691846D-04-0.3326345177179D-20-0.5291442234635D-03 0.1907090648828D-19
-0.1059265086257D-02-0.1096028816840D-20-0.5309993911361D-03-0.2608003914256D-19
-0.3624213617765D-04-0.2810536553149D-19-0.3667377371800D-04-0.6469615353270D-19
-0.3827271421096D-04-0.3178903949249D-19-0.3685875681291D-04 0.3789502383991D-19
-0.4078804343426D-04 0.1097027406261D-18-0.4719749769559D-03 0.2849426451866D-21
-0.3488890147993D-04 0.3694394644976D-21-0.3662982561167D-04 0.4303275329319D-19
-0.3746938119526D-04-0.6591340614259D-20-0.3578419284377D-04 0.2415363921623D-19
-0.4167306605069D-03 0.1262544100198D-19-0.4191447170395D-03-0.1876616691343D-19
-0.2920208206352D-04 0.1405218756700D-19-0.2962879486850D-04 0.2614242156537D-19
-0.1718455999125D-04 0.4022895938242D-19-0.1598053737522D-04-0.2394727074362D-19
-0.7317769831116D-03 0.3376055273653D-20-0.7353265343131D-03-0.3175165148581D-19
-0.9729592054875D-05-0.2055360715887D-19-0.2041081014067D-04 0.1561511083605D-19
-0.2269167970786D-04-0.3997978990335D-19-0.2161697923315D-04 0.3681308754380D-19
-0.6334038755701D-03 0.2014408029439D-19-0.8226927349127D-05-0.1022657300157D-19
-0.1336689912696D-04 0.5877911377538D-19 0.5042087815399D-05-0.2770719484246D-19
 0.2380063469874D-05-0.9172355921943D-20 0.3655600392092D-05 0.2565523464296D-19
-0.2326057080735D-03-0.9218813515450D-20-0.1151609353196D-03 0.3220362216213D-20
 0.1917198335806D-04 0.1138567987404D-19 0.1620731187895D-04-0.2243888462518D-19
 0.1396347027912D-04 0.4165426820681D-19 0.1620402782920D-04 0.6969769910609D-20
 0.9226037213220D-05-0.2370079879795D-19 0.5648247199705D-05-0.8576215646317D-20
-0.1920939114925D-03 0.5989508126889D-20-0.1943020228371D-03-0.7331932520081D-20
 0.1576072500104D-04 0.7554577575986D-20 0.3249501141362D-04 0.5278368524814D-20
 0.3212713569680D-04-0.3992250775743D-19 0.2547997651481D-04-0.1324243908851D-19
-0.3152230835719D-03 0.5334266757194D-20-0.3187292816186D-03-0.1199384574526D-19
-0.1577666073507D-03 0.2685275384111D-20 0.4318007181317D-04 0.3646920625098D-20
 0.1944305262426D-04-0.6949369096572D-20-0.4182705013405D-04 0.2542942863575D-20
-0.2529087872155D-03 0.5199166953153D-20 0.5761313641372D-04-0.4191824040550D-20
 0.5606083208531D-04 0.1159538610138D-19 0.5123279142892D-04-0.1071096677755D-19
-0.9828760769017D-04 0.4561256613736D-20 0.3359172197829D-04 0.8974910742146D-21
 0.3343115492501D-04-0.5660866540010D-20 0.6620856613345D-04-0.2291589760987D-19
 0.3175439783900D-04 0.9785320851657D-20 0.6348762458754D-04 0.2043083791012D-19
 0.3238762740330D-04-0.1088005621408D-19 0.6185943279417D-04-0.5338539977843D-20
-0.1472919295261D-03 0.1006791571794D-19-0.1501757615536D-03-0.6093795718330D-20
 0.7293573540042D-04-0.7200488864803D-20 0.7293425599153D-04-0.1763648257153D-19
-0.1057610591554D-03 0.4240587565467D-20 0.7949757180460D-04-0.6495690291473D-20
 0.7936773797179D-04 0.2193869358731D-20 0.7895128783500D-04 0.1208687420693D-21
 0.7781487043815D-04 0.1316281405392D-19 0.7915517479922D-04 0.7289547081637D-20
 0.7665076564514D-04-0.4314294877622D-20 0.3849841588593D-04-0.4253162588196D-20
 0.8226734414178D-04-0.1840007493316D-21 0.8187214411426D-04 0.7068220084869D-20
 0.8082576986175D-04-0.6409534797045D-20-0.2003706621326D-04-0.1114083256669D-20
 0.8311131665828D-04-0.8624990569802D-20 0.8315111465812D-04 0.4270996156707D-20
-0.7491077988179D-05 0.1476983027257D-20-0.7532616321350D-05 0.2240151191986D-20
-0.1490749329756D-04-0.1592462272191D-20-0.1817130829490D-05-0.1017524574976D-20
 0.8151927100309D-04 0.2523656934481D-20 0.8136169813705D-04-0.7171099226673D-20
 0.8129972727842D-04 0.4024000249677D-20 0.8150639397059D-04 0.3153606048036D-20
 0.8163081832746D-04-0.2570427092250D-21 0.4085177575219D-04 0.7320059624962D-20
 0.2388562710906D-05-0.6330906940679D-21 0.2397644492384D-05-0.3091823397202D-20
 0.7918322300359D-04 0.4396198926280D-20 0.7928581022757D-04-0.2291583902389D-20
 0.1914401726765D-04 0.1917655085590D-20 0.1037951107221D-04-0.2256195380802D-20
 0.7247272447145D-04 0.1512213868363D-20 0.7431454144982D-04-0.3128732084205D-21
 0.7517883304882D-04 0.7555976310119D-20 0.3103266438133D-04-0.4057712146399D-21
 0.6574910183554D-04-0.5412089271034D-21 0.6491478201831D-04 0.9170880045929D-21
 0.6690403809579D-04 0.2255944867205D-20 0.1618261205104D-04-0.1136470299136D-20
 0.3402100056137D-04-0.1092102378066D-20 0.1822574013869D-04 0.4549146345794D-21
 0.1998579936107D-04-0.9378002000939D-21 0.2841027693854D-04-0.2873216975835D-21
 0.5718901139909D-04-0.1140413920564D-20 0.5671495118445D-04 0.6568026598413D-21
 0.2790238649850D-04-0.1259438207475D-20 0.5938918286490D-04-0.1163832526113D-20
 0.3024669314078D-04 0.1332852952837D-20 0.1995904735500D-04 0.3720553302198D-21
 0.4034337416646D-04 0.4595761965709D-21 0.4420912221646D-04-0.8808961847129D-21
 0.4697515660836D-04-0.1234000930871D-22 0.4827780305614D-04 0.3913572738829D-21
 0.2396607626926D-04-0.3965273877216D-21 0.3602584532112D-04 0.9255231447585D-22
 0.3692946687174D-04-0.8919825705818D-22 0.3881262156727D-04 0.6537076080915D-22
 0.3787536354024D-04 0.5311076455671D-21 0.4097369969875D-04-0.5804325049714D-21
 0.2021946995357D-04-0.2676467162029D-21 0.2650116445902D-04 0.8572986551983D-21
 0.1370773337775D-04-0.3330925499702D-21 0.1306095954528D-04 0.8459186152057D-21
 0.2795182374562D-04 0.6815171170691D-21 0.2716116394727D-04-0.2842354693907D-21
 0.3713827940258D-04-0.1603710254467D-22 0.3782801225685D-04-0.7578456360079D-21
 0.2050475131448D-04 0.5807080009469D-21 0.1856261285665D-04-0.5998948383299D-22
 0.7269333214104D-05-0.1689583847664D-21 0.1825414706283D-04-0.2619564287281D-20
 0.3311927546451D-04-0.1184463161883D-20 0.3267573722446D-04-0.2118725753021D-21
 0.1779397561618D-04 0.7636597046049D-21 0.3639777977591D-05-0.3606394370129D-21
 0.3882184928959D-05-0.1386849971494D-20 0.4770232591095D-05 0.3117526402052D-20
 0.4322778956577D-05-0.4858746419568D-21 0.4283658534601D-05 0.6954561675689D-21
 0.2928124492879D-04 0.1849639131147D-20-0.6404549468346D-05-0.7184038198201D-21
-0.5954890202614D-05-0.1775812608243D-20-0.2264046629175D-05 0.1487730241448D-20
-0.1644973218500D-04 0.1582520306382D-20-0.1741675831446D-04-0.2018171647146D-20
-0.8660273420486D-05 0.1787371304362D-20-0.7231746699136D-05 0.9432957828068D-21
 0.1560373350374D-04-0.5630136832411D-21-0.2713521947588D-04-0.1478126445746D-21
-0.1295990017598D-04 0.2283204127505D-20-0.2780201669771D-04 0.1321831244527D-20
-0.2643898091921D-04-0.1987868912668D-20-0.1466759405540D-04-0.2158104709668D-20
-0.2791776906415D-04 0.3750616953606D-20-0.2769801528954D-04-0.4463312942324D-20
-0.2695754933354D-04 0.1850736813757D-20 0.8864709664746D-05-0.2293802649592D-20
 0.6281310893756D-05 0.2355369735165D-20-0.3855894386500D-04-0.3793002797991D-21
-0.3783433739094D-04-0.2149727813400D-20-0.3615798805656D-04-0.2573234166690D-20
-0.3889536491175D-04 0.1293082012645D-20-0.4531897029290D-04 0.4457440440057D-20
-0.4610860501592D-04-0.4551064328952D-20-0.3439274929783D-05-0.4196016104312D-21
-0.2630741679036D-04 0.4026579450578D-21-0.5326631188804D-04-0.1647504935855D-20
-0.5253995215695D-04 0.3780045005632D-20-0.5027834335909D-04-0.2482600018145D-20
-0.5589917493906D-04 0.1411480486164D-20-0.2832922026889D-04 0.1264953715127D-20
-0.5406558444342D-05-0.1857880646487D-20-0.5076092458588D-05 0.1019097621943D-20
-0.5935664277480D-04 0.2208691687922D-20-0.6003010991313D-04-0.1835985505683D-20
-0.5858913732735D-04-0.2296113844237D-20-0.6167112470599D-04 0.2333839583401D-20
-0.1489888424663D-04-0.1214595211437D-20-0.1476563506264D-04 0.1999246229868D-20
-0.4031430353516D-05-0.6968243527821D-21-0.6569691597307D-04 0.3122468269230D-21
-0.6563616363407D-04-0.1896731389223D-20-0.3160707636757D-04 0.4202217126363D-20
-0.8981745357698D-05-0.1667823000786D-20-0.9122258642222D-05 0.1091668714495D-20
-0.9434447084960D-05-0.1442854313462D-20-0.7215622299718D-04-0.3126451517030D-21
-0.7003038719239D-04-0.3989536594987D-20-0.6806503946096D-04-0.2142791491629D-20
-0.6751751223087D-04 0.8246747936802D-20-0.6665099798483D-04 0.2451166872791D-21
-0.1226141501769D-04-0.9406278314944D-21-0.3388331696635D-05 0.6796043591396D-21
-0.3919830939339D-04 0.2251847275990D-20-0.7052693442825D-04 0.4181625720834D-21
-0.7235121045026D-04-0.1970374392755D-20-0.7065665612094D-04 0.1619535851846D-20
-0.3548983834938D-04-0.5519822128471D-20-0.3314961221399D-04-0.3383025420577D-20
-0.2558548313564D-04 0.1750341379809D-20-0.2977498610486D-04-0.1942082652956D-20
-0.1209232761787D-04 0.2675314624176D-20-0.7716771197942D-04 0.1033879912334D-20
-0.7464465815213D-04 0.2949285756507D-20-0.7036594803219D-04 0.2663665184115D-21
-0.7667418354597D-04-0.3993943465148D-20-0.1629183677221D-04-0.1536961744177D-20
-0.1307046341532D-04 0.2617756896579D-20-0.7905694566729D-04 0.3647098200049D-20
-0.7825828415184D-04 0.7477126958465D-20-0.3874815192860D-04 0.3295304247601D-20
-0.3771777901805D-04 0.1532004115610D-20-0.7354121937796D-04-0.9955316752912D-20
-0.7564360744812D-04-0.1049617918513D-20-0.7461269766617D-04-0.1606208413007D-20
-0.7311841478548D-04-0.3425274761734D-20-0.7911247777514D-04 0.6262839785433D-20
-0.7110510256663D-04 0.2767228856029D-20-0.3450318648576D-04-0.2069865276115D-20
-0.6884912858770D-05 0.2441969168089D-20-0.4046375578237D-04-0.4315932156814D-21
-0.7535738724027D-04-0.9926728583480D-21-0.2828835651433D-04-0.4382106130942D-20
-0.3376085574467D-04-0.1856666377436D-20-0.1160305330374D-04 0.4711831795959D-20
-0.3726277803088D-04-0.1290021522071D-20-0.5877233580543D-04 0.4139473525982D-21
-0.7712286316124D-04-0.2922806310176D-20-0.1917622164605D-04 0.1110191865543D-20
-0.8957366199030D-05 0.2595813839664D-21-0.7129157271179D-04-0.1039166749344D-20
-0.7234857235087D-04 0.5217623396687D-20-0.5443277798963D-04 0.1908303469610D-20
-0.7183886078999D-04-0.2452319058259D-20-0.5200526522042D-04-0.1112850052041D-20
-0.4828924013079D-04-0.7602037235027D-20-0.1656110660371D-04-0.1543415229310D-20
-0.1405908277106D-04 0.4487709265229D-21-0.6910263791715D-04 0.5738484368394D-20
-0.5445090870150D-04-0.2336744434151D-20-0.6715941294216D-04-0.2514932118458D-20
-0.3697043379432D-05-0.6480340888920D-21-0.4156538432183D-05 0.2045509687682D-20
-0.5275844012214D-04 0.1129616882773D-20-0.4736926496844D-04 0.1462814522942D-20
-0.4722901899230D-04-0.2030249046651D-20-0.4592138487548D-04-0.9951467337657D-21
-0.4593975587250D-04-0.2812588078011D-20-0.4105251578065D-04-0.6427307946579D-20
-0.1146030180407D-04-0.2109088990711D-20-0.6514341793843D-06 0.1858801395700D-20
-0.2585531572021D-04 0.1477715830404D-21-0.2766394992088D-04 0.1334428911836D-20
-0.4236548898944D-04-0.6493155081045D-21-0.3612013356102D-05-0.3305437205188D-20
-0.2648250954098D-05 0.2334629571306D-21-0.6363373260709D-06 0.3524411532453D-20
-0.2116447714512D-04-0.2425774357977D-20-0.1494386707432D-04 0.1612831767516D-20
-0.8909962906714D-05 0.1266597697193D-20-0.2026860739906D-04 0.1848116325181D-20
-0.8150845987744D-05-0.1195196712302D-21-0.1669650022228D-04 0.3536144378521D-20
-0.4243589621091D-05-0.1734216669872D-20-0.2046615759707D-04 0.7434510596176D-21
-0.2132991253630D-04 0.2902633174823D-20-0.1887634868337D-04-0.2104642449118D-20
-0.1995134774902D-04 0.2181880113061D-20 0.1034647835884D-04 0.6890032476914D-22
 0.4159579237812D-05-0.1291154397712D-20-0.1523305732196D-06-0.6708331480602D-21
-0.2073916931976D-05-0.2186904902904D-20 0.2192692440088D-05 0.1775697037548D-20
-0.1162065552425D-04-0.4485497346785D-20-0.4046266826942D-05 0.1040758394375D-20
 0.1698126404456D-04 0.1212271609767D-21 0.3098561457758D-04 0.2913701719271D-20
 0.2180610606430D-04-0.1166014498319D-20 0.5143137166355D-05-0.1098283263014D-20
 0.9052169515564D-05-0.1636159424132D-20 0.8446459693115D-05 0.3294997663636D-20
 0.5964394331667D-05 0.1768235538308D-20 0.3032701698851D-04-0.9572199436366D-21
 0.2976716218129D-04-0.1322689169094D-20 0.4462835649223D-04-0.2233834642528D-20
 0.3498459579272D-04-0.2126356834001D-21 0.3462342475765D-04 0.3387536893247D-20
 0.2894572513854D-04-0.1678223859254D-20 0.1149970337955D-04 0.2042772876645D-20
 0.1040767628198D-04-0.3589746869672D-20 0.9403576653671D-05 0.2813413860924D-20
 0.1968748404541D-04 0.1281737877897D-20 0.5664849211290D-04-0.8368655640513D-22
 0.3551514891518D-04 0.5172469247316D-20 0.4491911785467D-04-0.1629705353606D-20
 0.8411587018636D-04-0.1844815674036D-20 0.3520480433027D-04 0.1007274718766D-20
 0.2671373596332D-04 0.2580813438722D-20 0.3768411132855D-04 0.9831308894781D-21
 0.1838587574113D-04 0.7143025945987D-21 0.7678989059340D-04-0.1938308535208D-20
 0.7142533439748D-04 0.1870332603363D-20 0.3784706177190D-04-0.3643307816057D-21
 0.6866203493818D-04 0.2581681628078D-21 0.6930122946895D-04-0.8077011820856D-21
 0.5785227071886D-04-0.9092178551381D-21 0.5544224103685D-04-0.1394576056033D-20
 0.4026364143648D-04 0.1185836726772D-20 0.4600447358138D-04 0.9584350283112D-21
 0.9095374840364D-04-0.6989145296556D-21 0.7033700251099D-04 0.1739306598424D-20
 0.7107096968666D-04-0.5196958956394D-21 0.8009820782716D-04-0.1668713858538D-21
 0.6933854689377D-04 0.3935654282009D-20 0.7314670565210D-04-0.2176408378550D-20
 0.9642451547615D-04 0.9897574090108D-21 0.6398327703840D-04 0.2826341889001D-21
 0.1132847784024D-03 0.1446173231821D-20 0.4088264592453D-04 0.4769424734687D-21
 0.8795604039619D-04-0.7763610475920D-21 0.8469125897727D-04-0.1297107938338D-20
 0.8469906319734D-04 0.6007328717259D-21 0.9172146229810D-04-0.1813897429973D-20
 0.4739819903767D-04 0.1268390491066D-20 0.5094319514199D-04-0.1020851603774D-20
 0.1175428970908D-03-0.6142372779758D-21 0.8556480419339D-05 0.3064308316282D-21
 0.8213809419133D-04 0.2945832882001D-21 0.4736696150313D-04-0.1277825655012D-21
 0.4776310866408D-04 0.1601615356023D-20 0.9926567714341D-04-0.9324265931368D-21
 0.9537609355205D-04 0.2253735419564D-20 0.8727682987837D-04-0.1531453828364D-20
 0.9084254992041D-04 0.1522160219328D-21 0.2560141825362D-04-0.2622204303311D-20
 0.1128546913979D-03-0.3236758546460D-21 0.1128048034075D-03-0.1449462604134D-20
 0.3930982639236D-04 0.1131486140390D-20 0.8928469481615D-04 0.5205155786687D-21
 0.9767052133783D-04-0.1008970087976D-20 0.1073281705537D-03-0.1332894169212D-20
 0.4404451406310D-04 0.4353970339074D-21 0.5579425029783D-04-0.8342079436934D-21
 0.5056069483658D-04 0.1040132266546D-20 0.1064002643543D-03 0.1338987060092D-20
 0.1094817274919D-03-0.2751774714110D-21 0.1067812562684D-03 0.2307625011949D-20
 0.1077186404028D-03-0.1222479723396D-20 0.1061915248015D-03-0.7537607728984D-21
 0.1023922332593D-03 0.7091602886906D-21 0.9446456838533D-04-0.4037460651425D-20
 0.5720439277138D-04 0.4625674755464D-22 0.5337078782654D-04-0.4348709322707D-21
 0.1001113988830D-03 0.1530652777605D-20
    1
    1    1  120    3
 0.4506958630263D-04 0.4950273486268D-04 0.5435179335840D-04 0.5970139257046D-04
 0.6557736510131D-04 0.7201991999995D-04 0.7906563418275D-04 0.8674914679094D-04
 0.9509986725638D-04 0.1041425377878D-03 0.1138959273551D-03 0.1243708664379D-03
 0.1355702042190D-03 0.1474862080233D-03 0.1601005761980D-03 0.1733815004779D-03
 0.1872837965076D-03 0.2017456915192D-03 0.2166893362731D-03 0.2320174958301D-03
 0.2476148589880D-03 0.2633450852560D-03 0.2790535059364D-03 0.2945652840693D-03
 0.3096905336407D-03 0.3242246097076D-03 0.3379570442415D-03 0.3506753580910D-03
 0.3621792946097D-03 0.3722894014216D-03 0.3808674349062D-03 0.3878294899698D-03
 0.3931709472216D-03 0.3969800443277D-03 0.3994603786528D-03 0.4009342729203D-03
 0.4018489620927D-03 0.4027537998877D-03 0.4042750615069D-03 0.4070570782783D-03
 0.4117058514746D-03 0.4187089713649D-03 0.4283778912241D-03 0.4407886024791D-03
 0.4557668593028D-03 0.4728863364509D-03 0.4915142838482D-03 0.5108623671404D-03
 0.5300667310549D-03 0.5482536959743D-03 0.5646139611266D-03 0.5784494768226D-03
 0.5892195201416D-03 0.5965586753460D-03 0.6002943563765D-03 0.6004419713244D-03
 0.5972025030232D-03 0.5909439946518D-03 0.5821868590495D-03 0.5715776700535D-03
 0.5598661185902D-03 0.5478732885587D-03 0.5364616620298D-03 0.5264980654081D-03
 0.5188167587559D-03 0.5141774872503D-03 0.5132221547096D-03 0.5164304651261D-03
 0.5240747143768D-03 0.5361820470534D-03 0.5525022721744D-03 0.5725014158082D-03
 0.5953781527603D-03 0.6201371087907D-03 0.6457082523637D-03 0.6711448141098D-03
 0.6958518291048D-03 0.7198364267006D-03 0.7438697402540D-03 0.7695268614939D-03
 0.7990197554896D-03 0.8349007478502D-03 0.8796767061035D-03 0.9355099918628D-03
 0.1004022376393D-02 0.1086293552908D-02 0.1182942140273D-02 0.1294313629653D-02
 0.1420636961324D-02 0.1562203027412D-02 0.1719456063957D-02 0.1893087478162D-02
 0.2084036702597D-02 0.2293500449776D-02 0.2522857340484D-02 0.2773603702677D-02
 0.3047213102132D-02 0.3345010214414D-02 0.3667969836321D-02 0.4016531397366D-02
 0.4390331906903D-02 0.4787947019431D-02 0.5206521231189D-02 0.5641377047729D-02
 0.6085465224714D-02 0.6528761328082D-02 0.6957484698798D-02 0.7353316040425D-02
 0.7692561095836D-02 0.7945537473907D-02 0.8076166995771D-02 0.8041956744213D-02
 0.7794123196652D-02 0.7277537533113D-02 0.6429925982839D-02 0.5179992816814D-02
 0.3445269180339D-02 0.1131782790650D-02-0.1860301544921D-02-0.5622225491110D-02
 0.3266502842404D-09 0.3861781303405D-09 0.4561000536620D-09 0.5386671043321D-09
 0.6359908891890D-09 0.7506690619370D-09 0.8856695162555D-09 0.1044437836290D-08
 0.1230901685192D-08 0.1449604015837D-08 0.1705698244342D-08 0.2005029548366D-08
 0.2354319917899D-08 0.2761083815551D-08 0.3233828023048D-08 0.3782033659991D-08
 0.4416357258564D-08 0.5148627888708D-08 0.5991838228500D-08 0.6960245869269D-08
 0.8069420666089D-08 0.9336170836592D-08 0.1077848255898D-07 0.1241547127763D-07
 0.1426710424313D-07 0.1635416250792D-07 0.1869774464553D-07 0.2131920554432D-07
 0.2423957498107D-07 0.2747952191375D-07 0.3105885308064D-07 0.3499678626608D-07
 0.3931198223316D-07 0.4402376229922D-07 0.4915340404237D-07 0.5472724473251D-07
 0.6078006766312D-07 0.6736106850131D-07 0.7453945279309D-07 0.8241267552379D-07
 0.9111213022413D-07 0.1008098109074D-06 0.1117190387706D-06 0.1240937096911D-06
 0.1382189089778D-06 0.1544004766204D-06 0.1729460411907D-06 0.1941487143272D-06
 0.2182647386766D-06 0.2454975759695D-06 0.2759764257858D-06 0.3097429167011D-06
 0.3467296935148D-06 0.3867467469731D-06 0.4294562206663D-06 0.4743545866165D-06
 0.5207398138028D-06 0.5676875089738D-06 0.6140094193159D-06 0.6582247842773D-06
 0.6985134020238D-06 0.7326890521919D-06 0.7581579891632D-06 0.7719126991265D-06
 0.7705220267134D-06 0.7501852226943D-06 0.7068098656350D-06 0.6362047998583D-06
 0.5343482273263D-06 0.3978490963077D-06 0.2245467583416D-06 0.1437055261195D-07
-0.2296748429479D-06-0.5003744644643D-06-0.7853760951095D-06-0.1066683529269D-05
-0.1321193257970D-05-0.1522475974655D-05-0.1644060427886D-05-0.1663465424627D-05
-0.1566159704845D-05-0.1347945916705D-05-0.1015293450528D-05-0.5834372927014D-06
-0.7337491240704D-07 0.4914749104554D-06 0.1087891214750D-05 0.1694756899704D-05
 0.2294061704149D-05 0.2871592774322D-05 0.3417259461637D-05 0.3925425772736D-05
 0.4394758392176D-05 0.4827352428774D-05 0.5225910555140D-05 0.5588025291073D-05
 0.5895680328233D-05 0.6098751883906D-05 0.6091030675928D-05 0.5679080870167D-05
 0.4544980608917D-05 0.2207165022055D-05-0.2016158181385D-05-0.9035034341742D-05
-0.2000648577678D-04-0.3634942080116D-04-0.5977615415268D-04-0.9237238771856D-04
-0.1367666888486D-03-0.1964166320255D-03-0.2760026465378D-03-0.3818569350263D-03
-0.5222964483838D-03-0.7077339227808D-03-0.9505490503678D-03-0.1264944661190D-02
-0.1667189441837D-02-0.2176608170043D-02-0.2817077552933D-02-0.3618040222177D-02
 0.1587556714997D-10 0.1974218526573D-10 0.2443019713891D-10 0.3005510864405D-10
 0.3681900050830D-10 0.4491270079525D-10 0.5456358753273D-10 0.6604249040128D-10
 0.7968475086659D-10 0.9590943517504D-10 0.1152011584447D-09 0.1380935744242D-09
 0.1653356910397D-09 0.1977453713838D-09 0.2363592643328D-09 0.2823692921802D-09
 0.3373056984743D-09 0.4030135929772D-09 0.4816395936090D-09 0.5758025031646D-09
 0.6886796089301D-09 0.8240687733947D-09 0.9865414942007D-09 0.1181491177949D-08
 0.1415236055798D-08 0.1695217043736D-08 0.2029886626564D-08 0.2428826147548D-08
 0.2902516682352D-08 0.3462128118188D-08 0.4118804351467D-08 0.4882895587939D-08
 0.5762549108982D-08 0.6762023224364D-08 0.7879477408750D-08 0.9104596569258D-08
 0.1041612223999D-07 0.1178023102997D-07 0.1314961577845D-07 0.1446494057298D-07
 0.1565776156073D-07 0.1665596460426D-07 0.1739001883329D-07 0.1779960214952D-07
 0.1783848771493D-07 0.1747745891511D-07 0.1670367207867D-07 0.1551789028240D-07
 0.1392952559259D-07 0.1195141827823D-07 0.9594590170509D-08 0.6864667753931D-08
 0.3759448222621D-08 0.2687484468369D-09-0.3624243736155D-08-0.7939218699070D-08
-0.1269297638473D-07-0.1789062040693D-07-0.2351341037022D-07-0.2950172651108D-07
-0.3573225587078D-07-0.4198716106807D-07-0.4791387331378D-07-0.5297282521723D-07
-0.5637187661841D-07-0.5698617316757D-07-0.5326446472658D-07-0.4312660814516D-07
-0.2386302838450D-07 0.7943206132021D-08 0.5643713438989D-07 0.1264036023218D-06
 0.2230009694285D-06 0.3512405098693D-06 0.5151525047756D-06 0.7166452414307D-06
 0.9541810296536D-06 0.1221553713697D-05 0.1507165189765D-05 0.1794173408565D-05
 0.2061639407600D-05 0.2286432030425D-05 0.2445337563908D-05 0.2516843273143D-05
 0.2482300753306D-05 0.2326607640314D-05 0.2038752711220D-05 0.1612692168161D-05
 0.1048837299270D-05 0.3562709580324D-06-0.4445346650676D-06-0.1319012804725D-05
-0.2216751053811D-05-0.3072029544117D-05-0.3808349956212D-05-0.4348822299889D-05
-0.4633930613315D-05-0.4647188473721D-05-0.4447043957793D-05-0.4200261227964D-05
-0.4208047606640D-05-0.4912672308765D-05-0.6871344324769D-05-0.1068839870621D-04
-0.1690992501363D-04-0.2590720236267D-04-0.3780428469110D-04-0.5252845504025D-04
-0.7006164458738D-04-0.9092256859233D-04-0.1168017403373D-03-0.1511262070098D-03
-0.1992222514041D-03-0.2678020581432D-03-0.3638314807974D-03-0.4934119064030D-03
-0.6617941868339D-03-0.8755100735943D-03-0.1146451504928D-02-0.1495959076638D-02
    2    2  120    8
 0.1149622933119D-03 0.1220685652812D-03 0.1296153709116D-03 0.1376298854022D-03
 0.1461412911777D-03 0.1551803259359D-03 0.1647798943434D-03 0.1749746835259D-03
 0.1858018385636D-03 0.1973005023003D-03 0.2095125987623D-03 0.2224823218452D-03
 0.2362569878970D-03 0.2508864843729D-03 0.2664242425705D-03 0.2829265766971D-03
 0.3004538146093D-03 0.3190695610045D-03 0.3388419299869D-03 0.3598427504673D-03
 0.3821489725034D-03 0.4058417160284D-03 0.4310079050493D-03 0.4577392077675D-03
 0.4861338194121D-03 0.5162953197150D-03 0.5483347071781D-03 0.5823690325490D-03
 0.6185237630347D-03 0.6569312613433D-03 0.6977333665212D-03 0.7410797548766D-03
 0.7871308868355D-03 0.8360560493722D-03 0.8880367793779D-03 0.9432646885521D-03
 0.1001945204372D-02 0.1064295228243D-02 0.1130547409595D-02 0.1200947353649D-02
 0.1275758587179D-02 0.1355259460111D-02 0.1439748581834D-02 0.1529541490988D-02
 0.1624976870484D-02 0.1726412583972D-02 0.1834232902289D-02 0.1948844114457D-02
 0.2070682455038D-02 0.2200209398459D-02 0.2337920735992D-02 0.2484340984577D-02
 0.2640033952228D-02 0.2805596599580D-02 0.2981670565418D-02 0.3168935731813D-02
 0.3368123410551D-02 0.3580008631537D-02 0.3805425627415D-02 0.4045259364791D-02
 0.4300462507072D-02 0.4572046563443D-02 0.4861101405796D-02 0.5168784652014D-02
 0.5496344620210D-02 0.5845108746684D-02 0.6216508765670D-02 0.6612068907252D-02
 0.7033434673847D-02 0.7482358768430D-02 0.7960735139578D-02 0.8470583492708D-02
 0.9014086826056D-02 0.9593575773722D-02 0.1021157160080D-01 0.1087076742594D-01
 0.1157407871758D-01 0.1232462292101D-01 0.1312577512978D-01 0.1398114711576D-01
 0.1489465114422D-01 0.1587047482416D-01 0.1691315523864D-01 0.1802755140049D-01
 0.1921892638772D-01 0.2049291860659D-01 0.2185563545912D-01 0.2331361948241D-01
 0.2487395721432D-01 0.2654424298053D-01 0.2833270076374D-01 0.3024814835314D-01
 0.3230013973592D-01 0.3449892510376D-01 0.3685562072045D-01 0.3938217198360D-01
 0.4209154837396D-01 0.4499771555356D-01 0.4811586702400D-01 0.5146239554209D-01
 0.5505516941816D-01 0.5891350717951D-01 0.6305848721078D-01 0.6751291265254D-01
 0.7230166266708D-01 0.7745162013873D-01 0.8299204407180D-01 0.8895446626151D-01
 0.9537307028038D-01 0.1022845505701D+00 0.1097285469999D+00 0.1177474964783D+00
 0.1263871844829D+00 0.1356966945003D+00 0.1457291527382D+00 0.1565418240855D+00
 0.1681970956168D+00 0.1807626202342D+00 0.1943123464997D+00 0.2089264536206D+00
-0.9049530657333D-08-0.1020302587788D-07-0.1150377536897D-07-0.1297056838050D-07
-0.1462461605329D-07-0.1648981906294D-07-0.1859314143784D-07-0.2096496974411D-07
-0.2363958359762D-07-0.2665560758634D-07-0.3005661361064D-07-0.3389169897246D-07
-0.3821623136905D-07-0.4309259419854D-07-0.4859114577860D-07-0.5479114028633D-07
-0.6178193732542D-07-0.6966420009090D-07-0.7855141367764D-07-0.8857138117614D-07
-0.9986814255641D-07-0.1126039208540D-06-0.1269614772880D-06-0.1431465890071D-06
-0.1613910588509D-06-0.1819557925372D-06-0.2051346187463D-06-0.2312581120810D-06
-0.2606984697152D-06-0.2938743023549D-06-0.3312566953200D-06-0.3733752572905D-06
-0.4208257505259D-06-0.4742776179073D-06-0.5344835195794D-06-0.6022887121030D-06
-0.6786429878586D-06-0.7646123051387D-06-0.8613935607884D-06-0.9703292045964D-06
-0.1092925396694D-05-0.1230869953712D-05-0.1386054894132D-05-0.1560598524730D-05
-0.1756873057321D-05-0.1977531533683D-05-0.2225541825255D-05-0.2504219083513D-05
-0.2817267253275D-05-0.3168818391457D-05-0.3563482505359D-05-0.4006394902587D-05
-0.4503276281205D-05-0.5060489024574D-05-0.5685108535644D-05-0.6384990362856D-05
-0.7168855018353D-05-0.8046365963433D-05-0.9028230681169D-05-0.1012629150549D-04
-0.1135364463906D-04-0.1272474579373D-04-0.1425555210351D-04-0.1596364318675D-04
-0.1786839136605D-04-0.1999110596309D-04-0.2235523687420D-04-0.2498655002816D-04
-0.2791338107177D-04-0.3116685556206D-04-0.3478121395234D-04-0.3879410525471D-04
-0.4324702304612D-04-0.4818571155175D-04-0.5366077728764D-04-0.5972828529144D-04
-0.6645063694559D-04-0.7389746941929D-04-0.8214695685950D-04-0.9128716934537D-04
-0.1014180138602D-03-0.1126533023531D-03-0.1251236071585D-03-0.1389793514450D-03
-0.1543949652927D-03-0.1715733467017D-03-0.1907517354407D-03-0.2122079712106D-03
-0.2362684347310D-03-0.2633163881710D-03-0.2938022678943D-03-0.3282541203041D-03
-0.3672900898637D-03-0.4116305586218D-03-0.4621121640974D-03-0.5197004912404D-03
-0.5855043416386D-03-0.6607874192103D-03-0.7469811789806D-03-0.8456940323428D-03
-0.9587221789088D-03-0.1088056751782D-02-0.1235895171715D-02-0.1404651506967D-02
-0.1596977672400D-02-0.1815790143659D-02-0.2064319128175D-02-0.2346174017587D-02
-0.2665445479030D-02-0.3026833353555D-02-0.3435821537792D-02-0.3898875780699D-02
-0.4423680746747D-02-0.5019373049842D-02-0.5696778615251D-02-0.6468594053167D-02
-0.7349529362311D-02-0.8356356150949D-02-0.9507930277575D-02-0.1082517992018D-01
 0.7939082605483D-08 0.8944957270580D-08 0.1007870079846D-07 0.1135661437148D-07
 0.1279708621338D-07 0.1442085183058D-07 0.1625130646543D-07 0.1831483872125D-07
 0.2064124069434D-07 0.2326409917138D-07 0.2622134425821D-07 0.2955576057656D-07
 0.3331566169073D-07 0.3755555136136D-07 0.4233701912331D-07 0.4772953597651D-07
 0.5381162934578D-07 0.6067192307131D-07 0.6841060087412D-07 0.7714077606236D-07
 0.8699036392606D-07 0.9810382660323D-07 0.1106446173070D-06 0.1247974111228D-06
 0.1407712387475D-06 0.1588023828701D-06 0.1791584081899D-06 0.2021419780379D-06
 0.2280959787020D-06 0.2574084795769D-06 0.2905194462240D-06 0.3279271081241D-06
 0.3701966591204D-06 0.4179687127890D-06 0.4719704692868D-06 0.5330267141553D-06
 0.6020745380912D-06 0.6801777299994D-06 0.7685457955493D-06 0.8685530364880D-06
 0.9817635572288D-06 0.1109956113649D-05 0.1255156959630D-05 0.1419672752208D-05
 0.1606133636308D-05 0.1817536672862D-05 0.2057302748177D-05 0.2329333595877D-05
 0.2638087056209D-05 0.2988652806803D-05 0.3386851229058D-05 0.3839333790189D-05
 0.4353713384307D-05 0.4938697672805D-05 0.5604260216952D-05 0.6361817138324D-05
 0.7224453086782D-05 0.8207152755016D-05 0.9327098389731D-05 0.1060397568827D-04
 0.1206036065680D-04 0.1372212105362D-04 0.1561892223696D-04 0.1778474581621D-04
 0.2025854575302D-04 0.2308492159795D-04 0.2631495659707D-04 0.3000707892858D-04
 0.3422813174047D-04 0.3905446059394D-04 0.4457325638155D-04 0.5088391750720D-04
 0.5809971851657D-04 0.6634947685768D-04 0.7577960243940D-04 0.8655611731455D-04
 0.9886711960555D-04 0.1129251913137D-03 0.1289703432944D-03 0.1472728215861D-03
 0.1681365986468D-03 0.1919026605419D-03 0.2189531171563D-03 0.2497150822449D-03
 0.2846656594676D-03 0.3243366287071D-03 0.3693207280886D-03 0.4202777794119D-03
 0.4779429999770D-03 0.5431355529644D-03 0.6167704041675D-03 0.6998709651070D-03
 0.7935865985792D-03 0.8992119701234D-03 0.1018213253507D-02 0.1152257197476D-02
 0.1303249529005D-02 0.1473377043785D-02 0.1665160814189D-02 0.1881512929063D-02
 0.2125805056849D-02 0.2401937950658D-02 0.2714421256284D-02 0.3068449187163D-02
 0.3469983558771D-02 0.3925825825831D-02 0.4443695694803D-02 0.5032296961035D-02
 0.5701398072416D-02 0.6461910989124D-02 0.7326013698941D-02 0.8307300908035D-02
 0.9421026755203D-02 0.1068441779347D-01 0.1211712155652D-01 0.1374173769738D-01
 0.1558447633549D-01 0.1767582612211D-01 0.2005125338177D-01 0.2275176718607D-01
-0.1014944551441D-10-0.1215994021275D-10-0.1456920472117D-10-0.1745536902434D-10
-0.2091404389946D-10-0.2505856570916D-10-0.3002267222698D-10-0.3597220334591D-10
-0.4310007946798D-10-0.5163983142759D-10-0.6187169823009D-10-0.7413025620323D-10
-0.8881688745830D-10-0.1064119498531D-09-0.1274907200802D-09-0.1527427336772D-09
-0.1829935824023D-09-0.2192302180146D-09-0.2626363509630D-09-0.3146281983830D-09
-0.3769005813338D-09-0.4514820274603D-09-0.5408001766840D-09-0.6477595372965D-09
-0.7758340515100D-09-0.9291804438085D-09-0.1112768510146D-08-0.1332541105697D-08
-0.1595599095060D-08-0.1910432211282D-08-0.2287181598971D-08-0.2737960458325D-08
-0.3277232328571D-08-0.3922261838298D-08-0.4693649473487D-08-0.5615966380132D-08
-0.6718509540032D-08-0.8036192282125D-08-0.9610601431396D-08-0.1149124847906D-07
-0.1373704406472D-07-0.1641803988925D-07-0.1961748227331D-07-0.2343422447009D-07
-0.2798556184544D-07-0.3341055727374D-07-0.3987393098065D-07-0.4757060090873D-07
-0.5673098003028D-07-0.6762711800674D-07-0.8057983564690D-07-0.9596694720761D-07
-0.1142327391698D-06-0.1358988244399D-06-0.1615765447720D-06-0.1919810428326D-06
-0.2279471593391D-06-0.2704472607536D-06-0.3206110957670D-06-0.3797476802985D-06
-0.4493692078060D-06-0.5312167883417D-06-0.6272877519309D-06-0.7398639696330D-06
-0.8715404992483D-06-0.1025253385503D-05-0.1204305191970D-05-0.1412386124161D-05
-0.1653588197043D-05-0.1932408797966D-05-0.2253739500586D-05-0.2622834372672D-05
-0.3045251358497D-05-0.3526758373474D-05-0.4073194834680D-05-0.4690277175404D-05
-0.5383336268620D-05-0.6156972271584D-05-0.7014613005743D-05-0.7957959987335D-05
-0.8986309303351D-05-0.1009573433347D-04-0.1127812478854D-04-0.1252008038526D-04
-0.1380167208706D-04-0.1509509427849D-04-0.1636325628875D-04-0.1755838070039D-04
-0.1862071343765D-04-0.1947747753625D-04-0.2004224983819D-04-0.2021496579177D-04
-0.1988280285356D-04-0.1892219307270D-04-0.1720222995468D-04-0.1458966065267D-04
-0.1095558867365D-04-0.6183793380545D-05-0.1803635555573D-06 0.7116092530719D-05
 0.1572477588821D-04 0.2561533609486D-04 0.3670503269779D-04 0.4886331416284D-04
 0.6192681529490D-04 0.7572798245367D-04 0.9013950880460D-04 0.1051356890471D-03
 0.1208687360542D-03 0.1377551993162D-03 0.1565623784492D-03 0.1784811462278D-03
 0.2051665980649D-03 0.2387286542282D-03 0.2816564338116D-03 0.3366730838054D-03
 0.4065329902183D-03 0.4938021670309D-03 0.6006857999963D-03 0.7289944285780D-03
-0.4395431476603D-11-0.5263656301463D-11-0.6304399842788D-11-0.7549870100603D-11
-0.9042427000184D-11-0.1082977310630D-10-0.1296967521108D-10-0.1553340377785D-10
-0.1860356016854D-10-0.2227975382503D-10-0.2668312162127D-10-0.3195562986326D-10
-0.3826947853831D-10-0.4582957946280D-10-0.5488107358655D-10-0.6571913170632D-10
-0.7869562230351D-10-0.9422996096414D-10-0.1128269929908D-09-0.1350882254573D-09
-0.1617332645017D-09-0.1936244123304D-09-0.2317905269921D-09-0.2774600988089D-09
-0.3321052855620D-09-0.3974804760926D-09-0.4756858708050D-09-0.5692264106938D-09
-0.6810903114929D-09-0.8148489673591D-09-0.9747612110451D-09-0.1165904549286D-08
-0.1394335588331D-08-0.1667269526814D-08-0.1993303196077D-08-0.2382671339146D-08
-0.2847555008864D-08-0.3402441757514D-08-0.4064553583351D-08-0.4854351283744D-08
-0.5796122774253D-08-0.6918683597705D-08-0.8256191156976D-08-0.9849100531435D-08
-0.1174528165869D-07-0.1400132512868D-07-0.1668405866724D-07-0.1987230429902D-07
-0.2365892605737D-07-0.2815317793734D-07-0.3348341304229D-07-0.3980018671827D-07
-0.4727980200396D-07-0.5612833185075D-07-0.6658616960644D-07-0.7893314150348D-07
-0.9349421360200D-07-0.1106458052882D-06-0.1308227342724D-06-0.1545257415172D-06
-0.1823295831175D-06-0.2148915579938D-06-0.2529603556377D-06-0.2973850091017D-06
-0.3491236347850D-06-0.4092516066683D-06-0.4789686297542D-06-0.5596040922573D-06
-0.6526199123800D-06-0.7596099623118D-06-0.8822950045603D-06-0.1022511929320D-05
-0.1182196091638D-05-0.1363355448247D-05-0.1568035428427D-05-0.1798273856257D-05
-0.2056045685411D-05-0.2343198768111D-05-0.2661382800831D-05-0.3011976852646D-05
-0.3396022699298D-05-0.3814177152370D-05-0.4266699929510D-05-0.4753503188944D-05
-0.5274293839353D-05-0.5828854029681D-05-0.6417510552835D-05-0.7041862579311D-05
-0.7705839661192D-05-0.8417181314611D-05-0.9189421849071D-05-0.1004447641209D-04
-0.1101589106087D-04-0.1215281381702D-04-0.1352466155791D-04-0.1522642266989D-04
-0.1738438183386D-04-0.2016198865077D-04-0.2376537134989D-04-0.2844794787373D-04
-0.3451336018025D-04-0.4231606785268D-04-0.5225888478212D-04-0.6478726927443D-04
-0.8038057861867D-04-0.9954179430109D-04-0.1227882334301D-03-0.1506479084862D-03
-0.1836674328374D-03-0.2224395158445D-03-0.2676577673575D-03-0.3202064855221D-03
-0.3812879222396D-03-0.4525844349229D-03-0.5364408137439D-03-0.6360429346321D-03
-0.7555551457864D-03-0.9001785758936D-03-0.1076095867422D-02-0.1290300949370D-02
 0.3852531500884D-16 0.1018091502251D-14 0.3270112835237D-15 0.2182692490333D-14
 0.2142418254603D-14 0.2646359980171D-14 0.4246683924610D-14 0.4719202921066D-14
 0.6501656993749D-14 0.8588812129117D-14 0.1052891798368D-13 0.1320042530624D-13
 0.1692405026318D-13 0.2146206834312D-13 0.2790479775927D-13 0.3544981649825D-13
 0.4506425735038D-13 0.5803969076662D-13 0.7421345136215D-13 0.9451921415197D-13
 0.1197620271386D-12 0.1521679069269D-12 0.1932684393079D-12 0.2462246782911D-12
 0.3131530251807D-12 0.3994429618876D-12 0.5073023953891D-12 0.6438428460466D-12
 0.8196115647814D-12 0.1042121136957D-11 0.1325802166630D-11 0.1684293038745D-11
 0.2140369136120D-11 0.2719757313185D-11 0.3455698723731D-11 0.4390154764188D-11
 0.5575535120452D-11 0.7081269262024D-11 0.8991221875837D-11 0.1141381022807D-10
 0.1448648798364D-10 0.1838190195287D-10 0.2331969231500D-10 0.2957590994015D-10
 0.3749889171843D-10 0.4753087685989D-10 0.6022553086721D-10 0.7628527933109D-10
 0.9658904407722D-10 0.1222477863251D-09 0.1546518472036D-09 0.1955518675604D-09
 0.2471424175668D-09 0.3121699279907D-09 0.3940727956365D-09 0.4971442500293D-09
 0.6267406715473D-09 0.7895352902807D-09 0.9938182809452D-09 0.1249883297888D-08
 0.1570469357491D-08 0.1971318781845D-08 0.2471829154331D-08 0.3095840861696D-08
 0.3872565997736D-08 0.4837682269813D-08 0.6034605800745D-08 0.7515965082096D-08
 0.9345264505668D-08 0.1159876664982D-07 0.1436753684114D-07 0.1775966218164D-07
 0.2190250468128D-07 0.2694495711467D-07 0.3305944040412D-07 0.4044348177954D-07
 0.4932040310500D-07 0.5993881016838D-07 0.7257003891286D-07 0.8750298666758D-07
 0.1050350208306D-06 0.1254580655101D-06 0.1490379078289D-06 0.1759855901311D-06
 0.2064182846759D-06 0.2403085421027D-06 0.2774190689868D-06 0.3172228282038D-06
 0.3588063004755D-06 0.4007585267948D-06 0.4410464813989D-06 0.4768852560648D-06
 0.5046095133628D-06 0.5195647612950D-06 0.5160340833829D-06 0.4872321343338D-06
 0.4253918772569D-06 0.3219858864999D-06 0.1681076963991D-06-0.4495342829120D-07
-0.3249510065143D-06-0.6777554847808D-06-0.1106366276109D-05-0.1610020015214D-05
-0.2183679020125D-05-0.2818273494168D-05-0.3502205294284D-05-0.4224673466247D-05
-0.4981394655903D-05-0.5783136997960D-05-0.6667160055596D-05-0.7711089165458D-05
-0.9047973667341D-05-0.1088040232449D-04-0.1349080927085D-04-0.1724491091121D-04
-0.2258615107703D-04-0.3002157930058D-04-0.4010431140627D-04-0.5342408161850D-04
-0.2036653731353D-13-0.2624193480034D-13-0.3348768638456D-13-0.4285742254589D-13
-0.5457807844953D-13-0.6934729795659D-13-0.8836598743160D-13-0.1123640986108D-12
-0.1431792160039D-12-0.1822533019150D-12-0.2317095411559D-12-0.2948447957484D-12
-0.3751907313701D-12-0.4773905027015D-12-0.6076976569968D-12-0.7735135654021D-12
-0.9835929797453D-12-0.1252038897738D-11-0.1592755452118D-11-0.2026651378302D-11
-0.2578512629317D-11-0.3280499419452D-11-0.4173180419346D-11-0.5309372274349D-11
-0.6754518761228D-11-0.8592489720936D-11-0.1093030800978D-10-0.1390311614181D-10
-0.1768420876060D-10-0.2249292057111D-10-0.2860664296366D-10-0.3637964811690D-10
-0.4626146792625D-10-0.5882295452135D-10-0.7478912862519D-10-0.9507904964453D-10
-0.1208609619859D-09-0.1536166094332D-09-0.1952248198832D-09-0.2480681899523D-09
-0.3151688607823D-09-0.4003539277077D-09-0.5084731516484D-09-0.6456662777323D-09
-0.8197052833195D-09-0.1040420783907D-08-0.1320242738053D-08-0.1674879673717D-08
-0.2124168090229D-08-0.2693144469889D-08-0.3413383782969D-08-0.4324678297832D-08
-0.5477134118839D-08-0.6933788225951D-08-0.8773870191398D-08-0.1109685750436D-07
-0.1402751329588D-07-0.1772212194700D-07-0.2237619902714D-07-0.2823399583961D-07
-0.3560017742964D-07-0.4485414185968D-07-0.5646750443459D-07-0.7102537133512D-07
-0.8925211986761D-07-0.1120424903411D-06-0.1404988905866D-06-0.1759758967102D-06
-0.2201329741500D-06-0.2749964864509D-06-0.3430319550376D-06-0.4272274489326D-06
-0.5311885934692D-06-0.6592453142516D-06-0.8165695091204D-06-0.1009301917136D-05
-0.1244684628411D-05-0.1531193849487D-05-0.1878664265498D-05-0.2298393168544D-05
-0.2803207225990D-05-0.3407469879244D-05-0.4126999602685D-05-0.4978862775024D-05
-0.5980995037398D-05-0.7151598367645D-05-0.8508251173749D-05-0.1006666624857D-04
-0.1183902697546D-04-0.1383184297893D-04-0.1604327865361D-04-0.1845994765441D-04
-0.2105321304937D-04-0.2377512294698D-04-0.2655421272366D-04-0.2929156454514D-04
-0.3185767925558D-04-0.3409093676919D-04-0.3579860968735D-04-0.3676159642922D-04
-0.3674410976118D-04-0.3550952179943D-04-0.3284321860191D-04-0.2858266877154D-04
-0.2265373111576D-04-0.1511057596494D-04-0.6174364664611D-05 0.3736698795090D-05
 0.1399587859251D-04 0.2378673932614D-04 0.3216423078869D-04 0.3816725291735D-04
 0.4098505784524D-04 0.4016800732448D-04 0.3585643384108D-04 0.2898177534342D-04
 0.2137634476699D-04 0.1571986922235D-04 0.1526247638260D-04 0.2330495296899D-04
-0.1217937362386D-14-0.1368541627141D-14-0.1625859197045D-14-0.1877699953925D-14
-0.2455650775429D-14-0.3246808286628D-14-0.3360605368621D-14-0.4903431707253D-14
-0.6039566719210D-14-0.7319229350585D-14-0.9679896865155D-14-0.1216999209697D-13
-0.1561216842989D-13-0.1993820239463D-13-0.2474337945996D-13-0.3145050852398D-13
-0.4014461916445D-13-0.5090374950656D-13-0.6462973767386D-13-0.8210215477468D-13
-0.1043638703429D-12-0.1331613248323D-12-0.1699960056535D-12-0.2163958810379D-12
-0.2756284952627D-12-0.3508037799935D-12-0.4468600436278D-12-0.5694380478554D-12
-0.7253607547903D-12-0.9238294763156D-12-0.1176947274694D-11-0.1499623397634D-11
-0.1910854976606D-11-0.2435273033420D-11-0.3103117497308D-11-0.3954909687807D-11
-0.5040491793074D-11-0.6424416994379D-11-0.8189077554401D-11-0.1043866893054D-10
-0.1330636371178D-10-0.1696295811188D-10-0.2162486115905D-10-0.2756978339496D-10
-0.3515004610790D-10-0.4481579566343D-10-0.5714135807065D-10-0.7285767227068D-10
-0.9289805706803D-10-0.1184518938678D-09-0.1510363310633D-09-0.1925827700765D-09
-0.2455537950040D-09-0.3130873019961D-09-0.3991800350566D-09-0.5089226928162D-09
-0.6487948377001D-09-0.8270453847326D-09-0.1054167739550D-08-0.1343507467425D-08
-0.1712028280083D-08-0.2181283074548D-08-0.2778633359315D-08-0.3538799068340D-08
-0.4505794711016D-08-0.5735375669682D-08-0.7298096761970D-08-0.9283144257122D-08
-0.1180311651105D-07-0.1499997777474D-07-0.1905243481305D-07-0.2418506863526D-07
-0.3067956058550D-07-0.3888845798318D-07-0.4925193225253D-07-0.6231809324852D-07
-0.7876738452785D-07-0.9944169124502D-07-0.1253786658282D-06-0.1578517976149D-06
-0.1984164231487D-06-0.2489617306346D-06-0.3117680674343D-06-0.3895683418128D-06
-0.4856108941229D-06-0.6037200047701D-06-0.7483477166008D-06-0.9246084132625D-06
-0.1138283695933D-05-0.1395781559509D-05-0.1704028631169D-05-0.2070269850193D-05
-0.2501744631230D-05-0.3005205611821D-05-0.3586244630851D-05-0.4248395045668D-05
-0.4991990791448D-05-0.5812786154862D-05-0.6700379475269D-05-0.7636544149882D-05
-0.8593656154030D-05-0.9533519520952D-05-0.1040703004438D-04-0.1115527006580D-04
-0.1171277490577D-04-0.1201381358194D-04-0.1200252674322D-04-0.1164758588875D-04
-0.1096158245260D-04-0.1002454533763D-04-0.9009748017437D-05-0.8208367395086D-05
-0.8047755376310D-05-0.9096563722925D-05-0.1204941942127D-04-0.1768534438275D-04
-0.2679881609386D-04-0.4011120425548D-04-0.5818344731464D-04-0.8136647006161D-04
