  -1.1059831631748274E-018   1.8805081446524690E-020  -5.5136532870828792E-019   9.9999999999999995E-021
  -5.0847247475583875E-019  -6.2372377859695639E-019  -5.7160484740862142E-019  -4.2857728003224325E-019
   9.2082700382378350E-021   8.8634994643220681E-021   8.6861584850390774E-021   8.5229027421880250E-021
  -1.5736763939049768E-018   2.7219741918836665E-020  -1.1059831631748274E-018   1.8805081446524690E-020
  -4.4337176853568376E-019  -4.8891523546119262E-019  -4.7611257637225060E-019  -4.3273199217832616E-019
   8.5947709182485100E-021   8.4274353202975628E-021   8.3800144396926952E-021   8.2782923956428400E-021
  -2.0215003998460551E-018   3.5395011460902923E-020  -1.5736763939049768E-018   2.7219741918836665E-020
  -4.3676203619832634E-019  -4.5726874737109080E-019  -4.5257602377691640E-019  -4.3049245715212986E-019
   8.2940100799561732E-021   8.1798937293506684E-021   8.1591169429246904E-021   8.0795858278906658E-021
  -2.4591043883293733E-018   4.3390746629356805E-020  -2.0215003998460551E-018   3.5395011460902923E-020
  -4.3210828442240726E-019  -4.4282283510938352E-019  -4.4058989395720079E-019  -4.2669018834433427E-019
   8.0854183770749794E-021   7.9979528870689169E-021   7.9864005360665485E-021   7.9202857873773791E-021
  -2.8894356340279587E-018   5.1241134672917559E-020  -2.4591043883293733E-018   4.3390746629356805E-020
  -4.2748513934137871E-019  -4.3361053327232694E-019  -4.3236027590172128E-019  -4.2256071650203688E-019
   7.9230695504256792E-021   7.8516583949898713E-021   7.8442980880905777E-021   7.7873457447779669E-021
   1.4351500127479752E-017   3.2544017950244579E-020   4.8785169890501092E-018   9.9999999999999995E-021
   7.9897609877981855E-018   7.7979091538829852E-018   9.6929335510394378E-018   1.3866452432934829E-017
   1.7005279200717095E-020   2.1946348930826316E-020   2.3489469634764867E-020   2.7387191369568011E-020
   2.8809585158625711E-017   6.4146192199037911E-020   1.4351500127479752E-017   3.2544017950244579E-020
   1.3379273899313233E-017   1.3537017030040265E-017   1.4583007070866356E-017   1.7129188085749263E-017
   2.6753821760004473E-020   3.1261680630926617E-020   3.2211582277570512E-020   3.5912697915761253E-020
   4.6841825097810412E-017   1.0408430214209979E-019   2.8809585158625711E-017   6.4146192199037911E-020
   1.6918861290715174E-017   1.7485986049664015E-017   1.8097614964158316E-017   2.0107376316748362E-017
   3.5647704268782084E-020   3.9683797693898469E-020   4.0384125945421968E-020   4.3845108110948282E-020
   6.7913805013629183E-017   1.5172355421878378E-019   4.6841825097810412E-017   1.0408430214209979E-019
   1.9987888169626740E-017   2.0702267980520477E-017   2.1117052984207981E-017   2.2805349395828976E-017
   4.3708917985522531E-020   4.7443056141727114E-020   4.7980237678726781E-020   5.1280006833673626E-020
   9.1675874323412240E-017   2.0659935838818681E-019   6.7913805013629183E-017   1.5172355421878378E-019
   2.2732748035134725E-017   2.3490424923724039E-017   2.3797901356511813E-017   2.5263015263091933E-017
   5.1197969811827989E-020   5.4719216241777636E-020   5.5146743746140650E-020   5.8324935228753626E-020
   6.3361040491355443E-017   6.0587036985405906E-020   1.1462814839245656E-017   9.9999999999999995E-021
   2.9261694698227476E-017   3.7948782207689449E-017   5.5649644710319347E-017   9.4930805378413630E-017
   2.6459964894100749E-020   4.3750109205417785E-020   5.4218217379162193E-020   8.1125603849174743E-020
   1.8434597384763104E-016   1.7314654470496972E-019   6.3361040491355443E-017   6.0587036985405906E-020
   8.9541292951177530E-017   1.0728149846778329E-016   1.2599126517626742E-016   1.6982277989837463E-016
   7.6570113858093197E-020   1.0580833952765186E-019   1.1709128866542543E-019   1.5298767607313513E-019
   3.9036416738014860E-016   3.6713228331454600E-019   1.8434597384763104E-016   1.7314654470496972E-019
   1.6555029211000957E-016   1.9398046295961789E-016   2.1083534711927686E-016   2.6092724892730643E-016
   1.4899809745875477E-019   1.8732457707063961E-019   1.9900309401824951E-019   2.4226099202092446E-019
   6.9551663292342309E-016   6.5937780829716940E-019   3.9036416738014860E-016   3.6713228331454600E-019
   2.5728172466689475E-016   2.9433727401950611E-016   3.0985043074772123E-016   3.6525765905829761E-016
   2.3918765799676781E-019   2.8583304333585280E-019   2.9735850178111647E-019   3.4790240166503418E-019
   1.1119484510150929E-015   1.0653830298197210E-018   6.9551663292342309E-016   6.5937780829716940E-019
   3.6230917690984671E-016   4.0653827524390372E-016   4.2102393418827694E-016   4.8115731277581053E-016
   3.4543727359771224E-019   3.9985777956834821E-019   4.1107536066506336E-019   4.6872777507077513E-019
   1.8548674086330894E-016   1.0987525402742435E-019   1.8319326430204996E-017   9.9999999999999995E-021
   6.4189530448205399E-017   1.0277410517780594E-016   1.7970175425416864E-016   3.7386323728646919E-016
   3.6305534386926356E-020   7.3374735850180066E-020   1.0662765431987459E-019   2.0294120943751042E-019
   7.8545661676763176E-016   4.5998016375743349E-019   1.8548674086330894E-016   1.0987525402742435E-019
   3.5275239764195850E-016   4.8878501398398552E-016   6.3667217895789527E-016   9.9615247190021680E-016
   1.9041038418453939E-019   3.0376975449502796E-019   3.6811976038978806E-019   5.6644004442588348E-019
   2.1869640357871653E-015   1.2858422380291628E-018   7.8545661676763176E-016   4.5998016375743349E-019
   9.6051460624087787E-016   1.2569489430469293E-015   1.4569875346388797E-015   2.0206569525047045E-015
   5.4226121745347398E-019   7.6123230470299276E-019   8.5719421653699116E-019   1.1760581856969332E-018
   4.8282744484600463E-015   2.8660002630064030E-018   2.1869640357871653E-015   1.2858422380291628E-018
   1.9731253499258394E-015   2.4693007569559869E-015   2.7149299101739507E-015   3.5062757918515723E-015
   1.1472754210768595E-018   1.4996154040408951E-018   1.6236924859458497E-018   2.0870569488130924E-018
   9.2043828065864626E-015   5.5273836718949266E-018   4.8282744484600463E-015   2.8660002630064030E-018
   3.4538672776608337E-015   4.1804356931814426E-015   4.4668000750135794E-015   5.5083113347076153E-015
   2.0557448374569189E-018   2.5666118295212128E-018   2.7160582958212492E-018   3.3472153651892961E-018
   4.4759896709208960E-016   1.9040160703590962E-019   2.5275495728603289E-017   9.9999999999999995E-021
   1.1294582427105678E-016   2.1488767142514650E-016   4.4239328109674324E-016   1.1064330988660816E-015
   4.6294206807686850E-020   1.1064418286351937E-019   1.8730353398733043E-019   4.4022000170607131E-019
   2.7396312643118069E-015   1.1606099383136774E-018   4.4759896709208960E-016   1.9040160703590962E-019
   1.0695837533312127E-015   1.6858141351798261E-015   2.4440002034847120E-015   4.4229813526580152E-015
   4.2211078046054065E-019   7.6255923953285218E-019   1.0194516742821614E-018   1.8351173795760378E-018
   1.0036379512305914E-014   4.2764768037005811E-018   2.7396312643118069E-015   1.1606099383136774E-018
   4.2543823132151374E-015   6.1502162467814560E-015   7.6622972596540707E-015   1.1901080161878456E-014
   1.7434529947374344E-018   2.7044948640741491E-018   3.2554470076240835E-018   5.0318644541875236E-018
   2.7506860597343408E-014   1.1843808166599394E-017   1.0036379512305914E-014   4.2764768037005811E-018
   1.1534110524862019E-014   1.5675485690849735E-014   1.8135643512402485E-014   2.5666517578858514E-014
   4.8589352298985489E-018   6.9002208055053657E-018   7.8358915599588140E-018   1.1072828216565971E-017
   6.2647464841030024E-014   2.7306100851278215E-017   2.7506860597343408E-014   1.1843808166599394E-017
   2.5105533702092885E-014   3.2608393675607242E-014   3.6181204644093179E-014   4.8158895120625987E-014
   1.0814874869353746E-017   1.4494921347879791E-017   1.5893135048654100E-017   2.1182768445651396E-017
   9.5136869190638291E-016   3.1455220655517921E-019   3.2278528064718206E-017   9.9999999999999995E-021
   1.7558337083650398E-016   3.8684390000732717E-016   9.2276519393960931E-016   2.7197394243196110E-015
   5.6350171945503702E-020   1.5550458779663583E-019   3.0296990200471336E-019   8.5401408778287319E-019
   8.3137316131113558E-015   2.7543468489458130E-018   9.5136869190638291E-016   3.1455220655517921E-019
   2.7377415643002057E-015   4.8406651223933779E-015   7.7923621805353130E-015   1.6170381357072253E-014
   8.5212113197718829E-019   1.7180107014682540E-018   2.5354894282527708E-018   5.2796464629245632E-018
   3.9930848930080461E-014   1.3323634634614909E-017   8.3137316131113558E-015   2.7543468489458130E-018
   1.5672905910477545E-014   2.4807448013075220E-014   3.3322741689112721E-014   5.7769418586961202E-014
   5.0348254987814497E-018   8.5539784004597451E-018   1.1049820945871269E-017   1.9173302522571094E-017
   1.3574924450640224E-013   4.5800249781032086E-017   3.9930848930080461E-014   1.3323634634614909E-017
   5.5822480028765507E-014   8.1880537228407151E-014   1.0012029459248297E-013   1.5508622978738493E-013
   1.8409112022743675E-017   2.8230737511362427E-017   3.3782273995449326E-017   5.2424555842135871E-017
   3.6940549640194161E-013   1.2621704848110628E-016   1.3574924450640224E-013   4.5800249781032086E-017
   1.5087163028953183E-013   2.0933430866532325E-013   2.4225561680086452E-013   3.4788603015132908E-013
   5.0842505383993591E-017   7.2827850555773089E-017   8.3114644129849109E-017   1.1977329744520715E-016
   1.8409737124390153E-015   4.9700864782441510E-019   3.9307207095594662E-017   9.9999999999999995E-021
   2.5212338648750208E-016   6.3118135778555314E-016   1.7184097302368173E-015   5.8586934695282808E-015
   6.6442964311304652E-020   2.0793430520327219E-019   4.6038716200172808E-019   1.5189659882251852E-018
   2.2618093955384310E-014   6.1475104863118613E-018   1.8409737124390153E-015   4.9700864782441510E-019
   6.1983757509119914E-015   1.2152747555379381E-014   2.1619519118716604E-014   5.0919812358567815E-014
   1.5930844461481092E-018   3.5445870892718262E-018   5.7592081354356339E-018   1.3702336135361650E-017
   1.4157563238390686E-013   3.8795661932003503E-017   2.2618093955384310E-014   6.1475104863118613E-018
   5.0179962354169038E-014   8.6320027904698370E-014   1.2505765494842894E-013   2.4080990251071172E-013
   1.3248970112565979E-017   2.4468416288815283E-017   3.3956756144688345E-017   6.5789593694576622E-017
   5.9561139432504615E-013   1.6510944441055059E-016   1.4157563238390686E-013   3.8795661932003503E-017
   2.3327262243378289E-013   3.6732222846349173E-013   4.7576172673894536E-013   8.0477403880817859E-013
   6.3158990429618958E-017   1.0403296335059756E-016   1.3151920623682667E-016   2.2361936526681513E-016
   1.9348010044372278E-012   5.4332204578327690E-016   5.9561139432504615E-013   1.6510944441055059E-016
   7.8074889355346690E-013   1.1525741900973722E-012   1.3950845893479413E-012   2.1590712082289962E-012
   2.1590721901052218E-016   3.2920993310385127E-016   3.9222303752233826E-016   6.1050244797345668E-016
   3.3108319266536689E-015   7.5472536220384465E-019   4.6351414044711755E-017   9.9999999999999995E-021
   3.4257599000057189E-016   9.6043301380307511E-016   2.9454830670862035E-015   1.1432474923874614E-014
   7.6558053904506024E-020   2.6792301165333330E-019   6.6632848033737994E-019   2.5232911353371353E-018
   5.6237565548356121E-014   1.2952477462660901E-017   3.3108319266536689E-015   7.5472536220384465E-019
   1.2771575864893979E-014   2.7500060215176549E-014   5.3763514492798973E-014   1.4226167644936965E-013
   2.7954736875566022E-018   6.8027510806211883E-018   1.2116769273627270E-017   3.2551998206688819E-017
   4.5531096266133481E-013   1.0582015058960969E-016   5.6237565548356121E-014   1.2952477462660901E-017
   1.4355535994520797E-013   2.6668346641683557E-013   4.1618486962275444E-013   8.8514835065348417E-013
   3.2164643758788228E-017   6.4160089874380532E-017   9.5596737719515102E-017   2.0552773981511329E-016
   2.3623317262876123E-012   5.5559574455666586E-016   4.5531096266133481E-013   1.0582015058960969E-016
   8.6420314504905735E-013   1.4540464348827929E-012   1.9964675177539657E-012   3.6768935314350901E-012
   1.9838404674331140E-016   3.4934737934552439E-016   4.6708200359196121E-016   8.6741075118405428E-016
   9.1456205161519962E-012   2.1793987874150599E-015   2.3623317262876123E-012   5.5559574455666586E-016
   3.5688972984587540E-012   5.5854382916042916E-012   7.0827172080004096E-012   1.1794524441518146E-011
   8.3648441517612605E-016   1.3528213836859105E-015   1.6856417067832361E-015   2.8294076610359471E-015
   5.6133401653592163E-015   1.1069225413186732E-018   5.3405724649279813E-017   9.9999999999999995E-021
   4.4694660563850314E-016   1.3871294633650617E-015   4.7387092894801921E-015   2.0660982532930607E-014
   8.6687651785275255E-020   3.3546517317760753E-019   9.2757241917696737E-019   3.9687724114176152E-018
   1.2960247317289981E-013   2.5892007837954864E-017   5.6133401653592163E-015   1.1069225413186732E-018
   2.4415074962639057E-014   5.7270577178225043E-014   1.2234877330613517E-013   3.6028102211388404E-013
   4.6532404009604249E-018   1.2293458303080658E-017   2.3887881473871105E-017   7.1694591824953172E-017
   1.3457928945518558E-012   2.7151314650343500E-016   1.2960247317289981E-013   2.5892007837954864E-017
   3.7419783669691186E-013   7.4661533561727497E-013   1.2524054121265686E-012   2.9249031960891373E-012
   7.2805916560756866E-017   1.5600353546165755E-016   2.4914834201897823E-016   5.9061716047085248E-016
   8.5751058343246122E-012   1.7511053878741690E-015   1.3457928945518558E-012   2.7151314650343500E-016
   2.8920162464209049E-012   5.1778460805999077E-012   7.5352243158306972E-012   1.5057720599354421E-011
   5.7606029361328822E-016   1.0800639254193357E-015   1.5273199190838952E-015   3.0867254656046548E-015
   3.9478220703971552E-011   8.1696452790105876E-015   8.5751058343246122E-012   1.7511053878741690E-015
   1.4672255480392765E-011   2.4265460076176439E-011   3.2261568002879210E-011   5.7692377579377605E-011
   2.9832483774868864E-015   5.1009886456570536E-015   6.6535180866228443E-015   1.2018977504771823E-014
   9.0666145819509256E-015   1.5750834467536613E-018   6.0466973787933550E-017   9.9999999999999995E-021
   5.6523839852266131E-016   1.9238001578549284E-015   7.2513819009518202E-015   3.5121283132841799E-014
   9.6827213015280112E-020   4.1055756063973730E-019   1.2509001364397440E-018   5.9707580733477257E-018
   2.7987590440007450E-013   4.9363112002950764E-017   9.0666145819509256E-015   1.5750834467536613E-018
   4.3906165423832941E-014   1.1143454976920987E-013   2.5872202156554053E-013   8.4063643081540767E-013
   7.4094666647788505E-018   2.1119765684223767E-017   4.4551399656979149E-017   1.4797637398999789E-016
   3.6944146468443420E-012   6.5845700698353572E-016   2.7987590440007450E-013   4.9363112002950764E-017
   9.0185703693228880E-013   1.9234556433896066E-012   3.4590644711785328E-012   8.8203351885970370E-012
   1.5504050203745465E-016   3.5516733188827884E-016   6.0666402803276327E-016   1.5758601480039708E-015
   2.8771330166394999E-011   5.1912655905295943E-015   3.6944146468443420E-012   6.5845700698353572E-016
   8.8675985449138254E-012   1.6832508240182778E-011   2.5942218924903908E-011   5.6044440242216764E-011
   1.5596543485375172E-015   3.1021610345944893E-015   4.6368697536361620E-015   1.0159135576277536E-014
   1.5709945614931370E-010   2.8728126305223333E-014   2.8771330166394999E-011   5.1912655905295943E-015
   5.4999662086596475E-011   9.5843299749819864E-011   1.3362556299015667E-010   2.5603136833096267E-010
   9.8726277889892484E-015   1.7796256575794727E-014   2.4306899495301764E-014   4.7142224356980201E-014
  -2.1248652685749390E-020   1.9999071390524943E-020  -9.9996327664370066E-021   9.9999999999999995E-021
  -9.9997335050964891E-021  -1.2498995876908709E-020  -1.1665660667053671E-020  -9.1650729228530601E-021
   9.9994837707333996E-021   9.9991534199970666E-021   9.9989871091627244E-021   9.9986635140966726E-021
  -3.1292912859158065E-020   2.9997470224636301E-020  -2.1248652685749390E-020   1.9999071390524943E-020
  -9.3734775727444506E-021  -1.0456285906860186E-020  -1.0239605570594719E-020  -9.5003005127978014E-021
   9.9987216171135462E-021   9.9984367887899534E-021   9.9983602821253026E-021   9.9980772457240870E-021
  -4.1208971303564446E-020   3.9995269799222276E-020  -3.1292912859158065E-020   2.9997470224636301E-020
  -9.5654413440738323E-021  -1.0105093942072303E-020  -1.0027920974413517E-020  -9.6648794893928176E-021
   9.9980967135899099E-021   9.9978232917458873E-021   9.9977753906304865E-021   9.9975033691731966E-021
  -5.1112152338017440E-020   4.9992497902969393E-020  -4.1208971303564446E-020   3.9995269799222276E-020
  -9.6928572123395900E-021  -1.0009926822311561E-020  -9.9746366407746772E-021  -9.7571020682059030E-021
   9.9975129562344806E-021   9.9972452524266159E-021   9.9972105945764637E-021   9.9969439722420562E-021
  -6.1022385007897365E-020   5.9989169918345282E-020  -5.1112152338017440E-020   4.9992497902969393E-020
  -9.7714001920287775E-021  -9.9784436377968335E-021  -9.9595730763609677E-021  -9.8139623989351692E-021
   9.9969496409166401E-021   9.9966854315975710E-021   9.9966583192848404E-021   9.9963949495738532E-021
   4.9673071915897533E-016   4.2064472126649761E-020   2.7494975847349198E-016   9.9999999999999995E-021
   1.1244077517001700E-016   2.1597967471280586E-016   2.3512373721641129E-016   3.1603816508444903E-016
   2.4194232476717437E-020   2.9623604332794416E-020   3.3761384575351639E-020   4.1422622466889002E-020
   8.0825456446145041E-016   9.1117724972932990E-020   4.9673071915897533E-016   4.2064472126649761E-020
   3.0056527847619095E-016   2.9168198089176818E-016   3.2948722483330498E-016   3.2623938188851286E-016
   4.0062977934250117E-020   4.8191156288738614E-020   4.9656478714876150E-020   5.8561269136219667E-020
   1.1399299048294490E-015   1.5785988715811873E-019   8.0825456446145041E-016   9.1117724972932990E-020
   3.2827030323319706E-016   3.2002295816941546E-016   3.4210830604194140E-016   3.3751921055208105E-016
   5.7751695540249058E-020   6.6144202764209893E-020   6.7208020339792917E-020   7.5996831362859703E-020
   1.4798699491688521E-015   2.4236980287405467E-019   1.1399299048294490E-015   1.5785988715811873E-019
   3.3828812661642181E-016   3.3249850618207582E-016   3.4667265720744377E-016   3.4300981264095777E-016
   7.5550105324865875E-020   8.4042542547349411E-020   8.4896436715332767E-020   9.3631430445385373E-020
   1.8241822025949197E-015   3.4465724723479260E-019   1.4798699491688521E-015   2.4236980287405467E-019
   3.4333678971629575E-016   3.3917462497579740E-016   3.4901332661672898E-016   3.4616082765505597E-016
   9.3349964547390770E-020   1.0190243478629334E-019   1.0261774824101330E-019   1.1133433556242352E-019
   2.0670980167432587E-015   8.6407522587993814E-020   6.1813422697390617E-016   9.9999999999999995E-021
   5.4407737268916385E-016   1.2421958538682381E-015   1.5655878563256619E-015   2.5341379455391507E-015
   4.1911069746691725E-020   6.0666680021415227E-020   8.2615187681960282E-020   1.2997033037452009E-019
   5.0458013264461499E-015   2.7511707197664984E-019   2.0670980167432587E-015   8.6407522587993814E-020
   2.3494122232730841E-015   2.6291723739870482E-015   3.2867020945087913E-015   3.6910586979525832E-015
   1.2239839786720320E-019   1.7604971978335572E-019   1.9182870139004051E-019   2.7410205611794055E-019
   9.4334506841323620E-015   6.3069973548620038E-019   5.0458013264461499E-015   2.7511707197664984E-019
   3.7323403861941959E-015   4.1005645940082382E-015   4.6456254706424544E-015   5.1011756306216908E-015
   2.6262907155744137E-019   3.4259389125138506E-019   3.6004986542260627E-019   4.6557939615187970E-019
   1.5219914568642861E-014   1.2062852813412727E-018   9.4334506841323620E-015   6.3069973548620038E-019
   5.1127522766122058E-015   5.5466953303271998E-015   6.0057781196946563E-015   6.5010841304070810E-015
   4.5629621417461830E-019   5.6241897774866983E-019   5.8093432849188238E-019   7.1051044847471130E-019
   2.2406232533098564E-014   2.0546736369278337E-018   1.5219914568642861E-014   1.2062852813412727E-018
   6.5026164560164281E-015   6.9809155152950670E-015   7.3766939823563414E-015   7.9000723354149773E-015
   7.0279014370498843E-019   8.3514449690024024E-019   8.5432262500816881E-019   1.0086057459975596E-018
   5.9818995717866206E-015   1.6431940627866699E-019   9.7863249203364085E-016   9.9999999999999995E-021
   1.3458107066587703E-015   3.6739248836146627E-015   5.3046348536074360E-015   1.0716672297414906E-014
   6.0521728690785727E-020   1.0110760020681898E-019   1.6698201554085901E-019   3.2921547748586026E-019
   2.1539995291821689E-014   7.7204760472533957E-019   5.9818995717866206E-015   1.6431940627866699E-019
   9.8758299380129913E-015   1.2653800290595807E-014   1.7704622170184744E-014   2.2755899460636323E-014
   3.1133817400422009E-019   5.2212626697570552E-019   6.1441678237298570E-019   1.0619449179784332E-018
   5.3390443544760623E-014   2.3461622059954577E-018   2.1539995291821689E-014   7.7204760472533957E-019
   2.3208142605083653E-014   2.8366323387596067E-014   3.4513912868745011E-014   4.2134074399867829E-014
   9.8700314187606171E-019   1.4475499955344418E-018   1.5978462356575861E-018   2.3668920033605911E-018
   1.0729530858330354E-013   5.5970239502941904E-018   5.3390443544760623E-014   2.3461622059954577E-018
   4.2237690405808267E-014   5.0071487680038464E-014   5.6913995064787935E-014   6.7220534335796487E-014
   2.2766455980120224E-018   3.0833676914885293E-018   3.2943878967433865E-018   4.4730136913165416E-018
   1.8909227614640769E-013   1.1428975937381079E-017   1.0729530858330354E-013   5.5970239502941904E-018
   6.7133406831870491E-014   7.7720410655107618E-014   8.5062960250685963E-014   9.8081656735167285E-014
   4.3730587323716581E-018   5.6242227848645087E-018   5.8961376027574421E-018   7.5779324149057689E-018
   1.4393296313950152E-014   2.9219633573645421E-019   1.3455997828795457E-015   9.9999999999999995E-021
   2.5284855478519872E-015   8.0907694996370960E-015   1.3258792195840035E-014   3.3058570247617378E-014
   7.9466349942817640E-020   1.5051590907396782E-019   2.9926261632989929E-019   7.1415461366817355E-019
   7.5168592585182394E-014   2.0138983560454593E-018   1.4393296313950152E-014   2.9219633573645421E-019
   3.0936858381623532E-014   4.4882199691530353E-014   7.0315639679055462E-014   1.0331924050459834E-013
   6.9753397857527622E-019   1.3341900673405117E-018   1.7131871663085723E-018   3.5379236759805864E-018
   2.4665734350840789E-013   8.0831755318471782E-018   7.5168592585182394E-014   2.0138983560454593E-018
   1.0705793956448137E-013   1.4374309818082099E-013   1.8918402979022533E-013   2.5602031003277891E-013
   3.2175887628340534E-018   5.2518274946201209E-018   6.1434271820877337E-018   1.0407564938560552E-017
   6.1753850836049656E-013   2.4019451805028050E-017   2.4665734350840789E-013   8.0831755318471782E-018
   2.5751616706870407E-013   3.3080459514930656E-013   3.9745302257343237E-013   5.1125558659834957E-013
   9.8288732571965343E-018   1.4522456303375994E-017   1.6179567182220708E-017   2.4384737410695277E-017
   1.3034806639346157E-012   5.8766536214464527E-017   6.1753850836049656E-013   2.4019451805028050E-017
   5.1015167816711832E-013   6.3312440834697611E-013   7.2206845853754616E-013   8.9511552150855249E-013
   2.3530306536948022E-017   3.2580469144063385E-017   3.5240456243819631E-017   4.9310349143904768E-017
   3.0600723422079314E-014   4.9006511716575444E-019   1.7156333295435554E-015   9.9999999999999995E-021
   4.0955046662368806E-015   1.5069146022116717E-014   2.7746692906981492E-014   8.3583358030781274E-014
   9.8569266107188814E-020   2.0875654225399406E-019   4.9221921294160837E-019   1.3798699264961324E-018
   2.2770577655083347E-013   4.8930270439844605E-018   3.0600723422079314E-014   4.9006511716575444E-019
   8.0634871518683485E-014   1.3105490666239640E-013   2.2880858966832983E-013   3.8226845459238883E-013
   1.4174071391104585E-018   3.0391696052753138E-018   4.2734318879746899E-018   1.0375161435301770E-017
   9.8492506645362596E-013   2.5789091384924846E-017   2.2770577655083347E-013   4.8930270439844605E-018
   4.0558233112166852E-013   5.9193697869731273E-013   8.4536821678810837E-013   1.2631230173242441E-012
   9.3444005376710355E-018   1.6838143679544387E-017   2.0961631108161409E-017   4.0432435932559700E-017
   3.0677729290991202E-012   9.5217343432132030E-017   9.8492506645362596E-013   2.5789091384924846E-017
   1.2812766784162267E-012   1.7709492756731100E-012   2.2582172797146000E-012   3.1574773866813195E-012
   3.7625639511325823E-017   6.0287633002516633E-017   7.0393092192133689E-017   1.1758242238261660E-016
   7.7516371754044960E-012   2.7880781242562618E-016   3.0677729290991202E-012   9.5217343432132030E-017
   3.1543707714928770E-012   4.1755010097926087E-012   4.9824902754688699E-012   6.6328321358164234E-012
   1.1207150147440553E-016   1.6629436887255799E-016   1.8647967571702690E-016   2.8392322330738962E-016
   5.9329674674403758E-014   7.8134091708229942E-019   2.0873514956898415E-015   9.9999999999999995E-021
   6.0482496981492776E-015   2.5184588542276009E-014   5.1602303720406059E-014   1.8383190484877015E-013
   1.1775915045330711E-019   2.7577465917834490E-019   7.5871182047767827E-019   2.4413133927284425E-018
   6.1755627868780565E-013   1.1121121309894368E-017   5.9329674674403758E-014   7.8134091708229942E-019
   1.8447308400167316E-013   3.3281642822147105E-013   6.4312674115470139E-013   1.2130002013263935E-012
   2.6637083047332058E-018   6.3157852938731338E-018   9.7232924613328945E-018   2.7296818541727145E-017
   3.4975160658290958E-012   7.6436361981515332E-017   6.1755627868780565E-013   1.1121121309894368E-017
   1.3262296225303734E-012   2.0862781697339917E-012   3.2349742842146429E-012   5.3110241924200962E-012
   2.4626375190303987E-017   4.8656673207338380E-017   6.4541058787121937E-017   1.4086960485050118E-016
   1.3518320182996799E-011   3.4947046336038914E-016   3.4975160658290958E-012   7.6436361981515332E-017
   5.4639755249027487E-012   8.0757063824028626E-012   1.0952420982556326E-011   1.6604594448185089E-011
   1.2982496323696579E-016   2.2446274569764226E-016   2.7544673392297567E-016   5.0856068579504124E-016
   4.0842174390312338E-011   1.2226591660274951E-015   1.3518320182996799E-011   3.4947046336038914E-016
   1.6657256207018340E-011   2.3413961890345525E-011   2.9307966847667507E-011   4.1842011560848830E-011
   4.7982754025339119E-016   7.5995911647257354E-016   8.8637258957948859E-016   1.4666412636451198E-015
   1.0701230922511097E-013   1.1927692385206414E-018   2.4600918701061126E-015   9.9999999999999995E-021
   8.3873830548014686E-015   3.9012314857526882E-014   8.8175705836518801E-014   3.6454987968713632E-013
   1.3700180611991805E-019   3.5154396710517790E-019   1.1116352007750256E-018   4.0332552892435241E-018
   1.5297767887913922E-012   2.3779080397781802E-017   1.0701230922511097E-013   1.1927692385206414E-018
   3.8235541407397842E-013   7.5973364919841768E-013   1.6130366474386902E-012   3.4086908700494931E-012
   4.6962390380142024E-018   1.2178982468449226E-017   2.0485922093228375E-017   6.5491818794197545E-017
   1.1249200657058573E-011   2.1148861272177778E-016   1.5297767887913922E-012   2.3779080397781802E-017
   3.8579239329015770E-012   6.4974345619770420E-012   1.0927435886044550E-011   1.9608878380658339E-011
   5.9746597166089162E-017   1.2865474034035551E-016   1.8174051081658276E-016   4.4572009446401009E-016
   5.3766701120494754E-011   1.1924635812785177E-015   1.1249200657058573E-011   2.1148861272177778E-016
   2.0570843574515349E-011   3.2334450042407291E-011   4.6680417294954029E-011   7.6504424531379108E-011
   4.0897203805580738E-016   7.5979526297823874E-016   9.8105229556511078E-016   1.9951826561979320E-015
   1.9389004941369392E-010   4.9742186327039439E-015   5.3766701120494754E-011   1.1924635812785177E-015
   7.7331295923326695E-011   1.1496658918842787E-010   1.5118706044661881E-010   2.3110149456577495E-010
   1.8689296978505858E-015   3.1486416411763213E-015   3.8272603048752737E-015   6.8697967185987782E-015
   1.8206844554826466E-013   1.7544075342587499E-018   2.8334982802200858E-015   9.9999999999999995E-021
   1.1113260908765740E-014   5.7127407584828039E-014   1.4133334328402746E-013   6.6737492096179081E-013
   1.5627884576119935E-019   4.3605032866284178E-019   1.5638988990993208E-018   6.3102679042669741E-018
   3.5119250034008605E-012   4.8118066308885228E-017   1.8206844554826466E-013   1.7544075342587499E-018
   7.3323173660127896E-013   1.5936560699820577E-012   3.6914402931347346E-012   8.6757148842807096E-012
   7.8526080584848980E-018   2.2076048231464886E-017   4.0448462928819860E-017   1.4528032226870449E-016
   3.3218196615044543E-011   5.4924892999230574E-016   3.5119250034008605E-012   4.8118066308885228E-017
   1.0193211128508973E-011   1.8280845857348701E-011   3.3278058017833249E-011   6.4926610790989260E-011
   1.3500363012886138E-016   3.1509254154280598E-016   4.7331510415358327E-016   1.2949662605788834E-015
   1.9550195820761275E-010   3.8014945734598510E-015   3.3218196615044543E-011   5.4924892999230574E-016
   6.9773694643197545E-011   1.1608191045884918E-010   1.7839145830654276E-010   3.1498213738142763E-010
   1.1888532575896820E-015   2.3647207120524762E-015   3.2129168495477479E-015   7.1693454800151403E-015
   8.3960828416310557E-010   1.8858793168512343E-014   1.9550195820761275E-010   3.8014945734598510E-015
   3.2193884920064101E-010   5.0439652812287675E-010   6.9738543973296466E-010   1.1391351708206327E-009
   6.6887567890473424E-015   1.1950802712837231E-014   1.5155136402478948E-014   2.9443156550635260E-014
   2.9518666560023549E-013   2.4996181629839954E-018   3.2073624946868018E-015   9.9999999999999995E-021
   1.4226091491387052E-014   8.0104883894348741E-014   2.1545811825297565E-013   1.1465237228472562E-012
   1.7557951947092927E-019   5.2928547863345519E-019   2.1284195992630740E-018   9.4467193026399851E-018
   7.5561248274040089E-012   9.2680351285064074E-017   2.9518666560023549E-013   2.4996181629839954E-018
   1.3203887351953620E-012   3.1204208291233207E-012   7.8343487183720450E-012   2.0335701140636554E-011
   1.2558997380312160E-017   3.7994389654842059E-017   7.5565912417458757E-017   3.0140479720756675E-016
   9.1032431171831698E-011   1.3462375307263188E-015   7.5561248274040089E-012   9.2680351285064074E-017
   2.4841245699425494E-011   4.7234749690532272E-011   9.2822062861466729E-011   1.9590296726314260E-010
   2.8685247822881445E-016   7.2199666610624628E-016   1.1510214218850615E-015   3.4884544224360969E-015
   6.5652697702853469E-010   1.1380133540342321E-014   9.1032431171831698E-011   1.3462375307263188E-015
   2.1645932697454646E-010   3.7956327173104601E-010   6.2056496058436313E-010   1.1762514835348531E-009
   3.2182430905700240E-015   6.8318649541396309E-015   9.7606684621494807E-015   2.3800066134547764E-014
   3.3489503767415980E-009   6.6946091403937550E-014   6.5652697702853469E-010   1.1380133540342321E-014
   1.2197021343515629E-009   2.0073302542775222E-009   2.9185412150114079E-009   5.0830953253489554E-009
   2.2184740474291933E-014   4.1925954198241005E-014   5.5487981978407144E-014   1.1638313435398315E-013
