bcc Te -- Hedin-Lundqvist LDA                                                   
INPUT  IT=313 SPIN=0 NTYPE=  2
 -2.800000  2.800000  2.800000
  2.800000 -2.800000  2.800000
  2.800000  2.800000 -2.800000
    1  435  1.700000  0.030000    1
  0.000000  0.000000  0.000000
-0.5283378908905D+01-0.5152684059420D+01-0.5024196755455D+01-0.4897897711210D+01
-0.4773767640886D+01-0.4651787258682D+01-0.4531937278797D+01-0.4414198415432D+01
-0.4298551382785D+01-0.4184976895057D+01-0.4073455666447D+01-0.3963968411155D+01
-0.3856495843381D+01-0.3751018677325D+01-0.3647517627185D+01-0.3545973407162D+01
-0.3446366731455D+01-0.3348678314265D+01-0.3252888869790D+01-0.3158979112231D+01
-0.3066929755786D+01-0.2976721514657D+01-0.2888335103042D+01-0.2801751235142D+01
-0.2716950625155D+01-0.2633913987282D+01-0.2552622035722D+01-0.2473055484675D+01
-0.2395195048341D+01-0.2319021440919D+01-0.2244515376609D+01-0.2171657569610D+01
-0.2100428734123D+01-0.2030809584347D+01-0.1962780834482D+01-0.1896323198727D+01
-0.1831417391283D+01-0.1768044126348D+01-0.1706184118122D+01-0.1645818080806D+01
-0.1586926728599D+01-0.1529490775700D+01-0.1473490936309D+01-0.1418907924627D+01
-0.1365722454852D+01-0.1313915241184D+01-0.1263466997823D+01-0.1214358438969D+01
-0.1166570278821D+01-0.1120083231579D+01-0.1074878011443D+01-0.1030935332612D+01
-0.9882359092861D+00-0.9467604556651D+00-0.9064896859486D+00-0.8674043143362D+00
-0.8294850550277D+00-0.7927126222226D+00-0.7570677301207D+00-0.7225310929217D+00
-0.6890834248252D+00-0.6567054400310D+00-0.6253778527387D+00-0.5950813771480D+00
-0.5657967274586D+00-0.5375046178702D+00-0.5101857625825D+00-0.4838208757951D+00
-0.4583906717078D+00-0.4338758645202D+00-0.4102571684320D+00-0.3875152976429D+00
-0.3656309663525D+00-0.3445848887607D+00-0.3243577790670D+00-0.3049303514711D+00
-0.2862833201727D+00-0.2683973993716D+00-0.2512533032673D+00-0.2348317460597D+00
-0.2191134419483D+00-0.2040791051328D+00-0.1897094498130D+00-0.1759851901885D+00
-0.1628870404590D+00-0.1503957148241D+00-0.1384919274837D+00-0.1271563926373D+00
-0.1163698244847D+00-0.1061129372255D+00-0.9636644505941D-01-0.8711106218613D-01
-0.7832750280533D-01-0.6999648111671D-01-0.6209871131995D-01-0.5461490761473D-01
-0.4752578420074D-01-0.4081205527766D-01-0.3445443504518D-01-0.2843363770299D-01
-0.2273037745077D-01-0.1732536848820D-01-0.1219932501497D-01-0.7332961230772D-02
-0.2706991335283D-02 0.1697870471809D-02 0.5900909990818D-02 0.9921413022060D-02
 0.1377866536585D-01 0.1749195282250D-01 0.2108056119233D-01 0.2456377627564D-01
 0.2796088387277D-01 0.3129116978401D-01 0.3457391980969D-01 0.3782841975012D-01
 0.4107395540561D-01 0.4432981257649D-01 0.4761527706305D-01 0.5094963466562D-01
 0.5435217118452D-01 0.5784217242006D-01 0.6143892417254D-01 0.6516171224230D-01
 0.6902982242963D-01 0.7306254053486D-01 0.7727915235831D-01 0.8169894370027D-01
 0.8634120036108D-01 0.9122520814104D-01 0.9637025284048D-01 0.1017956202597D+00
 0.1075205961990D+00 0.1135644664587D+00 0.1199465168392D+00 0.1266860331407D+00
 0.1338011050210D+00 0.1413119963477D+00 0.1492411922949D+00 0.1576116983577D+00
 0.1664477600978D+00 0.1757749271073D+00 0.1856201206371D+00 0.1960117045172D+00
 0.2069795595026D+00 0.2185551611847D+00 0.2307716616170D+00 0.2436639748020D+00
 0.2572688661980D+00 0.2716250463975D+00 0.2867732691426D+00 0.3027564338374D+00
 0.3196196927237D+00 0.3374105628895D+00 0.3561790432755D+00 0.3759777368557D+00
 0.3968619781561D+00 0.4188899662891D+00 0.4421229036679D+00 0.4666251405713D+00
 0.4924643257229D+00 0.5197115630473D+00 0.5484415747563D+00 0.5787328709181D+00
 0.6106679256477D+00 0.6443333600533D+00 0.6798201320563D+00 0.7172237331939D+00
 0.7566443924950D+00 0.7981872875011D+00 0.8419627624867D+00 0.8880865539067D+00
 0.9366800230718D+00 0.9878703960251D+00 0.1041791010557D+01 0.1098581570253D+01
 0.1158388405448D+01 0.1221364740864D+01 0.1287670969730D+01 0.1357474934051D+01
 0.1430952210674D+01 0.1508286402715D+01 0.1589669435845D+01 0.1675301858821D+01
 0.1765393147580D+01 0.1860162012122D+01 0.1959836705267D+01 0.2064655332271D+01
 0.2174866160164D+01 0.2290727925530D+01 0.2412510139270D+01 0.2540493386781D+01
 0.2674969621776D+01 0.2816242451765D+01 0.2964627413078D+01 0.3120452233027D+01
 0.3284057076645D+01 0.3455794775136D+01 0.3636031032946D+01 0.3825144610117D+01
 0.4023527476233D+01 0.4231584932029D+01 0.4449735694381D+01 0.4678411940088D+01
 0.4918059303465D+01 0.5169136822487D+01 0.5432116827749D+01 0.5707484768208D+01
 0.5995738967240D+01 0.6297390302140D+01 0.6612961799796D+01 0.6942988140840D+01
 0.7288015064188D+01 0.7648598663451D+01 0.8025304566299D+01 0.8418706987468D+01
 0.8829387645750D+01 0.9257934534927D+01 0.9704940538288D+01 0.1017100187615D+02
 0.1065671637546D+02 0.1116268155059D+02 0.1168949248398D+02 0.1223773949573D+02
 0.1280800559093D+02 0.1340086367382D+02 0.1401687351837D+02 0.1465657848495D+02
 0.1532050197370D+02 0.1600914360608D+02 0.1672297512631D+02 0.1746243601701D+02
 0.1822792882331D+02 0.1901981418249D+02 0.1983840555799D+02 0.2068396367852D+02
 0.2155669068643D+02 0.2245672400199D+02 0.2338412991404D+02 0.2433889691114D+02
 0.2532092877184D+02 0.2633003743735D+02 0.2736593569523D+02 0.2842822970852D+02
 0.2951641143090D+02 0.3062985095518D+02 0.3176778885004D+02 0.3292932854704D+02
 0.3411342884881D+02 0.3531889663764D+02 0.3654437987253D+02 0.3778836097248D+02
 0.3904915069317D+02 0.4032488261383D+02 0.4161350836109D+02 0.4291279370590D+02
 0.4422031567943D+02 0.4553346086212D+02 0.4684942500921D+02 0.4816521418216D+02
 0.4947764756299D+02 0.5078336213164D+02 0.5207881939088D+02 0.5336031432259D+02
 0.5462398675845D+02 0.5586583534273D+02 0.5708173425684D+02 0.5826745286362D+02
 0.5941867841306D+02 0.6053104193006D+02 0.6160014737978D+02 0.6262160417393D+02
 0.6359106304449D+02 0.6450425526830D+02 0.6535703517577D+02 0.6614542582073D+02
 0.6686566762584D+02 0.6751426974810D+02 0.6808806383380D+02 0.6858425974996D+02
 0.6900050279349D+02 0.6933493178677D+02 0.6958623737530D+02 0.6975371974507D+02
 0.6983734488178D+02 0.6983779839780D+02 0.6975653586236D+02 0.6959582848482D+02
 0.6935880292559D+02 0.6904947394602D+02 0.6867276856077D+02 0.6823454032776D+02
 0.6774157240557D+02 0.6720156802928D+02 0.6662312710653D+02 0.6601570772184D+02
 0.6538957145882D+02 0.6475571161265D+02 0.6412576356950D+02 0.6351189687873D+02
 0.6292668883628D+02 0.6238297973534D+02 0.6189371032118D+02 0.6147174240638D+02
 0.6112966405961D+02 0.6087958126567D+02 0.6073289846284D+02 0.6070009088932D+02
 0.6079047216239D+02 0.6101196108080D+02 0.6137085209232D+02 0.6187159428567D+02
 0.6251658420546D+02 0.6330597806781D+02 0.6423752917624D+02 0.6530645643850D+02
 0.6650534985585D+02 0.6782411867736D+02 0.6924998756923D+02 0.7076754562898D+02
 0.7235885236742D+02 0.7400360388052D+02 0.7567936134025D+02 0.7736184264920D+02
 0.7902527664255D+02 0.8064281759782D+02 0.8218701605397D+02 0.8363034007865D+02
 0.8494573919612D+02 0.8610724124589D+02 0.8709057053883D+02 0.8787377387420D+02
 0.8843783934677D+02 0.8876729147737D+02 0.8885074512157D+02 0.8868139992170D+02
 0.8825745684574D+02 0.8758243867066D+02 0.8666539718145D+02 0.8552099142307D+02
 0.8416942359426D+02 0.8263622212961D+02 0.8095186516740D+02 0.7915124191123D+02
 0.7727295429154D+02 0.7535846671413D+02 0.7345111740279D+02 0.7159501072194D+02
 0.6983381568850D+02 0.6820950140555D+02 0.6676104511051D+02 0.6552315265323D+02
 0.6452503423736D+02 0.6378927992001D+02 0.6333087945775D+02 0.6315642947018D+02
 0.6326356725493D+02 0.6364066556037D+02 0.6426681491822D+02 0.6511211224743D+02
 0.6613826220983D+02 0.6729948862986D+02 0.6854373944308D+02 0.6981415685451D+02
 0.7105077223672D+02 0.7219237420709D+02 0.7317848879166D+02 0.7395140317021D+02
 0.7445815967174D+02 0.7465244481197D+02 0.7449629943863D+02 0.7396158052913D+02
 0.7303111274917D+02 0.7169947829197D+02 0.6997340627171D+02 0.6787173773612D+02
 0.6542495838207D+02 0.6267430781132D+02 0.5967049100034D+02 0.5647203388957D+02
 0.5314334002408D+02 0.4975251838473D+02 0.4636906335511D+02 0.4306147562544D+02
 0.3989491723787D+02 0.3692899449966D+02 0.3421575881993D+02 0.3179800752548D+02
 0.2970795456043D+02 0.2796632449429D+02 0.2658190542599D+02 0.2555157311875D+02
 0.2486078007892D+02 0.2448447873882D+02 0.2438843088870D+02 0.2453083912696D+02
 0.2486422163149D+02 0.2533744289934D+02 0.2589780721205D+02 0.2649312122827D+02
 0.2707363493627D+02 0.2759377925889D+02 0.2801363132205D+02 0.2830005515645D+02
 0.2842748503792D+02 0.2837833914345D+02 0.2814307170415D+02 0.2771989053736D+02
 0.2711418169734D+02 0.2633769509988D+02 0.2540755091635D+02 0.2434512849724D+02
 0.2317489676343D+02 0.2192323874514D+02 0.2061731469851D+02 0.1928399990322D+02
 0.1794892665557D+02 0.1663565718861D+02 0.1536501465456D+02 0.1415460199154D+02
 0.1301853881477D+02 0.1196743736976D+02 0.1100861499290D+02 0.1014649203665D+02
 0.9383071916238D+01 0.8718345326050D+01 0.8150455841156D+01 0.7675542675482D+01
 0.7287363879633D+01 0.6977068916828D+01 0.6733720317716D+01 0.6546170556103D+01
 0.6406492454279D+01 0.6314304586117D+01 0.6280307376255D+01
    2  435  1.000000  0.030000    3
  0.000000  0.500000  0.500000
  0.500000  0.500000  0.000000
  0.500000  0.000000  0.500000
-0.4292901897824D-03-0.4217990982473D-03-0.4143963334649D-03-0.4070813663868D-03
-0.3998536679647D-03-0.3927127091502D-03-0.3856579608949D-03-0.3786888941505D-03
-0.3718049798686D-03-0.3650056890008D-03-0.3582904924987D-03-0.3516588613141D-03
-0.3451102663985D-03-0.3386441787035D-03-0.3322600691809D-03-0.3259574087822D-03
-0.3197356684590D-03-0.3135943191630D-03-0.3075328318459D-03-0.3015506774592D-03
-0.2956473269546D-03-0.2898222512838D-03-0.2840749213982D-03-0.2784048082497D-03
-0.2728113827898D-03-0.2672941159702D-03-0.2618524787425D-03-0.2564859420583D-03
-0.2511939768692D-03-0.2459760541269D-03-0.2408316447831D-03-0.2357602197893D-03
-0.2307612500972D-03-0.2258342066584D-03-0.2209785604246D-03-0.2161937823474D-03
-0.2114793433784D-03-0.2068347144692D-03-0.2022593665715D-03-0.1977527706370D-03
-0.1933143976172D-03-0.1889437184638D-03-0.1846402041284D-03-0.1804033255627D-03
-0.1762325537182D-03-0.1721273595467D-03-0.1680872139997D-03-0.1641115880289D-03
-0.1601999525859D-03-0.1563517786224D-03-0.1525665370900D-03-0.1488436989402D-03
-0.1451827351249D-03-0.1415831165955D-03-0.1380443143037D-03-0.1345657992012D-03
-0.1311470422395D-03-0.1277875143704D-03-0.1244866865454D-03-0.1212440297162D-03
-0.1180590148344D-03-0.1149311128517D-03-0.1118597947197D-03-0.1088445313899D-03
-0.1058847938141D-03-0.1029800529439D-03-0.1001297797309D-03-0.9733344512673D-04
-0.9459052008305D-04-0.9190047555148D-04-0.8926278248366D-04-0.8667691183121D-04
-0.8414233454578D-04-0.8165852157898D-04-0.7922494388247D-04-0.7684107240786D-04
-0.7450637810680D-04-0.7222033193091D-04-0.6998240483183D-04-0.6779206776120D-04
-0.6564879167064D-04-0.6355204751178D-04-0.6150130623627D-04-0.5949603879573D-04
-0.5753571614180D-04-0.5561980922611D-04-0.5374778900029D-04-0.5191912641598D-04
-0.5013329242481D-04-0.4838975797841D-04-0.4668799402841D-04-0.4502747152646D-04
-0.4340766142417D-04-0.4182803467319D-04-0.4028806222515D-04-0.3878721503168D-04
-0.3732496404441D-04-0.3590078021497D-04-0.3451413449501D-04-0.3316449783615D-04
-0.3185134119003D-04-0.3057413550827D-04-0.2933235174252D-04-0.2812546084440D-04
-0.2695293376554D-04-0.2581424145759D-04-0.2470885487218D-04-0.2363624496093D-04
-0.2259588267548D-04-0.2158723896746D-04-0.2060978478851D-04-0.1966299109025D-04
-0.1874632882433D-04-0.1785926894238D-04-0.1700128239602D-04-0.1617184013690D-04
-0.1537041311663D-04-0.1459647228687D-04-0.1384948859923D-04-0.1312893300536D-04
-0.1243427645689D-04-0.1176498990544D-04-0.1112054430266D-04-0.1050041060017D-04
-0.9904059749613D-05-0.9330962702615D-05-0.8780590410812D-05-0.8252413825836D-05
-0.7745903899321D-05-0.7260531582899D-05-0.6795767828204D-05-0.6351083586869D-05
-0.5925949810527D-05-0.5519837450810D-05-0.5132217459352D-05-0.4762560787786D-05
-0.4410338387744D-05-0.4075021210861D-05-0.3756080208768D-05-0.3452986333100D-05
-0.3165210535488D-05-0.2892223767566D-05-0.2633496980968D-05-0.2388501127325D-05
-0.2156707158272D-05-0.1937586025441D-05-0.1730608680465D-05-0.1535246074977D-05
-0.1350969160610D-05-0.1177248888998D-05-0.1013556211773D-05-0.8593620805684D-06
-0.7141374470172D-06-0.5773532627523D-06-0.4484804794069D-06-0.3269900486140D-06
-0.2123529220066D-06-0.1040400512177D-06-0.1522387880425D-08 0.9572911637224D-07
 0.1882435099073D-06 0.2765498410916D-06 0.3611771582922D-06 0.4426545098761D-06
 0.5215109442102D-06 0.5982755096615D-06 0.6734772545970D-06 0.7476452273835D-06
 0.8213084763882D-06 0.8949960499779D-06 0.9692369965196D-06 0.1044560364380D-05
 0.1121495201927D-05 0.1200570557527D-05 0.1282315479546D-05 0.1367259016352D-05
 0.1455930216312D-05 0.1548858127793D-05 0.1646571799162D-05 0.1749600278785D-05
 0.1858472615030D-05 0.1973717856264D-05 0.2095865050854D-05 0.2225443247165D-05
 0.2362981493567D-05 0.2509008838425D-05 0.2664058052436D-05 0.2828686230086D-05
 0.3003484845527D-05 0.3189081872467D-05 0.3386144032521D-05 0.3595379184169D-05
 0.3817538856398D-05 0.4053420940612D-05 0.4303872545656D-05 0.4569793030974D-05
 0.4852137223632D-05 0.5151918835831D-05 0.5470214089682D-05 0.5808165567607D-05
 0.6166986296349D-05 0.6547964084897D-05 0.6952466125708D-05 0.7381943881648D-05
 0.7837938269637D-05 0.8322085165847D-05 0.8836121245171D-05 0.9381890182557D-05
 0.9961349230916D-05 0.1057657620622D-04 0.1122977689677D-04 0.1192329293070D-04
 0.1265961012113D-04 0.1344136732689D-04 0.1427136585125D-04 0.1515257942063D-04
 0.1608816476906D-04 0.1708147287509D-04 0.1813606088077D-04 0.1925570474453D-04
 0.2044441266169D-04 0.2170643931057D-04 0.2304630096258D-04 0.2446879152064D-04
 0.2597899953018D-04 0.2758232623358D-04 0.2928450471927D-04 0.3109162024402D-04
 0.3301013178635D-04 0.3504689491915D-04 0.3720918606689D-04 0.3950472824560D-04
 0.4194171836000D-04 0.4452885616684D-04 0.4727537498925D-04 0.5019107430300D-04
 0.5328635429122D-04 0.5657225250213D-04 0.6006048271880D-04 0.6376347619125D-04
 0.6769442535366D-04 0.7186733019470D-04 0.7629704741912D-04 0.8099934258800D-04
 0.8599094539389D-04 0.9128960827887D-04 0.9691416857223D-04 0.1028846143795D-03
 0.1092221544215D-03 0.1159492920818D-03 0.1230899038857D-03 0.1306693226997D-03
 0.1387144259007D-03 0.1472537288372D-03 0.1563174838624D-03 0.1659377853007D-03
 0.1761486806551D-03 0.1869862884632D-03 0.1984889231484D-03 0.2106972273108D-03
 0.2236543118561D-03 0.2374059044497D-03 0.2520005067455D-03 0.2674895609296D-03
 0.2839276260790D-03 0.3013725649395D-03 0.3198857416768D-03 0.3395322312743D-03
 0.3603810411943D-03 0.3825053460484D-03 0.4059827359659D-03 0.4308954794846D-03
 0.4573308017323D-03 0.4853811788093D-03 0.5151446492265D-03 0.5467251434062D-03
 0.5802328321932D-03 0.6157844954862D-03 0.6535039120452D-03 0.6935222716913D-03
 0.7359786110721D-03 0.7810202743334D-03 0.8288033999855D-03 0.8794934354456D-03
 0.9332656806751D-03 0.9903058625332D-03 0.1050810741414D-02 0.1114988751937D-02
 0.1183060679422D-02 0.1255260374066D-02 0.1331835504737D-02 0.1413048354468D-02
 0.1499176659725D-02 0.1590514495762D-02 0.1687373210269D-02 0.1790082407845D-02
 0.1898990987718D-02 0.2014468237399D-02 0.2136904984911D-02 0.2266714812521D-02
 0.2404335334776D-02 0.2550229543977D-02 0.2704887226188D-02 0.2868826451004D-02
 0.3042595138422D-02 0.3226772706356D-02 0.3421971802153D-02 0.3628840121975D-02
 0.3848062321589D-02 0.4080362022539D-02 0.4326503917469D-02 0.4587295978781D-02
 0.4863591774333D-02 0.5156292894699D-02 0.5466351495728D-02 0.5794772960957D-02
 0.6142618687678D-02 0.6511009001257D-02 0.6901126201365D-02 0.7314217744792D-02
 0.7751599568354D-02 0.8214659556311D-02 0.8704861155634D-02 0.9223747143165D-02
 0.9772943547811D-02 0.1035416373100D-01 0.1096921262853D-01 0.1161999115592D-01
 0.1230850077969D-01 0.1303684825605D-01 0.1380725053819D-01 0.1462203985258D-01
 0.1548366894468D-01 0.1639471649127D-01 0.1735789268012D-01 0.1837604495217D-01
 0.1945216390325D-01 0.2058938933987D-01 0.2179101648277D-01 0.2306050231063D-01
 0.2440147203380D-01 0.2581772568770D-01 0.2731324483262D-01 0.2889219934292D-01
 0.3055895427266D-01 0.3231807677374D-01 0.3417434304561D-01 0.3613274529238D-01
 0.3819849865840D-01 0.4037704811191D-01 0.4267407524161D-01 0.4509550492909D-01
 0.4764751185479D-01 0.5033652679266D-01 0.5316924264353D-01 0.5615262015392D-01
 0.5929389326187D-01 0.6260057400777D-01 0.6608045694275D-01 0.6974162296344D-01
 0.7359244249621D-01 0.7764157795112D-01 0.8189798535891D-01 0.8637091510251D-01
 0.9106991164819D-01 0.9600481217935D-01 0.1011857440305D+00 0.1066231208194D+00
 0.1123276371659D+00 0.1183102618958D+00 0.1245822296129D+00 0.1311550305347D+00
 0.1380403984809D+00 0.1452502969100D+00 0.1527969029006D+00 0.1606925889812D+00
 0.1689499027180D+00 0.1775815439817D+00 0.1866003398222D+00 0.1960192168964D+00
 0.2058511714089D+00 0.2161092365465D+00 0.2268064474054D+00 0.2379558034414D+00
 0.2495702284958D+00 0.2616625284893D+00 0.2742453469121D+00 0.2873311182791D+00
 0.3009320197787D+00 0.3150599213939D+00 0.3297263348487D+00 0.3449423618149D+00
 0.3607186419028D+00 0.3770653010922D+00 0.3939919013761D+00 0.4115073925743D+00
 0.4296200674663D+00 0.4483375216263D+00 0.4676666196378D+00 0.4876134696867D+00
 0.5081834089189D+00 0.5293810023880D+00 0.5512100588858D+00 0.5736736674695D+00
 0.5967742590120D+00 0.6205136975962D+00 0.6448934069728D+00 0.6699145376095D+00
 0.6955781798748D+00 0.7218856286897D+00 0.7488387043642D+00 0.7764401333150D+00
 0.8046939908602D+00 0.8336062065709D+00 0.8631851307113D+00 0.8934421587600D+00
 0.9243924102635D+00 0.9560554598504D+00 0.9884561216124D+00 0.1021625297334D+01
 0.1055600912603D+01 0.1090428985095D+01 0.1126164893746D+01 0.1162874955768D+01
 0.1200638439519D+01 0.1239550181786D+01 0.1279723977761D+01 0.1321296917200D+01
 0.1364434764638D+01 0.1409338393597D+01 0.1456251129193D+01 0.1505466613935D+01
 0.1557336585742D+01 0.1612277733197D+01 0.1670776585713D+01
  247
 0.1474926759303D+02 0.0000000000000D+00 0.3391070568876D+02-0.4485983589113D-97
 0.1641353646193D+02 0.0000000000000D+00 0.2540339046331D+02 0.4654117250065D-31
 0.1862715880540D+02 0.1063243657177D-32 0.2262727596525D+02-0.1069201881341D-32
 0.8707317065035D+01-0.8898518060106D-98 0.3572163032947D+02-0.3177771490942D-31
 0.4750022641810D+01 0.2900838812469D-32 0.1295470149456D+02 0.2221953878653D-32
 0.6963407845351D+01 0.1742731404528D-97 0.1373101505101D+02-0.3914406390937D-97
 0.9835758172685D+01 0.1198920944445D-31 0.9443042232363D+01-0.9926729984872D-32
 0.1267256547183D+02 0.0000000000000D+00 0.6230184789966D+01-0.2852280766417D-31
 0.7685311386219D+01 0.1109549974409D-31 0.1830486140624D+01-0.2830868850077D-98
 0.2150990801589D+01 0.2670950029541D-32 0.2155095436409D+01 0.4886306387009D-98
 0.2003569479914D+01-0.1603855757359D-97 0.4865760142639D+00 0.0000000000000D+00
 0.1985544493014D+01 0.2528002858007D-32 0.9212825795337D+00-0.7086106033566D-32
 0.9384207003145D+00 0.1137756493758D-32 0.6091573545252D+00-0.4285389167051D-98
 0.3329065810001D+00 0.0000000000000D+00-0.1329112501210D+00 0.5804137415066D-32
 0.6243150460875D-03-0.8590880170400D-33-0.4709952091018D+00-0.2744959367760D-32
-0.1008552665453D+00-0.7866776932025D-98-0.1865024245382D+00-0.3933388444067D-98
-0.1040484981467D+00 0.0000000000000D+00-0.2692051623812D+00 0.4327668264939D-32
-0.2653263698371D+00 0.1515356258666D-32-0.4595026278824D+00 0.3162326507455D-32
-0.3283591787055D+00-0.5877094722124D-32-0.2114685652060D+00-0.3902289668677D-32
-0.3796120924919D+00 0.8320393665542D-32-0.4043190688239D+00 0.3414780604995D-32
-0.3131000556807D-01 0.0000000000000D+00-0.1913440972373D+00 0.6343405826355D-32
-0.3089517654481D+00 0.1471952444105D-31-0.1597623899902D+00 0.2521183396762D-98
-0.1345124226224D+00-0.5584230273807D-98-0.1099584953861D+00 0.1861410088422D-98
-0.3083378199129D+00 0.1559410858053D-31-0.1033042649215D+00-0.1647138218550D-32
-0.5182814555933D-01 0.1485486262281D-32-0.2541700577769D+00-0.4579532438255D-99
-0.2444642405543D+00 0.1928589374698D-32-0.1180444990611D+00-0.6287296116318D-33
-0.1056208110385D+00 0.0000000000000D+00-0.2338134807283D+00-0.3888948185973D-31
-0.9920169685569D-01 0.1694633362089D-32-0.1150193038215D+00-0.7807167171649D-99
-0.1095276779768D+00 0.0000000000000D+00-0.2047303970126D+00-0.1022113335142D-97
-0.1185937574011D+00-0.5632949692929D-33-0.2145358153139D+00 0.1346494591001D-31
-0.2191753522867D+00-0.4316679366822D-33-0.1056918169826D+00 0.8674133496431D-33
-0.2165112007014D+00 0.4985754184290D-33-0.2081899667343D+00-0.3866656638677D-32
-0.1052654550090D+00-0.7330624537474D-33-0.1935632247853D+00 0.2046292744024D-31
-0.1949857165102D+00-0.6422767200593D-32-0.8751352636631D-01-0.1236408984529D-32
-0.1695693850283D+00 0.9960749912043D-32-0.1697898194587D+00 0.6672847974206D-32
-0.4045186625026D-01 0.0000000000000D+00-0.7165063487985D-01 0.2707898471370D-98
-0.1875996757336D-01 0.0000000000000D+00-0.6751934561780D-01-0.1526654470007D-33
-0.7124423152045D-01 0.1884970034090D-33-0.1150742153666D+00-0.3380554160820D-32
-0.6049910447386D-01-0.7495698221778D-34-0.1071413863983D+00-0.1821978981509D-33
-0.5280542590016D-01 0.5690072925758D-32-0.1443279130143D-01 0.1190409141224D-98
-0.4440404373247D-01-0.2380818282859D-98-0.7323774765163D-01 0.1937070259213D-32
-0.7272381036564D-01 0.6138390392130D-33-0.7616851391505D-01 0.2425272865307D-32
-0.2088065854437D-01-0.9756657747234D-99-0.2039262877257D-01 0.3077943560977D-32
-0.3858889148791D-01 0.3057274264996D-31-0.2465137372096D-01-0.1786649276308D-98
-0.1380529666156D-01-0.1786649276308D-98-0.8648104583989D-02-0.6646883616739D-33
-0.1384696076494D-01-0.2050914666462D-31-0.3771381220794D-02-0.3507321228044D-33
 0.5966375215532D-02 0.0000000000000D+00 0.7331664662582D-02-0.6469766694778D-32
 0.2512649500019D-02-0.1252461676836D-33 0.2100990700952D-01-0.6105850841497D-32
 0.1943779595552D-01-0.5288309237295D-32 0.1920284461874D-01 0.1321952668978D-33
 0.7045995444805D-02 0.3513079166026D-32 0.1486994797577D-01 0.6898525564535D-33
 0.1367002084580D-01 0.0000000000000D+00 0.1528340719766D-01 0.0000000000000D+00
 0.1625384185747D-01 0.0000000000000D+00 0.1563994901605D-01-0.3456417425999D-33
 0.3039205291158D-01-0.2847764011545D-33 0.3172394656693D-01 0.5284537698654D-32
 0.2981787248145D-01 0.3835317340869D-33 0.1561233090282D-01-0.2327870818082D-33
 0.1535773881961D-01-0.8890420553622D-34 0.2887608514558D-01 0.4599362573272D-32
 0.2757349890375D-01 0.1797694393133D-32 0.2621310735473D-01-0.2391097734920D-99
 0.2268892890245D-01-0.5434632803943D-33 0.9693531534947D-02-0.2591285519190D-32
 0.2356092507142D-02 0.6244365568353D-34 0.1454445590895D-01 0.2083012236141D-32
 0.1371804958861D-01-0.2552031474835D-32 0.1481983567985D-01 0.2168684630017D-31
 0.6867555221763D-02 0.1239309738185D-32 0.7017381697581D-02 0.2706209204557D-33
 0.4856874124950D-02-0.2863144524673D-98 0.2495362851810D-02 0.6046949217254D-33
 0.4697307946255D-02 0.4334883708994D-33 0.5188504930779D-02-0.2044532890075D-31
 0.6930527605695D-03-0.3703661567548D-32 0.1849368745628D-03 0.6590534084493D-34
-0.3629469696092D-02 0.3350598749021D-31-0.4263977333391D-02-0.2939513922898D-33
-0.1177106862289D-01 0.2141674530898D-32-0.1197741916290D-01 0.6201476373903D-32
-0.7671342757548D-02-0.1156010563463D-33-0.8954106803477D-02-0.5832953325119D-99
-0.1814286769031D-01 0.9178225895020D-34-0.9143734596948D-02-0.6466246685811D-34
-0.4451560994510D-02 0.0000000000000D+00-0.1006793049456D-01-0.1192109553232D-98
-0.2049249869673D-01-0.2384219113578D-98-0.1006752331195D-01-0.1192109553232D-98
-0.2203490483129D-01 0.9571671066789D-33-0.2217208100337D-01 0.1640141774369D-32
-0.1098251312906D-01 0.1399671810134D-33-0.2317209856797D-01-0.3307109499189D-32
-0.2388913510413D-01 0.1935422998781D-32-0.2413424436612D-01 0.3273082766247D-32
-0.1199108038767D-01-0.6225476982817D-32-0.1189334234516D-01-0.3157762166828D-33
-0.1200953914256D-01 0.3625411920130D-98-0.2366576240204D-01 0.8342251702247D-33
-0.2369308699323D-01-0.2024229960165D-32-0.2359712652089D-01-0.4818862862180D-33
-0.1143980407705D-01 0.9750701140704D-33-0.1073326075942D-01-0.1593904967753D-33
-0.2160212522224D-01-0.1930185595349D-33-0.1074037268915D-01 0.3990793446812D-33
-0.1978767152296D-01 0.5540641179628D-98-0.9942146576916D-02 0.2216256466966D-98
-0.1784996496046D-01 0.9493166486225D-33-0.1780786923695D-01 0.3593079382730D-31
-0.1783823809470D-01 0.1067224926179D-32-0.1561465948610D-01-0.1014845328610D-32
-0.1311991927054D-01-0.1949220325430D-98-0.1310479205906D-01-0.4841274920767D-33
-0.1312735283988D-01 0.8225756189463D-33-0.7806174181686D-02-0.8063689336206D-32
-0.8453179650165D-03 0.4029978343362D-99-0.2393306600424D-02-0.3721246782278D-99
-0.1211449165890D-02 0.3209945324737D-33-0.2398454587322D-02 0.5169591287052D-32
-0.2417500267583D-02 0.1220281677338D-33-0.2421336293534D-02-0.1174898233485D-31
-0.1208933148691D-02 0.0000000000000D+00 0.2061710549000D-03 0.7145310175524D-98
 0.3206768944567D-04 0.0000000000000D+00 0.1357611189707D-02-0.2018291186653D-33
 0.1360697960842D-02-0.1945456487482D-33 0.2702585909707D-02-0.8115126427363D-33
 0.1370552185873D-02 0.6747287161655D-34 0.5060312376450D-02-0.2434044428962D-33
 0.1265041587049D-02 0.2558233856860D-32 0.2538311974197D-02 0.5124215642885D-33
 0.7190358163149D-02 0.5516885989424D-33 0.3600656912113D-02-0.3269706980375D-32
 0.4560364890108D-02 0.1656779782638D-98 0.4564907534076D-02-0.1656779782638D-98
 0.1079075161666D-01 0.2149081872404D-33 0.1079353524575D-01 0.2032118914033D-32
 0.1079290582060D-01 0.2154807191802D-31 0.1078544878837D-01 0.9505366843371D-33
 0.1079838871344D-01-0.2205159371529D-33 0.6100529747349D-02 0.4254902345228D-32
 0.1333615433194D-01-0.1708360601440D-98 0.1333111288979D-01-0.1602393270490D-34
 0.1418727182097D-01 0.2966931722348D-99 0.7095025583012D-02 0.0000000000000D+00
 0.1475548305814D-01-0.5337633058647D-34 0.7379370827867D-02 0.2594635486303D-35
 0.7524698693927D-02-0.1106208360185D-32 0.7525100148354D-02 0.4181618737162D-33
 0.1505078004593D-01 0.1160539565084D-32 0.1507223624626D-01-0.7623335794996-100
 0.1507308143573D-01-0.1250734726545D-32 0.7535799254970D-02-0.2943681281983D-33
 0.1436482577164D-01-0.3181252191982D-32 0.1436542668627D-01 0.6098628808643D-32
 0.1436548182625D-01-0.1022059171888D-33 0.1367105496361D-01-0.7588959351914D-33
 0.6388799124670D-02 0.0000000000000D+00 0.1277758172113D-01 0.3631610269203D-32
 0.6388766461672D-02-0.4179905025920D-33 0.5854735325073D-02 0.3048446659162D-99
 0.5854734788624D-02 0.1219378666673D-98 0.1049201029437D-01-0.4552039064525D-33
 0.1049201028900D-01 0.1052634953426D-32 0.1049201029495D-01-0.1299429675482D-31
 0.1049201029413D-01 0.7210870580743D-33 0.1049201028266D-01-0.2758972967063D-33
 0.4575856407990D-02 0.4225419420714D-34 0.7715581464461D-02-0.1363897409471D-32
 0.7715581460560D-02 0.2601502840935D-32 0.7715581465120D-02-0.1847568823081D-31
 0.7715581462489D-02-0.8149686005809D-32 0.3857790731805D-02 0.8996795061376D-34
 0.3105337219306D-02-0.7294504719068D-33 0.6210674438557D-02 0.2282100384872D-34
 0.4663676630223D-02-0.6984057911424D-33 0.4663676630222D-02-0.1547020523023D-34
 0.7729842767023D-03 0.2267179148257D-34 0.1545968553405D-02 0.9864480982852D-33
 0.3864921383513D-03 0.7066266738227D-32 0.1545968553405D-02-0.3484986678727D-33
 0.2343087307170D-04 0.1668878538786D-32 0.1171543653543D-04-0.9382181728333D-32
-0.1445432484886D-02-0.1626273185523D-32-0.7227162424431D-03 0.3585370390528D-33
-0.7227162424434D-03 0.7841507582272D-33-0.1445432484885D-02 0.1315911976882D-33
-0.2840871709302D-02 0.1008987112111D-32-0.2840871709300D-02-0.2562623673953D-32
-0.4145241056419D-02-0.8756880457079D-33-0.4145241056420D-02-0.6158822991484D-33
-0.2072620528209D-02 0.1716205445277D-32-0.2072620528210D-02 0.7173292097883D-34
-0.6421491476564D-02-0.6374618923551D-34-0.6421491476564D-02-0.4051795987234D-33
-0.6421491476564D-02-0.6784445392096D-33-0.6421491476565D-02-0.1723846246738D-33
-0.9212039874858D-03 0.1399830184801D-33
    1
    1    1  120    3
 0.0000000000000D+00 0.2818607171663D-03 0.3204078684120D-03 0.3637442475561D-03
 0.4123771704470D-03 0.4668521410094D-03 0.5277529096404D-03 0.5957008977278D-03
 0.6713538668569D-03 0.7554036911501D-03 0.8485730864077D-03 0.9516111446945D-03
 0.1065287507230D-02 0.1190385012513D-02 0.1327690662503D-02 0.1477984741493D-02
 0.1642027948110D-02 0.1820546415563D-02 0.2014214522043D-02 0.2223635427557D-02
 0.2449319335248D-02 0.2691659512413D-02 0.2950906200068D-02 0.3227138604682D-02
 0.3520235283560D-02 0.3829843315306D-02 0.4155346795544D-02 0.4495835303036D-02
 0.4850073125448D-02 0.5216470167008D-02 0.5593055594583D-02 0.5977455402333D-02
 0.6366875192424D-02 0.6758089561991D-02 0.7147439551991D-02 0.7530839655796D-02
 0.7903795875849D-02 0.8261436264583D-02 0.8598555281297D-02 0.8909673120240D-02
 0.9189110912347D-02 0.9431082379546D-02 0.9629802093893D-02 0.9779609984801D-02
 0.9875111143410D-02 0.9911329286152D-02 0.9883871536906D-02 0.9789101414799D-02
 0.9624316163971D-02 0.9387923841354D-02 0.9079614921398D-02 0.8700522621774D-02
 0.8253365710681D-02 0.7742567289104D-02 0.7174342925430D-02 0.6556751609072D-02
 0.5899703297086D-02 0.5214917358368D-02 0.4515826986282D-02 0.3817425703507D-02
 0.3136053378679D-02 0.2489120762149D-02 0.1894773431454D-02 0.1371498174647D-02
 0.9376772301751D-03 0.6110983987448D-03 0.4084317247985D-03 0.3446861331582D-03
 0.4326619231638D-03 0.6824171711726D-03 0.1100767688217D-02 0.1690841016984D-02
 0.2451704871141D-02 0.3378089369518D-02 0.4460220458644D-02 0.5683779177470D-02
 0.7029998210731D-02 0.8475903594923D-02 0.9994705762188D-02 0.1155633970857D-01
 0.1312814923212D-01 0.1467570425240D-01 0.1616373340543D-01 0.1755714720545D-01
 0.1882212026068D-01 0.1992719597592D-01 0.2084437354673D-01 0.2155013570210D-01
 0.2202637826747D-01 0.2226120550172D-01 0.2224956301018D-01 0.2199368920809D-01
 0.2150337724159D-01 0.2079605302688D-01 0.1989668864425D-01 0.1883758243534D-01
 0.1765804809826D-01 0.1640405772588D-01 0.1512787965282D-01 0.1388773682121D-01
 0.1274748579128D-01 0.1177628828679D-01 0.1104822427648D-01 0.1064179499045D-01
 0.1063930431331D-01 0.1112619402650D-01 0.1219053492679D-01 0.1392300154861D-01
 0.1641771135467D-01 0.1977420825679D-01 0.2410056862998D-01 0.2951715342324D-01
 0.3616013263039D-01 0.4418390059102D-01 0.5376217454601D-01 0.6508896196910D-01
 0.7838204446853D-01 0.9389203978289D-01 0.1119182794234D+00 0.1328286941303D+00
 0.0000000000000D+00 0.6649857778881D-08 0.8130686268418D-08 0.9933359821400D-08
 0.1212568909039D-07 0.1478921740506D-07 0.1802185860444D-07 0.2194101578274D-07
 0.2668724389969D-07 0.3242855268595D-07 0.3936545613175D-07 0.4773685440971D-07
 0.5782690328841D-07 0.6997301107329D-07 0.8457507589179D-07 0.1021061985852D-06
 0.1231250144299D-06 0.1482898629873D-06 0.1783750132781D-06 0.2142892117492D-06
 0.2570967281241D-06 0.3080412472635D-06 0.3685727982793D-06 0.4403781161416D-06
 0.5254144428377D-06 0.6259473825385D-06 0.7445927115428D-06 0.8843625800105D-06
 0.1048716104122D-05 0.1241614565820D-05 0.1467581129860D-05 0.1731765007446D-05
 0.2040009952411D-05 0.2398926551953D-05 0.2815967807040D-05 0.3299507340500D-05
 0.3858919165139D-05 0.4504657263374D-05 0.5248334180662D-05 0.6102796221905D-05
 0.7082192523264D-05 0.8202035796538D-05 0.9479251936147D-05 0.1093221372218D-04
 0.1258075633437D-04 0.1444616913837D-04 0.1655115915567D-04 0.1891978178641D-04
 0.2157733388185D-04 0.2455020179088D-04 0.2786566113427D-04 0.3155162283748D-04
 0.3563631859804D-04 0.4014792436345D-04 0.4511411931672D-04 0.5056157687264D-04
 0.5651539327658D-04 0.6299845902643D-04 0.7003078044153D-04 0.7762877092717D-04
 0.8580453409578D-04 0.9456516544321D-04 0.1039121155662D-03 0.1138406594395D-03
 0.1243395248363D-03 0.1353907428675D-03 0.1469697806862D-03 0.1590460152286D-03
 0.1715835970707D-03 0.1845427295632D-03 0.1978813530594D-03 0.2115571797992D-03
 0.2255299515405D-03 0.2397637134564D-03 0.2542288258104D-03 0.2689032896568D-03
 0.2837729551727D-03 0.2988300433844D-03 0.3140694700586D-03 0.3294824926215D-03
 0.3450474261946D-03 0.3607176111979D-03 0.3764073514566D-03 0.3919776035180D-03
 0.4072242288346D-03 0.4218732885944D-03 0.4355890260460D-03 0.4480015764373D-03
 0.4587618801332D-03 0.4676301376790D-03 0.4746013399337D-03 0.4800658830052D-03
 0.4849942874503D-03 0.4911246359225D-03 0.5011195664025D-03 0.5186500652556D-03
 0.5483623436030D-03 0.5956947251303D-03 0.6665423705707D-03 0.7668194837622D-03
 0.9020366072137D-03 0.1077082124826D-02 0.1296441476452D-02 0.1565067954176D-02
 0.1889999452106D-02 0.2282578265524D-02 0.2760810149679D-02 0.3351103383257D-02
 0.4088536449497D-02 0.5015119618898D-02 0.6176360472830D-02 0.7617676624153D-02
 0.9383311425980D-02 0.1152055704583D-01 0.1409045176412D-01 0.1718262770373D-01
 0.2092801016870D-01 0.2550159434551D-01 0.3111169247138D-01 0.3798230841925D-01
 0.0000000000000D+00 0.1731193748237D-12 0.2264402430266D-12 0.2960573807268D-12
 0.3869058856806D-12 0.5053998691457D-12 0.6598707575244D-12 0.8611338971248D-12
 0.1123220605004D-11 0.1464323457154D-11 0.1908016446336D-11 0.2484828468607D-11
 0.3234271974352D-11 0.4207457442758D-11 0.5470459792822D-11 0.7108653465599D-11
 0.9232290350904D-11 0.1198367474419D-10 0.1554639216672D-10 0.2015717413778D-10
 0.2612114443158D-10 0.3383141910891D-10 0.4379428317225D-10 0.5666154099080D-10
 0.7327207476425D-10 0.9470523510431D-10 0.1223494135462D-09 0.1579901771384D-09
 0.2039234494408D-09 0.2631009721557D-09 0.3393172605374D-09 0.4374497820228D-09
 0.5637677242439D-09 0.7263289051390D-09 0.9354898352895D-09 0.1204561401227D-08
 0.1550651609341D-08 0.1995748358245D-08 0.2568110523604D-08 0.3304054129467D-08
 0.4250244424141D-08 0.5466635591088D-08 0.7030236954719D-08 0.9039932846042D-08
 0.1162264256914D-07 0.1494118022557D-07 0.1920426275056D-07 0.2467922680954D-07
 0.3170814138558D-07 0.4072816510989D-07 0.5229716952518D-07 0.6712586464744D-07
 0.8611788868089D-07 0.1104195662576D-06 0.1414812916326D-06 0.1811327249855D-06
 0.2316741391746D-06 0.2959863598187D-06 0.3776615695877D-06 0.4811568807144D-06
 0.6119717155142D-06 0.7768485776089D-06 0.9839944321147D-06 0.1243316510523D-05
 0.1566661282302D-05 0.1968038480715D-05 0.2463802994884D-05 0.3072755604828D-05
 0.3816108827848D-05 0.4717247161873D-05 0.5801191262385D-05 0.7093655257377D-05
 0.8619568366409D-05 0.1040091895755D-04 0.1245377736360D-04 0.1478437536282D-04
 0.1738416816485D-04 0.2022390296900D-04 0.2324687208311D-04 0.2636176197454D-04
 0.2943582031521D-04 0.3228947087176D-04 0.3469396633134D-04 0.3637416579981D-04
 0.3701893592691D-04 0.3630188490860D-04 0.3391494669513D-04 0.2961645715360D-04
 0.2329358575404D-04 0.1503601377466D-04 0.5213563762116D-05-0.5454768695673D-05
-0.1585840531790D-04-0.2450185515600D-04-0.2958395617611D-04-0.2916800864957D-04
-0.2144663930835D-04-0.5079287868396D-05 0.2045704429445D-04 0.5460632407131D-04
 0.9570166173423D-04 0.1413166084966D-03 0.1891178571483D-03 0.2382325762500D-03
 0.2909642817943D-03 0.3544646028061D-03 0.4417730698664D-03 0.5715968671020D-03
 0.7664612067622D-03 0.1049503973577D-02 0.1441137077628D-02 0.1957708982919D-02
 0.2614575214946D-02 0.3434958008041D-02 0.4463410537040D-02 0.5779339237244D-02
 0.7503903517252D-02 0.9795416103228D-02 0.1283557791679D-01 0.1681923778946D-01
    2    2  120    8
 0.0000000000000D+00-0.1803325487204D-06-0.2030517613551D-06-0.2286301427437D-06
-0.2574266709087D-06-0.2898452428316D-06-0.3263402703424D-06-0.3674229699559D-06
-0.4136684309068D-06-0.4657235581666D-06-0.5243159971573D-06-0.5902641613207D-06
-0.6644884966712D-06-0.7480241374833D-06-0.8420351193203D-06-0.9478303445731D-06
-0.1066881510661D-05-0.1200843243018D-05-0.1351575700829D-05-0.1521169956746D-05
-0.1711976487583D-05-0.1926637156729D-05-0.2168121108329D-05-0.2439765051348D-05
-0.2745318463389D-05-0.3088994310681D-05-0.3475525949031D-05-0.3910230957715D-05
-0.4399082731274D-05-0.4948790777696D-05-0.5566890756378D-05-0.6261845436880D-05
-0.7043157870093D-05-0.7921498267288D-05-0.8908846177426D-05-0.1001864983002D-04
-0.1126600466345D-04-0.1266785332818D-04-0.1424320968251D-04-0.1601340968374D-04
-0.1800239224239D-04-0.2023701366371D-04-0.2274739953909D-04-0.2556733849543D-04
-0.2873472265116D-04-0.3229204017418D-04-0.3628692596751D-04-0.4077277711982D-04
-0.4580944049550D-04-0.5146398060557D-04-0.5781153674979D-04-0.6493627941978D-04
-0.7293247681200D-04-0.8190568344806D-04-0.9197406415748D-04-0.1032698675560D-03
-0.1159410649584D-03-0.1301531714094D-03-0.1460912675014D-03-0.1639622415504D-03
-0.1839972736409D-03-0.2064545839167D-03-0.2316224696162D-03-0.2598226562058D-03
-0.2914139890965D-03-0.3267964942966D-03-0.3664158368546D-03-0.4107682064037D-03
-0.4604056609142D-03-0.5159419592518D-03-0.5780589140548D-03-0.6475132974030D-03
-0.7251443304805D-03-0.8118817925253D-03-0.9087547844606D-03-0.1016901185436D-02
-0.1137577847804D-02-0.1272171584011D-02-0.1422211011819D-02-0.1589379337620D-02
-0.1775528196137D-02-0.1982692678562D-02-0.2213107746632D-02-0.2469226265739D-02
-0.2753738971583D-02-0.3069596763720D-02-0.3420035794860D-02-0.3808605931789D-02
-0.4239203267375D-02-0.4716107410614D-02-0.5244024347126D-02-0.5828135688982D-02
-0.6474154965942D-02-0.7188391527557D-02-0.7977822161295D-02-0.8850170094666D-02
-0.9813990387293D-02-0.1087875966897D-01-0.1205496734613D-01-0.1335420437454D-01
-0.1478924466244D-01-0.1637411393094D-01-0.1812414196498D-01-0.2005599446543D-01
-0.2218768650026D-01-0.2453858532143D-01-0.2712941891697D-01-0.2998231658823D-01
-0.3312093087325D-01-0.3657068729960D-01-0.4035923855426D-01-0.4451718340216D-01
-0.4907912393257D-01-0.5408507595440D-01-0.5958220937644D-01-0.6562681567984D-01
-0.7228625373247D-01-0.7964053050481D-01-0.8778303959543D-01-0.9681987355298D-01
 0.0000000000000D+00 0.3725235306141D-10 0.4455894443011D-10 0.5329705066343D-10
 0.6374661555419D-10 0.7624218599267D-10 0.9118352903397D-10 0.1090482567443D-09
 0.1304069807759D-09 0.1559412493569D-09 0.1864651029984D-09 0.2229505898796D-09
 0.2665583844003D-09 0.3186740519164D-09 0.3809514150512D-09 0.4553641116885D-09
 0.5442670425155D-09 0.6504693276329D-09 0.7773212923725D-09 0.9288176787435D-09
 0.1109720854433D-08 0.1325706171337D-08 0.1583535601359D-08 0.1891263251891D-08
 0.2258479425038D-08 0.2696599401555D-08 0.3219205885630D-08 0.3842455803157D-08
 0.4585557609886D-08 0.5471340571191D-08 0.6526923564876D-08 0.7784505774864D-08
 0.9282296961234D-08 0.1106561786786D-07 0.1318818778527D-07 0.1571364321381D-07
 0.1871731764978D-07 0.2228832619506D-07 0.2653200817315D-07 0.3157277764244D-07
 0.3755744850096D-07 0.4465910637585D-07 0.5308160392456D-07 0.6306477567208D-07
 0.7489046454956D-07 0.8888947356519D-07 0.1054495552820D-06 0.1250245818655D-06
 0.1481450095218D-06 0.1754297950303D-06 0.2075998920767D-06 0.2454934746064D-06
 0.2900830274562D-06 0.3424943761541D-06 0.4040278078289D-06 0.4761812340248D-06
 0.5606754653976D-06 0.6594814176694D-06 0.7748490912278D-06 0.9093379510310D-06
 0.1065848165181D-05 0.1247652020119D-05 0.1458424431979D-05 0.1702271362795D-05
 0.1983754407085D-05 0.2307909643580D-05 0.2680258221596D-05 0.3106806024308D-05
 0.3594029173159D-05 0.4148841886213D-05 0.4778543379593D-05 0.5490740466440D-05
 0.6293242866808D-05 0.7193930254271D-05 0.8200591324806D-05 0.9320738606131D-05
 0.1056140764544D-04 0.1192895589728D-04 0.1342888399894D-04 0.1506571586865D-04
 0.1684298734112D-04 0.1876341087729D-04 0.2082930639165D-04 0.2304341240736D-04
 0.2541022034386D-04 0.2793799970846D-04 0.3064171373954D-04 0.3354704096402D-04
 0.3669573316871D-04 0.4015253104670D-04 0.4401382751070D-04 0.4841819417443D-04
 0.5355878237058D-04 0.5969742710191D-04 0.6718005629111D-04 0.7645271576124D-04
 0.8807720600137D-04 0.1027449331113D-03 0.1212873445887D-03 0.1446811344602D-03
 0.1740464982142D-03 0.2106372988811D-03 0.2558232488498D-03 0.3110659817751D-03
 0.3778941869968D-03 0.4578867213974D-03 0.5526775316277D-03 0.6640017153430D-03
 0.7938067491985D-03 0.9444560503337D-03 0.1119052081387D-02 0.1321899338997D-02
 0.1559114891685D-02 0.1839369767858D-02 0.2174712840251D-02 0.2581387909616D-02
 0.3080513136193D-02 0.3698455729557D-02 0.4466715234563D-02 0.5421140872635D-02
 0.0000000000000D+00-0.1105236675029D-10-0.1320399664820D-10-0.1577614580112D-10
-0.1885124191920D-10-0.2252792502379D-10-0.2692418834426D-10-0.3218129588570D-10
-0.3846824195238D-10-0.4598733439962D-10-0.5498070336021D-10-0.6573825129941D-10
-0.7860694296617D-10-0.9400228688076D-10-0.1124217658101D-09-0.1344611339646D-09
-0.1608338729755D-09-0.1923946921491D-09-0.2301672901508D-09-0.2753782404125D-09
-0.3294973545626D-09-0.3942857191862D-09-0.4718544435690D-09-0.5647341712759D-09
-0.6759586841924D-09-0.8091662256317D-09-0.9687199951432D-09-0.1159853920475D-08
-0.1388847834388D-08-0.1663237279700D-08-0.1992066669152D-08-0.2386192894806D-08
-0.2858654962537D-08-0.3425109158372D-08-0.4104366018227D-08-0.4919026386096D-08
-0.5896252273543D-08-0.7068694309599D-08-0.8475616350506D-08-0.1016423395803D-07
-0.1219135035168D-07-0.1462531271846D-07-0.1754837770285D-07-0.2105956573471D-07
-0.2527809822256D-07-0.3034755766465D-07-0.3644088275363D-07-0.4376641838463D-07
-0.5257518696760D-07-0.6316967632031D-07-0.7591442633737D-07-0.9124876722690D-07
-0.1097021746638D-06-0.1319127785260D-06-0.1586495384715D-06-0.1908390013989D-06
-0.2295973658867D-06-0.2762689401611D-06-0.3324722279307D-06-0.4001550844023D-06
-0.4816605274011D-06-0.5798053245754D-06-0.6979734265838D-06-0.8402269436960D-06
-0.1011437728989D-05-0.1217442858352D-05-0.1465227759708D-05-0.1763141736751D-05
-0.2121150095022D-05-0.2551128691668D-05-0.3067206300365D-05-0.3686161903686D-05
-0.4427882340982D-05-0.5315888974605D-05-0.6377940984140D-05-0.7646722564967D-05
-0.9160624075047D-05-0.1096462963973D-04-0.1311131766676D-04-0.1566199558580D-04
-0.1868798440599D-04-0.2227207889721D-04-0.2651022132864D-04-0.3151343721404D-04
-0.3741010986910D-04-0.4434868782151D-04-0.5250097665803D-04-0.6206620030975D-04
-0.7327610103884D-04-0.8640141807257D-04-0.1017601912136D-03-0.1197284209550D-03
-0.1407537629496D-03-0.1653729926262D-03-0.1942340521965D-03-0.2281234945226D-03
-0.2680000882037D-03-0.3150349556446D-03-0.3706584103573D-03-0.4366129092281D-03
-0.5150107017228D-03-0.6083939521724D-03-0.7197944597955D-03-0.8527891085723D-03
-0.1011548662779D-02-0.1200879053004D-02-0.1426259240494D-02-0.1693888444749D-02
-0.2010767376228D-02-0.2384854062307D-02-0.2825355057358D-02-0.3343227781053D-02
-0.3951982467451D-02-0.4668861211078D-02-0.5516435400143D-02-0.6524578199634D-02
-0.7732637152633D-02-0.9191445578455D-02-0.1096459996610D-01-0.1312824957341D-01
 0.0000000000000D+00 0.7217552021156D-13 0.9170342265741D-13 0.1165113431086D-12
 0.1480256728380D-12 0.1880576701011D-12 0.2389072046705D-12 0.3034943487299D-12
 0.3855263372015D-12 0.4897093378447D-12 0.6220170991199D-12 0.7900317251935D-12
 0.1003375974392D-11 0.1274260608349D-11 0.1618179268348D-11 0.2054788828130D-11
 0.2609024772603D-11 0.3312513774294D-11 0.4205365498268D-11 0.5338438097479D-11
 0.6776209775030D-11 0.8600412531386D-11 0.1091462878823D-10 0.1385011060400D-10
 0.1757313411131D-10 0.2229430327508D-10 0.2828030161247D-10 0.3586874889955D-10
 0.4548694914404D-10 0.5767557698654D-10 0.7311853971956D-10 0.9268066565760D-10
 0.1174551890383D-09 0.1488235849915D-09 0.1885309125520D-09 0.2387805973719D-09
 0.3023536622996D-09 0.3827585076153D-09 0.4844190117182D-09 0.6129104979703D-09
 0.7752555724770D-09 0.9802945631524D-09 0.1239149018729D-08 0.1565800956940D-08
 0.1977815964691D-08 0.2497244700623D-08 0.3151745521682D-08 0.3975980004357D-08
 0.5013345799045D-08 0.6318123759166D-08 0.7958134671376D-08 0.1001801924575D-07
 0.1260327965678D-07 0.1584524758662D-07 0.1990717646244D-07 0.2499169152187D-07
 0.3134987353515D-07 0.3929229828669D-07 0.4920240530049D-07 0.6155262269337D-07
 0.7692373200546D-07 0.9602801005675D-07 0.1197367347646D-06 0.1491126761074D-06
 0.1854482083493D-06 0.2303096600799D-06 0.2855884430918D-06 0.3535593602531D-06
 0.4369462381620D-06 0.5389946441509D-06 0.6635508735146D-06 0.8151455800815D-06
 0.9990793028776D-06 0.1221505659349D-05 0.1489506010563D-05 0.1811146953727D-05
 0.2195508866987D-05 0.2652670040778D-05 0.3193626482372D-05 0.3830122463243D-05
 0.4574361483219D-05 0.5438561654174D-05 0.6434314438325D-05 0.7571701755630D-05
 0.8858125049222D-05 0.1029680256534D-04 0.1188490018507D-04 0.1361127924406D-04
 0.1545387497452D-04 0.1737676586799D-04 0.1932706002550D-04 0.2123181297329D-04
 0.2299530456135D-04 0.2449713794099D-04 0.2559177495749D-04 0.2611027746010D-04
 0.2586515908381D-04 0.2465932404688D-04 0.2230004088645D-04 0.1861868289468D-04
 0.1349648712057D-04 0.6895761051562D-05-0.1105312332367D-05-0.1027789585564D-04
-0.2021362294732D-04-0.3031015112717D-04-0.3978240384125D-04-0.4771307449512D-04
-0.5315707618968D-04-0.5531355145336D-04-0.5377430903246D-04-0.4884804833923D-04
-0.4194407399737D-04-0.3597671782077D-04-0.3572330509978D-04-0.4803597892047D-04
-0.8177539894297D-04-0.1473097650095D-03-0.2554133273970D-03-0.4154158090691D-03
 0.0000000000000D+00-0.8914190482784D-13-0.1132640592300D-12-0.1439093575480D-12
-0.1828402639373D-12-0.2322948712023D-12-0.2951151257711D-12-0.3749093489669D-12
-0.4762588882265D-12-0.6049796375528D-12-0.7684542456604D-12-0.9760536024878D-12
-0.1239670674620D-11-0.1574398034415D-11-0.1999386605456D-11-0.2538934152378D-11
-0.3223864829935D-11-0.4093276055601D-11-0.5196754580926D-11-0.6597178326495D-11
-0.8374269212597D-11-0.1062908693497D-10-0.1348971772073D-10-0.1711847225119D-10
-0.2172098911578D-10-0.2755774418812D-10-0.3495860200921D-10-0.4434119646735D-10
-0.5623415418109D-10-0.7130640436361D-10-0.9040417560839D-10-0.1145976584996D-09
-0.1452398343076D-09-0.1840405992713D-09-0.2331601292503D-09-0.2953263493893D-09
-0.3739827287219D-09-0.4734739913580D-09-0.5992793964262D-09-0.7583054449107D-09
-0.9592529266575D-09-0.1213076715876D-08-0.1533561156959D-08-0.1938039425670D-08
-0.2448291787229D-08-0.3091665953210D-08-0.3902472579016D-08-0.4923720933021D-08
-0.6209274733330D-08-0.7826524887316D-08-0.9859697948583D-08-0.1241394283859D-07
-0.1562036931629D-07-0.1964224487187D-07-0.2468259898250D-07-0.3099352780523D-07
-0.3888754786269D-07-0.4875140447215D-07-0.6106280699854D-07-0.7641063270331D-07
-0.9551921161873D-07-0.1192773792664D-06-0.1487730434580D-06-0.1853340649791D-06
-0.2305762720740D-06-0.2864594084705D-06-0.3553517315132D-06-0.4401037987926D-06
-0.5441316751353D-06-0.6715093026474D-06-0.8270690624578D-06-0.1016508517246D-05
-0.1246499909185D-05-0.1524797061829D-05-0.1860331821234D-05-0.2263288952216D-05
-0.2745144312893D-05-0.3318646211357D-05-0.3997713902738D-05-0.4797220315501D-05
-0.5732618579576D-05-0.6819363851065D-05-0.8072074209713D-05-0.9503367863808D-05
-0.1112231002932D-04-0.1293240385010D-04-0.1492906817667D-04-0.1709656494161D-04
-0.1940437373151D-04-0.2180306727301D-04-0.2421982285240D-04-0.2655381656368D-04
-0.2867189294989D-04-0.3040508175770D-04-0.3154673800830D-04-0.3185329910652D-04
-0.3104885118993D-04-0.2883482658225D-04-0.2490615345053D-04-0.1897494255229D-04
-0.1080220123589D-04-0.2369935165032D-06 0.1273926479388D-04 0.2796815713491D-04
 0.4507731749572D-04 0.6346321247624D-04 0.8231004509110D-04 0.1006652493520D-03
 0.1175947572873D-03 0.1324410665931D-03 0.1452019413971D-03 0.1570351425803D-03
 0.1708725726776D-03 0.1920936581202D-03 0.2291632212422D-03 0.2940851819347D-03
 0.4024668397408D-03 0.5729404287668D-03 0.8256634116940D-03 0.1179636906572D-02
 0.0000000000000D+00-0.3388914859907D-16-0.4572294610617D-16-0.6168709989919D-16
-0.8322243384676D-16-0.1122720232688D-15-0.1514560680252D-15-0.2043077902879D-15
-0.2755910605960D-15-0.3717288294645D-15-0.5013801874371D-15-0.6762176376155D-15
-0.9119750155687D-15-0.1229858473151D-14-0.1658446942123D-14-0.2236250891055D-14
-0.3015160344404D-14-0.4065082461939D-14-0.5480188310408D-14-0.7387317352051D-14
-0.9957285656324D-14-0.1342010267717D-13-0.1808543116292D-13-0.2437011218226D-13
-0.3283514877301D-13-0.4423544106921D-13-0.5958658229894D-13-0.8025461698630D-13
-0.1080765513775D-12-0.1455221408273D-12-0.1959110011507D-12-0.2637038564726D-12
-0.3548930781529D-12-0.4775261676364D-12-0.6424070586807D-12-0.8640352713935D-12
-0.1161863049205D-11-0.1561976609046D-11-0.2099344454832D-11-0.2820820876174D-11
-0.3789156482931D-11-0.5088349078413D-11-0.6830778569949D-11-0.9166710347418D-11
-0.1229694682968D-10-0.1648964918577D-10-0.2210268660555D-10-0.2961329456424D-10
-0.3965738996172D-10-0.5308162065956D-10-0.7101219035419D-10-0.9494572953939D-10
-0.1268691019143D-09-0.1694170935310D-09-0.2260796129669D-09-0.3014734244219D-09
-0.4016977807870D-09-0.5347988652086D-09-0.7113748409579D-09-0.9453620835461D-09
-0.1255053913206D-08-0.1664416623999D-08-0.2204783754877D-08-0.2917029391267D-08
-0.3854344687213D-08-0.5085769128383D-08-0.6700659702283D-08-0.8814316043171D-08
-0.1157501679465D-07-0.1517276083584D-07-0.1985004052403D-07-0.2591500040320D-07
-0.3375734161957D-07-0.4386730945145D-07-0.5685803017635D-07-0.7349131839364D-07
-0.9470682622617D-07-0.1216540062090D-06-0.1557257603561D-06-0.1985917799957D-06
-0.2522283757164D-06-0.3189399685479D-06-0.4013652894298D-06-0.5024586561622D-06
-0.6254334407066D-06-0.7736510812278D-06-0.9504349086562D-06-0.1158784066312D-05
-0.1400959556864D-05-0.1677913101205D-05-0.1988531571658D-05-0.2328677541264D-05
-0.2690022873561D-05-0.3058700628831D-05-0.3413844801727D-05-0.3726151014027D-05
-0.3956676014902D-05-0.4056198965345D-05-0.3965585371506D-05-0.3617708264343D-05
-0.2941561058076D-05-0.1869191968679D-05-0.3459301885368D-06 0.1656032181695D-05
 0.4121401175752D-05 0.6974805737306D-05 0.1006674526129D-04 0.1316833918347D-04
 0.1598322520214D-04 0.1818712626464D-04 0.1950657233057D-04 0.1984657121953D-04
 0.1947083798198D-04 0.1922550558143D-04 0.2077641884370D-04 0.2680103407748D-04
 0.4104145857326D-04 0.6809254692811D-04 0.1127815479814D-03 0.1790126152957D-03
 0.0000000000000D+00 0.1100785111359D-16 0.1484736809068D-16 0.2002517630201D-16
 0.2700741952130D-16 0.3642229601781D-16 0.4911655163498D-16 0.6623129410215D-16
 0.8930428991996D-16 0.1204069876431D-15 0.1623309729205D-15 0.2188359259066D-15
 0.2949857152742D-15 0.3976005640975D-15 0.5358625978895D-15 0.7221348528877D-15
 0.9730580752709D-15 0.1311028901266D-14 0.1766182110533D-14 0.2379059089033D-14
 0.3204189965291D-14 0.4314900326803D-14 0.5809770334420D-14 0.7821294630868D-14
 0.1052750993995D-13 0.1416756232717D-13 0.1906260202863D-13 0.2564374463346D-13
 0.3448953481636D-13 0.4637605761061D-13 0.6234397314357D-13 0.8378812679539D-13
 0.1125772446240D-12 0.1512136088845D-12 0.2030463085093D-12 0.2725551163716D-12
 0.3657287665745D-12 0.4905680318653D-12 0.6577545252684D-12 0.8815385349964D-12
 0.1180916385416D-11 0.1581189728460D-11 0.2116028536514D-11 0.2830195242751D-11
 0.3783137027054D-11 0.5053716128858D-11 0.6746423215306D-11 0.8999528434505D-11
 0.1199574474145D-10 0.1597614767998D-10 0.2125829633673D-10 0.2825976097958D-10
 0.3752855668882D-10 0.4978239221017D-10 0.6595906795039D-10 0.8728090153171D-10
 0.1153367006945D-09 0.1521854157477D-09 0.2004864132756D-09 0.2636619149303D-09
 0.3460977874331D-09 0.4533891451567D-09 0.5926369145140D-09 0.7728003965296D-09
 0.1005108014255D-08 0.1303523383076D-08 0.1685254969016D-08 0.2171283412998D-08
 0.2786858593002D-08 0.3561885451783D-08 0.4531068362657D-08 0.5733613776140D-08
 0.7212191334161D-08 0.9010713834387D-08 0.1117030756085D-07 0.1372258732512D-07
 0.1667901148605D-07 0.2001465214616D-07 0.2364415498976D-07 0.2738696707618D-07
 0.3091807437881D-07 0.3369952395626D-07 0.3488693704532D-07 0.3320415667502D-07
 0.2677824329155D-07 0.1292651463978D-07-0.1211238433644D-07-0.5350971659934D-07
-0.1182426351063D-06-0.2155501160821D-06-0.3574321400111D-06-0.5591571380253D-06
-0.8397163142719D-06-0.1222127450628D-05-0.1733444382662D-05-0.2404272023269D-05
-0.3267525263022D-05-0.4356111000474D-05-0.5699172811102D-05-0.7316544251275D-05
-0.9211147215753D-05-0.1135930274545D-04-0.1369936157975D-04-0.1611978470384D-04
-0.1844888503033D-04-0.2044991614802D-04-0.2182701291953D-04-0.2224947580817D-04
-0.2140362242499D-04-0.1908214807042D-04-0.1531954760913D-04-0.1057704620810D-04
-0.5969877924362D-05-0.3511908549805D-05-0.6326503097271D-05-0.1873911823771D-04
-0.4613059321902D-04-0.9439927549081D-04-0.1688695946987D-03-0.2725140044040D-03
 0.0000000000000D+00-0.4369606075275D-16-0.5895212280749D-16-0.7953216014507D-16
-0.1072929669885D-15-0.1447385696464D-15-0.1952452417119D-15-0.2633656183139D-15
-0.3552374114298D-15-0.4791355773611D-15-0.6462144972820D-15-0.8715101191427D-15
-0.1175287323317D-14-0.1584856821636D-14-0.2137021740475D-14-0.2881369242916D-14
-0.3884706102399D-14-0.5237026426307D-14-0.7059544858112D-14-0.9515502633300D-14
-0.1282471314528D-13-0.1728311296988D-13-0.2328906418356D-13-0.3137871317684D-13
-0.4227350568414D-13-0.5694404996668D-13-0.7669588211418D-13-0.1032846599850D-12
-0.1390707836404D-12-0.1872269250201D-12-0.2520163924502D-12-0.3391663926130D-12
-0.4563684163055D-12-0.6139485509644D-12-0.8257651699110D-12-0.1110410409399D-11
-0.1492817571065D-11-0.2006409679691D-11-0.2695970842645D-11-0.3621479481927D-11
-0.4863223184609D-11-0.6528618464205D-11-0.8761295074216D-11-0.1175318801821D-10
-0.1576061702848D-10-0.2112564747042D-10-0.2830443736748D-10-0.3790481116074D-10
-0.5073600463792D-10-0.6787443382361D-10-0.9075052793489D-10-0.1212631992438D-09
-0.1619304916977D-09-0.2160875024460D-09-0.2881458963301D-09-0.3839334935927D-09
-0.5111376230340D-09-0.6798825575090D-09-0.9034795611719D-09-0.1199398374836D-08
-0.1590521499682D-08-0.2106758062649D-08-0.2787112409491D-08-0.3682324482455D-08
-0.4858224436030D-08-0.6399972639960D-08-0.8417387853357D-08-0.1105159934614D-07
-0.1448329075707D-07-0.1894283015906D-07-0.2472259663967D-07-0.3219180787983D-07
-0.4181411274007D-07-0.5416811889917D-07-0.6997084921726D-07-0.9010382932783D-07
-0.1156410533449D-06-0.1478773983267D-06-0.1883550889616D-06-0.2388844701757D-06
-0.3015535324796D-06-0.3787182685028D-06-0.4729629428492D-06-0.5870156919835D-06
-0.7236006072225D-06-0.8852027521165D-06-0.1073717864190D-05-0.1289954527489D-05
-0.1532954515113D-05-0.1799098736273D-05-0.2080974144009D-05-0.2365994647170D-05
-0.2634800802716D-05-0.2859513673520D-05-0.3001992771649D-05-0.3012350839402D-05
-0.2828109305346D-05-0.2374533604742D-05-0.1566850842557D-05-0.3151903280424D-06
 0.1466852039608D-05 0.3849230229101D-05 0.6867640527648D-05 0.1050130888813D-04
 0.1464822414877D-04 0.1910185997506D-04 0.2353643845562D-04 0.2751151206821D-04
 0.3051060129498D-04 0.3203181245189D-04 0.3174911741400D-04 0.2975867142287D-04
 0.2691193494962D-04 0.2521284275358D-04 0.2821690171351D-04 0.4131565435180D-04
 0.7172536986925D-04 0.1279370089954D-03 0.2183494603880D-03 0.3488342835954D-03
