  -5.2893103289300029E-019  -52.893103289300029        4079506.9196350002        2.4999999368450000E-005
   5.0937757701973018E-018   509.37757701973021        4079506.9196350002        2.4999999368450000E-005
   1.1927510512369160E-017   1192.7510512369161        4079506.9196350002        2.4999999368450000E-005
   1.9048476256506262E-017   1904.8476256506262        4079506.9196350002        2.4999999368450000E-005
   2.6274759927268109E-017   2627.4759927268110        4079506.9196350002        2.4999999368450000E-005
   3.3550597748007652E-017   3355.0597748007654        4079506.9196350002        2.4999999368450000E-005
   4.0853562900581016E-017   4085.3562900581019        4079506.9196350002        2.4999999368450000E-005
   4.8172955117388770E-017   4817.2955117388774        4079506.9196350002        2.4999999368450000E-005
   5.5503037126309690E-017   5550.3037126309691        4079506.9196350002        2.4999999368450000E-005
   6.2840460682986150E-017   6284.0460682986150        4079506.9196350002        2.4999999368450000E-005
  -9.9999318618207802E-021 -0.99999318618207811        79998.391924790005        2.4999999368450000E-005
   2.7494153467005898E-016   27494.153467005897        79998.391924790005        2.4999999368450000E-005
   6.1811573900324896E-016   61811.573900324896        79998.391924790005        2.4999999368450000E-005
   9.7860322199923226E-016   97860.322199923234        79998.391924790005        2.4999999368450000E-005
   1.3455595372748149E-015   134555.95372748151        79998.391924790005        2.4999999368450000E-005
   1.7155820166477427E-015   171558.20166477427        79998.391924790005        2.4999999368450000E-005
   2.0872890651108671E-015   208728.90651108671        79998.391924790005        2.4999999368450000E-005
   2.4600182912665789E-015   246001.82912665792        79998.391924790005        2.4999999368450000E-005
   2.8334135331967935E-015   283341.35331967939        79998.391924790005        2.4999999368450000E-005
   3.2072665657853911E-015   320726.65657853911        79998.391924790005        2.4999999368450000E-005
