  0.37211992127433563        0.0000000000000000       0.86152676419078222        274.07205200195312     
  0.37211992127433563        0.0000000000000000      -0.19298977368521725        274.07205200195312     
  0.37211992127433563        0.0000000000000000       -52.893103289300029        274.07205200195312     
  0.37211992127433563        2.0000000000000000        2.8615267641907822        274.07205200195312     
  0.37211992127433563        2.0000000000000000        1.8585535201382015        274.07205200195312     
  0.37211992127433563        2.0000000000000000        509.37757701973021        274.07205200195312     
  0.37211992127433563        6.0000000000000000        6.8615267641907822        274.07205200195312     
  0.37211992127433563        6.0000000000000000        4.3519616193059196        274.07205200195312     
  0.37211992127433563        6.0000000000000000        1192.7510512369161        274.07205200195312     
  0.37211992127433563        12.000000000000000        12.861526764190783        274.07205200195312     
  0.37211992127433563        12.000000000000000        6.9501709923967425        274.07205200195312     
  0.37211992127433563        12.000000000000000        1904.8476256506262        274.07205200195312     
  0.37211992127433563        20.000000000000000        20.861526764190781        274.07205200195312     
  0.37211992127433563        20.000000000000000        9.5868074600619497        274.07205200195312     
  0.37211992127433563        20.000000000000000        2627.4759927268110        274.07205200195312     
  0.37211992127433563        30.000000000000000        30.861526764190781        274.07205200195312     
  0.37211992127433563        30.000000000000000        12.241524629358619        274.07205200195312     
  0.37211992127433563        30.000000000000000        3355.0597748007654        274.07205200195312     
  0.37211992127433563        42.000000000000000        42.861526764190785        274.07205200195312     
  0.37211992127433563        42.000000000000000        14.906139681943886        274.07205200195312     
  0.37211992127433563        42.000000000000000        4085.3562900581019        274.07205200195312     
  0.37211992127433563        56.000000000000000        56.861526764190785        274.07205200195312     
  0.37211992127433563        56.000000000000000        17.576748437321687        274.07205200195312     
  0.37211992127433563        56.000000000000000        4817.2955117388774        274.07205200195312     
  0.37211992127433563        72.000000000000000        72.861526764190785        274.07205200195312     
  0.37211992127433563        72.000000000000000        20.251257551030470        274.07205200195312     
  0.37211992127433563        72.000000000000000        5550.3037126309691        274.07205200195312     
  0.37211992127433563        90.000000000000000        90.861526764190785        274.07205200195312     
  0.37211992127433563        90.000000000000000        22.928445357331920        274.07205200195312     
  0.37211992127433563        90.000000000000000        6284.0460682986150        274.07205200195312     
   7.2972042679583880E-003   0.0000000000000000       0.99994675080987172        274.07205200195312     
   7.2972042679583880E-003   0.0000000000000000       -3.6486507065483344E-003   274.07205200195312     
   7.2972042679583880E-003   0.0000000000000000      -0.99999318618207811        274.07205200195312     
   7.2972042679583880E-003   2.0000000000000000        2.9999467508098716        274.07205200195312     
   7.2972042679583880E-003   2.0000000000000000        100.31724601678819        274.07205200195312     
   7.2972042679583880E-003   2.0000000000000000        27494.153467005897        274.07205200195312     
   7.2972042679583880E-003   6.0000000000000000        6.9999467508098716        274.07205200195312     
   7.2972042679583880E-003   6.0000000000000000        225.53037950722683        274.07205200195312     
   7.2972042679583880E-003   6.0000000000000000        61811.573900324896        274.07205200195312     
   7.2972042679583880E-003   12.000000000000000        12.999946750809872        274.07205200195312     
   7.2972042679583880E-003   12.000000000000000        357.06056668348600        274.07205200195312     
   7.2972042679583880E-003   12.000000000000000        97860.322199923234        274.07205200195312     
   7.2972042679583880E-003   20.000000000000000        20.999946750809872        274.07205200195312     
   7.2972042679583880E-003   20.000000000000000        490.95102088892531        274.07205200195312     
   7.2972042679583880E-003   20.000000000000000        134555.95372748151        274.07205200195312     
   7.2972042679583880E-003   30.000000000000000        30.999946750809872        274.07205200195312     
   7.2972042679583880E-003   30.000000000000000        625.96021889729820        274.07205200195312     
   7.2972042679583880E-003   30.000000000000000        171558.20166477427        274.07205200195312     
   7.2972042679583880E-003   42.000000000000000        42.999946750809869        274.07205200195312     
   7.2972042679583880E-003   42.000000000000000        761.58406151386509        274.07205200195312     
   7.2972042679583880E-003   42.000000000000000        208728.90651108671        274.07205200195312     
   7.2972042679583880E-003   56.000000000000000        56.999946750809869        274.07205200195312     
   7.2972042679583880E-003   56.000000000000000        897.58086360773780        274.07205200195312     
   7.2972042679583880E-003   56.000000000000000        246001.82912665792        274.07205200195312     
   7.2972042679583880E-003   72.000000000000000        72.999946750809869        274.07205200195312     
   7.2972042679583880E-003   72.000000000000000        1033.8206732500410        274.07205200195312     
   7.2972042679583880E-003   72.000000000000000        283341.35331967939        274.07205200195312     
   7.2972042679583880E-003   90.000000000000000        90.999946750809869        274.07205200195312     
   7.2972042679583880E-003   90.000000000000000        1170.2275158513919        274.07205200195312     
   7.2972042679583880E-003   90.000000000000000        320726.65657853911        274.07205200195312     
