bcc Sb -- Hedin-Lundqvist LDA                                                   
INPUT  IT=225 SPIN=1 NTYPE=  2
 -3.100000  3.100000  3.100000
  3.100000 -3.100000  3.100000
  3.100000  3.100000 -3.100000
    1  435  1.700000  0.030000    1
  0.000000  0.000000  0.000000
 0.5943374927213D-04 0.6283679713577D-04 0.6643468525560D-04 0.7023855879949D-04
 0.7426017047050D-04 0.7851201437449D-04 0.8300726829078D-04 0.8775986399280D-04
 0.9278453036223D-04 0.9809683901244D-04 0.1037132524598D-03 0.1096511750680D-03
 0.1159290069002D-03 0.1225662006519D-03 0.1295833218305D-03 0.1370021123757D-03
 0.1448455579128D-03 0.1531379588475D-03 0.1619050055180D-03 0.1711738576417D-03
 0.1809732282946D-03 0.1913334726873D-03 0.2022866820078D-03 0.2138667826196D-03
 0.2261096409229D-03 0.2390531741993D-03 0.2527374677798D-03 0.2672048988984D-03
 0.2825002676134D-03 0.2986709351912D-03 0.3157669703879D-03 0.3338413040685D-03
 0.3529498926449D-03 0.3731518908289D-03 0.3945098342349D-03 0.4170898323877D-03
 0.4409617727310D-03 0.4661995362566D-03 0.4928812254212D-03 0.5210894050409D-03
 0.5509113569075D-03 0.5824393489005D-03 0.6157709194204D-03 0.6510091780103D-03
 0.6882631230863D-03 0.7276479777435D-03 0.7692855446681D-03 0.8133045812299D-03
 0.8598411959055D-03 0.9090392672378D-03 0.9610508866056D-03 0.1016036826153D-02
 0.1074167033304D-02 0.1135621153354D-02 0.1200589081747D-02 0.1269271547688D-02
 0.1341880730890D-02 0.1418640913294D-02 0.1499789167772D-02 0.1585576085860D-02
 0.1676266546755D-02 0.1772140529874D-02 0.1873493973458D-02 0.1980639681770D-02
 0.2093908283674D-02 0.2213649245439D-02 0.2340231940835D-02 0.2474046781739D-02
 0.2615506412640D-02 0.2765046972635D-02 0.2923129428692D-02 0.3090240984177D-02
 0.3266896566850D-02 0.3453640400794D-02 0.3651047666950D-02 0.3859726257193D-02
 0.4080318627224D-02 0.4313503753722D-02 0.4559999201622D-02 0.4820563307592D-02
 0.5095997486225D-02 0.5387148665745D-02 0.5694911860386D-02 0.6020232887074D-02
 0.6364111234380D-02 0.6727603092172D-02 0.7111824550824D-02 0.7517954979415D-02
 0.7947240592707D-02 0.8400998217359D-02 0.8880619268306D-02 0.9387573946859D-02
 0.9923415672714D-02 0.1048978576264D-01 0.1108841836933D-01 0.1172114569488D-01
 0.1238990349329D-01 0.1309673687840D-01 0.1384380645359D-01 0.1463339478038D-01
 0.1546791320494D-01 0.1634990906137D-01 0.1728207327225D-01 0.1826724836791D-01
 0.1930843694677D-01 0.2040881060071D-01 0.2157171933012D-01 0.2280070147464D-01
 0.2409949418771D-01 0.2547204448290D-01 0.2692252088334D-01 0.2845532570526D-01
 0.3007510800974D-01 0.3178677725745D-01 0.3359551770324D-01 0.3550680356955D-01
 0.3752641503900D-01 0.3966045510857D-01 0.4191536735038D-01 0.4429795462544D-01
 0.4681539879956D-01 0.4947528151262D-01 0.5228560605500D-01 0.5525482040720D-01
 0.5839184150162D-01 0.6170608076808D-01 0.6520747102692D-01 0.6890649479742D-01
 0.7281421409122D-01 0.7694230176434D-01 0.8130307450387D-01 0.8590952752909D-01
 0.9077537109047D-01 0.9591506885232D-01 0.1013438782496D+00 0.1070778929130D+00
 0.1131340872583D+00 0.1195303633424D+00 0.1262856000916D+00 0.1334197050084D+00
 0.1409536684734D+00 0.1489096207565D+00 0.1573108918583D+00 0.1661820743092D+00
 0.1755490890530D+00 0.1854392545474D+00 0.1958813592224D+00 0.2069057374304D+00
 0.2185443490421D+00 0.2308308628268D+00 0.2438007437760D+00 0.2574913445238D+00
 0.2719420010172D+00 0.2871941326080D+00 0.3032913467177D+00 0.3202795482496D+00
 0.3382070539109D+00 0.3571247116157D+00 0.3770860251343D+00 0.3981472841590D+00
 0.4203676999545D+00 0.4438095467586D+00 0.4685383090921D+00 0.4946228351426D+00
 0.5221354963711D+00 0.5511523534912D+00 0.5817533289592D+00 0.6140223861049D+00
 0.6480477150218D+00 0.6839219253193D+00 0.7217422458289D+00 0.7616107313324D+00
 0.8036344763655D+00 0.8479258361184D+00 0.8946026544369D+00 0.9437884988939D+00
 0.9956129028600D+00 0.1050211614480D+01 0.1107726852401D+01 0.1168307568064D+01
 0.1232109714313D+01 0.1299296520022D+01 0.1370038770356D+01 0.1444515092269D+01
 0.1522912244660D+01 0.1605425412667D+01 0.1692258505334D+01 0.1783624455901D+01
 0.1879745523832D+01 0.1980853597495D+01 0.2087190496416D+01 0.2199008271789D+01
 0.2316569503796D+01 0.2440147594148D+01 0.2570027052085D+01 0.2706503771857D+01
 0.2849885299524D+01 0.3000491086740D+01 0.3158652728855D+01 0.3324714184580D+01
 0.3499031974018D+01 0.3681975351808D+01 0.3873926451600D+01 0.4075280398032D+01
 0.4286445381835D+01 0.4507842693538D+01 0.4739906710759D+01 0.4983084833873D+01
 0.5237837364249D+01 0.5504637319170D+01 0.5783970176783D+01 0.6076333544471D+01
 0.6382236743143D+01 0.6702200300037D+01 0.7036755341743D+01 0.7386442879169D+01
 0.7751812975433D+01 0.8133423787626D+01 0.8531840472591D+01 0.8947633947111D+01
 0.9381379491916D+01 0.9833655189389D+01 0.1030504018389D+02 0.1079611275426D+02
 0.1130744818712D+02 0.1183961644052D+02 0.1239317958687D+02 0.1296868902452D+02
 0.1356668244798D+02 0.1418768056700D+02 0.1483218356515D+02 0.1550066729025D+02
 0.1619357916885D+02 0.1691133383944D+02 0.1765430849970D+02 0.1842283796539D+02
 0.1921720944033D+02 0.2003765699977D+02 0.2088435579154D+02 0.2175741596335D+02
 0.2265687632725D+02 0.2358269777718D+02 0.2453475647937D+02 0.2551283685999D+02
 0.2651662442099D+02 0.2754569841893D+02 0.2859952445032D+02 0.2967744699153D+02
 0.3077868195058D+02 0.3190230929376D+02 0.3304726582145D+02 0.3421233817128D+02
 0.3539615614212D+02 0.3659718643388D+02 0.3781372691663D+02 0.3904390154136D+02
 0.4028565602677D+02 0.4153675445112D+02 0.4279477690397D+02 0.4405711834180D+02
 0.4532098882135D+02 0.4658341526523D+02 0.4784124494992D+02 0.4909115087527D+02
 0.5032963921584D+02 0.5155305900944D+02 0.5275761428565D+02 0.5393937877344D+02
 0.5509431338239D+02 0.5621828656548D+02 0.5730709773517D+02 0.5835650379041D+02
 0.5936224888746D+02 0.6032009743799D+02 0.6122587040922D+02 0.6207548481009D+02
 0.6286499635815D+02 0.6359064508267D+02 0.6424890375778D+02 0.6483652876322D+02
 0.6535061314406D+02 0.6578864128241D+02 0.6614854481308D+02 0.6642875898738D+02
 0.6662827897028D+02 0.6674671504814D+02 0.6678434608971D+02 0.6674217000687D+02
 0.6662195043351D+02 0.6642625814905D+02 0.6615850638479D+02 0.6582297834927D+02
 0.6542484609593D+02 0.6497017893867D+02 0.6446594061629D+02 0.6391997336254D+02
 0.6334096829138D+02 0.6273842030559D+02 0.6212256730759D+02 0.6150431210261D+02
 0.6089512731683D+02 0.6030694204525D+02 0.5975201130249D+02 0.5924276743817D+02
 0.5879165555504D+02 0.5841095265357D+02 0.5811257367985D+02 0.5790786485454D+02
 0.5780738874123D+02 0.5782070242873D+02 0.5795613285335D+02 0.5822055452368D+02
 0.5861917311868D+02 0.5915531875478D+02 0.5983025703655D+02 0.6064301972834D+02
 0.6159026466121D+02 0.6266616606642D+02 0.6386234573557D+02 0.6516784495640D+02
 0.6656914782406D+02 0.6805025389728D+02 0.6959281056726D+02 0.7117630001978D+02
 0.7277829059768D+02 0.7437474335029D+02 0.7594038245660D+02 0.7744911553589D+02
 0.7887451106823D+02 0.8019031322404D+02 0.8137100030539D+02 0.8239236051455D+02
 0.8323209082317D+02 0.8387038613930D+02 0.8429052474197D+02 0.8447941108658D+02
 0.8442808405643D+02 0.8413214584321D+02 0.8359212438375D+02 0.8281371968431D+02
 0.8180795434405D+02 0.8059117584508D+02 0.7918494135518D+02 0.7761573130481D+02
 0.7591453685620D+02 0.7411626761242D+02 0.7225904202344D+02 0.7038330833913D+02
 0.6853087808118D+02 0.6674382133600D+02 0.6506332653211D+02 0.6352847372610D+02
 0.6217504410219D+02 0.6103431084681D+02 0.6013195139675D+02 0.5948701715831D+02
 0.5911111272818D+02 0.5900770783704D+02 0.5917172938085D+02 0.5958935518422D+02
 0.6023813321157D+02 0.6108734138106D+02 0.6209868102173D+02 0.6322719685312D+02
 0.6442252234184D+02 0.6563028615015D+02 0.6679377508173D+02 0.6785566459303D+02
 0.6875989608756D+02 0.6945349861972D+02 0.6988842440186D+02 0.7002319531405D+02
 0.6982442750462D+02 0.6926804578192D+02 0.6834026019093D+02 0.6703814528017D+02
 0.6536990520679D+02 0.6335470413240D+02 0.6102215998025D+02 0.5841142393153D+02
 0.5556995820994D+02 0.5255197892451D+02 0.4941668380177D+02 0.4622627486168D+02
 0.4304389142094D+02 0.3993150193647D+02 0.3694785135867D+02 0.3414654190560D+02
 0.3157430981049D+02 0.2926959375454D+02 0.2726140893101D+02 0.2556861956455D+02
 0.2419958013862D+02 0.2315220852196D+02 0.2241444282078D+02 0.2196506792990D+02
 0.2177482649188D+02 0.2180787236093D+02 0.2202332491378D+02 0.2237705539429D+02
 0.2282339530351D+02 0.2331695333779D+02 0.2381417931273D+02 0.2427491299234D+02
 0.2466353890483D+02 0.2495005544758D+02 0.2511064882337D+02 0.2512818085479D+02
 0.2499214508064D+02 0.2469859375377D+02 0.2424956619238D+02 0.2365257851282D+02
 0.2291970019318D+02 0.2206679275920D+02 0.2111243099278D+02 0.2007708319749D+02
 0.1898205640155D+02 0.1784877565326D+02 0.1669788675126D+02 0.1554875199350D+02
 0.1441881124982D+02 0.1332338008711D+02 0.1227532218962D+02 0.1128515423492D+02
 0.1036101051601D+02 0.9508904283324D+01 0.8732716635071D+01 0.8034395711959D+01
 0.7413784400045D+01 0.6868761178115D+01 0.6395306723354D+01 0.5988332444768D+01
 0.5642829498026D+01 0.5355758419357D+01 0.5127552409899D+01
    2  435  1.000000  0.030000    3
  0.000000  0.500000  0.500000
  0.500000  0.500000  0.000000
  0.500000  0.000000  0.500000
 0.3059491200330D-10 0.3248673942910D-10 0.3449554730916D-10 0.3662856907370D-10
 0.3889348542726D-10 0.4129845200571D-10 0.4385212880915D-10 0.4656371112866D-10
 0.4944296302706D-10 0.5250025226593D-10 0.5574658775492D-10 0.5919365891658D-10
 0.6285387819591D-10 0.6674042548508D-10 0.7086729571328D-10 0.7524934894117D-10
 0.7990236432374D-10 0.8484309663735D-10 0.9008933674851D-10 0.9565997534657D-10
 0.1015750714692D-09 0.1078559244127D-09 0.1145251505713D-09 0.1216067645148D-09
 0.1291262660170D-09 0.1371107315255D-09 0.1455889118120D-09 0.1545913351036D-09
 0.1641504176220D-09 0.1743005799270D-09 0.1850783710172D-09 0.1965225995033D-09
 0.2086744740260D-09 0.2215777512239D-09 0.2352788934578D-09 0.2498272356357D-09
 0.2652751636066D-09 0.2816783023329D-09 0.2990957163551D-09 0.3175901219496D-09
 0.3372281137807D-09 0.3580804041924D-09 0.3802220780031D-09 0.4037328622971D-09
 0.4286974144114D-09 0.4552056262191D-09 0.4833529479858D-09 0.5132407314353D-09
 0.5449765956925D-09 0.5786748141914D-09 0.6144567263228D-09 0.6524511736551D-09
 0.6927949649601D-09 0.7356333681644D-09 0.7811206335946D-09 0.8294205486275D-09
 0.8807070286546D-09 0.9351647425740D-09 0.9929897778964D-09 0.1054390345955D-08
 0.1119587532945D-08 0.1188816095178D-08 0.1262325304527D-08 0.1340379845035D-08
 0.1423260767417D-08 0.1511266500139D-08 0.1604713924092D-08 0.1703939512523D-08
 0.1809300544168D-08 0.1921176388675D-08 0.2039969872682D-08 0.2166108729074D-08
 0.2300047138845D-08 0.2442267365284D-08 0.2593281490488D-08 0.2753633257833D-08
 0.2923900031668D-08 0.3104694874894D-08 0.3296668756310D-08 0.3500512892996D-08
 0.3716961241080D-08 0.3946793136958D-08 0.4190836103186D-08 0.4449968826276D-08
 0.4725124322599D-08 0.5017293296035D-08 0.5327527704717D-08 0.5656944546595D-08
 0.6006729883455D-08 0.6378143109295D-08 0.6772521484239D-08 0.7191284946893D-08
 0.7635941229093D-08 0.8108091282008D-08 0.8609435039402D-08 0.9141777535234D-08
 0.9707035404814D-08 0.1030724378252D-07 0.1094456362776D-07 0.1162128950165D-07
 0.1233985783042D-07 0.1310285567379D-07 0.1391303003722D-07 0.1477329775746D-07
 0.1568675600612D-07 0.1665669343544D-07 0.1768660201558D-07 0.1878018960083D-07
 0.1994139328008D-07 0.2117439354510D-07 0.2248362933683D-07 0.2387381401915D-07
 0.2534995234787D-07 0.2691735848055D-07 0.2858167510201D-07 0.3034889372880D-07
 0.3222537627774D-07 0.3421787795846D-07 0.3633357158333D-07 0.3858007337688D-07
 0.4096547038993D-07 0.4349834959814D-07 0.4618782880168D-07 0.4904358943087D-07
 0.5207591139015D-07 0.5529571004447D-07 0.5871457549377D-07 0.6234481427108D-07
 0.6619949362911D-07 0.7029248855129D-07 0.7463853167069D-07 0.7925326626906D-07
 0.8415330256449D-07 0.8935627746267D-07 0.9488091800348D-07 0.1007471087226D-06
 0.1069759631899D-06 0.1135898999534D-06 0.1206127231751D-06 0.1280697082470D-06
 0.1359876927099D-06 0.1443951727727D-06 0.1533224057964D-06 0.1628015191039D-06
 0.1728666255286D-06 0.1835539460785D-06 0.1949019401846D-06 0.2069514439824D-06
 0.2197458171570D-06 0.2333310988324D-06 0.2477561730944D-06 0.2630729447237D-06
 0.2793365258070D-06 0.2966054338403D-06 0.3149418020746D-06 0.3344116028317D-06
 0.3550848846411D-06 0.3770360239779D-06 0.4003439925548D-06 0.4250926410940D-06
 0.4513710006519D-06 0.4792736024990D-06 0.5089008177580D-06 0.5403592179759D-06
 0.5737619579946D-06 0.6092291823908D-06 0.6468884570179D-06 0.6868752271371D-06
 0.7293333038703D-06 0.7744153805915D-06 0.8222835812043D-06 0.8731100421895D-06
 0.9270775306187D-06 0.9843801001978D-06 0.1045223787803D-05 0.1109827352907D-05
 0.1178423062674D-05 0.1251257525345D-05 0.1328592575071D-05 0.1410706211158D-05
 0.1497893595349D-05 0.1590468110403D-05 0.1688762483975D-05 0.1793129981618D-05
 0.1903945673449D-05 0.2021607778604D-05 0.2146539092649D-05 0.2279188502704D-05
 0.2420032596049D-05 0.2569577367516D-05 0.2728360032146D-05 0.2896950949174D-05
 0.3075955664645D-05 0.3266017079424D-05 0.3467817750741D-05 0.3682082335057D-05
 0.3909580181406D-05 0.4151128083860D-05 0.4407593203405D-05 0.4679896169097D-05
 0.4969014370112D-05 0.5275985449625D-05 0.5601911013566D-05 0.5947960566791D-05
 0.6315375691267D-05 0.6705474480272D-05 0.7119656245035D-05 0.7559406509694D-05
 0.8026302313126D-05 0.8522017835270D-05 0.9048330368852D-05 0.9607126656506D-05
 0.1020040961682D-04 0.1083030548162D-04 0.1149907137083D-04 0.1220910333050D-04
 0.1296294486322D-04 0.1376329597975D-04 0.1461302280479D-04 0.1551516776921D-04
 0.1647296042601D-04 0.1748982892594D-04 0.1856941219492D-04 0.1971557285362D-04
 0.2093241092656D-04 0.2222427838600D-04 0.2359579458385D-04 0.2505186262232D-04
 0.2659768672342D-04 0.2823879065438D-04 0.2998103727560D-04 0.3183064927581D-04
 0.3379423117001D-04 0.3587879263131D-04 0.3809177324201D-04 0.4044106874442D-04
 0.4293505888635D-04 0.4558263695190D-04 0.4839324108395D-04 0.5137688749970D-04
 0.5454420571938D-04 0.5790647592124D-04 0.6147566855674D-04 0.6526448635382D-04
 0.6928640885812D-04 0.7355573965487D-04 0.7808765643925D-04 0.8289826409555D-04
 0.8800465097296D-04 0.9342494853709D-04 0.9917839460700D-04 0.1052854003788D-03
 0.1117676214709D-03 0.1186480332138D-03 0.1259510104488D-03 0.1337024120843D-03
 0.1419296707050D-03 0.1506618875117D-03 0.1599299329198D-03 0.1697665531304D-03
 0.1802064830354D-03 0.1912865658094D-03 0.2030458795910D-03 0.2155258716451D-03
 0.2287705004571D-03 0.2428263861936D-03 0.2577429700290D-03 0.2735726828285D-03
 0.2903711237339D-03 0.3081972492049D-03 0.3271135731172D-03 0.3471863785358D-03
 0.3684859418266D-03 0.3910867697955D-03 0.4150678505876D-03 0.4405129191115D-03
 0.4675107377961D-03 0.4961553935365D-03 0.5265466117052D-03 0.5587900881910D-03
 0.5929978404200D-03 0.6292885784338D-03 0.6677880970595D-03 0.7086296903747D-03
 0.7519545895872D-03 0.7979124256708D-03 0.8466617179644D-03 0.8983703902328D-03
 0.9532163154824D-03 0.1011387891205D-02 0.1073084646426D-02 0.1138517882426D-02
 0.1207911348585D-02 0.1281501955452D-02 0.1359540526546D-02 0.1442292591232D-02
 0.1530039220226D-02 0.1623077906404D-02 0.1721723492394D-02 0.1826309148061D-02
 0.1937187399260D-02 0.2054731211391D-02 0.2179335129030D-02 0.2311416475653D-02
 0.2451416614528D-02 0.2599802275346D-02 0.2757066947402D-02 0.2923732344541D-02
 0.3100349942247D-02 0.3287502592937D-02 0.3485806219121D-02 0.3695911591556D-02
 0.3918506191186D-02 0.4154316163119D-02 0.4404108360278D-02 0.4668692486581D-02
 0.4948923335432D-02 0.5245703135417D-02 0.5559983996925D-02 0.5892770473592D-02
 0.6245122229733D-02 0.6618156830627D-02 0.7013052642757D-02 0.7431051864946D-02
 0.7873463672691D-02 0.8341667500801D-02 0.8837116440984D-02 0.9361340785465D-02
 0.9915951684593D-02 0.1050264495767D-01 0.1112320501507D-01 0.1177950893931D-01
 0.1247353067087D-01 0.1320734535930D-01 0.1398313380707D-01 0.1480318708363D-01
 0.1566991121637D-01 0.1658583205385D-01 0.1755360018317D-01 0.1857599602260D-01
 0.1965593493454D-01 0.2079647251512D-01 0.2200080986335D-01 0.2327229902318D-01
 0.2461444835159D-01 0.2603092805928D-01 0.2752557560323D-01 0.2910240125005D-01
 0.3076559340642D-01 0.3251952411108D-01 0.3436875418395D-01 0.3631803854101D-01
 0.3837233101832D-01 0.4053678936840D-01 0.4281677959995D-01 0.4521788048680D-01
 0.4774588721525D-01 0.5040681522877D-01 0.5320690293705D-01 0.5615261466697D-01
 0.5925064217702D-01 0.6250790645131D-01 0.6593155768858D-01 0.6952897568583D-01
 0.7330776792414D-01 0.7727576821471D-01 0.8144103251667D-01 0.8581183547352D-01
 0.9039666352431D-01 0.9520420900044D-01 0.1002433599923D+00 0.1055231916775D+00
 0.1110529524440D+00 0.1168420520117D+00 0.1229000433137D+00 0.1292366071254D+00
 0.1358615290095D+00 0.1427846802441D+00 0.1500159893328D+00 0.1575654188473D+00
 0.1654429311070D+00 0.1736584608141D+00 0.1822218742864D+00 0.1911429381880D+00
 0.2004312717286D+00 0.2100963116922D+00 0.2201472576421D+00 0.2305930336660D+00
 0.2414422261778D+00 0.2527030438270D+00 0.2643832480413D+00 0.2764901120557D+00
 0.2890303449322D+00 0.3020100524017D+00 0.3154346544326D+00 0.3293088508587D+00
 0.3436365348306D+00 0.3584207668926D+00 0.3736636855399D+00 0.3893664965692D+00
 0.4055293838890D+00 0.4221515198109D+00 0.4392309809440D+00 0.4567647901703D+00
 0.4747488404857D+00 0.4931779797442D+00 0.5120459510266D+00 0.5313455307692D+00
 0.5510684917299D+00 0.5712058115202D+00 0.5917476586886D+00 0.6126836894367D+00
 0.6340030607443D+00 0.6556948246511D+00 0.6777479736269D+00 0.7001519481343D+00
 0.7228967097649D+00 0.7459733956571D+00 0.7693744233792D+00 0.7930943357126D+00
 0.8171299816690D+00 0.8414816260158D+00 0.8661532817244D+00 0.8911542252921D+00
 0.9164995740603D+00 0.9422123657119D+00 0.9683244877631D+00 0.9948794202846D+00
 0.1021933512418D+01 0.1049559395622D+01 0.1077847439388D+01 0.1106909766219D+01
 0.1136881826997D+01 0.1167927274000D+01 0.1200240266944D+01
  330
 0.1710668959488D+02 0.0000000000000D+00 0.6706184002523D+02-0.6332202957103D-66
 0.2860649676826D+02 0.0000000000000D+00 0.5527651364904D+02 0.6524752677063D-31
 0.2761916059241D+02-0.3629538941747D-31 0.3317027217705D+02-0.4371111835296D-31
 0.1065784630564D+02-0.1256072861849D-66 0.4215836840914D+02-0.1094481202619D-30
 0.5393668393983D+01 0.1383768741834D-33 0.1500051681378D+02 0.2788857940795D-31
 0.7922614942920D+01 0.2459957492226D-66 0.1610349626879D+02-0.5525391526796D-66
 0.1260578414179D+02-0.5476584262419D-32 0.1292612993998D+02-0.4126356238402D-32
 0.2074360853376D+02 0.0000000000000D+00 0.1021771707920D+02-0.2130048216058D-31
 0.1760331014230D+02 0.9014562022055D-31 0.4494305227919D+01-0.3995921004391D-67
 0.7696512522557D+01 0.1295874255095D-33 0.7605989748538D+01 0.6897279736379D-67
 0.7610229175365D+01-0.2263927169213D-66 0.1837300226553D+01 0.0000000000000D+00
 0.1302927592644D+02 0.1668606800860D-31 0.6282158523722D+01-0.2121977463367D-32
 0.6225401943136D+01 0.3504387788133D-33 0.1097183690336D+02-0.6049053295073D-67
 0.5238689668137D+01 0.0000000000000D+00 0.9093797672268D+01 0.8373848164220D-32
 0.1486900994784D+01-0.5154920646512D-33 0.7765831658606D+01 0.1359915716536D-30
 0.1928242403251D+01-0.1110437137904D-66 0.3743112429878D+01-0.5552185691972D-67
 0.3626104036384D+01 0.0000000000000D+00 0.3187163135165D+01-0.6644223305703D-32
 0.3214124722218D+01-0.7121052726238D-32 0.6263458528908D+01-0.1700566730416D-31
 0.6006617327477D+01 0.5131010543728D-32 0.2607523179942D+01 0.1043337177056D-31
 0.4316911325601D+01-0.2265951714856D-31 0.4337221298180D+01-0.2789481005769D-32
 0.4903190975288D+00 0.0000000000000D+00 0.1805653348668D+01 0.4621593505818D-32
 0.3548582951348D+01-0.1855119007396D-31 0.1729623717930D+01 0.3558783620250D-67
 0.1664835898391D+01-0.7882436178910D-67 0.1615067905891D+01 0.2627478728419D-67
 0.2930743088161D+01 0.1446623933951D-31 0.1322910845948D+01-0.3650151088428D-33
 0.6711419614359D+00 0.1782863944636D-31 0.2379103366475D+01-0.6464252087212D-68
 0.2334644355978D+01 0.8911409800896D-32 0.1186035609812D+01 0.1690588129368D-31
 0.1090719845383D+01 0.0000000000000D+00 0.1925295044404D+01-0.2143252230993D-31
 0.8703453287668D+00 0.7047956129264D-33 0.7666642262593D+00-0.1102022907791D-67
 0.7491581152788D+00 0.0000000000000D+00 0.1397481095145D+01-0.1442767002078D-66
 0.6209480884489D+00-0.3518502375174D-31 0.1231170950340D+01-0.4106266332994D-31
 0.1202143519643D+01-0.7189671161271D-32 0.5606708073603D+00-0.1633258289120D-32
 0.9799448035318D+00 0.3180968296391D-31 0.9678795308673D+00-0.7335064586637D-31
 0.4772328408525D+00-0.1129200019840D-31 0.7634881503913D+00-0.1963860667135D-31
 0.7487188504803D+00 0.4669677684840D-32 0.3400813549914D+00 0.1513440244806D-32
 0.5865786572020D+00 0.2974178295417D-31 0.5785358157679D+00-0.1103023655554D-31
 0.1469843239597D+00 0.0000000000000D+00 0.2597800476726D+00 0.3822341812971D-67
 0.6274685664271D-01 0.0000000000000D+00 0.2242263493982D+00-0.1076296721362D-31
 0.2149912959371D+00 0.2960545118010D-32 0.3938851845266D+00 0.1722176923125D-31
 0.1903697338948D+00-0.2166090261011D-33 0.3326707850906D+00-0.2980106363833D-32
 0.1659396212217D+00-0.4093822392323D-31 0.4920215842755D-01 0.1680325418563D-67
 0.1424114157730D+00-0.3360650837726D-67 0.2495808666350D+00-0.9914053564177D-32
 0.2464814135944D+00 0.2338888634612D-31 0.2402079176779D+00-0.1667077914485D-31
 0.9109939816636D-01-0.1377203807197D-67 0.9141506344740D-01-0.1344602756548D-31
 0.1817546479070D+00-0.3192239151869D-31 0.1584178780825D+00-0.2521949881346D-67
 0.7668520507318D-01-0.2521949881346D-67 0.6413487518243D-01 0.4926984635568D-33
 0.1309966155841D+00-0.3810761104671D-32 0.1117367999022D+00-0.7509462651855D-32
 0.9563388298130D-01 0.0000000000000D+00 0.9619744346980D-01-0.3516680643288D-31
 0.4507929134800D-01-0.1796974279513D-33 0.7031377823549D-01 0.1054385326170D-31
 0.6849965226235D-01-0.7442925281242D-33 0.6633365077360D-01 0.2865514119698D-32
 0.1565386567030D-01-0.5100610899646D-32 0.2664410323185D-01 0.2435017773808D-32
 0.2516044079010D-01 0.0000000000000D+00 0.2368946151893D-01 0.0000000000000D+00
 0.2423844526008D-01 0.0000000000000D+00 0.2107812305556D-01 0.0000000000000D+00
 0.4138964839442D-01-0.2007699065472D-32 0.4230238001787D-01-0.6816733140851D-31
 0.4010885861669D-01-0.1501319351043D-32 0.1957763734407D-01 0.3441265559729D-33
 0.1924989159713D-01-0.4727782583654D-33 0.3530875546679D-01-0.3921121240059D-32
 0.3376555852556D-01 0.7637720456425D-32 0.3325849059404D-01-0.3375160818246D-68
 0.3116623355082D-01-0.7866916562501D-32 0.1520144915072D-01 0.8752995713836D-34
 0.3594268800315D-02 0.2134198080933D-39 0.2872421505233D-01 0.2513343725794D-32
 0.2793895239672D-01 0.3720416285294D-32 0.2877099644056D-01 0.8939326393678D-31
 0.1393439055982D-01-0.3995596258094D-33 0.1361340550348D-01-0.2399234748400D-33
 0.1346948022420D-01-0.4041479819276D-67 0.1333914715699D-01 0.8452296031013D-33
 0.2633687115443D-01-0.1642392858588D-31 0.2671683951051D-01 0.2586099443484D-31
 0.2625845366232D-01-0.4112763905029D-32 0.1274097817712D-01-0.1864361277202D-32
 0.2528732586685D-01 0.9259606722523D-31 0.2438350053777D-01-0.1971298723535D-32
 0.2325632949585D-01 0.3086380577372D-31 0.2302833868170D-01-0.1822358455301D-31
 0.1094361823396D-01-0.1865732670039D-32 0.1043398731780D-01-0.8233521917422D-68
 0.2080905468311D-01 0.2588823860630D-32 0.1026778013166D-01-0.3917346063417D-33
 0.5273125348917D-02 0.0000000000000D+00 0.9856632367062D-02-0.1682725638788D-67
 0.1942116356744D-01-0.3365451276815D-67 0.9902527924400D-02-0.1682725638788D-67
 0.1812111888000D-01-0.6572435758472D-32 0.1805231019509D-01-0.1228659319884D-31
 0.9132735790938D-02-0.3805331217981D-32 0.1674613959777D-01 0.1679682181547D-31
 0.1492754049899D-01-0.3647736350421D-32 0.1468432324917D-01 0.5230622638124D-32
 0.7435195159052D-02-0.2741855554959D-31 0.7327104210504D-02 0.1674344516940D-33
 0.6628536749829D-02 0.5117460554791D-67 0.1138407540428D-01 0.1495770960308D-33
 0.1137517628470D-01-0.1981415053990D-31 0.1118693170108D-01 0.6312669700551D-32
 0.4765691807911D-02 0.2423991498127D-33 0.3895051892161D-02 0.1289024260672D-31
 0.7632829933700D-02-0.3800554954265D-32 0.3789407813693D-02 0.9867106316921D-34
 0.5998947280897D-02 0.7820907883308D-67 0.2942356810239D-02 0.3128363153447D-67
 0.4119340760891D-02 0.6827180986352D-32 0.4182372610194D-02-0.1069313767574D-30
 0.4012683709510D-02-0.1717888397607D-32 0.2386440697414D-02-0.2745935755714D-32
 0.7471471546838D-03-0.2751427516477D-67 0.7573951026449D-03-0.5169735523856D-31
 0.6504617283158D-03-0.1415848256627D-32-0.2243137106552D-02 0.9436755187894D-32
-0.6002917843333D-03 0.5688527411356D-68-0.4816657308268D-02-0.5252736505293D-68
-0.2413955338227D-02 0.1685210671610D-33-0.4792394541801D-02-0.4592996130111D-32
-0.4852420148481D-02 0.1327344654391D-32-0.4827184159039D-02-0.2477520072437D-31
-0.2428622088806D-02 0.0000000000000D+00-0.5855679436541D-02 0.1008598300414D-66
-0.7327821784270D-03 0.0000000000000D+00-0.3386526026371D-02-0.1227888417991D-32
-0.3381509942389D-02 0.2274229672529D-32-0.6800696068932D-02 0.8107725479899D-32
-0.3394792327202D-02-0.1724072492893D-32-0.7502870206688D-02-0.3819317739236D-33
-0.1869415096565D-02 0.2532375762497D-33-0.3761115783055D-02-0.8701475691470D-33
-0.8117752843379D-02-0.2148716018736D-32-0.4045790684501D-02 0.3485078226782D-32
-0.4260100161989D-02 0.2338632223628D-67-0.4278608332562D-02-0.2338632223628D-67
-0.8835751257896D-02-0.2488146627321D-32-0.8828739428791D-02 0.2589827215219D-32
-0.8820086007486D-02-0.1245252540007D-31-0.8853935666682D-02 0.2214707616785D-33
-0.8854473097229D-02-0.2785387896742D-33-0.4481832754540D-02 0.5232400414816D-32
-0.8963532500434D-02-0.2411441282473D-67-0.8977292932107D-02-0.9494005283909D-32
-0.8819185419989D-02 0.4187980950022D-68-0.4416927729306D-02 0.0000000000000D+00
-0.8568557866576D-02 0.2647578915045D-32-0.4286689585161D-02-0.2359590697389D-32
-0.4088934536259D-02-0.5091440814580D-33-0.4084640768997D-02-0.2585398272549D-32
-0.8186347012413D-02-0.3464411898354D-33-0.7697776484063D-02-0.1076074134075D-68
-0.7690368208697D-02-0.4692491634801D-32-0.3850677478997D-02-0.5170015790982D-32
-0.6469296349372D-02 0.3007846974788D-31-0.6460259127579D-02-0.3234476083466D-31
-0.6474129218600D-02 0.1128212928637D-31-0.5742712820689D-02 0.3101491837581D-32
-0.2487199905932D-02 0.0000000000000D+00-0.4970760571031D-02 0.9215140258070D-32
-0.2486014064317D-02 0.3794528153836D-33-0.2080212980974D-02 0.4303043593193D-68
-0.2081569454868D-02 0.1721217437505D-67-0.3322262130825D-02 0.1067555986510D-32
-0.3322748189133D-02 0.1471607403360D-32-0.3318548610340D-02-0.3311693728312D-31
-0.3325591679761D-02 0.1131485426072D-32-0.3321820084594D-02-0.1702715200140D-32
-0.1235294334498D-02 0.5091403731929D-33-0.1613795105284D-02-0.1473971014041D-32
-0.1613793472090D-02-0.5906334878744D-33-0.1611924574145D-02-0.1217491194141D-67
-0.1613517801425D-02 0.2280153218938D-31-0.8069598950242D-03 0.2858014677436D-32
-0.3830699290209D-03-0.6594408950629D-68-0.7687879675312D-03-0.3956645372063D-67
 0.5896117336412D-04 0.6010488227026D-32 0.5756497251926D-04-0.3119623797551D-33
 0.8056234601178D-03-0.5400484521915D-33 0.1611893659491D-02-0.3921092800005D-67
 0.4033147689781D-03 0.6273748481612D-67 0.1610893958830D-02 0.4717484631828D-32
 0.2322556104754D-02 0.3266549653464D-67 0.1161762947156D-02-0.1633274826930D-67
 0.2979608975920D-02-0.1787333248055D-31 0.1489158966274D-02-0.1527554083795D-32
 0.1489994594287D-02-0.1797860903208D-31 0.2978192521939D-02-0.2442590235359D-32
 0.3575852395102D-02-0.2883055949167D-32 0.3576917079111D-02-0.1354207282092D-32
 0.4108852463380D-02 0.5562357788488D-32 0.4108003123792D-02 0.2396946746608D-32
 0.2054506413459D-02-0.2239882591463D-32 0.2054024409285D-02 0.4717728499539D-33
 0.4965416975575D-02 0.5678728378899D-32 0.4965176016347D-02-0.1785284133770D-32
 0.4965714439126D-02 0.9593245143309D-32 0.4965013307913D-02-0.1148358127507D-32
 0.6607026587147D-03 0.2840460418917D-34 0.5530942485827D-02 0.6722710546473D-32
 0.2765566985315D-02-0.7370901964415D-32 0.2765568805997D-02 0.1756676243654D-33
 0.5702931917407D-02-0.7336483959389D-67 0.2851376598928D-02-0.5502362968342D-67
 0.2851496052340D-02-0.1834120989805D-67 0.2900833955675D-02 0.4555990081071D-68
 0.5801425859750D-02-0.8488510812711D-33 0.2914684160226D-02 0.2052222256051D-33
 0.5829318097844D-02-0.2544615518312D-32 0.2914717714423D-02 0.1920729271364D-33
 0.5788311328310D-02 0.1471326121328D-32 0.5788349417313D-02-0.3554752609869D-67
 0.5788154480710D-02 0.1079766600220D-32 0.5788327329827D-02 0.8886881525251D-68
 0.5788359411214D-02 0.7627821284140D-34 0.2840866010825D-02 0.8723719451379D-68
 0.5513438964167D-02-0.1023497034928D-66 0.5513405738775D-02 0.4166321530167D-32
 0.5513357810813D-02 0.7651427312018D-33 0.5513447174022D-02-0.3765398369080D-31
 0.2643836724112D-02-0.2302608950250D-32 0.2643849056678D-02 0.7888966780069D-33
 0.5009218088063D-02-0.2824868030914D-32 0.5009224649823D-02 0.2978269440584D-31
 0.2504613491863D-02-0.2811765627433D-33 0.2504597182221D-02-0.3221223899393D-67
 0.4683210958969D-02-0.6220257158221D-67 0.4683216616587D-02-0.4665192867837D-67
 0.2157536323175D-02 0.2267011397029D-33 0.4315073312480D-02-0.5069151136351D-33
 0.4315059814467D-02-0.2386432292647D-32 0.4315072121892D-02 0.5439238435327D-32
 0.3910455897827D-02 0.2396025136276D-32 0.3475159585439D-02-0.4254479629468D-32
 0.3475160400329D-02-0.2623397603538D-32 0.2536053059391D-02-0.2334446807996D-32
 0.2536052679428D-02-0.1315691086542D-32 0.2536053109240D-02 0.1042888325905D-31
 0.1021981215371D-02-0.5417422180681D-33 0.5109905730039D-03 0.2807720935659D-32
 0.1544510234788D-02-0.6102391961483D-32 0.1544509877719D-02 0.3128218222712D-32
 0.1544510290866D-02-0.6956554915980D-33 0.1544509910974D-02 0.1022347606520D-31
 0.7722551149061D-03 0.4792964086369D-33 0.7722550306193D-03-0.1130210994118D-33
 0.5216244772204D-03-0.1382724431696D-31 0.5216245207004D-03 0.1308166396098D-32
 0.2727556750430D-03-0.2786185990107D-32 0.5455114096830D-03-0.8873407854153D-32
 0.5455114151809D-03-0.1983622323367D-31 0.5455113528864D-03-0.1607879191974D-32
 0.5636783559122D-04-0.3226593767554D-32 0.5636787345134D-04-0.7525202648020D-35
 0.2818392645035D-04 0.1452168305489D-33-0.4194149444799D-03 0.1495877362278D-31
-0.2097074339084D-03-0.1491292818712D-32-0.1462344619989D-03 0.1149694797277D-32
-0.8774067581360D-03 0.9075826107210D-33-0.1313544474021D-02-0.2981050712003D-32
-0.1313544466124D-02-0.7159354929867D-32-0.1313544478093D-02 0.1765092151792D-33
-0.8620772437193D-03-0.3986732109919D-32-0.1052985935092D-02-0.1597963695217D-32
-0.1052985935195D-02 0.1174379771816D-32-0.2105971872618D-02 0.3335427235476D-32
-0.1052985935846D-02 0.1169608396666D-32-0.2105971870625D-02 0.3556079443162D-32
-0.1052985936031D-02 0.3970148883611D-32-0.2105971870753D-02-0.4234311056660D-34
-0.2456153534229D-02-0.3072343658597D-32-0.2456153534290D-02-0.1446020929376D-32
-0.2772286745041D-02-0.1854467022222D-32-0.2772286745026D-02-0.1410753075439D-31
-0.3052392844912D-02-0.1157002101247D-31-0.3294926534119D-02 0.1793016755587D-32
-0.3294926534123D-02 0.8224730341109D-32-0.3294926534100D-02-0.3596170580869D-33
-0.3294926534105D-02-0.4706231460614D-32-0.3294926534131D-02-0.5152466445552D-31
-0.3294926534131D-02-0.5333024554747D-32-0.1647463267070D-02 0.1030198577130D-32
    1
    1    1  120    3
 0.6040734057570D-04 0.6893243805946D-04 0.7856621641223D-04 0.8943559609043D-04
 0.1016784395256D-03 0.1154448663452D-03 0.1308966193307D-03 0.1482084461339D-03
 0.1675668542604D-03 0.1891715181827D-03 0.2132332512987D-03 0.2399752830235D-03
 0.2696302471511D-03 0.3024412833810D-03 0.3386576491985D-03 0.3785356576458D-03
 0.4223325657023D-03 0.4703071992431D-03 0.5227119357656D-03 0.5797929115571D-03
 0.6417797110526D-03 0.7088853582670D-03 0.7812933359707D-03 0.8591575420584D-03
 0.9425866066356D-03 0.1031643955605D-02 0.1126329529058D-02 0.1226580592860D-02
 0.1332250949424D-02 0.1443113350063D-02 0.1558836815709D-02 0.1678991622889D-02
 0.1803025621874D-02 0.1930273205874D-02 0.2059931731819D-02 0.2191076109436D-02
 0.2322636720452D-02 0.2453421420948D-02 0.2582096468001D-02 0.2707217692963D-02
 0.2827216099151D-02 0.2940439440170D-02 0.3045144204967D-02 0.3139548026220D-02
 0.3221829551334D-02 0.3290190847213D-02 0.3342865814703D-02 0.3378190836214D-02
 0.3394620394768D-02 0.3390803255702D-02 0.3365602227050D-02 0.3318171364200D-02
 0.3247975500869D-02 0.3154862490823D-02 0.3039077098020D-02 0.2901320895141D-02
 0.2742754953760D-02 0.2565039699613D-02 0.2370320631477D-02 0.2161240961807D-02
 0.1940905833211D-02 0.1712862451454D-02 0.1481038765739D-02 0.1249689245283D-02
 0.1023307227499D-02 0.8065365529412D-03 0.6040618701354D-03 0.4204904059717D-03
 0.2602290977150D-03 0.1273457787812D-03 0.2544740332584D-04-0.4246452176266D-04
-0.7409684907906D-04-0.6799584811216D-04-0.2361078894675D-04 0.5860804354585D-04
 0.1772049718502D-03 0.3296717827231D-03 0.5125148549400D-03 0.7212722828388D-03
 0.9506587487907D-03 0.1194648970390D-02 0.1446700195722D-02 0.1699896192146D-02
 0.1947238906065D-02 0.2181835759723D-02 0.2397246858854D-02 0.2587692109452D-02
 0.2748431559351D-02 0.2875970563341D-02 0.2968449155062D-02 0.3025822040858D-02
 0.3050234450247D-02 0.3046154397919D-02 0.3020699298123D-02 0.2983692327580D-02
 0.2947887695331D-02 0.2928913423294D-02 0.2945363513504D-02 0.3018610542386D-02
 0.3172823427506D-02 0.3434758330648D-02 0.3833900559629D-02 0.4402494783800D-02
 0.5176081635475D-02 0.6193950355045D-02 0.7500062286812D-02 0.9143632826279D-02
 0.1117987983888D-01 0.1367006865905D-01 0.1668168675117D-01 0.2028826914938D-01
 0.2457035000017D-01 0.2961732352107D-01 0.3553151095046D-01 0.4243299413286D-01
 0.5046507214612D-01 0.5979762229708D-01 0.7062918812929D-01 0.8318810695367D-01
 0.8718943459947D-09 0.1068691717136D-08 0.1308971321523D-08 0.1602078535453D-08
 0.1959306130679D-08 0.2394266816095D-08 0.2923366712906D-08 0.3566329689725D-08
 0.4346862863337D-08 0.5293384770334D-08 0.6439956204623D-08 0.7827284861669D-08
 0.9504009883125D-08 0.1152807980147D-07 0.1396851399702D-07 0.1690726225799D-07
 0.2044160577511D-07 0.2468664615320D-07 0.2977852647759D-07 0.3587773784002D-07
 0.4317340798851D-07 0.5188760516505D-07 0.6228100553738D-07 0.7465844492108D-07
 0.8937626010153D-07 0.1068493697057D-06 0.1275607238865D-06 0.1520700919389D-06
 0.1810260949006D-06 0.2151770027050D-06 0.2553857043272D-06 0.3026427289635D-06
 0.3580847592333D-06 0.4230097451913D-06 0.4988994941866D-06 0.5874369301665D-06
 0.6905328625980D-06 0.8103450863092D-06 0.9493099058251D-06 0.1110161819328D-05
 0.1295970059007D-05 0.1510157974806D-05 0.1756543782645D-05 0.2039357876136D-05
 0.2363288057430D-05 0.2733490977433D-05 0.3155641390698D-05 0.3635934794028D-05
 0.4181138008237D-05 0.4798578065801D-05 0.5496193406836D-05 0.6282500060996D-05
 0.7166639888472D-05 0.8158316005078D-05 0.9267830058977D-05 0.1050597292239D-04
 0.1188404455324D-04 0.1341367731072D-04 0.1510682640747D-04 0.1697549987689D-04
 0.1903169836921D-04 0.2128702222049D-04 0.2375253415652D-04 0.2643820175839D-04
 0.2935266242813D-04 0.3250246106886D-04 0.3589169491180D-04 0.3952103134965D-04
 0.4338724270210D-04 0.4748201972728D-04 0.5179148868365D-04 0.5629493329172D-04
 0.6096449846994D-04 0.6576411740343D-04 0.7064981358990D-04 0.7556935202108D-04
 0.8046384179975D-04 0.8526891316914D-04 0.8991853977223D-04 0.9434870122124D-04
 0.9850432650237D-04 0.1023460425581D-03 0.1058603897362D-03 0.1090689695262D-03
 0.1120400913203D-03 0.1148970732375D-03 0.1178264311426D-03 0.1210788810269D-03
 0.1249667077579D-03 0.1298501459100D-03 0.1361186181109D-03 0.1441619601537D-03
 0.1543429661731D-03 0.1669720985975D-03 0.1823040179279D-03 0.2005622578297D-03
 0.2220158896395D-03 0.2471098074527D-03 0.2766603059213D-03 0.3120895569612D-03
 0.3556764482221D-03 0.4107535916996D-03 0.4818007550812D-03 0.5743615412364D-03
 0.6947914134011D-03 0.8498800468780D-03 0.1046540135076D-02 0.1291784209232D-02
 0.1593292323071D-02 0.1960684779918D-02 0.2407436709724D-02 0.2952900474651D-02
 0.3623735556110D-02 0.4453936925766D-02 0.5483406215878D-02 0.6755904157583D-02
 0.8318584187366D-02 0.1022527489078D-01 0.1254455662406D-01 0.1537022201579D-01
 0.2253257134036D-13 0.2953800151962D-13 0.3870730759230D-13 0.5070350194343D-13
 0.6639087088858D-13 0.8689533804977D-13 0.1136829123764D-12 0.1486611517765D-12
 0.1943108356752D-12 0.2538560234716D-12 0.3314845490294D-12 0.4326323576599D-12
 0.5643517001971D-12 0.7357855144125D-12 0.9587809046281D-12 0.1248678316879D-11
 0.1625331764901D-11 0.2114419126088D-11 0.2749134197332D-11 0.3572358480355D-11
 0.4639463278681D-11 0.6021900500824D-11 0.7811834877166D-11 0.1012807538432D-10
 0.1312371769452D-10 0.1699592623794D-10 0.2199853401676D-10 0.2845815007949D-10
 0.3679490343891D-10 0.4754895475991D-10 0.6141460653383D-10 0.7928388073465D-10
 0.1023025873600D-09 0.1319418658383D-09 0.1700902148142D-09 0.2191708841817D-09
 0.2822926950358D-09 0.3634422892377D-09 0.4677309921499D-09 0.6017089148478D-09
 0.7737678320867D-09 0.9946531135339D-09 0.1278118734699D-08 0.1641757732650D-08
 0.2108062364629D-08 0.2705763142349D-08 0.3471532403675D-08 0.4452127253615D-08
 0.5707101395893D-08 0.7312196751300D-08 0.9363609144067D-08 0.1198328003778D-07
 0.1532549507847D-07 0.1958498991799D-07 0.2500693938552D-07 0.3189906167695D-07
 0.4064631699292D-07 0.5172838277216D-07 0.6574043813505D-07 0.8341724567684D-07
 0.1056609363706D-06 0.1335719539313D-06 0.1684831290552D-06 0.2119951423741D-06
 0.2660122784670D-06 0.3327745676676D-06 0.4148830665945D-06 0.5153107259705D-06
 0.6373922970148D-06 0.7847801697569D-06 0.9613553467546D-06 0.1171073873135D-05
 0.1417734228710D-05 0.1704640961860D-05 0.2034152113027D-05 0.2407088388015D-05
 0.2822008840516D-05 0.3274353915924D-05 0.3755507376142D-05 0.4251836454999D-05
 0.4743855259158D-05 0.5205673420094D-05 0.5605013725725D-05 0.5904087396368D-05
 0.6061743065305D-05 0.6037226402186D-05 0.5795948427790D-05 0.5317357871221D-05
 0.4604883678872D-05 0.3697247812679D-05 0.2680060284454D-05 0.1695587946066D-05
 0.9482525914443D-06 0.7025636022592D-06 0.1270900339076D-05 0.2989214460968D-05
 0.6182131873887D-05 0.1112236000479D-04 0.1799607366457D-04 0.2689062089648D-04
 0.3782679664112D-04 0.5085561550234D-04 0.6623396486235D-04 0.8467218332050D-04
 0.1076234891531D-03 0.1375508722465D-03 0.1780943842601D-03 0.2340656076628D-03
 0.3112633283859D-03 0.4162017460279D-03 0.5559921684138D-03 0.7386995611350D-03
 0.9744936018240D-03 0.1277666923486D-02 0.1669234074199D-02 0.2179388301848D-02
 0.2849080169537D-02 0.3730486701275D-02 0.4887444705939D-02 0.6398087323295D-02
    2    2  120    8
-0.9296472939666D-07-0.1046814158831D-06-0.1178727454961D-06-0.1327236205607D-06
-0.1494424698515D-06-0.1682633248360D-06-0.1894499451727D-06-0.2132984592502D-06
-0.2401425857214D-06-0.2703569161070D-06-0.3043635549663D-06-0.3426362513728D-06
-0.3857087328730D-06-0.4341799534690D-06-0.4887246289618D-06-0.5500997505204D-06
-0.6191579654339D-06-0.6968557621823D-06-0.7842702429033D-06-0.8826095050625D-06
-0.9932338153758D-06-0.1117668468998D-05-0.1257630645980D-05-0.1415045538610D-05
-0.1592079966585D-05-0.1791162793980D-05-0.2015027303296D-05-0.2266736421985D-05
-0.2549736384385D-05-0.2867888296890D-05-0.3225535190002D-05-0.3627541891181D-05
-0.4079379402850D-05-0.4587174014837D-05-0.5157813972800D-05-0.5799010747846D-05
-0.6519432061664D-05-0.7328779060453D-05-0.8237953369104D-05-0.9259151778732D-05
-0.1040607698017D-04-0.1169405523273D-04-0.1314029852883D-04-0.1476405224528D-04
-0.1658692351595D-04-0.1863306142411D-04-0.2092957010302D-04-0.2350673141369D-04
-0.2639851723321D-04-0.2964286731026D-04-0.3328232872042D-04-0.3736439226739D-04
-0.4194229272540D-04-0.4707542430029D-04-0.5283032451416D-04-0.5928118910698D-04
-0.6651109692868D-04-0.7461262150203D-04-0.8368935689220D-04-0.9385666286177D-04
-0.1052435293694D-03-0.1179934837203D-03-0.1322668964589D-03-0.1482420344362D-03
-0.1661179095281D-03-0.1861155382807D-03-0.2084813745825D-03-0.2334888225100D-03
-0.2614424351071D-03-0.2926795946590D-03-0.3275756646285D-03-0.3665459283134D-03
-0.4100517241026D-03-0.4586026939664D-03-0.5127642182391D-03-0.5731598036234D-03
-0.6404801132961D-03-0.7154856217811D-03-0.7990173576107D-03-0.8919999078432D-03
-0.9954544181540D-03-0.1110501758503D-02-0.1238378471652D-02-0.1380440333315D-02
-0.1538181668224D-02-0.1713239804526D-02-0.1907418894691D-02-0.2122695089049D-02
-0.2361246625393D-02-0.2625460330628D-02-0.2917968617235D-02-0.3241658393453D-02
-0.3599716789468D-02-0.3995641183476D-02-0.4433295634749D-02-0.4916921195874D-02
-0.5451201768189D-02-0.6041272901299D-02-0.6692796152622D-02-0.7411960159490D-02
-0.8205562365937D-02-0.9080997965961D-02-0.1004634677285D-01-0.1111034983288D-01
-0.1228251015239D-01-0.1357306416613D-01-0.1499312150412D-01-0.1655466093169D-01
-0.1827075017115D-01-0.2015561333737D-01-0.2222498717503D-01-0.2449629437586D-01
-0.2698916527435D-01-0.2972570457862D-01-0.3273112470228D-01-0.3603400387648D-01
-0.3966692715884D-01-0.4366663187872D-01-0.4807469349709D-01-0.5293781203026D-01
 0.1303226774751D-10 0.1558401518385D-10 0.1863517990036D-10 0.2228336828283D-10
 0.2664523708151D-10 0.3186015844318D-10 0.3809467407942D-10 0.4554772314959D-10
 0.5445696761989D-10 0.6510623306899D-10 0.7783451798182D-10 0.9304655831274D-10
 0.1112256162475D-09 0.1329485033881D-09 0.1589037589321D-09 0.1899128702776D-09
 0.2269561267926D-09 0.2712026673697D-09 0.3240470253483D-09 0.3871517053855D-09
 0.4624987906918D-09 0.5524500274755D-09 0.6598198393740D-09 0.7879597576133D-09
 0.9408612737877D-09 0.1123274793005D-08 0.1340853993672D-08 0.1600322739974D-08
 0.1909677248815D-08 0.2278419739827D-08 0.2717840914936D-08 0.3241345720059D-08
 0.3864846853279D-08 0.4607217220914D-08 0.5490835620123D-08 0.6542212871943D-08
 0.7792745816828D-08 0.9279578906616D-08 0.1104664011267D-07 0.1314582063861D-07
 0.1563839056814D-07 0.1859660263899D-07 0.2210561225222D-07 0.2626564319995D-07
 0.3119457460529D-07 0.3703083190920D-07 0.4393684326911D-07 0.5210286321160D-07
 0.6175153198919D-07 0.7314287855544D-07 0.8658025409235D-07 0.1024167746011D-06
 0.1210629353235D-06 0.1429947580466D-06 0.1687633624628D-06 0.1990050560407D-06
 0.2344531147570D-06 0.2759498826916D-06 0.3244608836774D-06 0.3810888488793D-06
 0.4470899587839D-06 0.5238893446486D-06 0.6130989694906D-06 0.7165335167671D-06
 0.8362288676454D-06 0.9744568350215D-06 0.1133742408133D-05 0.1316875009714D-05
 0.1526922663616D-05 0.1767236871999D-05 0.2041461936269D-05 0.2353531852894D-05
 0.2707674776159D-05 0.3108403081919D-05 0.3560519199675D-05 0.4069107696349D-05
 0.4639559821602D-05 0.5277592851497D-05 0.5989332965809D-05 0.6781413598233D-05
 0.7661194052799D-05 0.8637033418389D-05 0.9718775499721D-05 0.1091835884391D-04
 0.1225077247897D-04 0.1373523509619D-04 0.1539690720714D-04 0.1726894543434D-04
 0.1939530673311D-04 0.2183400017644D-04 0.2466129872608D-04 0.2797640066346D-04
 0.3190716691037D-04 0.3661608748320D-04 0.4230722326169D-04 0.4923278116022D-04
 0.5770026828210D-04 0.6807826745295D-04 0.8080218476878D-04 0.9637744680849D-04
 0.1153824713237D-03 0.1384685970729D-03 0.1663613461623D-03 0.1998605227399D-03
 0.2398471047797D-03 0.2872951841334D-03 0.3433018359313D-03 0.4091333035818D-03
 0.4863047515309D-03 0.5766880879590D-03 0.6826661378921D-03 0.8073150792170D-03
 0.9546282207217D-03 0.1129741980076D-02 0.1339171232730D-02 0.1590997601210D-02
 0.1895036574861D-02 0.2262944069686D-02 0.2708370856591D-02 0.3247205365900D-02
-0.1304988546761D-10-0.1559824054942D-10-0.1864449628530D-10-0.2228587531778D-10
-0.2663857861132D-10-0.3184141200183D-10-0.3806029015854D-10-0.4549335418377D-10
-0.5437739834043D-10-0.6499518229580D-10-0.7768454178365D-10-0.9284882580523D-10
-0.1109698533423D-09-0.1326227193962D-09-0.1584942730380D-09-0.1894041104359D-09
-0.2263308107114D-09-0.2704417880671D-09-0.3231304698293D-09-0.3860586124736D-09
-0.4612090266492D-09-0.5509455270077D-09-0.6580874990890D-09-0.7859946957185D-09
-0.9386727497775D-09-0.1120892766366D-08-0.1338340267375D-08-0.1597783935949D-08
-0.1907285245614D-08-0.2276435850342D-08-0.2716652813106D-08-0.3241511304153D-08
-0.3867158883532D-08-0.4612781783430D-08-0.5501185166657D-08-0.6559442724548D-08
-0.7819707299313D-08-0.9320117240246D-08-0.1110592157104D-07-0.1323073826591D-07
-0.1575811680437D-07-0.1876327308518D-07-0.2233525043548D-07-0.2657931012531D-07
-0.3161989639182D-07-0.3760391280613D-07-0.4470479031659D-07-0.5312693705548D-07
-0.6311128044229D-07-0.7494130358502D-07-0.8895054237917D-07-0.1055306939297D-06
-0.1251417333081D-06-0.1483227333830D-06-0.1757053657206D-06-0.2080282864794D-06
-0.2461550747481D-06-0.2910931011340D-06-0.3440172427320D-06-0.4062945508027D-06
-0.4795152795042D-06-0.5655249252496D-06-0.6664648266834D-06-0.7848133261381D-06
-0.9234387827377D-06-0.1085652797282D-05-0.1275279115445D-05-0.1496722641202D-05
-0.1755060324040D-05-0.2056131339444D-05-0.2406658482562D-05-0.2814369439487D-05
-0.3288162610972D-05-0.3838274566569D-05-0.4476514520681D-05-0.5216504935017D-05
-0.6074022738674D-05-0.7067359093932D-05-0.8217832334927D-05-0.9550339194907D-05
-0.1109414352011D-04-0.1288373804780D-04-0.1496006348673D-04-0.1737185886621D-04
-0.2017754241152D-04-0.2344729357397D-04-0.2726590670404D-04-0.3173593282943D-04
-0.3698187669158D-04-0.4315475734248D-04-0.5043806347943D-04-0.5905405815439D-04
-0.6927181495979D-04-0.8141544574003D-04-0.9587436333363D-04-0.1131132899220D-03
-0.1336846021733D-03-0.1582397748084D-03-0.1875435486369D-03-0.2224865794179D-03
-0.2641020323648D-03-0.3135807347112D-03-0.3722934020233D-03-0.4418136338132D-03
-0.5239549411410D-03-0.6208140290602D-03-0.7348403530192D-03-0.8689214560588D-03
-0.1026510823405D-02-0.1211780885776D-02-0.1429834104754D-02-0.1686938683764D-02
-0.1990826217912D-02-0.2350995003886D-02-0.2779063801212D-02-0.3289101428085D-02
-0.3898015083653D-02-0.4625933708715D-02-0.5496778147115D-02-0.6539025874708D-02
 0.9868738582538D-14 0.1253998352762D-13 0.1593371188490D-13 0.2024512194829D-13
 0.2572212532582D-13 0.3267948184061D-13 0.4151687937152D-13 0.5274170449773D-13
 0.6699811810711D-13 0.8510377324860D-13 0.1080964614833D-12 0.1372933364628D-12
 0.1743657293395D-12 0.2214343581744D-12 0.2811898295098D-12 0.3570451114830D-12
 0.4533291526498D-12 0.5755318158012D-12 0.7306139698668D-12 0.9274007789630D-12
 0.1177078345707D-11 0.1493823071219D-11 0.1895597710872D-11 0.2405157782749D-11
 0.3051323745689D-11 0.3870589455759D-11 0.4909153012531D-11 0.6225482661799D-11
 0.7893553948318D-11 0.1000693488377D-10 0.1268393821457D-10 0.1607411227404D-10
 0.2036642149589D-10 0.2579954254135D-10 0.3267481616860D-10 0.4137253797407D-10
 0.5237241947995D-10 0.6627927322844D-10 0.8385523925324D-10 0.1060601670728D-09
 0.1341021720283D-09 0.1695008765152D-09 0.2141664122106D-09 0.2704980262272D-09
 0.3415069540702D-09 0.4309693672514D-09 0.5436164400593D-09 0.6853702238742D-09
 0.8636357768007D-09 0.1087662399310D-08 0.1368989312493D-08 0.1721994520478D-08
 0.2164568761072D-08 0.2718941542658D-08 0.3412689837916D-08 0.4279967181649D-08
 0.5362994860252D-08 0.6713865968443D-08 0.8396716865350D-08 0.1049033138796D-07
 0.1309124498673D-07 0.1631742683347D-07 0.2031261441716D-07 0.2525138412929D-07
 0.3134502342985D-07 0.3884827263932D-07 0.4806696082386D-07 0.5936654331409D-07
 0.7318145979729D-07 0.9002518042040D-07 0.1105006385188D-06 0.1353106415536D-06
 0.1652675554665D-06 0.2013013677966D-06 0.2444647486990D-06 0.2959334385974D-06
 0.3569995484990D-06 0.4290549775239D-06 0.5135611161749D-06 0.6120006363335D-06
 0.7258058634973D-06 0.8562581824311D-06 0.1004351578929D-05 0.1170614325848D-05
 0.1354881961895D-05 0.1556017836539D-05 0.1771577967683D-05 0.1997424281609D-05
 0.2227293500736D-05 0.2452342741854D-05 0.2660699806227D-05 0.2837068730399D-05
 0.2962450174374D-05 0.3014066936492D-05 0.2965588355852D-05 0.2787778353409D-05
 0.2449668727295D-05 0.1920369650340D-05 0.1171540646316D-05 0.1804972311250D-06
-0.1066283316601D-05-0.2569637093402D-05-0.4314933174601D-05-0.6271030593670D-05
-0.8392488425491D-05-0.1062668545081D-04-0.1292794681092D-04-0.1528037720968D-04
-0.1773094911610D-04-0.2043276329673D-04-0.2369718267872D-04-0.2805023970586D-04
-0.3428704949067D-04-0.4351442871129D-04-0.5717334124914D-04-0.7703420061753D-04
-0.1051704471132D-03-0.1439298294752D-03-0.1959538230995D-03-0.2643224984195D-03
-0.2477680092209D-13-0.3148362333830D-13-0.4000449511704D-13-0.5082958555590D-13
-0.6458138421737D-13-0.8205030940211D-13-0.1042399788796D-12-0.1324245606531D-12
-0.1682216340270D-12-0.2136845469400D-12-0.2714195348386D-12-0.3447342838172D-12
-0.4378262941773D-12-0.5560216466976D-12-0.7060776388883D-12-0.8965662388522D-12
-0.1138360158953D-11-0.1445248098969D-11-0.1834714455688D-11-0.2328926266921D-11
-0.2955982101327D-11-0.3751493321380D-11-0.4760583887323D-11-0.6040419784290D-11
-0.7663406088126D-11-0.9721229543060D-11-0.1232996325764D-10-0.1563651521845D-10
-0.1982676728036D-10-0.2513584516933D-10-0.3186106994722D-10-0.4037828375609D-10
-0.5116241654611D-10-0.6481338131629D-10-0.8208865527871D-10-0.1039442549393D-09
-0.1315862096681D-09-0.1665352056739D-09-0.2107076672782D-09-0.2665174066152D-09
-0.3370028887327D-09-0.4259864665245D-09-0.5382733289387D-09-0.6798998809743D-09
-0.8584432779892D-09-0.1083406922117D-08-0.1366699484748D-08-0.1723229695714D-08
-0.2171643079215D-08-0.2735233442364D-08-0.3443067660176D-08-0.4331371546040D-08
-0.5445232308306D-08-0.6840686044911D-08-0.8587268441548D-08-0.1077112431824D-07
-0.1349878291626D-07-0.1690172825424D-07-0.2114190510146D-07-0.2641832776463D-07
-0.3297496557265D-07-0.4111010790938D-07-0.5118740272526D-07-0.6364878960531D-07
-0.7902950434114D-07-0.9797534254126D-07-0.1212622630969D-06-0.1498183770698D-06
-0.1847481465158D-06-0.2273585007417D-06-0.2791861552698D-06-0.3420251608912D-06
-0.4179529750049D-06-0.5093528763123D-06-0.6189293277920D-06-0.7497121751474D-06
-0.9050436831212D-06-0.1088541466777D-05-0.1304027709937D-05-0.1555414143793D-05
-0.1846528827379D-05-0.2180870633861D-05-0.2561273671789D-05-0.2989466003464D-05
-0.3465504419115D-05-0.3987074494995D-05-0.4548645701974D-05-0.5140489052919D-05
-0.5747571871156D-05-0.6348378060754D-05-0.6913718520533D-05-0.7405652431804D-05
-0.7776662027718D-05-0.7969301351860D-05-0.7916549362976D-05-0.7543180063357D-05
-0.6768410574229D-05-0.5510126643252D-05-0.3690778443043D-05-0.1244946055045D-05
 0.1871925887646D-05 0.5674439925857D-05 0.1013953274794D-04 0.1520238432182D-04
 0.2075945760036D-04 0.2668249314574D-04 0.3284838417947D-04 0.3918892056175D-04
 0.4576413715916D-04 0.5285916456939D-04 0.6110173730862D-04 0.7158966101992D-04
 0.8601358676123D-04 0.1067516268468D-03 0.1369149533912D-03 0.1803249858225D-03
 0.2414291083497D-03 0.3251897916611D-03 0.4370478576668D-03 0.5831138699181D-03
-0.6625632017486D-18-0.8940796372894D-18-0.1206434362664D-17-0.1627810211097D-17
-0.2196243404880D-17-0.2963002136638D-17-0.3997205334780D-17-0.5392063439022D-17
-0.7273205835672D-17-0.9809892154014D-17-0.1323041112036D-16-0.1784228759210D-16
-0.2405988834696D-16-0.3244165013723D-16-0.4373957906313D-16-0.5896675453216D-16
-0.7948751815261D-16-0.1071391282161D-15-0.1443948755584D-15-0.1945843880268D-15
-0.2621883040693D-15-0.3532368056607D-15-0.4758413709194D-15-0.6409132160345D-15
-0.8631238483863D-15-0.1162197583522D-14-0.1564646836464D-14-0.2106094344421D-14
-0.2834393651505D-14-0.3813802957353D-14-0.5130588869080D-14-0.6900509640905D-14
-0.9278863884250D-14-0.1247388369779D-13-0.1676467593200D-13-0.2252518340596D-13
-0.3025614621253D-13-0.4062776743524D-13-0.5453658827126D-13-0.7318117993758D-13
-0.9816297695953D-13-0.1316201920160D-12-0.1764057036092D-12-0.2363232357712D-12
-0.3164399697243D-12-0.4235004063535D-12-0.5664735946559D-12-0.7572748133784D-12
-0.1011716737361D-11-0.1350761041054D-11-0.1802160591766D-11-0.2402613157144D-11
-0.3200575782977D-11-0.4259938436022D-11-0.5664803584183D-11-0.7525689798106D-11
-0.9987557366825D-11-0.1324016399413D-10-0.1753136755269D-10-0.2318415869361D-10
-0.3061836804681D-10-0.4037820723955D-10-0.5316699211923D-10-0.6989072458562D-10
-0.9171232551702D-10-0.1201186965199D-09-0.1570028213454D-09-0.2047633232507D-09
-0.2664235931279D-09-0.3457724175935D-09-0.4475267754650D-09-0.5775162150844D-09
-0.7428851995613D-09-0.9523063056109D-09-0.1216190245376D-08-0.1546872002970D-08
-0.1958738442815D-08-0.2468250302044D-08-0.3093788181747D-08-0.3855231474583D-08
-0.4773143521476D-08-0.5867409394543D-08-0.7155125213911D-08-0.8647517041939D-08
-0.1034561799499D-07-0.1223445277556D-07-0.1427546050322D-07-0.1639701836071D-07
-0.1848301555740D-07-0.2035978417355D-07-0.2178198145472D-07-0.2241875433362D-07
-0.2184203134512D-07-0.1951994796720D-07-0.1481885354643D-07-0.7018491278818D-08
 0.4655926280988D-08 0.2098158066917D-07 0.4266805384593D-07 0.7027784229672D-07
 0.1041617459554D-06 0.1444515146018D-06 0.1911867913560D-06 0.2446880682381D-06
 0.3063435357463D-06 0.3800188154537D-06 0.4743553421113D-06 0.6062209980829D-06
 0.8055632470698D-06 0.1121761262060D-05 0.1631384777720D-05 0.2446858864171D-05
 0.3725199841193D-05 0.5675539146227D-05 0.8564323222714D-05 0.1271774444857D-04
 0.1852357434405D-04 0.2643876500976D-04 0.3701696264806D-04 0.5097925776196D-04
-0.1428238975030D-16-0.1927176705553D-16-0.2600353663269D-16-0.3508593082113D-16
-0.4733941836692D-16-0.6387061439878D-16-0.8617215161573D-16-0.1162571482419D-15
-0.1568405324042D-15-0.2115836445156D-15-0.2854236411400D-15-0.3850179751054D-15
-0.5193426785242D-15-0.7004996605717D-15-0.9448036359178D-15-0.1274246835432D-14
-0.1718472498655D-14-0.2317433153603D-14-0.3124970562879D-14-0.4213636033911D-14
-0.5681183867251D-14-0.7659308143498D-14-0.1032540586702D-13-0.1391840772433D-13
-0.1876007799558D-13-0.2528366279937D-13-0.3407243668952D-13-0.4591150936218D-13
-0.6185749535264D-13-0.8333213128299D-13-0.1122480703568D-12-0.1511778526138D-12
-0.2035807770821D-12-0.2741074665943D-12-0.3690085613702D-12-0.4966828983960D-12
-0.6684125499490D-12-0.8993479864239D-12-0.1209827789582D-11-0.1627145856082D-11
-0.2187916390560D-11-0.2941237269745D-11-0.3952918988292D-11-0.5311133976612D-11
-0.7133959253680D-11-0.9579438930871D-11-0.1285899821085D-10-0.1725531197552D-10
-0.2314608377665D-10-0.3103566465157D-10-0.4159704976206D-10-0.5572760533488D-10
-0.7462292405190D-10-0.9987459285255D-10-0.1335994432745D-09-0.1786101729789D-09
-0.2386402587647D-09-0.3186399335862D-09-0.4251650105234D-09-0.5668867139888D-09
-0.7552588083177D-09-0.1005388638361D-08-0.1337171704523D-08-0.1776765663364D-08
-0.2358499978113D-08-0.3127342364731D-08-0.4142073850538D-08-0.5479361064697D-08
-0.7238958622473D-08-0.9550325781652D-08-0.1258100134576D-07-0.1654714668096D-07
-0.2172673877899D-07-0.2847596792714D-07-0.3724946407789D-07-0.4862502856066D-07
-0.6333357483596D-07-0.8229495204407D-07-0.1066602214933D-06-0.1378607184967D-06
-0.1776638293373D-06-0.2282347438624D-06-0.2922024595107D-06-0.3727268582279D-06
-0.4735617026941D-06-0.5991056913136D-06-0.7544302873602D-06-0.9452686589176D-06
-0.1177944976913D-05-0.1459217378555D-05-0.1796001921813D-05-0.2194939037296D-05
-0.2661760339507D-05-0.3200413057662D-05-0.3811905941725D-05-0.4492856009935D-05
-0.5233747123421D-05-0.6016960822137D-05-0.6814717285230D-05-0.7587167537757D-05
-0.8281017029828D-05-0.8829219354423D-05-0.9152458004098D-05-0.9163284424900D-05
-0.8773880863151D-05-0.7908358617443D-05-0.6520241780029D-05-0.4615149181450D-05
-0.2277659654803D-05 0.3002406801101D-06 0.2793659030313D-05 0.4728999821647D-05
 0.5486291050046D-05 0.4328603727523D-05 0.4650743258816D-06-0.6852346314741D-05
-0.1821111580566D-04-0.3393058690371D-04-0.5402095387654D-04-0.7828894301697D-04
 0.1669394164540D-16 0.2252508697229D-16 0.3039232106573D-16 0.4100626499531D-16
 0.5532546310327D-16 0.7464271947681D-16 0.1007016363694D-15 0.1358537109083D-15
 0.1832700679485D-15 0.2472267855294D-15 0.3334897786817D-15 0.4498330979200D-15
 0.6067378106472D-15 0.8183332224969D-15 0.1103665621608D-14 0.1488407081887D-14
 0.2007156591812D-14 0.2706541264090D-14 0.3649389426098D-14 0.4920352096408D-14
 0.6633469101407D-14 0.8942353482630D-14 0.1205389679444D-13 0.1624670766004D-13
 0.2189591958082D-13 0.2950654922551D-13 0.3975835222252D-13 0.5356613044785D-13
 0.7216075231088D-13 0.9719804977236D-13 0.1309050395034D-12 0.1762762860119D-12
 0.2373374637247D-12 0.3194990025438D-12 0.4300304296602D-12 0.5786963509217D-12
 0.7786087528903D-12 0.1047368711693D-11 0.1408595063248D-11 0.1893969983755D-11
 0.2545975024482D-11 0.3421548074916D-11 0.4596968662362D-11 0.6174379157502D-11
 0.8290484324449D-11 0.1112814653758D-10 0.1493182986771D-10 0.2002814982729D-10
 0.2685319479044D-10 0.3598880911438D-10 0.4821073138011D-10 0.6455238328301D-10
 0.8638929583423D-10 0.1155507002184D-09 0.1544668186733D-09 0.2063629745979D-09
 0.2755149878254D-09 0.3675846191582D-09 0.4900593044893D-09 0.6528274343746D-09
 0.8689292951050D-09 0.1155534951665D-08 0.1535214400141D-08 0.2037582628558D-08
 0.2701423848441D-08 0.3577425196790D-08 0.4731682106918D-08 0.6250175108535D-08
 0.8244462328770D-08 0.1085888259631D-07 0.1427962140089D-07 0.1874605278168D-07
 0.2456483415663D-07 0.3212728892850D-07 0.4193066073613D-07 0.5460384312288D-07
 0.7093817157430D-07 0.9192377115358D-07 0.1187917671665D-06 0.1530623152283D-06
 0.1965978684447D-06 0.2516602506436D-06 0.3209689229118D-06 0.4077561358511D-06
 0.5158124566568D-06 0.6495132195364D-06 0.8138128943487D-06 0.1014189966242D-05
 0.1256520127679D-05 0.1546850291824D-05 0.1891041328510D-05 0.2294243737913D-05
 0.2760170309097D-05 0.3290133927645D-05 0.3881831992122D-05 0.4527882451138D-05
 0.5214158127781D-05 0.5918025373155D-05 0.6606680334128D-05 0.7235884061628D-05
 0.7749534961493D-05 0.8080657953099D-05 0.8154533384832D-05 0.7894771788706D-05
 0.7233145550987D-05 0.6123794249847D-05 0.4562008736476D-05 0.2606997986158D-05
 0.4069163642218D-06-0.1777156910828D-05-0.3553270968214D-05-0.4393355662742D-05
-0.3647975006406D-05-0.5875257159854D-06 0.5527988381395D-05 0.1535659807580D-04
 0.2937957363027D-04 0.4784261354128D-04 0.7079403983575D-04 0.9829951030422D-04
