 480 0.000025010  0.000000  1.700000   1I  1
  32  64  96 128 160 192 224 256 288
 0.2499999936845D-04 0.4239350867340D+07
 0.4999999873689D-04 0.2119348782344D+07
 0.7499999810534D-04 0.1412681357293D+07
 0.9999999747379D-04 0.1059452107835D+07
 0.1249999968422D-03 0.8474669053754D+06
 0.1499999962107D-03 0.7061345918321D+06
 0.1749999955791D-03 0.6051813608712D+06
 0.1999999949476D-03 0.5294660866245D+06
 0.2249999943160D-03 0.4705763160139D+06
 0.2499999936845D-03 0.4234644180850D+06
 0.2749999930529D-03 0.3849182524610D+06
 0.2999999924214D-03 0.3527963910405D+06
 0.3249999917898D-03 0.3256163059262D+06
 0.3499999911583D-03 0.3023190481118D+06
 0.3749999905267D-03 0.2821280545591D+06
 0.3999999898952D-03 0.2644609027441D+06
 0.4249999892636D-03 0.2488722104890D+06
 0.4499999886320D-03 0.2350155692665D+06
 0.4749999880005D-03 0.2226174985289D+06
 0.4999999873689D-03 0.2114592137310D+06
 0.5249999867374D-03 0.2013636034580D+06
 0.5499999861058D-03 0.1921857583512D+06
 0.5749999854743D-03 0.1838059705711D+06
 0.5999999848427D-03 0.1761244835762D+06
 0.6249999842112D-03 0.1690575017773D+06
 0.6499999835796D-03 0.1625341212432D+06
 0.6749999829481D-03 0.1564939422586D+06
 0.6999999823165D-03 0.1508851936017D+06
 0.7249999816850D-03 0.1456632449225D+06
 0.7499999810534D-03 0.1407894165494D+06
 0.7749999804219D-03 0.1362300197164D+06
 0.7999999797903D-03 0.1319555767392D+06
 0.8499999785272D-03 0.1241609813693D+06
 0.8999999772641D-03 0.1172324247568D+06
 0.9499999760010D-03 0.1110331654377D+06
 0.9999999747379D-03 0.1054538101362D+06
 0.1049999973475D-02 0.1004058022587D+06
 0.1099999972212D-02 0.9581668638635D+05
 0.1149999970949D-02 0.9162660795525D+05
 0.1199999969685D-02 0.8778568810735D+05
 0.1249999968422D-02 0.8425202854994D+05
 0.1299999967159D-02 0.8099017687844D+05
 0.1349999965896D-02 0.7796993281813D+05
 0.1399999964633D-02 0.7516541039677D+05
 0.1449999963370D-02 0.7255429413281D+05
 0.1499999962107D-02 0.7011724389125D+05
 0.1549999960844D-02 0.6783741502057D+05
 0.1599999959581D-02 0.6570006843449D+05
 0.1649999958317D-02 0.6369225158748D+05
 0.1699999957054D-02 0.6180253574956D+05
 0.1749999955791D-02 0.6002079831891D+05
 0.1799999954528D-02 0.5833804141606D+05
 0.1849999953265D-02 0.5674623989561D+05
 0.1899999952002D-02 0.5523821335548D+05
 0.1949999950739D-02 0.5380751783775D+05
 0.1999999949476D-02 0.5244835377401D+05
 0.2049999948213D-02 0.5115548739829D+05
 0.2099999946950D-02 0.4992418335212D+05
 0.2149999945686D-02 0.4875014683665D+05
 0.2199999944423D-02 0.4762947346083D+05
 0.2249999943160D-02 0.4655860588915D+05
 0.2299999941897D-02 0.4553429606745D+05
 0.2349999940634D-02 0.4455357240779D+05
 0.2399999939371D-02 0.4361371097717D+05
 0.2499999936845D-02 0.4184676844407D+05
 0.2599999934318D-02 0.4021574168349D+05
 0.2699999931792D-02 0.3870552998070D+05
 0.2799999929266D-02 0.3730318990682D+05
 0.2899999926740D-02 0.3599756327300D+05
 0.2999999924214D-02 0.3477897959236D+05
 0.3099999921687D-02 0.3363901615245D+05
 0.3199999919161D-02 0.3257030305122D+05
 0.3299999916635D-02 0.3156636368126D+05
 0.3399999914109D-02 0.3062148336400D+05
 0.3499999911583D-02 0.2973060050380D+05
 0.3599999909056D-02 0.2888921588327D+05
 0.3699999906530D-02 0.2809331666743D+05
 0.3799999904004D-02 0.2733931240751D+05
 0.3899999901478D-02 0.2662398089024D+05
 0.3999999898952D-02 0.2594442211004D+05
 0.4099999896425D-02 0.2529801897692D+05
 0.4199999893899D-02 0.2468240359153D+05
 0.4299999891373D-02 0.2409542833076D+05
 0.4399999888847D-02 0.2353514084750D+05
 0.4499999886320D-02 0.2299976230381D+05
 0.4599999883794D-02 0.2248766850609D+05
 0.4699999881268D-02 0.2199737342069D+05
 0.4799999878742D-02 0.2152751498545D+05
 0.4899999876216D-02 0.2107684227129D+05
 0.4999999873689D-02 0.2064420426713D+05
 0.5099999871163D-02 0.2022854042766D+05
 0.5199999868637D-02 0.1982887174943D+05
 0.5299999866111D-02 0.1944429291136D+05
 0.5399999863585D-02 0.1907396591124D+05
 0.5499999861058D-02 0.1871711356850D+05
 0.5599999858532D-02 0.1837301411104D+05
 0.5799999853480D-02 0.1772043626242D+05
 0.5999999848427D-02 0.1711139620758D+05
 0.6199999843375D-02 0.1654168173106D+05
 0.6399999838322D-02 0.1600760707133D+05
 0.6599999833270D-02 0.1550593315778D+05
 0.6799999828218D-02 0.1503380192381D+05
 0.6999999823165D-02 0.1458868188073D+05
 0.7199999818113D-02 0.1416832276270D+05
 0.7399999813060D-02 0.1377071752678D+05
 0.7599999808008D-02 0.1339407035264D+05
 0.7799999802955D-02 0.1303676956549D+05
 0.7999999797903D-02 0.1269736462017D+05
 0.8199999792851D-02 0.1237454645320D+05
 0.8399999787798D-02 0.1206713063967D+05
 0.8599999782746D-02 0.1177404283839D+05
 0.8799999777693D-02 0.1149430645548D+05
 0.8999999772641D-02 0.1122703163685D+05
 0.9199999767588D-02 0.1097140588151D+05
 0.9399999762536D-02 0.1072668575421D+05
 0.9599999757484D-02 0.1049218984339D+05
 0.9799999752431D-02 0.1026729231611D+05
 0.9999999747379D-02 0.1005141735012D+05
 0.1019999974233D-01 0.9844034297302D+04
 0.1039999973727D-01 0.9644653328559D+04
 0.1059999973222D-01 0.9452821528535D+04
 0.1079999972717D-01 0.9268119548954D+04
 0.1099999972212D-01 0.9090158515590D+04
 0.1119999971706D-01 0.8918577318309D+04
 0.1139999971201D-01 0.8753040179598D+04
 0.1159999970696D-01 0.8593234464478D+04
 0.1179999970191D-01 0.8438868738620D+04
 0.1199999969685D-01 0.8289670952469D+04
 0.1239999968675D-01 0.8005778876751D+04
 0.1279999967664D-01 0.7739713712955D+04
 0.1319999966654D-01 0.7489854401719D+04
 0.1359999965644D-01 0.7254770512094D+04
 0.1399999964633D-01 0.7033195022548D+04
 0.1439999963623D-01 0.6824001647781D+04
 0.1479999962612D-01 0.6626185810668D+04
 0.1519999961602D-01 0.6438848621318D+04
 0.1559999960591D-01 0.6261183355955D+04
 0.1599999959581D-01 0.6092463932376D+04
 0.1639999958570D-01 0.5932035078259D+04
 0.1679999957560D-01 0.5779303903005D+04
 0.1719999956549D-01 0.5633732744019D+04
 0.1759999955539D-01 0.5494832790075D+04
 0.1799999954528D-01 0.5362158547962D+04
 0.1839999953518D-01 0.5235303303572D+04
 0.1879999952507D-01 0.5113895093157D+04
 0.1919999951497D-01 0.4997592926791D+04
 0.1959999950486D-01 0.4886083442457D+04
 0.1999999949476D-01 0.4779078510934D+04
 0.2039999948465D-01 0.4676312823472D+04
 0.2079999947455D-01 0.4577541027060D+04
 0.2119999946444D-01 0.4482536590844D+04
 0.2159999945434D-01 0.4391089897755D+04
 0.2199999944423D-01 0.4303006133048D+04
 0.2239999943413D-01 0.4218104955570D+04
 0.2279999942402D-01 0.4136218295804D+04
 0.2319999941392D-01 0.4057189741765D+04
 0.2359999940381D-01 0.3980873820699D+04
 0.2399999939371D-01 0.3907134160771D+04
 0.2439999938360D-01 0.3835844159988D+04
 0.2479999937350D-01 0.3766884509121D+04
 0.2559999935329D-01 0.3635518788399D+04
 0.2639999933308D-01 0.3512227019990D+04
 0.2719999931287D-01 0.3396294673167D+04
 0.2799999929266D-01 0.3287089009915D+04
 0.2879999927245D-01 0.3184047712551D+04
 0.2959999925224D-01 0.3086669374313D+04
 0.3039999923203D-01 0.2994505519145D+04
 0.3119999921182D-01 0.2907153608548D+04
 0.3199999919161D-01 0.2824251467002D+04
 0.3279999917140D-01 0.2745472289586D+04
 0.3359999915119D-01 0.2670520415480D+04
 0.3439999913098D-01 0.2599127703229D+04
 0.3519999911077D-01 0.2531050702778D+04
 0.3599999909056D-01 0.2466067147909D+04
 0.3679999907035D-01 0.2403974240371D+04
 0.3759999905014D-01 0.2344586469349D+04
 0.3839999902993D-01 0.2287734161655D+04
 0.3919999900972D-01 0.2233260834190D+04
 0.3999999898952D-01 0.2181022686278D+04
 0.4079999896931D-01 0.2130887853941D+04
 0.4159999894910D-01 0.2082733721036D+04
 0.4239999892889D-01 0.2036447152196D+04
 0.4319999890868D-01 0.1991924141317D+04
 0.4399999888847D-01 0.1949067108319D+04
 0.4479999886826D-01 0.1907786191420D+04
 0.4559999884805D-01 0.1867997853959D+04
 0.4639999882784D-01 0.1829623652917D+04
 0.4719999880763D-01 0.1792591714310D+04
 0.4799999878742D-01 0.1756833498503D+04
 0.4879999876721D-01 0.1722286253764D+04
 0.4959999874700D-01 0.1688890433131D+04
 0.5039999872679D-01 0.1656590739850D+04
 0.5199999868637D-01 0.1595075150444D+04
 0.5359999864595D-01 0.1537361131919D+04
 0.5519999860553D-01 0.1483114513687D+04
 0.5679999856511D-01 0.1432039074870D+04
 0.5839999852469D-01 0.1383871326169D+04
 0.5999999848427D-01 0.1338376120436D+04
 0.6159999844385D-01 0.1295342943719D+04
 0.6319999840343D-01 0.1254582767876D+04
 0.6479999836301D-01 0.1215925368702D+04
 0.6639999832259D-01 0.1179217175200D+04
 0.6799999828218D-01 0.1144319151053D+04
 0.6959999824176D-01 0.1111104884719D+04
 0.7119999820134D-01 0.1079459480193D+04
 0.7279999816092D-01 0.1049278188859D+04
 0.7439999812050D-01 0.1020465753402D+04
 0.7599999808008D-01 0.9929342373791D+03
 0.7759999803966D-01 0.9666031794192D+03
 0.7919999799924D-01 0.9413990394243D+03
 0.8079999795882D-01 0.9172538092074D+03
 0.8239999791840D-01 0.8941044551834D+03
 0.8399999787798D-01 0.8718934535577D+03
 0.8559999783756D-01 0.8505671367102D+03
 0.8719999779714D-01 0.8300754359827D+03
 0.8879999775672D-01 0.8103731420545D+03
 0.9039999771630D-01 0.7914167130875D+03
 0.9199999767588D-01 0.7731665860408D+03
 0.9359999763547D-01 0.7555858987405D+03
 0.9519999759505D-01 0.7386395404906D+03
 0.9679999755463D-01 0.7222960597385D+03
 0.9839999751421D-01 0.7065243410373D+03
 0.9999999747379D-01 0.6912971811452D+03
 0.1015999974334D+00 0.6765872474284D+03
 0.1047999973525D+00 0.6486231091499D+03
 0.1079999972717D+00 0.6224515338580D+03
 0.1111999971909D+00 0.5979131779259D+03
 0.1143999971100D+00 0.5748668155431D+03
 0.1175999970292D+00 0.5531869585545D+03
 0.1207999969483D+00 0.5327617031798D+03
 0.1239999968675D+00 0.5134907790492D+03
 0.1271999967867D+00 0.4952843097844D+03
 0.1303999967058D+00 0.4780614247864D+03
 0.1335999966250D+00 0.4617491463535D+03
 0.1367999965441D+00 0.4462814281410D+03
 0.1399999964633D+00 0.4315989003048D+03
 0.1431999963825D+00 0.4176467687012D+03
 0.1463999963016D+00 0.4043753226402D+03
 0.1495999962208D+00 0.3917391282070D+03
 0.1527999961399D+00 0.3796973445775D+03
 0.1559999960591D+00 0.3682113358430D+03
 0.1591999959783D+00 0.3572459140024D+03
 0.1623999958974D+00 0.3467695015114D+03
 0.1655999958166D+00 0.3367520454572D+03
 0.1687999957358D+00 0.3271657400818D+03
 0.1719999956549D+00 0.3179861883998D+03
 0.1751999955741D+00 0.3091891676130D+03
 0.1783999954932D+00 0.3007530341216D+03
 0.1815999954124D+00 0.2926581501607D+03
 0.1847999953316D+00 0.2848850344415D+03
 0.1879999952507D+00 0.2774172350476D+03
 0.1911999951699D+00 0.2702378445669D+03
 0.1943999950890D+00 0.2633321725185D+03
 0.1975999950082D+00 0.2566861598583D+03
 0.2007999949274D+00 0.2502865301899D+03
 0.2039999948465D+00 0.2441214060540D+03
 0.2103999946848D+00 0.2324487751289D+03
 0.2167999945232D+00 0.2215850908763D+03
 0.2231999943615D+00 0.2114570351956D+03
 0.2295999941998D+00 0.2019996760727D+03
 0.2359999940381D+00 0.1931552465469D+03
 0.2423999938765D+00 0.1848721310940D+03
 0.2487999937148D+00 0.1771041714653D+03
 0.2551999935531D+00 0.1698098876577D+03
 0.2615999933914D+00 0.1629515306811D+03
 0.2679999932298D+00 0.1564950409055D+03
 0.2743999930681D+00 0.1504094716720D+03
 0.2807999929064D+00 0.1446667121110D+03
 0.2871999927447D+00 0.1392419256435D+03
 0.2935999925830D+00 0.1341111951506D+03
 0.2999999924214D+00 0.1292530538989D+03
 0.3063999922597D+00 0.1246482526026D+03
 0.3127999920980D+00 0.1202794667468D+03
 0.3191999919363D+00 0.1161296488571D+03
 0.3255999917747D+00 0.1121839050483D+03
 0.3319999916130D+00 0.1084293109125D+03
 0.3383999914513D+00 0.1048523611731D+03
 0.3447999912896D+00 0.1014418654171D+03
 0.3511999911279D+00 0.9818755159457D+02
 0.3575999909663D+00 0.9507886973986D+02
 0.3639999908046D+00 0.9210791131707D+02
 0.3703999906429D+00 0.8926563138164D+02
 0.3767999904812D+00 0.8654470319007D+02
 0.3831999903196D+00 0.8393833009984D+02
 0.3895999901579D+00 0.8143962061416D+02
 0.3959999899962D+00 0.7904326454964D+02
 0.4023999898345D+00 0.7674301817461D+02
 0.4087999896728D+00 0.7453458156762D+02
 0.4215999893495D+00 0.7037287076783D+02
 0.4343999890261D+00 0.6652396749043D+02
 0.4471999887028D+00 0.6295795539080D+02
 0.4599999883794D+00 0.5964836583569D+02
 0.4727999880561D+00 0.5657156823841D+02
 0.4855999877327D+00 0.5370633449111D+02
 0.4983999874094D+00 0.5103354605972D+02
 0.5111999870860D+00 0.4853612293378D+02
 0.5239999867626D+00 0.4619883647996D+02
 0.5367999864393D+00 0.4400765809773D+02
 0.5495999861159D+00 0.4195025307794D+02
 0.5623999857926D+00 0.4001565481955D+02
 0.5751999854692D+00 0.3819430399019D+02
 0.5879999851459D+00 0.3647759007912D+02
 0.6007999848225D+00 0.3485757438680D+02
 0.6135999844992D+00 0.3332731107706D+02
 0.6263999841758D+00 0.3188084191394D+02
 0.6391999838524D+00 0.3051233913531D+02
 0.6519999835291D+00 0.2921661863474D+02
 0.6647999832057D+00 0.2798923815538D+02
 0.6775999828824D+00 0.2682578632666D+02
 0.6903999825590D+00 0.2572223184904D+02
 0.7031999822357D+00 0.2467521957687D+02
 0.7159999819123D+00 0.2368110810206D+02
 0.7287999815890D+00 0.2273687057130D+02
 0.7415999812656D+00 0.2183964827563D+02
 0.7543999809423D+00 0.2098650402767D+02
 0.7671999806189D+00 0.2017523089541D+02
 0.7799999802955D+00 0.1940303269709D+02
 0.7927999799722D+00 0.1866810310163D+02
 0.8055999796488D+00 0.1796795961231D+02
 0.8183999793255D+00 0.1730091311809D+02
 0.8311999790021D+00 0.1666491715669D+02
 0.8439999786788D+00 0.1605837445645D+02
 0.8567999783554D+00 0.1547954936042D+02
 0.8695999780321D+00 0.1492699854274D+02
 0.8823999777087D+00 0.1439918146337D+02
 0.8951999773853D+00 0.1389487412252D+02
 0.9079999770620D+00 0.1341261735322D+02
 0.9207999767386D+00 0.1295147971106D+02
 0.9335999764153D+00 0.1250996557757D+02
 0.9463999760919D+00 0.1208752060998D+02
 0.9591999757686D+00 0.1168259216540D+02
 0.9719999754452D+00 0.1129478533100D+02
 0.9847999751219D+00 0.1092275628537D+02
 0.9975999747985D+00 0.1056601821623D+02
 0.1010399974475D+01 0.1022361386763D+02
 0.1023199974152D+01 0.9894806084012D+01
 0.1035999973828D+01 0.9579138071085D+01
 0.1048799973505D+01 0.9275600861896D+01
 0.1061599973182D+01 0.8983995492960D+01
 0.1074399972858D+01 0.8703420158050D+01
 0.1087199972535D+01 0.8433461459729D+01
 0.1099999972212D+01 0.8173732575408D+01
 0.1112799971888D+01 0.7923485775121D+01
 0.1125599971565D+01 0.7682588711725D+01
 0.1138399971242D+01 0.7450391967526D+01
 0.1151199970918D+01 0.7226474549560D+01
 0.1163999970595D+01 0.7010767172971D+01
 0.1176799970272D+01 0.6802546043452D+01
 0.1189599969948D+01 0.6601648613655D+01
 0.1202399969625D+01 0.6407824989037D+01
 0.1215199969301D+01 0.6220570581471D+01
 0.1227999968978D+01 0.6039790957877D+01
 0.1240799968655D+01 0.5865164098573D+01
 0.1253599968331D+01 0.5696318528055D+01
 0.1266399968008D+01 0.5533198362980D+01
 0.1279199967685D+01 0.5375474747831D+01
 0.1291999967361D+01 0.5222851085768D+01
 0.1304799967038D+01 0.5075290603806D+01
 0.1317599966715D+01 0.4932500400676D+01
 0.1330399966391D+01 0.4794216602339D+01
 0.1343199966068D+01 0.4660404946889D+01
 0.1355999965745D+01 0.4530844732831D+01
 0.1368799965421D+01 0.4405269748288D+01
 0.1381599965098D+01 0.4283628693479D+01
 0.1394399964774D+01 0.4165815059620D+01
 0.1407199964451D+01 0.4051525932107D+01
 0.1419999964128D+01 0.3940666707577D+01
 0.1432799963804D+01 0.3833299364323D+01
 0.1445599963481D+01 0.3729048130148D+01
 0.1458399963158D+01 0.3627830957200D+01
 0.1471199962834D+01 0.3529676022571D+01
 0.1483999962511D+01 0.3434364679078D+01
 0.1496799962188D+01 0.3341738386562D+01
 0.1509599961864D+01 0.3251754906963D+01
 0.1522399961541D+01 0.3164416299591D+01
 0.1535199961218D+01 0.3079458833627D+01
 0.1547999960894D+01 0.2996823441997D+01
 0.1560799960571D+01 0.2916527490337D+01
 0.1573599960248D+01 0.2838433162326D+01
 0.1586399959924D+01 0.2762410004405D+01
 0.1599199959601D+01 0.2688408283628D+01
 0.1611999959277D+01 0.2616459081895D+01
 0.1624799958954D+01 0.2546390481781D+01
 0.1637599958631D+01 0.2478141298084D+01
 0.1650399958307D+01 0.2411833176368D+01
 0.1663199957984D+01 0.2349458792962D+01
 0.1675999957661D+01 0.2287084409557D+01
 0.1688799957337D+01 0.2224710026151D+01
 0.1701599957014D+01 0.2163274044376D+01
 0.1714399956691D+01 0.2102755445437D+01
 0.1727199956367D+01 0.2043133833606D+01
 0.1739999956044D+01 0.1984389413305D+01
 0.1752799955721D+01 0.1926502967194D+01
 0.1765599955397D+01 0.1869455835209D+01
 0.1778399955074D+01 0.1813229894507D+01
 0.1791199954750D+01 0.1757807540274D+01
 0.1803999954427D+01 0.1703171667342D+01
 0.1816799954104D+01 0.1649305652593D+01
 0.1829599953780D+01 0.1596193338095D+01
 0.1842399953457D+01 0.1543819014940D+01
 0.1855199953134D+01 0.1492167407758D+01
 0.1867999952810D+01 0.1441223659860D+01
 0.1880799952487D+01 0.1390973318995D+01
 0.1893599952164D+01 0.1341402323676D+01
 0.1906399951840D+01 0.1292496990065D+01
 0.1919199951517D+01 0.1244243999378D+01
 0.1931999951194D+01 0.1196630385794D+01
 0.1944799950870D+01 0.1149643524835D+01
 0.1957599950547D+01 0.1103271122214D+01
 0.1970399950224D+01 0.1057501203103D+01
 0.1983199949900D+01 0.1012322101825D+01
 0.1995999949577D+01 0.9677224519475D+00
 0.2008799949253D+01 0.9236911767393D+00
 0.2021599948930D+01 0.8802174800063D+00
 0.2034399948607D+01 0.8372908372629D+00
 0.2047199948283D+01 0.7949009872384D+00
 0.2059999947960D+01 0.7530379236996D+00
 0.2072799947637D+01 0.7116918875762D+00
 0.2085599947313D+01 0.6708533593761D+00
 0.2098399946990D+01 0.6305130518784D+00
 0.2111199946667D+01 0.5906619030923D+00
 0.2123999946343D+01 0.5512910694704D+00
 0.2136799946020D+01 0.5123919193663D+00
 0.2149599945697D+01 0.4739560267254D+00
 0.2162399945373D+01 0.4359751649998D+00
 0.2175199945050D+01 0.3984413012792D+00
 0.2187999944726D+01 0.3613465906258D+00
 0.2200799944403D+01 0.3246833706089D+00
 0.2213599944080D+01 0.2884441560277D+00
 0.2226399943756D+01 0.2526216338168D+00
 0.2239199943433D+01 0.2172086581263D+00
 0.2251999943110D+01 0.1821982455698D+00
 0.2264799942786D+01 0.1475835706332D+00
 0.2277599942463D+01 0.1133579612385D+00
 0.2290399942140D+01 0.7951489445674D-01
 0.2303199941816D+01 0.4604799236303D-01
 0.2315999941493D+01 0.1295101802994D-01
 0.2328799941170D+01-0.1978212834759D-01
 0.2341599940846D+01-0.5215741319997D-01
 0.2354399940523D+01-0.8418067320856D-01
 0.2367199940199D+01-0.1158576188135D+00
 0.2379999939876D+01-0.1471938376087D+00
 0.2392799939553D+01-0.1781947976270D+00
 0.2405599939229D+01-0.2088658505217D+00
 0.2418399938906D+01-0.2392122346461D+00
 0.2431199938583D+01-0.2692390780361D+00
 0.2443999938259D+01-0.2989514012989D+00
 0.2456799937936D+01-0.3283541204118D+00
 0.2469599937613D+01-0.3574520494335D+00
 0.2482399937289D+01-0.3862499031317D+00
 0.2495199936966D+01-0.4147522995300D+00
 0.2507999936643D+01-0.4429637623766D+00
 0.2520799936319D+01-0.4708887235377D+00
 0.2533599935996D+01-0.4985315253185D+00
 0.2546399935673D+01-0.5258964227145D+00
 0.2559199935349D+01-0.5529875855944D+00
 0.2571999935026D+01-0.5798091008190D+00
 0.2584799934702D+01-0.6063649742958D+00
 0.2597599934379D+01-0.6326591329739D+00
 0.2610399934056D+01-0.6586954267798D+00
 0.2623199933732D+01-0.6844776304968D+00
 0.2635999933409D+01-0.7100094455889D+00
 0.2648799933086D+01-0.7352945019728D+00
 0.2661599932762D+01-0.7603363597381D+00
 0.2674399932439D+01-0.7851385108181D+00
 0.2687199932116D+01-0.8097043806137D+00
 0.2699999931792D+01-0.8340373295698D+00
 0.2712799931469D+01-0.8581406547079D+00
 0.2725599931146D+01-0.8820175911156D+00
 0.2738399930822D+01-0.9056713133940D+00
 0.2751199930499D+01-0.9291049370643D+00
 0.2763999930175D+01-0.9523215199365D+00
 0.2776799929852D+01-0.9753240634391D+00
 0.2789599929529D+01-0.9981155139127D+00
 0.2802399929205D+01-0.1020698763868D+01
 0.2815199928882D+01-0.1043076653210D+01
 0.2827999928559D+01-0.1065251970428D+01
 0.2840799928235D+01-0.1087227453754D+01
 0.2853599927912D+01-0.1109005792289D+01
 0.2866399927589D+01-0.1130589627104D+01
 400 0.000025010  0.000000  1.000000   2H  1
  32  64  96 128 160 192 224 256 288
 0.2499999936845D-04 0.7999699805406D+05
 0.4999999873689D-04 0.3999699695680D+05
 0.7499999810534D-04 0.2666366325225D+05
 0.9999999747379D-04 0.1999699639866D+05
 0.1249999968422D-03 0.1599699628606D+05
 0.1499999962107D-03 0.1333032954415D+05
 0.1749999955791D-03 0.1142556758555D+05
 0.1999999949476D-03 0.9996996116579D+04
 0.2249999943160D-03 0.8885884974030D+04
 0.2499999936845D-03 0.7996887297783D+04
 0.2749999930529D-03 0.7270860039605D+04
 0.2999999924214D-03 0.6664988319043D+04
 0.3249999917898D-03 0.6152246661783D+04
 0.3499999911583D-03 0.5712723774130D+04
 0.3749999905267D-03 0.5331789907040D+04
 0.3999999898952D-03 0.4998465636894D+04
 0.4249999892636D-03 0.4704352291121D+04
 0.4499999886320D-03 0.4442916293541D+04
 0.4749999880005D-03 0.4208998920473D+04
 0.4999999873689D-03 0.3998472841323D+04
 0.5249999867374D-03 0.3807996689237D+04
 0.5499999861058D-03 0.3634836495821D+04
 0.5749999854743D-03 0.3476733700615D+04
 0.5999999848427D-03 0.3331806136240D+04
 0.6249999842112D-03 0.3198472775154D+04
 0.6499999835796D-03 0.3075395824670D+04
 0.6749999829481D-03 0.2961435683611D+04
 0.6999999823165D-03 0.2855615550966D+04
 0.7249999816850D-03 0.2757093356900D+04
 0.7499999810534D-03 0.2665139307555D+04
 0.7749999804219D-03 0.2579117776023D+04
 0.7999999797903D-03 0.2498472588760D+04
 0.8499999785272D-03 0.2351413713772D+04
 0.8999999772641D-03 0.2220694708628D+04
 0.9499999760010D-03 0.2103735593882D+04
 0.9999999747379D-03 0.1998472385980D+04
 0.1049999973475D-02 0.1903234241090D+04
 0.1099999972212D-02 0.1816654105169D+04
 0.1149999970949D-02 0.1737602672701D+04
 0.1199999969685D-02 0.1665138855760D+04
 0.1249999968422D-02 0.1598472140482D+04
 0.1299999967159D-02 0.1536933630526D+04
 0.1349999965896D-02 0.1479953525303D+04
 0.1399999964633D-02 0.1427043424306D+04
 0.1449999963370D-02 0.1377782292619D+04
 0.1499999962107D-02 0.1331805233312D+04
 0.1549999960844D-02 0.1288794432930D+04
 0.1599999959581D-02 0.1248471804702D+04
 0.1649999958317D-02 0.1210592969341D+04
 0.1699999957054D-02 0.1174942298067D+04
 0.1749999955791D-02 0.1141328805387D+04
 0.1799999954528D-02 0.1109582726421D+04
 0.1849999953265D-02 0.1079552649246D+04
 0.1899999952002D-02 0.1051103100039D+04
 0.1949999950739D-02 0.1024112499726D+04
 0.1999999949476D-02 0.9984714271400D+03
 0.2049999948213D-02 0.9740811363516D+03
 0.2099999946950D-02 0.9508522858044D+03
 0.2149999945686D-02 0.9287038447853D+03
 0.2199999944423D-02 0.9075621490090D+03
 0.2249999943160D-02 0.8873600821265D+03
 0.2299999941897D-02 0.8680363639934D+03
 0.2349999940634D-02 0.8495349297970D+03
 0.2399999939371D-02 0.8318043867920D+03
 0.2499999936845D-02 0.7984709604719D+03
 0.2599999934318D-02 0.7677016368603D+03
 0.2699999931792D-02 0.7392115156614D+03
 0.2799999929266D-02 0.7127563966210D+03
 0.2899999926740D-02 0.6881257622789D+03
 0.2999999924214D-02 0.6651371641697D+03
 0.3099999921687D-02 0.6436316955654D+03
 0.3199999919161D-02 0.6234703130783D+03
 0.3299999916635D-02 0.6045308270653D+03
 0.3399999914109D-02 0.5867054231353D+03
 0.3499999911583D-02 0.5698986085418D+03
 0.3599999909056D-02 0.5540255008430D+03
 0.3699999906530D-02 0.5390103940778D+03
 0.3799999904004D-02 0.5247855513332D+03
 0.3899999901478D-02 0.5112901830725D+03
 0.3999999898952D-02 0.4984695787122D+03
 0.4099999896425D-02 0.4862743652861D+03
 0.4199999893899D-02 0.4746598720163D+03
 0.4299999891373D-02 0.4635855835457D+03
 0.4399999888847D-02 0.4530146677315D+03
 0.4499999886320D-02 0.4429135663988D+03
 0.4599999883794D-02 0.4332516394749D+03
 0.4699999881268D-02 0.4240008545533D+03
 0.4799999878742D-02 0.4151355152616D+03
 0.4899999876216D-02 0.4066320228889D+03
 0.4999999873689D-02 0.3984686666227D+03
 0.5099999871163D-02 0.3906254384594D+03
 0.5199999868637D-02 0.3830838694710D+03
 0.5299999866111D-02 0.3758268846123D+03
 0.5399999863585D-02 0.3688386736565D+03
 0.5499999861058D-02 0.3621045762093D+03
 0.5599999858532D-02 0.3556109790503D+03
 0.5799999853480D-02 0.3432955269217D+03
 0.5999999848427D-02 0.3318010930368D+03
 0.6199999843375D-02 0.3210482240306D+03
 0.6399999838322D-02 0.3109673982082D+03
 0.6599999833270D-02 0.3014975207473D+03
 0.6799999828218D-02 0.2925846844514D+03
 0.6999999823165D-02 0.2841811429465D+03
 0.7199999818113D-02 0.2762444550113D+03
 0.7399999813060D-02 0.2687367676645D+03
 0.7599999808008D-02 0.2616242124492D+03
 0.7799999802955D-02 0.2548763945965D+03
 0.7999999797903D-02 0.2484659588143D+03
 0.8199999792851D-02 0.2423682186186D+03
 0.8399999787798D-02 0.2365608386195D+03
 0.8599999782746D-02 0.2310235611390D+03
 0.8799999777693D-02 0.2257379701056D+03
 0.8999999772641D-02 0.2206872864318D+03
 0.9199999767588D-02 0.2158561900784D+03
 0.9399999762536D-02 0.2112306648437D+03
 0.9599999757484D-02 0.2067978625421D+03
 0.9799999752431D-02 0.2025459838166D+03
 0.9999999747379D-02 0.1984641732598D+03
 0.1019999974233D-01 0.1945424268719D+03
 0.1039999973727D-01 0.1907715101873D+03
 0.1059999973222D-01 0.1871428856822D+03
 0.1079999972717D-01 0.1836486482461D+03
 0.1099999972212D-01 0.1802814676777D+03
 0.1119999971706D-01 0.1770345373689D+03
 0.1139999971201D-01 0.1739015283664D+03
 0.1159999970696D-01 0.1708765481912D+03
 0.1179999970191D-01 0.1679541038650D+03
 0.1199999969685D-01 0.1651290685939D+03
 0.1239999968675D-01 0.1597523718928D+03
 0.1279999967664D-01 0.1547116972390D+03
 0.1319999966654D-01 0.1499764972200D+03
 0.1359999965644D-01 0.1455198182363D+03
 0.1399999964633D-01 0.1413177870998D+03
 0.1439999963623D-01 0.1373491831988D+03
 0.1479999962612D-01 0.1335950800418D+03
 0.1519999961602D-01 0.1300385433995D+03
 0.1559999960591D-01 0.1266643758868D+03
 0.1599999959581D-01 0.1234588998574D+03
 0.1639999958570D-01 0.1204097720692D+03
 0.1679999957560D-01 0.1175058248201D+03
 0.1719999956549D-01 0.1147369292751D+03
 0.1759999955539D-01 0.1120938773985D+03
 0.1799999954528D-01 0.1095682796479D+03
 0.1839999953518D-01 0.1071524759975D+03
 0.1879999952507D-01 0.1048394583453D+03
 0.1919999951497D-01 0.1026228026034D+03
 0.1959999950486D-01 0.1004966090934D+03
 0.1999999949476D-01 0.9845545009954D+02
 0.2039999948465D-01 0.9649432363258D+02
 0.2079999947455D-01 0.9460861246034D+02
 0.2119999946444D-01 0.9279404780655D+02
 0.2159999945434D-01 0.9104667713016D+02
 0.2199999944423D-01 0.8936283532417D+02
 0.2239999943413D-01 0.8773911907893D+02
 0.2279999942402D-01 0.8617236393250D+02
 0.2319999941392D-01 0.8465962362097D+02
 0.2359999940381D-01 0.8319815167708D+02
 0.2399999939371D-01 0.8178538469054D+02
 0.2439999938360D-01 0.8041892736648D+02
 0.2479999937350D-01 0.7909653894013D+02
 0.2559999935329D-01 0.7657570594046D+02
 0.2639999933308D-01 0.7420761198072D+02
 0.2719999931287D-01 0.7197878025672D+02
 0.2799999929266D-01 0.6987727417021D+02
 0.2879999927245D-01 0.6789248341100D+02
 0.2959999925224D-01 0.6601494472967D+02
 0.3039999923203D-01 0.6423619100797D+02
 0.3119999921182D-01 0.6254862355025D+02
 0.3199999919161D-01 0.6094540353107D+02
 0.3279999917140D-01 0.5942035932859D+02
 0.3359999915119D-01 0.5796790707964D+02
 0.3439999913098D-01 0.5658298235439D+02
 0.3519999911077D-01 0.5526098114528D+02
 0.3599999909056D-01 0.5399770868268D+02
 0.3679999907035D-01 0.5278933494979D+02
 0.3759999905014D-01 0.5163235586088D+02
 0.3839999902993D-01 0.5052355939858D+02
 0.3919999900972D-01 0.4945999573407D+02
 0.3999999898952D-01 0.4843895095692D+02
 0.4079999896931D-01 0.4745792409957D+02
 0.4159999894910D-01 0.4651460656851D+02
 0.4239999892889D-01 0.4560686390385D+02
 0.4319999890868D-01 0.4473271988357D+02
 0.4399999888847D-01 0.4389034195779D+02
 0.4479999886826D-01 0.4307802841261D+02
 0.4559999884805D-01 0.4229419708312D+02
 0.4639999882784D-01 0.4153737477283D+02
 0.4719999880763D-01 0.4080618827922D+02
 0.4799999878742D-01 0.4009935589826D+02
 0.4879999876721D-01 0.3941567994134D+02
 0.4959999874700D-01 0.3875404008455D+02
 0.5039999872679D-01 0.3811338698932D+02
 0.5199999868637D-01 0.3689116711999D+02
 0.5359999864595D-01 0.3574185024314D+02
 0.5519999860553D-01 0.3465909758093D+02
 0.5679999856511D-01 0.3363728458186D+02
 0.5839999852469D-01 0.3267140308192D+02
 0.5999999848427D-01 0.3175697912029D+02
 0.6159999844385D-01 0.3089000356327D+02
 0.6319999840343D-01 0.3006687324439D+02
 0.6479999836301D-01 0.2928434083415D+02
 0.6639999832259D-01 0.2853947207457D+02
 0.6799999828218D-01 0.2782960884296D+02
 0.6959999824176D-01 0.2715233744724D+02
 0.7119999820134D-01 0.2650546112038D+02
 0.7279999816092D-01 0.2588697614534D+02
 0.7439999812050D-01 0.2529505134058D+02
 0.7599999808008D-01 0.2472800967614D+02
 0.7759999803966D-01 0.2418431229141D+02
 0.7919999799924D-01 0.2366254478388D+02
 0.8079999795882D-01 0.2316140488074D+02
 0.8239999791840D-01 0.2267969125462D+02
 0.8399999787798D-01 0.2221629416942D+02
 0.8559999783756D-01 0.2177018704866D+02
 0.8719999779714D-01 0.2134041828831D+02
 0.8879999775672D-01 0.2092610519884D+02
 0.9039999771630D-01 0.2052642752041D+02
 0.9199999767588D-01 0.2014062177363D+02
 0.9359999763547D-01 0.1976797718854D+02
 0.9519999759505D-01 0.1940783017681D+02
 0.9679999755463D-01 0.1905956157605D+02
 0.9839999751421D-01 0.1872259213233D+02
 0.9999999747379D-01 0.1839637978459D+02
 0.1015999974334D+00 0.1808041668665D+02
 0.1047999973525D+00 0.1747736137909D+02
 0.1079999972717D+00 0.1690995098248D+02
 0.1111999971909D+00 0.1637511027495D+02
 0.1143999971100D+00 0.1587010809539D+02
 0.1175999970292D+00 0.1539251053375D+02
 0.1207999969483D+00 0.1494014156204D+02
 0.1239999968675D+00 0.1451104976229D+02
 0.1271999967867D+00 0.1410348007778D+02
 0.1303999967058D+00 0.1371584972480D+02
 0.1335999966250D+00 0.1334672740132D+02
 0.1367999965441D+00 0.1299481572915D+02
 0.1399999964633D+00 0.1265893617814D+02
 0.1431999963825D+00 0.1233801545842D+02
 0.1463999963016D+00 0.1203107405442D+02
 0.1495999962208D+00 0.1173721582774D+02
 0.1527999961399D+00 0.1145562045244D+02
 0.1559999960591D+00 0.1118553468387D+02
 0.1591999959783D+00 0.1092626524250D+02
 0.1623999958974D+00 0.1067717409935D+02
 0.1655999958166D+00 0.1043767267452D+02
 0.1687999957358D+00 0.1020721610188D+02
 0.1719999956549D+00 0.9985300954965D+01
 0.1751999955741D+00 0.9771460522241D+01
 0.1783999954932D+00 0.9565260540152D+01
 0.1815999954124D+00 0.9366298881749D+01
 0.1847999953316D+00 0.9174200015532D+01
 0.1879999952507D+00 0.8988614515246D+01
 0.1911999951699D+00 0.8809216563216D+01
 0.1943999950890D+00 0.8635700838217D+01
 0.1975999950082D+00 0.8467783307146D+01
 0.2007999949274D+00 0.8305196069209D+01
 0.2039999948465D+00 0.8147690301978D+01
 0.2103999946848D+00 0.7846996374043D+01
 0.2167999945232D+00 0.7563989582188D+01
 0.2231999943615D+00 0.7297154097483D+01
 0.2295999941998D+00 0.7045142836509D+01
 0.2359999940381D+00 0.6806754875069D+01
 0.2423999938765D+00 0.6580916030205D+01
 0.2487999937148D+00 0.6366662524837D+01
 0.2551999935531D+00 0.6163127183184D+01
 0.2615999933914D+00 0.5969527626700D+01
 0.2679999932298D+00 0.5785156163376D+01
 0.2743999930681D+00 0.5609370624745D+01
 0.2807999929064D+00 0.5441587342523D+01
 0.2871999927447D+00 0.5281275328548D+01
 0.2935999925830D+00 0.5127949551923D+01
 0.2999999924214D+00 0.4981165734255D+01
 0.3063999922597D+00 0.4840516573380D+01
 0.3127999920980D+00 0.4705629241156D+01
 0.3191999919363D+00 0.4576160053760D+01
 0.3255999917747D+00 0.4451790997415D+01
 0.3319999916130D+00 0.4332230929267D+01
 0.3383999914513D+00 0.4217209389714D+01
 0.3447999912896D+00 0.4106474967709D+01
 0.3511999911279D+00 0.3999796979697D+01
 0.3575999909663D+00 0.3896958778908D+01
 0.3639999908046D+00 0.3797760190841D+01
 0.3703999906429D+00 0.3702015278887D+01
 0.3767999904812D+00 0.3609548481832D+01
 0.3831999903196D+00 0.3520199334954D+01
 0.3895999901579D+00 0.3433813893343D+01
 0.3959999899962D+00 0.3350251983420D+01
 0.4023999898345D+00 0.3269379366457D+01
 0.4087999896728D+00 0.3191071967118D+01
 0.4215999893495D+00 0.3041690684611D+01
 0.4343999890261D+00 0.2901253174195D+01
 0.4471999887028D+00 0.2769001868810D+01
 0.4599999883794D+00 0.2644263066330D+01
 0.4727999880561D+00 0.2526435600192D+01
 0.4855999877327D+00 0.2414980819704D+01
 0.4983999874094D+00 0.2309415485861D+01
 0.5111999870860D+00 0.2209304527725D+01
 0.5239999867626D+00 0.2114254935564D+01
 0.5367999864393D+00 0.2023910920486D+01
 0.5495999861159D+00 0.1937949605600D+01
 0.5623999857926D+00 0.1856076072612D+01
 0.5751999854692D+00 0.1778022810089D+01
 0.5879999851459D+00 0.1703545404911D+01
 0.6007999848225D+00 0.1632419904684D+01
 0.6135999844992D+00 0.1564438961425D+01
 0.6263999841758D+00 0.1499414684534D+01
 0.6391999838524D+00 0.1437173427159D+01
 0.6519999835291D+00 0.1377553301822D+01
 0.6647999832057D+00 0.1320406452762D+01
 0.6775999828824D+00 0.1265596479279D+01
 0.6903999825590D+00 0.1212994243142D+01
 0.7031999822357D+00 0.1162483064948D+01
 0.7159999819123D+00 0.1113953147659D+01
 0.7287999815890D+00 0.1067301155248D+01
 0.7415999812656D+00 0.1022433576547D+01
 0.7543999809423D+00 0.9792596370245D+00
 0.7671999806189D+00 0.9376978669510D+00
 0.7799999802955D+00 0.8976698984958D+00
 0.7927999799722D+00 0.8591030659777D+00
 0.8055999796488D+00 0.8219296299874D+00
 0.8183999793255D+00 0.7860848384899D+00
 0.8311999790021D+00 0.7515096242814D+00
 0.8439999786788D+00 0.7181463000194D+00
 0.8567999783554D+00 0.6859429523757D+00
 0.8695999780321D+00 0.6548481872992D+00
 0.8823999777087D+00 0.6248160337314D+00
 0.8951999773853D+00 0.5958007259497D+00
 0.9079999770620D+00 0.5677612263040D+00
 0.9207999767386D+00 0.5406568637344D+00
 0.9335999764153D+00 0.5144506418456D+00
 0.9463999760919D+00 0.4891066077119D+00
 0.9591999757686D+00 0.4645909535897D+00
 0.9719999754452D+00 0.4409715228347D+00
 0.9847999751219D+00 0.4184101630684D+00
 0.9975999747985D+00 0.3958488033021D+00
 0.1010399974475D+01 0.3738590694364D+00
 0.1023199974152D+01 0.3524195087401D+00
 0.1035999973828D+01 0.3315097286943D+00
 0.1048799973505D+01 0.3111103322957D+00
 0.1061599973182D+01 0.2912028580408D+00
 0.1074399972858D+01 0.2717697242000D+00
 0.1087199972535D+01 0.2527941770280D+00
 0.1099999972212D+01 0.2342602425902D+00
 0.1112799971888D+01 0.2161526819138D+00
 0.1125599971565D+01 0.1984569491987D+00
 0.1138399971242D+01 0.1811591528482D+00
 0.1151199970918D+01 0.1642460190990D+00
 0.1163999970595D+01 0.1477048580508D+00
 0.1176799970272D+01 0.1315235319133D+00
 0.1189599969948D+01 0.1156904253026D+00
 0.1202399969625D+01 0.1001944174354D+00
 0.1215199969301D+01 0.8502485608026D-01
 0.1227999968978D+01 0.7017153313772D-01
 0.1240799968655D+01 0.5562466173236D-01
 0.1253599968331D+01 0.4137485470796D-01
 0.1266399968008D+01 0.2741310442695D-01
 0.1279199967685D+01 0.1373076378258D-01
 0.1291999967361D+01 0.3195283398327D-03
 0.1304799967038D+01-0.1282858047252D-01
 0.1317599966715D+01-0.2572123119016D-01
 0.1330399966391D+01-0.3836579722773D-01
 0.1343199966068D+01-0.5076937094058D-01
 0.1355999965745D+01-0.6293877689012D-01
 0.1368799965421D+01-0.7488058436485D-01
 0.1381599965098D+01-0.8660111920543D-01
 0.1394399964774D+01-0.9810647497837D-01
 0.1407199964451D+01-0.1094025235400D+00
 0.1419999964128D+01-0.1204949250289D+00
 0.1432799963804D+01-0.1313891373232D+00
 0.1445599963481D+01-0.1420904249947D+00
 0.1458399963158D+01-0.1526038677920D+00
 0.1471199962834D+01-0.1629343686810D+00
 0.1483999962511D+01-0.1730866614684D+00
 0.1496799962188D+01-0.1830653180350D+00
 0.1509599961864D+01-0.1928747552003D+00
 0.1522399961541D+01-0.2025192412414D+00
 0.1535199961218D+01-0.2120029020854D+00
 0.1547999960894D+01-0.2213297271946D+00
 0.1560799960571D+01-0.2305035751620D+00
 0.1573599960248D+01-0.2395281790343D+00
 0.1586399959924D+01-0.2484071513767D+00
 0.1599199959601D+01-0.2571439890943D+00
 0.1611999959277D+01-0.2657420780243D+00
 0.1624799958954D+01-0.2742046973110D+00
 0.1637599958631D+01-0.2825350235750D+00
 0.1650399958307D+01-0.2907361348898D+00
 0.1663199957984D+01-0.2988110145729D+00
 0.1675999957661D+01-0.3067625548051D+00
 0.1688799957337D+01-0.3145935600834D+00
 0.1701599957014D+01-0.3223067505198D+00
 0.1714399956691D+01-0.3299047649907D+00
 0.1727199956367D+01-0.3373901641476D+00
 0.1739999956044D+01-0.3447654332939D+00
 0.1752799955721D+01-0.3520329851363D+00
 0.1765599955397D+01-0.3591951624165D+00
 0.1778399955074D+01-0.3662542404286D+00
 0.1791199954750D+01-0.3732124294293D+00
 0.1803999954427D+01-0.3800718769454D+00
 0.1816799954104D+01-0.3868346699830D+00
 0.1829599953780D+01-0.3935028371451D+00
 0.1842399953457D+01-0.4000783506601D+00
