     0.000000    -0.318780     1.376890     1.376890     1.446700     1.446700     1.446700     1.775700     1.926460     1.926460
     0.020000    -0.318380     1.368520     1.375060     1.445530     1.445530     1.452700     1.778970     1.921990     1.921990
     0.040000    -0.317190     1.348780     1.369660     1.442020     1.442020     1.465430     1.788620     1.911400     1.911400
     0.060000    -0.315200     1.323840     1.360970     1.436210     1.436210     1.479180     1.804180     1.898930     1.898930
     0.080000    -0.312410     1.296310     1.349390     1.428140     1.428140     1.491980     1.824950     1.886890     1.886890
     0.100000    -0.308830     1.267350     1.335370     1.417920     1.417920     1.503410     1.850100     1.876370     1.876370
     0.120000    -0.304460     1.237630     1.319390     1.405680     1.405680     1.513600     1.867840     1.867840     1.878740
     0.140000    -0.299280     1.207530     1.301860     1.391590     1.391590     1.522830     1.861470     1.861470     1.910000
     0.160000    -0.293310     1.177360     1.283170     1.375840     1.375840     1.531400     1.857320     1.857320     1.943080
     0.180000    -0.286550     1.147320     1.263620     1.358650     1.358650     1.539570     1.855330     1.855330     1.977190
     0.200000    -0.278980     1.117580     1.243500     1.340270     1.340270     1.547530     1.855400     1.855400     2.011550
     0.220000    -0.270630     1.088240     1.223000     1.320900     1.320900     1.555460     1.857400     1.857400     2.045280
     0.240000    -0.261480     1.059420     1.202310     1.300760     1.300760     1.563460     1.861200     1.861200     2.053200
     0.260000    -0.251530     1.031170     1.181570     1.280040     1.280040     1.571610     1.866680     1.866680     2.059200
     0.280000    -0.240790     1.003560     1.160910     1.258920     1.258920     1.579980     1.873700     1.873700     2.065680
     0.300000    -0.229260     0.976640     1.140400     1.237550     1.237550     1.588590     1.882160     1.882160     2.072650
     0.320000    -0.216940     0.950450     1.120140     1.216070     1.216070     1.597450     1.891960     1.891960     2.080090
     0.340000    -0.203840     0.925010     1.100190     1.194590     1.194590     1.606540     1.903020     1.903020     2.088020
     0.360000    -0.189950     0.900360     1.080600     1.173210     1.173210     1.615830     1.915240     1.915240     2.096430
     0.380000    -0.175280     0.876510     1.061420     1.152020     1.152020     1.625230     1.928580     1.928580     2.105320
     0.400000    -0.159830     0.853490     1.042680     1.131090     1.131090     1.634640     1.942960     1.942960     2.111300
     0.420000    -0.143610     0.831300     1.024410     1.110480     1.110480     1.643850     1.958330     1.958330     2.081930
     0.440000    -0.126640     0.809970     1.006650     1.090260     1.090260     1.652560     1.974640     1.974640     2.049190
     0.460000    -0.108900     0.789490     0.989400     1.070470     1.070470     1.660300     1.991850     1.991850     2.014770
     0.480000    -0.090430     0.769890     0.972700     1.051160     1.051160     1.666310     1.980330     2.009910     2.009910
     0.500000    -0.071220     0.751170     0.956560     1.032360     1.032360     1.669390     1.947740     2.028790     2.028790
     0.520000    -0.051290     0.733350     0.940990     1.014100     1.014100     1.667810     1.919250     2.048440     2.048440
     0.540000    -0.030660     0.716430     0.926000     0.996420     0.996420     1.659480     1.897300     2.068820     2.068820
     0.560000    -0.009350     0.700430     0.911600     0.979340     0.979340     1.642830     1.883780     2.089900     2.089900
     0.580000     0.012610     0.685370     0.897810     0.962890     0.962890     1.617840     1.878910     2.111640     2.111640
     0.600000     0.035190     0.671260     0.884630     0.947080     0.947080     1.586040     1.881340     2.133990     2.133990
     0.620000     0.058360     0.658130     0.872060     0.931950     0.931950     1.549430     1.889220     2.156910     2.156910
     0.640000     0.082060     0.646020     0.860120     0.917490     0.917490     1.509660     1.901000     2.180350     2.180350
     0.660000     0.106230     0.634960     0.848800     0.903740     0.903740     1.467910     1.915600     2.204260     2.204260
     0.680000     0.130800     0.625030     0.838120     0.890710     0.890710     1.424950     1.932300     2.228580     2.228580
     0.700000     0.155670     0.616280     0.828070     0.878400     0.878400     1.381310     1.950650     2.253240     2.253240
     0.720000     0.180710     0.608840     0.818650     0.866830     0.866830     1.337330     1.970340     2.278170     2.278170
     0.740000     0.205770     0.602830     0.809880     0.856020     0.856020     1.293270     1.991140     2.303290     2.303290
     0.760000     0.230630     0.598430     0.801750     0.845970     0.845970     1.249320     2.012880     2.328470     2.328470
     0.780000     0.255030     0.595880     0.794260     0.836690     0.836690     1.205630     2.035410     2.353610     2.353610
     0.800000     0.278630     0.595480     0.787420     0.828190     0.828190     1.162310     2.058590     2.378550     2.378550
     0.820000     0.301020     0.597600     0.781230     0.820480     0.820480     1.119470     2.082270     2.400000     2.403100
     0.840000     0.321740     0.602650     0.775690     0.813560     0.813560     1.077210     2.106240     2.414580     2.427030
     0.860000     0.340310     0.611050     0.770800     0.807440     0.807440     1.035620     2.130290     2.428480     2.450060
     0.880000     0.356320     0.623150     0.766550     0.802130     0.802130     0.994800     2.154080     2.441450     2.471830
     0.900000     0.369520     0.639090     0.762960     0.797620     0.797620     0.954860     2.177150     2.453230     2.491900
     0.920000     0.379880     0.658810     0.760020     0.793930     0.793930     0.915950     2.198820     2.463500     2.509710
     0.940000     0.387530     0.681960     0.757740     0.791060     0.791060     0.878250     2.218140     2.471950     2.524640
     0.960000     0.392730     0.707970     0.756110     0.789010     0.789010     0.842120     2.233770     2.478270     2.536000
     0.980000     0.395720     0.735540     0.755130     0.787780     0.787780     0.808590     2.244140     2.482180     2.543140
     1.000000     0.396700     0.754800     0.754800     0.787360     0.787360     0.787360     2.247800     2.483510     2.545580
     1.000000     0.396700     0.754800     0.754800     0.787360     0.787360     0.787360     2.247800     2.483510     2.545580
     1.014142     0.396220     0.745570     0.751400     0.787570     0.791770     0.796930     2.245950     2.482830     2.544370
     1.028284     0.394770     0.728830     0.744230     0.788190     0.801960     0.814690     2.240500     2.480600     2.541070
     1.042426     0.392370     0.710850     0.736400     0.789210     0.814800     0.834360     2.231730     2.476310     2.536510
     1.056569     0.389070     0.692720     0.728980     0.790650     0.829190     0.854860     2.220000     2.469200     2.531900
     1.070711     0.384890     0.674740     0.722330     0.792490     0.844700     0.875890     2.205760     2.458720     2.528280
     1.084853     0.379910     0.657010     0.716580     0.794750     0.861160     0.897340     2.189410     2.444870     2.526150
     1.098995     0.374180     0.639560     0.711770     0.797400     0.878440     0.919180     2.171340     2.428130     2.525430
     1.113137     0.367780     0.622440     0.707920     0.800470     0.896460     0.941380     2.151900     2.409120     2.525860
     1.127279     0.360790     0.605660     0.705000     0.803930     0.915140     0.963900     2.131350     2.388410     2.527180
     1.141421     0.353280     0.589220     0.702970     0.807790     0.934430     0.986760     2.109960     2.366420     2.529190
     1.155563     0.345340     0.573130     0.701800     0.812040     0.954270     1.009930     2.087920     2.343460     2.531770
     1.169706     0.337040     0.557410     0.701440     0.816690     0.974620     1.033410     2.065400     2.319780     2.534840
     1.183848     0.328460     0.542050     0.701840     0.821720     0.995410     1.057190     2.042570     2.295560     2.538330
     1.197990     0.319660     0.527060     0.702960     0.827140     1.016610     1.081270     2.019550     2.270930     2.542200
     1.212132     0.310710     0.512440     0.704760     0.832930     1.038150     1.105640     1.996480     2.246020     2.546430
     1.226274     0.301670     0.498190     0.707200     0.839100     1.059970     1.130290     1.973450     2.220900     2.550980
     1.240416     0.292590     0.484330     0.710240     0.845630     1.082030     1.155210     1.950590     2.195670     2.555830
     1.254558     0.283520     0.470850     0.713840     0.852520     1.104240     1.180400     1.928000     2.170370     2.560980
     1.268701     0.274500     0.457750     0.717970     0.859770     1.126530     1.205860     1.905800     2.145070     2.566390
     1.282843     0.265570     0.445040     0.722620     0.867360     1.148800     1.231570     1.884110     2.119810     2.572060
     1.296985     0.256750     0.432720     0.727740     0.875290     1.170950     1.257520     1.863060     2.094640     2.577960
     1.311127     0.248090     0.420800     0.733330     0.883540     1.192850     1.283710     1.842800     2.069580     2.584080
     1.325269     0.239590     0.409260     0.739350     0.892110     1.214330     1.310130     1.823530     2.044680     2.590400
     1.339411     0.231290     0.398130     0.745780     0.900980     1.235190     1.336770     1.805440     2.019970     2.596910
     1.353553     0.223210     0.387400     0.752620     0.910150     1.255200     1.363600     1.788790     1.995480     2.603580
     1.367696     0.215360     0.377070     0.759840     0.919590     1.274080     1.390630     1.773880     1.971240     2.610400
     1.381838     0.207760     0.367140     0.767420     0.929290     1.291470     1.417820     1.761070     1.947270     2.613130
     1.395980     0.200420     0.357620     0.775350     0.939230     1.307000     1.445180     1.750740     1.923610     2.612880
     1.410122     0.193350     0.348500     0.783610     0.949390     1.320250     1.472670     1.743330     1.900290     2.612420
     1.424264     0.186560     0.339800     0.792170     0.959760     1.330810     1.500270     1.739240     1.877350     2.611700
     1.438406     0.180060     0.331510     0.801030     0.970290     1.338370     1.527960     1.738800     1.854800     2.610640
     1.452548     0.173860     0.323630     0.810150     0.980970     1.342750     1.555710     1.742190     1.832700     2.609130
     1.466690     0.167970     0.316170     0.819520     0.991760     1.343950     1.583470     1.749430     1.811080     2.606960
     1.480833     0.162390     0.309130     0.829110     1.002620     1.342150     1.611200     1.760310     1.789980     2.603860
     1.494975     0.157130     0.302500     0.838880     1.013510     1.337720     1.638860     1.769460     1.774510     2.599380
     1.509117     0.152190     0.296300     0.848810     1.024380     1.331080     1.666380     1.749560     1.791590     2.592880
     1.523259     0.147580     0.290520     0.858840     1.035170     1.322690     1.693680     1.730350     1.811110     2.583490
     1.537401     0.143290     0.285150     0.868930     1.045820     1.312990     1.711900     1.720680     1.832620     2.570390
     1.551543     0.139340     0.280220     0.879020     1.056240     1.302370     1.694280     1.747250     1.855740     2.553220
     1.565685     0.135730     0.275710     0.889030     1.066370     1.291200     1.677580     1.773260     1.880100     2.532400
     1.579828     0.132450     0.271620     0.898870     1.076090     1.279800     1.661900     1.798530     1.905360     2.508830
     1.593970     0.129520     0.267970     0.908430     1.085310     1.268470     1.647350     1.822850     1.931210     2.483490
     1.608112     0.126920     0.264740     0.917590     1.093900     1.257480     1.634060     1.845940     1.957310     2.457210
     1.622254     0.124670     0.261940     0.926180     1.101730     1.247120     1.622140     1.867470     1.983270     2.430730
     1.636396     0.122760     0.259570     0.934010     1.108680     1.237650     1.611730     1.887030     2.008600     2.404760
     1.650538     0.121200     0.257630     0.940880     1.114610     1.229350     1.602980     1.904160     2.032600     2.380100
     1.664680     0.119980     0.256120     0.946560     1.119380     1.222520     1.596000     1.918300     2.054280     2.357860
     1.678823     0.119110     0.255040     0.950820     1.122880     1.217410     1.590930     1.928930     2.072150     2.339560
     1.692965     0.118590     0.254390     0.953470     1.125020     1.214240     1.587850     1.935540     2.084240     2.327200
     1.707107     0.118420     0.254180     0.954370     1.125740     1.213160     1.586810     1.937790     2.088570     2.322770
     1.707107     0.118420     0.254180     0.954370     1.125740     1.213160     1.586810     1.937790     2.088570     2.322770
     1.721249     0.115740     0.257230     0.954570     1.125950     1.213290     1.586960     1.937560     2.087510     2.323060
     1.735391     0.108340     0.265760     0.955170     1.126570     1.213700     1.587420     1.936880     2.084380     2.323900
     1.749533     0.097560     0.278420     0.956160     1.127610     1.214360     1.588170     1.935750     2.079310     2.325270
     1.763675     0.084650     0.293960     0.957540     1.129070     1.215300     1.589230     1.934200     2.072500     2.327120
     1.777817     0.070500     0.311490     0.959320     1.130940     1.216500     1.590590     1.932250     2.064180     2.329390
     1.791960     0.055680     0.330440     0.961500     1.133230     1.217970     1.592260     1.929930     2.054580     2.331980
     1.806102     0.040530     0.350470     0.964070     1.135920     1.219700     1.594220     1.927280     2.043930     2.334790
     1.820244     0.025280     0.371350     0.967030     1.139020     1.221700     1.596490     1.924320     2.032430     2.337700
     1.834386     0.010060     0.392930     0.970390     1.142520     1.223960     1.599070     1.921110     2.020240     2.340550
     1.848528    -0.005030     0.415130     0.974140     1.146430     1.226490     1.601940     1.917670     2.007530     2.343170
     1.862670    -0.019930     0.437870     0.978270     1.150730     1.229280     1.605120     1.914040     1.994410     2.345360
     1.876812    -0.034580     0.461090     0.982800     1.155420     1.232330     1.608600     1.910270     1.980970     2.346900
     1.890955    -0.048950     0.484770     0.987710     1.160490     1.235640     1.612390     1.906380     1.967310     2.347560
     1.905097    -0.063030     0.508880     0.993010     1.165950     1.239210     1.616470     1.902410     1.953470     2.347080
     1.919239    -0.076790     0.533380     0.998690     1.171780     1.243040     1.620860     1.898390     1.939520     2.345210
     1.933381    -0.090210     0.558270     1.004750     1.177970     1.247110     1.625560     1.894360     1.925500     2.341730
     1.947523    -0.103280     0.583510     1.011190     1.184520     1.251440     1.630550     1.890330     1.911430     2.336450
     1.961665    -0.116010     0.609110     1.018000     1.191430     1.256020     1.635850     1.886340     1.897330     2.329240
     1.975807    -0.128370     0.635030     1.025200     1.198670     1.260840     1.641460     1.882420     1.883230     2.320060
     1.989949    -0.140360     0.661270     1.032760     1.206240     1.265890     1.647360     1.869140     1.878570     2.308950
     2.004092    -0.151980     0.687820     1.040690     1.214130     1.271180     1.653570     1.855050     1.874830     2.288890
     2.018234    -0.163220     0.714650     1.048980     1.222330     1.276700     1.660080     1.840970     1.871210     2.266920
     2.032376    -0.174080     0.741750     1.057640     1.230810     1.282430     1.666890     1.826890     1.867740     2.245260
     2.046518    -0.184550     0.769120     1.066660     1.239570     1.288380     1.674000     1.812820     1.864420     2.223970
     2.060660    -0.194650     0.796720     1.076020     1.248600     1.294520     1.681410     1.798730     1.861280     2.203100
     2.074802    -0.204350     0.824540     1.085740     1.257860     1.300860     1.689130     1.784630     1.858340     2.182710
     2.088944    -0.213660     0.852570     1.095800     1.267340     1.307370     1.697140     1.770480     1.855600     2.162850
     2.103087    -0.222590     0.880770     1.106210     1.277020     1.314050     1.705450     1.756290     1.853090     2.143570
     2.117229    -0.231120     0.909130     1.116940     1.286880     1.320870     1.714060     1.742030     1.850820     2.124920
     2.131371    -0.239260     0.937610     1.128010     1.296870     1.327820     1.722960     1.727680     1.848800     2.106930
     2.145513    -0.247000     0.966190     1.139390     1.306990     1.334890     1.713230     1.732160     1.847040     2.089660
     2.159655    -0.254350     0.994820     1.151100     1.317180     1.342030     1.698680     1.741640     1.845560     2.073150
     2.173797    -0.261310     1.023450     1.163100     1.327420     1.349240     1.684000     1.751410     1.844350     2.057420
     2.187939    -0.267870     1.052050     1.175410     1.337650     1.356470     1.669180     1.761470     1.843420     2.042520
     2.202082    -0.274030     1.080540     1.188000     1.347840     1.363710     1.654230     1.771800     1.842750     2.028090
     2.216224    -0.279790     1.108860     1.200870     1.357930     1.370920     1.639140     1.782410     1.842300     2.008450
     2.230366    -0.285160     1.136910     1.214000     1.367850     1.378060     1.623920     1.793270     1.842020     1.989390
     2.244508    -0.290140     1.164580     1.227380     1.377560     1.385100     1.608580     1.804390     1.841770     1.971120
     2.258650    -0.294710     1.191750     1.241000     1.386980     1.392010     1.593130     1.815750     1.841320     1.953960
     2.272792    -0.298890     1.218250     1.254820     1.396020     1.398740     1.577590     1.827310     1.840290     1.938420
     2.286934    -0.302670     1.243870     1.268820     1.404610     1.405280     1.562010     1.838070     1.839070     1.925210
     2.301076    -0.306050     1.268350     1.282970     1.411590     1.412660     1.546410     1.833940     1.850970     1.915230
     2.315219    -0.309030     1.291380     1.297210     1.417670     1.420070     1.530870     1.827380     1.862950     1.909160
     2.329361    -0.311620     1.311470     1.312560     1.423500     1.426760     1.515450     1.818630     1.874920     1.906990
     2.343503    -0.313810     1.325630     1.331420     1.429090     1.432620     1.500290     1.808620     1.886740     1.908030
     2.357645    -0.315600     1.339500     1.347480     1.434350     1.437560     1.485590     1.798490     1.898140     1.911340
     2.371787    -0.316990     1.352710     1.360290     1.439130     1.441500     1.471730     1.789330     1.908720     1.915990
     2.385929    -0.317990     1.364520     1.369520     1.443080     1.444370     1.459450     1.782030     1.917760     1.920950
     2.400071    -0.318580     1.373410     1.375050     1.445760     1.446120     1.450280     1.777330     1.924120     1.924910
     2.414214    -0.318780     1.376890     1.376890     1.446700     1.446700     1.446700     1.775700     1.926460     1.926460
     2.414214    -0.318780     1.376890     1.376890     1.446700     1.446700     1.446700     1.775700     1.926460     1.926460
     2.431534    -0.318480     1.372950     1.372950     1.443120     1.449990     1.449990     1.778120     1.923770     1.923770
     2.448855    -0.317590     1.362730     1.362730     1.432770     1.458250     1.458250     1.784910     1.916940     1.916940
     2.466175    -0.316100     1.348740     1.348740     1.416700     1.469030     1.469030     1.794900     1.908180     1.908180
     2.483496    -0.314010     1.332520     1.332520     1.396160     1.480860     1.480860     1.806630     1.899040     1.899040
     2.500816    -0.311320     1.314800     1.314800     1.372300     1.493090     1.493090     1.818810     1.890360     1.890360
     2.518137    -0.308040     1.295980     1.295980     1.346070     1.505450     1.505450     1.830510     1.882560     1.882560
     2.535457    -0.304160     1.276300     1.276300     1.318180     1.517830     1.517830     1.841180     1.875840     1.875840
     2.552778    -0.299680     1.255900     1.255900     1.289160     1.530200     1.530200     1.850620     1.870260     1.870260
     2.570098    -0.294610     1.234920     1.234920     1.259400     1.542570     1.542570     1.858880     1.865870     1.865870
     2.587419    -0.288940     1.213460     1.213460     1.229180     1.554980     1.554980     1.862650     1.862650     1.866090
     2.604739    -0.282680     1.191610     1.191610     1.198720     1.567460     1.567460     1.860560     1.860560     1.872460
     2.622060    -0.275820     1.168190     1.169460     1.169460     1.580060     1.580060     1.859570     1.859570     1.878170
     2.639380    -0.268370     1.137700     1.147080     1.147080     1.592800     1.592800     1.859640     1.859640     1.883390
     2.656701    -0.260320     1.107370     1.124540     1.124540     1.605720     1.605720     1.860730     1.860730     1.888260
     2.674021    -0.251690     1.077270     1.101900     1.101900     1.618850     1.618850     1.862790     1.862790     1.892890
     2.691342    -0.242450     1.047460     1.079230     1.079230     1.632210     1.632210     1.865780     1.865780     1.897370
     2.708662    -0.232630     1.018000     1.056580     1.056580     1.645830     1.645830     1.869680     1.869680     1.901760
     2.725983    -0.222220     0.988940     1.033990     1.033990     1.659710     1.659710     1.874450     1.874450     1.906130
     2.743303    -0.211220     0.960310     1.011510     1.011510     1.673860     1.673860     1.880070     1.880070     1.910520
     2.760624    -0.199640     0.932150     0.989180     0.989180     1.688290     1.688290     1.886520     1.886520     1.914960
     2.777944    -0.187470     0.904470     0.967040     0.967040     1.702990     1.702990     1.893790     1.893790     1.919490
     2.795265    -0.174720     0.877310     0.945110     0.945110     1.717960     1.717960     1.901860     1.901860     1.924120
     2.812585    -0.161400     0.850690     0.923430     0.923430     1.733170     1.733170     1.910730     1.910730     1.928870
     2.829906    -0.147510     0.824630     0.902020     0.902020     1.748620     1.748620     1.920400     1.920400     1.933760
     2.847226    -0.133040     0.799140     0.880910     0.880910     1.764280     1.764280     1.930870     1.930870     1.938790
     2.864547    -0.118020     0.774250     0.860110     0.860110     1.780110     1.780110     1.942140     1.942140     1.943970
     2.881867    -0.102440     0.749960     0.839660     0.839660     1.796110     1.796110     1.949310     1.954220     1.954220
     2.899188    -0.086320     0.726290     0.819570     0.819570     1.812220     1.812220     1.954800     1.967110     1.967110
     2.916508    -0.069650     0.703260     0.799850     0.799850     1.828410     1.828410     1.960440     1.980830     1.980830
     2.933829    -0.052460     0.680890     0.780520     0.780520     1.844660     1.844660     1.966230     1.995380     1.995380
     2.951149    -0.034760     0.659190     0.761590     0.761590     1.860910     1.860910     1.972160     2.010760     2.010760
     2.968470    -0.016560     0.638170     0.743080     0.743080     1.877140     1.877140     1.978210     2.026970     2.026970
     2.985790     0.002110     0.617870     0.725010     0.725010     1.893320     1.893320     1.984390     2.043990     2.043990
     3.003111     0.021240     0.598310     0.707370     0.707370     1.909400     1.909400     1.990670     2.061820     2.061820
     3.020431     0.040790     0.579500     0.690190     0.690190     1.925350     1.925350     1.997030     2.080420     2.080420
     3.037752     0.060720     0.561510     0.673470     0.673470     1.941150     1.941150     2.003460     2.099770     2.099770
     3.055072     0.080970     0.544360     0.657220     0.657220     1.956750     1.956750     2.009940     2.119830     2.119830
     3.072393     0.101500     0.528130     0.641460     0.641460     1.972100     1.972100     2.016440     2.140550     2.140550
     3.089713     0.122190     0.512890     0.626180     0.626180     1.987150     1.987150     2.022950     2.161870     2.161870
     3.107034     0.142940     0.498770     0.611400     0.611400     2.001830     2.001830     2.029430     2.183720     2.183720
     3.124354     0.163580     0.485920     0.597130     0.597130     2.016040     2.016040     2.035870     2.206050     2.206050
     3.141675     0.183880     0.474570     0.583370     0.583370     2.029660     2.029660     2.042250     2.228740     2.228740
     3.158995     0.203500     0.465030     0.570130     0.570130     2.042550     2.042550     2.048530     2.251720     2.251720
     3.176316     0.222020     0.457740     0.557420     0.557420     2.054490     2.054490     2.054700     2.274830     2.274830
     3.193636     0.238830     0.453280     0.545230     0.545230     2.060740     2.065250     2.065250     2.297910     2.297910
     3.210957     0.253240     0.452350     0.533590     0.533590     2.066640     2.074520     2.074520     2.320730     2.320730
     3.228277     0.264540     0.455610     0.522490     0.522490     2.072380     2.081930     2.081930     2.343000     2.343000
     3.245598     0.272310     0.463510     0.511930     0.511930     2.077950     2.087050     2.087050     2.364290     2.364290
     3.262918     0.276580     0.475970     0.501940     0.501940     2.083360     2.089420     2.089420     2.384050     2.384050
     3.280239     0.277850     0.492500     0.492500     0.492500     2.088590     2.088590     2.088590     2.401620     2.401620
     3.280239     0.277850     0.492500     0.492500     0.492500     2.088590     2.088590     2.088590     2.401620     2.401620
     3.290239     0.277470     0.483410     0.493090     0.501730     2.085810     2.087790     2.090930     2.385350     2.400380
     3.300239     0.276340     0.474480     0.494850     0.511110     2.082670     2.085390     2.092770     2.369070     2.396840
     3.310239     0.274510     0.465700     0.497740     0.520640     2.079220     2.081390     2.094030     2.352840     2.391490
     3.320239     0.272020     0.457080     0.501710     0.530300     2.075520     2.075800     2.094600     2.336760     2.384940
     3.330239     0.268940     0.448620     0.506690     0.540110     2.068630     2.071600     2.094370     2.320920     2.377750
     3.340239     0.265370     0.440320     0.512590     0.550040     2.059900     2.067500     2.093240     2.305440     2.370370
     3.350239     0.261360     0.432190     0.519340     0.560110     2.049650     2.063260     2.091050     2.290470     2.363160
     3.360239     0.257000     0.424220     0.526870     0.570310     2.037950     2.058910     2.087690     2.276140     2.356330
     3.370239     0.252360     0.416410     0.535100     0.580630     2.024890     2.054480     2.083020     2.262590     2.350040
     3.380239     0.247510     0.408780     0.543960     0.591070     2.010560     2.049990     2.076930     2.249960     2.344360
     3.390239     0.242490     0.401310     0.553410     0.601630     1.995060     2.045450     2.069350     2.238330     2.339310
     3.400239     0.237350     0.394010     0.563390     0.612290     1.978530     2.040900     2.060270     2.227750     2.334880
     3.410239     0.232150     0.386890     0.573860     0.623060     1.961060     2.036340     2.049740     2.218190     2.331050
     3.420239     0.226910     0.379950     0.584790     0.633920     1.942780     2.031800     2.037870     2.209580     2.327760
     3.430239     0.221670     0.373170     0.596130     0.644880     1.923790     2.024810     2.027280     2.201820     2.324980
     3.440239     0.216450     0.366580     0.607870     0.655920     1.904180     2.010730     2.022800     2.194770     2.322650
     3.450239     0.211270     0.360160     0.619980     0.667040     1.884050     1.995820     2.018380     2.188320     2.320720
     3.460239     0.206150     0.353930     0.632440     0.678220     1.863470     1.980240     2.014010     2.182330     2.319140
     3.470239     0.201120     0.347870     0.645230     0.689470     1.842520     1.964130     2.009710     2.176720     2.317870
     3.480239     0.196170     0.342000     0.658340     0.700770     1.821250     1.947650     2.005490     2.171400     2.316880
     3.490239     0.191340     0.336310     0.671750     0.712110     1.799720     1.930880     2.001360     2.166320     2.316130
     3.500239     0.186610     0.330800     0.685460     0.723490     1.777980     1.913940     1.997320     2.161440     2.315580
     3.510239     0.182020     0.325480     0.699450     0.734880     1.756070     1.896900     1.993380     2.156730     2.315220
     3.520239     0.177550     0.320340     0.713710     0.746270     1.734030     1.879830     1.989540     2.152160     2.315010
     3.530239     0.173220     0.315390     0.728240     0.757650     1.711890     1.862790     1.985820     2.147730     2.314940
     3.540239     0.169030     0.310630     0.743030     0.769010     1.689670     1.845850     1.982210     2.143440     2.314990
     3.550239     0.165000     0.306060     0.758070     0.780330     1.667420     1.829040     1.978720     2.139270     2.315130
     3.560239     0.161110     0.301670     0.773350     0.791580     1.645140     1.812420     1.975350     2.135230     2.315360
     3.570239     0.157380     0.297480     0.788860     0.802750     1.622860     1.796020     1.972120     2.131330     2.315650
     3.580239     0.153810     0.293480     0.804610     0.813810     1.600600     1.779900     1.969010     2.127570     2.316000
     3.590239     0.150400     0.289660     0.820590     0.824730     1.578380     1.764090     1.966040     2.123950     2.316400
     3.600239     0.147160     0.286040     0.835500     0.836780     1.556200     1.748640     1.963200     2.120480     2.316830
     3.610239     0.144090     0.282610     0.846070     0.853190     1.534100     1.733580     1.960510     2.117170     2.317290
     3.620239     0.141180     0.279380     0.856420     0.869800     1.512080     1.718970     1.957950     2.114010     2.317760
     3.630239     0.138440     0.276330     0.866510     0.886620     1.490160     1.704840     1.955550     2.111020     2.318240
     3.640239     0.135870     0.273490     0.876300     0.903620     1.468350     1.691240     1.953280     2.108200     2.318720
     3.650239     0.133480     0.270830     0.885740     0.920810     1.446670     1.678230     1.951170     2.105550     2.319200
     3.660239     0.131260     0.268370     0.894800     0.938170     1.425130     1.665850     1.949210     2.103090     2.319670
     3.670239     0.129220     0.266110     0.903420     0.955680     1.403760     1.654160     1.947400     2.100800     2.320110
     3.680239     0.127350     0.264040     0.911540     0.973330     1.382570     1.643220     1.945740     2.098710     2.320540
     3.690239     0.125650     0.262170     0.919130     0.991100     1.361590     1.633070     1.944240     2.096800     2.320940
     3.700239     0.124140     0.260490     0.926110     1.008950     1.340860     1.623790     1.942890     2.095090     2.321300
     3.710239     0.122800     0.259010     0.932450     1.026820     1.320440     1.615420     1.941690     2.093570     2.321630
     3.720239     0.121640     0.257730     0.938070     1.044640     1.300410     1.608030     1.940660     2.092250     2.321930
     3.730239     0.120650     0.256650     0.942930     1.062280     1.280890     1.601670     1.939780     2.091130     2.322180
     3.740239     0.119850     0.255760     0.946990     1.079510     1.262130     1.596380     1.939070     2.090210     2.322390
     3.750239     0.119220     0.255070     0.950190     1.095870     1.244570     1.592230     1.938510     2.089500     2.322560
     3.760239     0.118780     0.254570     0.952510     1.110470     1.229110     1.589230     1.938110     2.088980     2.322680
     3.770239     0.118510     0.254280     0.953900     1.121440     1.217630     1.587420     1.937870     2.088680     2.322750
     3.780239     0.118420     0.254180     0.954370     1.125740     1.213160     1.586810     1.937790     2.088570     2.322770
     3.780239     0.118420     0.254180     0.954370     1.125740     1.213160     1.586810     1.937790     2.088570     2.322770
     3.790239     0.118510     0.254280     0.953900     1.121440     1.217630     1.587420     1.937870     2.088680     2.322750
     3.800239     0.118780     0.254570     0.952510     1.110470     1.229110     1.589230     1.938110     2.088980     2.322680
     3.810239     0.119220     0.255070     0.950190     1.095870     1.244570     1.592230     1.938510     2.089500     2.322560
     3.820239     0.119850     0.255760     0.946990     1.079510     1.262130     1.596380     1.939070     2.090210     2.322390
     3.830239     0.120650     0.256650     0.942930     1.062280     1.280890     1.601670     1.939780     2.091130     2.322180
     3.840239     0.121640     0.257730     0.938070     1.044640     1.300410     1.608030     1.940660     2.092250     2.321930
     3.850239     0.122800     0.259010     0.932450     1.026820     1.320440     1.615420     1.941690     2.093570     2.321630
     3.860239     0.124140     0.260490     0.926110     1.008950     1.340860     1.623790     1.942890     2.095090     2.321300
     3.870239     0.125650     0.262170     0.919130     0.991100     1.361590     1.633070     1.944240     2.096800     2.320940
     3.880239     0.127350     0.264040     0.911540     0.973330     1.382570     1.643220     1.945740     2.098710     2.320540
     3.890239     0.129220     0.266110     0.903420     0.955680     1.403760     1.654160     1.947400     2.100800     2.320110
     3.900239     0.131260     0.268370     0.894800     0.938170     1.425130     1.665850     1.949210     2.103090     2.319670
     3.910239     0.133480     0.270830     0.885740     0.920810     1.446670     1.678230     1.951170     2.105550     2.319200
     3.920239     0.135870     0.273490     0.876300     0.903620     1.468350     1.691240     1.953280     2.108200     2.318720
     3.930239     0.138440     0.276330     0.866510     0.886620     1.490160     1.704840     1.955550     2.111020     2.318240
     3.940239     0.141180     0.279380     0.856420     0.869800     1.512080     1.718970     1.957950     2.114010     2.317760
     3.950239     0.144090     0.282610     0.846070     0.853190     1.534100     1.733580     1.960510     2.117170     2.317290
     3.960239     0.147160     0.286040     0.835500     0.836780     1.556200     1.748640     1.963200     2.120480     2.316830
     3.970239     0.150400     0.289660     0.820590     0.824730     1.578380     1.764090     1.966040     2.123950     2.316400
     3.980239     0.153810     0.293480     0.804610     0.813810     1.600600     1.779900     1.969010     2.127570     2.316000
     3.990239     0.157380     0.297480     0.788860     0.802750     1.622860     1.796020     1.972120     2.131330     2.315650
     4.000239     0.161110     0.301670     0.773350     0.791580     1.645140     1.812420     1.975350     2.135230     2.315360
     4.010239     0.165000     0.306060     0.758070     0.780330     1.667420     1.829040     1.978720     2.139270     2.315130
     4.020239     0.169030     0.310630     0.743030     0.769010     1.689670     1.845850     1.982210     2.143440     2.314990
     4.030239     0.173220     0.315390     0.728240     0.757650     1.711890     1.862790     1.985820     2.147730     2.314940
     4.040239     0.177550     0.320340     0.713710     0.746270     1.734030     1.879830     1.989540     2.152160     2.315010
     4.050239     0.182020     0.325480     0.699450     0.734880     1.756070     1.896900     1.993380     2.156730     2.315220
     4.060239     0.186610     0.330800     0.685460     0.723490     1.777980     1.913940     1.997320     2.161440     2.315580
     4.070239     0.191340     0.336310     0.671750     0.712110     1.799720     1.930880     2.001360     2.166320     2.316130
     4.080239     0.196170     0.342000     0.658340     0.700770     1.821250     1.947650     2.005490     2.171400     2.316880
     4.090239     0.201120     0.347870     0.645230     0.689470     1.842520     1.964130     2.009710     2.176720     2.317870
     4.100239     0.206150     0.353930     0.632440     0.678220     1.863470     1.980240     2.014010     2.182330     2.319140
     4.110239     0.211270     0.360160     0.619980     0.667040     1.884050     1.995820     2.018380     2.188320     2.320720
     4.120239     0.216450     0.366580     0.607870     0.655920     1.904180     2.010730     2.022800     2.194770     2.322650
     4.130239     0.221670     0.373170     0.596130     0.644880     1.923790     2.024810     2.027280     2.201820     2.324980
     4.140239     0.226910     0.379950     0.584790     0.633920     1.942780     2.031800     2.037870     2.209580     2.327760
     4.150239     0.232150     0.386890     0.573860     0.623060     1.961060     2.036340     2.049740     2.218190     2.331050
     4.160239     0.237350     0.394010     0.563390     0.612290     1.978530     2.040900     2.060270     2.227750     2.334880
     4.170239     0.242490     0.401310     0.553410     0.601630     1.995060     2.045450     2.069350     2.238330     2.339310
     4.180239     0.247510     0.408780     0.543960     0.591070     2.010560     2.049990     2.076930     2.249960     2.344360
     4.190239     0.252360     0.416410     0.535100     0.580630     2.024890     2.054480     2.083020     2.262590     2.350040
     4.200239     0.257000     0.424220     0.526870     0.570310     2.037950     2.058910     2.087690     2.276140     2.356330
     4.210239     0.261360     0.432190     0.519340     0.560110     2.049650     2.063260     2.091050     2.290470     2.363160
     4.220239     0.265370     0.440320     0.512590     0.550040     2.059900     2.067500     2.093240     2.305440     2.370370
     4.230239     0.268940     0.448620     0.506690     0.540110     2.068630     2.071600     2.094370     2.320920     2.377750
     4.240239     0.272020     0.457080     0.501710     0.530300     2.075520     2.075800     2.094600     2.336760     2.384940
     4.250239     0.274510     0.465700     0.497740     0.520640     2.079220     2.081390     2.094030     2.352840     2.391490
     4.260239     0.276340     0.474480     0.494850     0.511110     2.082670     2.085390     2.092770     2.369070     2.396840
     4.270239     0.277470     0.483410     0.493090     0.501730     2.085810     2.087790     2.090930     2.385350     2.400380
     4.280239     0.277850     0.492500     0.492500     0.492500     2.088590     2.088590     2.088590     2.401620     2.401620
     4.280239     0.277850     0.492500     0.492500     0.492500     2.088590     2.088590     2.088590     2.401620     2.401620
     4.297559     0.276830     0.483620     0.483620     0.512350     2.084170     2.084170     2.093640     2.368120     2.416340
     4.314880     0.274230     0.475310     0.475310     0.534810     2.075930     2.075930     2.098530     2.332910     2.427810
     4.332200     0.270610     0.467570     0.467570     0.559280     2.063820     2.063820     2.103250     2.296460     2.436090
     4.349521     0.266420     0.460410     0.460410     0.585310     2.048010     2.048010     2.107780     2.259180     2.441560
     4.366842     0.261950     0.453830     0.453830     0.612550     2.028830     2.028830     2.112090     2.221420     2.444710
     4.384162     0.257420     0.447830     0.447830     0.640770     2.006700     2.006700     2.115940     2.183680     2.445990
     4.401483     0.252990     0.442410     0.442410     0.669770     1.982100     1.982100     2.117760     2.147760     2.445840
     4.418803     0.248760     0.437590     0.437590     0.699410     1.955470     1.955470     2.100610     2.130770     2.444710
     4.436124     0.244810     0.433350     0.433350     0.729550     1.927220     1.927220     2.064850     2.132570     2.442960
     4.453444     0.241200     0.429710     0.429710     0.760090     1.897700     1.897700     2.027450     2.136340     2.440910
     4.470765     0.237980     0.426660     0.426660     0.790900     1.867190     1.867190     1.990130     2.140510     2.438770
     4.488085     0.235170     0.424220     0.424220     0.821890     1.835940     1.835940     1.953270     2.144870     2.436710
     4.505406     0.232790     0.422370     0.422370     0.852910     1.804140     1.804140     1.917090     2.149380     2.434830
     4.522726     0.230880     0.421120     0.421120     0.883840     1.771960     1.771960     1.881780     2.154030     2.433220
     4.540047     0.229430     0.420470     0.420470     0.914500     1.739520     1.739520     1.847520     2.158830     2.431920
     4.557367     0.228460     0.420430     0.420430     0.944710     1.706930     1.706930     1.814540     2.163810     2.430970
     4.574688     0.227980     0.420990     0.420990     0.974200     1.674290     1.674290     1.783100     2.168970     2.430400
     4.592008     0.228000     0.422150     0.422150     1.002690     1.641660     1.641660     1.753530     2.174340     2.430220
     4.609329     0.228510     0.423920     0.423920     1.029770     1.609100     1.609100     1.726210     2.179930     2.430450
     4.626649     0.229510     0.426290     0.426290     1.054990     1.576680     1.576680     1.701630     2.185760     2.431090
     4.643970     0.231020     0.429260     0.429260     1.077760     1.544440     1.544440     1.680360     2.191850     2.432150
     4.661290     0.233020     0.432840     0.432840     1.097440     1.512400     1.512400     1.663070     2.198210     2.433620
     4.678611     0.235520     0.437020     0.437020     1.113300     1.480610     1.480610     1.650460     2.204850     2.435490
     4.695931     0.238510     0.441810     0.441810     1.124700     1.449100     1.449100     1.643190     2.211810     2.437770
     4.713252     0.241990     0.447190     0.447190     1.131150     1.417880     1.417880     1.641750     2.219080     2.440440
     4.730572     0.245940     0.453170     0.453170     1.132470     1.386980     1.386980     1.646290     2.226680     2.443490
     4.747893     0.250370     0.459750     0.459750     1.128850     1.356420     1.356420     1.656640     2.234640     2.446910
     4.765213     0.255270     0.466920     0.466920     1.120780     1.326210     1.326210     1.672270     2.242950     2.450680
     4.782534     0.260610     0.474690     0.474690     1.108970     1.296370     1.296370     1.692460     2.251650     2.454780
     4.799854     0.266390     0.483050     0.483050     1.094160     1.266920     1.266920     1.716460     2.260750     2.459190
     4.817175     0.272600     0.492000     0.492000     1.077070     1.237870     1.237870     1.743510     2.270260     2.463890
     4.834495     0.279200     0.501540     0.501540     1.058320     1.209220     1.209220     1.772960     2.280200     2.468840
     4.851816     0.286170     0.511660     0.511660     1.038440     1.180990     1.180990     1.804250     2.290590     2.474020
     4.869136     0.293490     0.522360     0.522360     1.017850     1.153190     1.153190     1.836900     2.301450     2.479380
     4.886457     0.301120     0.533630     0.533630     0.996900     1.125830     1.125830     1.870500     2.312790     2.484900
     4.903777     0.309030     0.545480     0.545480     0.975880     1.098910     1.098910     1.904700     2.324640     2.490520
     4.921098     0.317140     0.557900     0.557900     0.955040     1.072450     1.072450     1.939170     2.337010     2.496200
     4.938418     0.325420     0.570890     0.570890     0.934590     1.046450     1.046450     1.973590     2.349920     2.501890
     4.955739     0.333790     0.584430     0.584430     0.914720     1.020920     1.020920     2.007660     2.363350     2.507520
     4.973059     0.342160     0.598530     0.598530     0.895610     0.995870     0.995870     2.041060     2.377300     2.513030
     4.990380     0.350440     0.613180     0.613180     0.877450     0.971310     0.971310     2.073450     2.391700     2.518360
     5.007700     0.358500     0.628370     0.628370     0.860400     0.947250     0.947250     2.104460     2.406440     2.523420
     5.025021     0.366220     0.644080     0.644080     0.844660     0.923700     0.923700     2.133710     2.421310     2.528150
     5.042341     0.373430     0.660310     0.660310     0.830420     0.900670     0.900670     2.160770     2.435970     2.532450
     5.059662     0.379980     0.677030     0.677030     0.817870     0.878210     0.878210     2.185160     2.449870     2.536270
     5.076982     0.385680     0.694180     0.694180     0.807240     0.856360     0.856360     2.206360     2.462240     2.539510
     5.094303     0.390350     0.711660     0.711660     0.798700     0.835210     0.835210     2.223800     2.472170     2.542110
     5.111623     0.393830     0.729180     0.729180     0.792460     0.815070     0.815070     2.236880     2.478910     2.544020
     5.128944     0.395980     0.745650     0.745650     0.788650     0.797030     0.797030     2.245030     2.482470     2.545180
     5.146264     0.396700     0.754800     0.754800     0.787360     0.787360     0.787360     2.247800     2.483510     2.545580
