bcc Te -- Hedin-Lundqvist LDA                                                   
INPUT  IT=278 SPIN=0 NTYPE=  2
 -3.050000  3.050000  3.050000
  3.050000 -3.050000  3.050000
  3.050000  3.050000 -3.050000
    1  435  1.700000  0.030000    1
  0.000000  0.000000  0.000000
-0.5283822008718D+01-0.5153117071940D+01-0.5024619835947D+01-0.4898311013722D+01
-0.4774171318247D+01-0.4652181462504D+01-0.4532322159477D+01-0.4414574122147D+01
-0.4298918063496D+01-0.4185334696508D+01-0.4073804734165D+01-0.3964308889450D+01
-0.3856827875344D+01-0.3751342404830D+01-0.3647833190892D+01-0.3546280946510D+01
-0.3446666384669D+01-0.3348970218349D+01-0.3253173160535D+01-0.3159255924207D+01
-0.3067199222350D+01-0.2976983767944D+01-0.2888590273974D+01-0.2801999453420D+01
-0.2717192019266D+01-0.2634148684494D+01-0.2552850162087D+01-0.2473277165027D+01
-0.2395410406296D+01-0.2319230598877D+01-0.2244718455753D+01-0.2171854689906D+01
-0.2100620014319D+01-0.2030995141973D+01-0.1962960785852D+01-0.1896497658938D+01
-0.1831586474213D+01-0.1768207944661D+01-0.1706342783262D+01-0.1645971703001D+01
-0.1587075416858D+01-0.1529634637818D+01-0.1473630078862D+01-0.1419042452973D+01
-0.1365852473133D+01-0.1314040852325D+01-0.1263588303531D+01-0.1214475539733D+01
-0.1166683273915D+01-0.1120192219059D+01-0.1074983088147D+01-0.1031036594161D+01
-0.9883334500851D+00-0.9468543689003D+00-0.9065800635897D+00-0.8674912471356D+00
-0.8295686325206D+00-0.7927929327272D+00-0.7571448607378D+00-0.7226051295349D+00
-0.6891544521010D+00-0.6567735414186D+00-0.6254431104701D+00-0.5951438722381D+00
-0.5658565397050D+00-0.5375618258534D+00-0.5102404436656D+00-0.4838731061242D+00
-0.4584405262116D+00-0.4339234169104D+00-0.4103024912029D+00-0.3875584620718D+00
-0.3656720424995D+00-0.3446239454684D+00-0.3243948839611D+00-0.3049655709600D+00
-0.2863167194476D+00-0.2684290424064D+00-0.2512832528189D+00-0.2348600636676D+00
-0.2191401879349D+00-0.2041043386033D+00-0.1897332286553D+00-0.1760075710734D+00
-0.1629080788400D+00-0.1504154649377D+00-0.1385104423490D+00-0.1271737240563D+00
-0.1163860230420D+00-0.1061280522887D+00-0.9638052477894D-01-0.8712415349508D-01
-0.7833965141965D-01-0.7000773153512D-01-0.6210910682399D-01-0.5462449026872D-01
-0.4753459485181D-01-0.4082013355574D-01-0.3446181936299D-01-0.2844036525603D-01
-0.2273648421736D-01-0.1733088922946D-01-0.1220429327480D-01-0.7337409335869D-02
-0.2710950395151D-02 0.1694370564873D-02 0.5897840561720D-02 0.9918746612910D-02
 0.1377637573596D-01 0.1749001494839D-01 0.2107895126771D-01 0.2456247171144D-01
 0.2795986329711D-01 0.3129041304222D-01 0.3457340796431D-01 0.3782813508087D-01
 0.4107388140944D-01 0.4432993396753D-01 0.4761557977266D-01 0.5095010584234D-01
 0.5435279919410D-01 0.5784294684544D-01 0.6143983581390D-01 0.6516275311698D-01
 0.6903098577221D-01 0.7306382079710D-01 0.7728054520918D-01 0.8170044602595D-01
 0.8634281026493D-01 0.9122692494365D-01 0.9637207707963D-01 0.1017975536904D+00
 0.1075226417934D+00 0.1135666284062D+00 0.1199488005464D+00 0.1266884452314D+00
 0.1338036526425D+00 0.1413146870328D+00 0.1492440340034D+00 0.1576146994863D+00
 0.1664509295041D+00 0.1757782741338D+00 0.1856236551377D+00 0.1960154368839D+00
 0.2069835006947D+00 0.2185593227590D+00 0.2307760557589D+00 0.2436686143596D+00
 0.2572737647162D+00 0.2716302181555D+00 0.2867787291919D+00 0.3027621980426D+00
 0.3196257778051D+00 0.3374169864670D+00 0.3561858239166D+00 0.3759848941229D+00
 0.3968695326599D+00 0.4188979397409D+00 0.4421313189366D+00 0.4666340217426D+00
 0.4924736981618D+00 0.5197214534616D+00 0.5484520112658D+00 0.5787438831247D+00
 0.6106795447101D+00 0.6443456187644D+00 0.6798330649243D+00 0.7172373765273D+00
 0.7566587844905D+00 0.7982024683364D+00 0.8419787744160D+00 0.8881034413621D+00
 0.9366978327670D+00 0.9878891770648D+00 0.1041810814550D+01 0.1098602451429D+01
 0.1158410420782D+01 0.1221387950204D+01 0.1287695435929D+01 0.1357500723098D+01
 0.1430979391846D+01 0.1508315048718D+01 0.1589699622969D+01 0.1675333667093D+01
 0.1765426660931D+01 0.1860197318558D+01 0.1959873897031D+01 0.2064694506032D+01
 0.2174907417195D+01 0.2290771371897D+01 0.2412555886021D+01 0.2540541550151D+01
 0.2675020323384D+01 0.2816295818817D+01 0.2964683578583D+01 0.3120511336004D+01
 0.3284119262346D+01 0.3455860195253D+01 0.3636099845841D+01 0.3825216981037D+01
 0.4023603577541D+01 0.4231664943409D+01 0.4449819803076D+01 0.4678500341101D+01
 0.4918152199785D+01 0.5169234425293D+01 0.5432219356610D+01 0.5707592451281D+01
 0.5995852041452D+01 0.6297509013368D+01 0.6613086403014D+01 0.6943118900271D+01
 0.7288152253430D+01 0.7648742565576D+01 0.8025455473930D+01 0.8418865202836D+01
 0.8829553480720D+01 0.9258108310970D+01 0.9705122586442D+01 0.1017119253693D+02
 0.1065691599869D+02 0.1116289049523D+02 0.1168971111789D+02 0.1223796819534D+02
 0.1280824474085D+02 0.1340111366640D+02 0.1401713475317D+02 0.1465685136806D+02
 0.1532078691713D+02 0.1600944102682D+02 0.1672328544550D+02 0.1746275965885D+02
 0.1822826621388D+02 0.1902016574846D+02 0.1983877172516D+02 0.2068434487025D+02
 0.2155708732187D+02 0.2245713649411D+02 0.2338455866763D+02 0.2433934232043D+02
 0.2532139121806D+02 0.2633051728605D+02 0.2736643329341D+02 0.2842874538148D+02
 0.2951694547893D+02 0.3063040365010D+02 0.3176836043128D+02 0.3292991921770D+02
 0.3411403877147D+02 0.3531952592981D+02 0.3654502860197D+02 0.3778902915229D+02
 0.3904983827665D+02 0.4032558948913D+02 0.4161423434564D+02 0.4291353854078D+02
 0.4422107902344D+02 0.4553424228586D+02 0.4685022398894D+02 0.4816603009373D+02
 0.4947847967557D+02 0.5078420960173D+02 0.5207968125614D+02 0.5336118949599D+02
 0.5462487402251D+02 0.5586673334405D+02 0.5708264150099D+02 0.5826836771046D+02
 0.5941959907248D+02 0.6053196645845D+02 0.6160107367711D+02 0.6262252998156D+02
 0.6359198594401D+02 0.6450517268131D+02 0.6535794436469D+02 0.6614632389088D+02
 0.6686655152878D+02 0.6751513628642D+02 0.6808890966722D+02 0.6858508140312D+02
 0.6900129666520D+02 0.6933569416095D+02 0.6958696443342D+02 0.6975440758033D+02
 0.6983798951461D+02 0.6983839579300D+02 0.6975708194730D+02 0.6959631916884D+02
 0.6935923412022D+02 0.6904984158556D+02 0.6867306862311D+02 0.6823476885474D+02
 0.6774172552258D+02 0.6720164196308D+02 0.6662311820105D+02 0.6601561245093D+02
 0.6538938643500D+02 0.6475543359110D+02 0.6412538944624D+02 0.6351142368174D+02
 0.6292611370872D+02 0.6238229990947D+02 0.6189292308199D+02 0.6147084504378D+02
 0.6112865380801D+02 0.6087845523007D+02 0.6073165353073D+02 0.6069872362739D+02
 0.6078897869798D+02 0.6101033696788D+02 0.6136909216230D+02 0.6186969248362D+02
 0.6251453341303D+02 0.6330376991476D+02 0.6423515384265D+02 0.6530390245104D+02
 0.6650260388161D+02 0.6782116532020D+02 0.6924680917357D+02 0.7076412209768D+02
 0.7235516100012D+02 0.7399961924065D+02 0.7567505515850D+02 0.7735718377242D+02
 0.7902023103727D+02 0.8063734841740D+02 0.8218108377866D+02 0.8362390273701D+02
 0.8493875267597D+02 0.8609965970141D+02 0.8708234689876D+02 0.8786486045482D+02
 0.8842818856973D+02 0.8875685669069D+02 0.8883948151798D+02 0.8866926554502D+02
 0.8824441367229D+02 0.8756845374771D+02 0.8665044380142D+02 0.8550505030669D+02
 0.8415248405327D+02 0.8261828317472D+02 0.8093293652537D+02 0.7913134491256D+02
 0.7725212258950D+02 0.7533674679670D+02 0.7342856886100D+02 0.7157170624234D+02
 0.6980984074287D+02 0.6818495361876D+02 0.6673603329638D+02 0.6549779551877D+02
 0.6449945876754D+02 0.6376361946790D+02 0.6330527157660D+02 0.6313101353746D+02
 0.6323848194790D+02 0.6361604625367D+02 0.6424279107982D+02 0.6508880491410D+02
 0.6611578162286D+02 0.6727793210872D+02 0.6852318956586D+02 0.6979468000156D+02
 0.7103241753670D+02 0.7217517290389D+02 0.7316245402718D+02 0.7393653015251D+02
 0.7444442617332D+02 0.7463981191923D+02 0.7448471245362D+02 0.7395096991060D+02
 0.7302139497210D+02 0.7169055650551D+02 0.6996517064634D+02 0.6786406540938D+02
 0.6541771294222D+02 0.6266733829536D+02 0.5966363042611D+02 0.5646509739080D+02
 0.5313612270583D+02 0.4974479306392D+02 0.4636057839195D+02 0.4305195308238D+02
 0.3988405162111D+02 0.3691645233963D+02 0.3420117933098D+02 0.3178100455041D+02
 0.2968811995243D+02 0.2794323301954D+02 0.2655512118927D+02 0.2552065742653D+02
 0.2482530054694D+02 0.2444401938337D+02 0.2434260286673D+02 0.2447929172527D+02
 0.2480665311521D+02 0.2527361086083D+02 0.2582753818471D+02 0.2641631939709D+02
 0.2699028998953D+02 0.2750397350863D+02 0.2791754627588D+02 0.2819797761199D+02
 0.2831981247561D+02 0.2826558364819D+02 0.2802586087813D+02 0.2759896294773D+02
 0.2699037353321D+02 0.2621191419012D+02 0.2528073450160D+02 0.2421818259979D+02
 0.2304861801006D+02 0.2179822411239D+02 0.2049387035005D+02 0.1916206574812D+02
 0.1782803627357D+02 0.1651495052749D+02 0.1524331075911D+02 0.1403051994416D+02
 0.1289062952592D+02 0.1183426448271D+02 0.1086871308649D+02 0.9998150413002D+01
 0.9223954188746D+01 0.8545055008283D+01 0.7958265165208D+01 0.7458552883220D+01
 0.7039277914828D+01 0.6692470294125D+01 0.6409286382908D+01 0.6180769087633D+01
 0.5998929572556D+01 0.5857957425934D+01 0.5755133166741D+01
    2  435  1.000000  0.030000    3
  0.000000  0.500000  0.500000
  0.500000  0.500000  0.000000
  0.500000  0.000000  0.500000
-0.3592677113251D-03-0.3529985179040D-03-0.3468032438498D-03-0.3406814464103D-03
-0.3346326828332D-03-0.3286565103661D-03-0.3227524862567D-03-0.3169201677529D-03
-0.3111591121022D-03-0.3054688765524D-03-0.2998490183511D-03-0.2942990947462D-03
-0.2888186629853D-03-0.2834072803161D-03-0.2780645039863D-03-0.2727898912436D-03
-0.2675829993357D-03-0.2624433855104D-03-0.2573706070153D-03-0.2523642210982D-03
-0.2474237850067D-03-0.2425488559885D-03-0.2377389912915D-03-0.2329937481632D-03
-0.2283126838514D-03-0.2236953556037D-03-0.2191413206680D-03-0.2146501362918D-03
-0.2102213597229D-03-0.2058545482091D-03-0.2015492589979D-03-0.1973050493372D-03
-0.1931214764746D-03-0.1889980976579D-03-0.1849344701347D-03-0.1809301511527D-03
-0.1769846979596D-03-0.1730976678033D-03-0.1692686179313D-03-0.1654971055913D-03
-0.1617826880312D-03-0.1581249224985D-03-0.1545233662410D-03-0.1509775765064D-03
-0.1474871105424D-03-0.1440515255967D-03-0.1406703789170D-03-0.1373432277511D-03
-0.1340696293465D-03-0.1308491409511D-03-0.1276813198126D-03-0.1245657231785D-03
-0.1215019082968D-03-0.1184894324150D-03-0.1155278527808D-03-0.1126167266420D-03
-0.1097556112463D-03-0.1069440638414D-03-0.1041816416750D-03-0.1014679019947D-03
-0.9880240204837D-04-0.9618469908363D-04-0.9361435034821D-04-0.9109091308980D-04
-0.8861394455612D-04-0.8618300199487D-04-0.8379764265376D-04-0.8145742378049D-04
-0.7916190262277D-04-0.7691063642831D-04-0.7470318244481D-04-0.7253909791998D-04
-0.7041794010152D-04-0.6833926623715D-04-0.6630263357456D-04-0.6430759936147D-04
-0.6235372084558D-04-0.6044055527459D-04-0.5856765989621D-04-0.5673459195816D-04
-0.5494090870812D-04-0.5318616739382D-04-0.5146992526296D-04-0.4979173956324D-04
-0.4815116754237D-04-0.4654776644805D-04-0.4498109352800D-04-0.4345070602992D-04
-0.4195616120151D-04-0.4049701629048D-04-0.3907282854453D-04-0.3768315521139D-04
-0.3632755353874D-04-0.3500558077429D-04-0.3371679416576D-04-0.3246075096085D-04
-0.3123700840726D-04-0.3004512375270D-04-0.2888465424488D-04-0.2775515713150D-04
-0.2665618966027D-04-0.2558730907890D-04-0.2454807263509D-04-0.2353803757655D-04
-0.2255676115098D-04-0.2160380060609D-04-0.2067871318959D-04-0.1978105614918D-04
-0.1891038673257D-04-0.1806626218746D-04-0.1724823976157D-04-0.1645587670260D-04
-0.1568873025825D-04-0.1494635767623D-04-0.1422831620424D-04-0.1353416309000D-04
-0.1286345558121D-04-0.1221575092557D-04-0.1159060637080D-04-0.1098757916459D-04
-0.1040622655466D-04-0.9846105788704D-05-0.9306774114437D-05-0.8787788779562D-05
-0.8288707031787D-05-0.7809086118817D-05-0.7348483288358D-05-0.6906455788116D-05
-0.6482560865799D-05-0.6076355769111D-05-0.5687397745760D-05-0.5315244043451D-05
-0.4959451909891D-05-0.4619578592785D-05-0.4295181339841D-05-0.3985817398765D-05
-0.3691044017262D-05-0.3410418443038D-05-0.3143497923801D-05-0.2889839707257D-05
-0.2649001041110D-05-0.2420539173069D-05-0.2204011350838D-05-0.1998974822125D-05
-0.1804986834635D-05-0.1621604636075D-05-0.1448385474151D-05-0.1284886596569D-05
-0.1130665251035D-05-0.9852786852561D-06-0.8482841469379D-06-0.7192388837868D-06
-0.5977001435089D-06-0.4832251738106D-06-0.3753712223981D-06-0.2736955369775D-06
-0.1777553652552D-06-0.8710795493732D-07-0.1310553730109D-08 0.8007959066018D-07
 0.1575052305273D-06 0.2314091181651D-06 0.3022340058673D-06 0.3704226459277D-06
 0.4364177906400D-06 0.5006621922980D-06 0.5635986031955D-06 0.6256697756262D-06
 0.6873184618840D-06 0.7489874142626D-06 0.8111193850557D-06 0.8741571265572D-06
 0.9385433910607D-06 0.1004720930860D-05 0.1073132498249D-05 0.1144220845522D-05
 0.1218428724971D-05 0.1296198888892D-05 0.1377974089577D-05 0.1464197079321D-05
 0.1555310610417D-05 0.1651757435160D-05 0.1753980305842D-05 0.1862421974757D-05
 0.1977525194200D-05 0.2099732716464D-05 0.2229490408663D-05 0.2367264493521D-05
 0.2513549964848D-05 0.2668872361657D-05 0.2833789649782D-05 0.3008894221165D-05
 0.3194815014218D-05 0.3392219766615D-05 0.3601817404621D-05 0.3824360581447D-05
 0.4060648369522D-05 0.4311529120502D-05 0.4577903498745D-05 0.4860727703625D-05
 0.5161016887287D-05 0.5479848784958D-05 0.5818367565548D-05 0.6177787921385D-05
 0.6559399406240D-05 0.6964571042443D-05 0.7394756207748D-05 0.7851497825000D-05
 0.8336433866987D-05 0.8851303201985D-05 0.9397951794363D-05 0.9978339288525D-05
 0.1059454599274D-04 0.1124878029436D-04 0.1194338652511D-04 0.1268085331208D-04
 0.1346382243530D-04 0.1429509823154D-04 0.1517765756879D-04 0.1611466043485D-04
 0.1710946116855D-04 0.1816562038153D-04 0.1928691760341D-04 0.2047736470343D-04
 0.2174122012626D-04 0.2308300400103D-04 0.2450751416620D-04 0.2601984317626D-04
 0.2762539633890D-04 0.2932991085581D-04 0.3113947612240D-04 0.3306055526824D-04
 0.3510000800056D-04 0.3726511484219D-04 0.3956360283456D-04 0.4200367280757D-04
 0.4459402829615D-04 0.4734390621725D-04 0.5026310939750D-04 0.5336204107776D-04
 0.5665174149755D-04 0.6014392669922D-04 0.6385102966823D-04 0.6778624396576D-04
 0.7196356998477D-04 0.7639786400330D-04 0.8110489018320D-04 0.8610137570764D-04
 0.9140506922438D-04 0.9703480281024D-04 0.1030105576443D-03 0.1093535336304D-03
 0.1160862231787D-03 0.1232324894159D-03 0.1308176490580D-03 0.1388685602443D-03
 0.1474137156011D-03 0.1564833408615D-03 0.1661094993416D-03 0.1763262026423D-03
 0.1871695279084D-03 0.1986777420551D-03 0.2108914333345D-03 0.2238536506985D-03
 0.2376100513733D-03 0.2522090571512D-03 0.2677020198660D-03 0.2841433966101D-03
 0.3015909352158D-03 0.3201058706193D-03 0.3397531326872D-03 0.3606015661917D-03
 0.3827241635813D-03 0.4061983113056D-03 0.4311060504096D-03 0.4575343522407D-03
 0.4855754100604D-03 0.5153269474897D-03 0.5468925446696D-03 0.5803819831581D-03
 0.6159116105396D-03 0.6536047258714D-03 0.6935919870462D-03 0.7360118413050D-03
 0.7810109800893D-03 0.8287448195927D-03 0.8793780083122D-03 0.9330849630938D-03
 0.9900504350995D-03 0.1050470107330D-02 0.1114551225256D-02 0.1182513262369D-02
 0.1254588622304D-02 0.1331023379538D-02 0.1412078060470D-02 0.1498028467007D-02
 0.1589166544680D-02 0.1685801297544D-02 0.1788259752058D-02 0.1896887972393D-02
 0.2012052129518D-02 0.2134139626672D-02 0.2263560283803D-02 0.2400747583689D-02
 0.2546159982517D-02 0.2700282287872D-02 0.2863627106952D-02 0.3036736368230D-02
 0.3220182919508D-02 0.3414572205699D-02 0.3620544029475D-02 0.3838774398199D-02
 0.4069977460410D-02 0.4314907535397D-02 0.4574361239186D-02 0.4849179710527D-02
 0.5140250940238D-02 0.5448512207556D-02 0.5774952626734D-02 0.6120615807519D-02
 0.6486602632633D-02 0.6874074155728D-02 0.7284254622767D-02 0.7718434620010D-02
 0.8177974351207D-02 0.8664307046844D-02 0.9178942507527D-02 0.9723470783812D-02
 0.1029956599382D-01 0.1090899028044D-01 0.1155359790827D-01 0.1223533950131D-01
 0.1295626642040D-01 0.1371853528015D-01 0.1452441260295D-01 0.1537627960811D-01
 0.1627663713218D-01 0.1722811067623D-01 0.1823345557436D-01 0.1929556227654D-01
 0.2041746173745D-01 0.2160233090176D-01 0.2285349827420D-01 0.2417444956157D-01
 0.2556883337120D-01 0.2704046694942D-01 0.2859334193920D-01 0.3023163013761D-01
 0.3195968922597D-01 0.3378206844740D-01 0.3570351420126D-01 0.3772897552110D-01
 0.3986360939972D-01 0.4211278592181D-01 0.4448209316004D-01 0.4697734178773D-01
 0.4960456935632D-01 0.5237004418277D-01 0.5528026878656D-01 0.5834198281285D-01
 0.6156216537296D-01 0.6494803672967D-01 0.6850705924964D-01 0.7224693754146D-01
 0.7617561769302D-01 0.8030128551827D-01 0.8463236371874D-01 0.8917750786253D-01
 0.9394560107938D-01 0.9894574736842D-01 0.1041872634125D+00 0.1096796687933D+00
 0.1154326744968D+00 0.1214561696084D+00 0.1277602060858D+00 0.1343549815152D+00
 0.1412508197513D+00 0.1484581493539D+00 0.1559874797424D+00 0.1638493750014D+00
 0.1720544252827D+00 0.1806132157733D+00 0.1895362932137D+00 0.1988341299802D+00
 0.2085170857711D+00 0.2185953669751D+00 0.2290789838353D+00 0.2399777055668D+00
 0.2513010136391D+00 0.2630580534851D+00 0.2752575849653D+00 0.2879079319818D+00
 0.3010169317111D+00 0.3145918840092D+00 0.3286395016280D+00 0.3431658619785D+00
 0.3581763612784D+00 0.3736756720279D+00 0.3896677048753D+00 0.4061555760514D+00
 0.4231415816825D+00 0.4406271804300D+00 0.4586129860461D+00 0.4770987715975D+00
 0.4960834872889D+00 0.5155652940045D+00 0.5355416149296D+00 0.5560092078694D+00
 0.5769642612039D+00 0.5984025168046D+00 0.6203194236735D+00 0.6427103266210D+00
 0.6655706949098D+00 0.6888963964940D+00 0.7126840242598D+00 0.7369312815092D+00
 0.7616374346779D+00 0.7868038421546D+00 0.8124345680545D+00 0.8385370920103D+00
 0.8651231231721D+00 0.8922095297878D+00 0.9198193937752D+00 0.9479832000728D+00
 0.9767401722181D+00 0.1006139767385D+01 0.1036243346527D+01 0.1067126048516D+01
 0.1098878898701D+01 0.1131611203595D+01 0.1165453307957D+01 0.1200559797866D+01
 0.1237113274911D+01 0.1275328859845D+01 0.1315459596840D+01
  311
 0.1800750153350D+02 0.0000000000000D+00 0.6536014740023D+02-0.1837106661317D-83
 0.2610616141748D+02 0.0000000000000D+00 0.4375841813369D+02-0.3250064793714D-31
 0.2193822593832D+02 0.1167894508296D-32 0.2179891758289D+02 0.9835689730423D-32
 0.6636883573897D+01-0.3644134331229D-84 0.1775942224010D+02 0.2873073600564D-31
 0.2268495488047D+01-0.1646411604694D-32 0.2283374967661D+01 0.5267330854244D-33
 0.1668050692935D+01 0.7136859529126D-84 0.3495692861200D+01-0.1603033518232D-83
 0.2432083971445D+00 0.2834592038766D-32 0.8612161280451D+00 0.2923590457639D-32
-0.2442266115259D+01 0.0000000000000D+00-0.1381935699824D+01 0.9545639304609D-32
-0.3191653532744D+01-0.4362156655706D-31-0.3669184190122D+00-0.1159301615301D-84
-0.1340870287471D+01 0.1174940244809D-31-0.1409002492878D+01 0.2001047447991D-84
-0.7234955452826D+00-0.6568133914654D-84-0.2319208905931D+00 0.0000000000000D+00
-0.2232182979893D+01 0.4967610283788D-31-0.1318725076269D+01-0.4387289163789D-32
-0.6949668623614D+00-0.2028926771557D-32-0.1656264729254D+01-0.1754958935613D-84
-0.4376107576605D+00 0.0000000000000D+00-0.1126637624093D+01 0.3142468776200D-32
-0.4997110411101D-01 0.3311855799963D-33-0.4596427552767D+00 0.1180161468846D-32
-0.1206517738828D+00-0.3221614172354D-84-0.2929895952927D+00-0.1610807077267D-84
-0.9855517819715D-02 0.0000000000000D+00-0.4729042811711D-01 0.8447554547378D-32
-0.2730906385636D-01-0.5038578430861D-32-0.1179676336414D+00-0.7519178347925D-33
 0.2898236870444D+00-0.1171694000157D-32 0.1159311443638D+00 0.1087365264322D-32
 0.4621969967520D+00 0.5036458258422D-32 0.4447784841068D+00 0.3506665416839D-31
 0.7768961929476D-01 0.0000000000000D+00 0.3066180664217D+00 0.4256528847217D-33
 0.5999813771571D+00-0.7222365700074D-32 0.2853680186266D+00 0.1032478768601D-84
 0.3632236515593D+00-0.2286862274896D-84 0.3568927058461D+00 0.7622874236488D-85
 0.6684169497249D+00 0.3128164217113D-32 0.3724656474816D+00 0.8947974418492D-33
 0.1835490449231D+00-0.1160539370833D-31 0.6972012862145D+00-0.1875416924621D-85
 0.6873043866558D+00-0.7463212926960D-33 0.3470723358598D+00-0.7182592662190D-32
 0.3609926752724D+00 0.0000000000000D+00 0.6758959988582D+00-0.7575564947407D-32
 0.3442983166314D+00-0.4888727619353D-33 0.3151300298899D+00-0.3197202693681D-85
 0.3136825836824D+00 0.0000000000000D+00 0.6275795182288D+00-0.4185773707375D-84
 0.2834178386511D+00-0.4886641112642D-32 0.5651344909897D+00-0.2806142201395D-31
 0.5688565385135D+00 0.3551163019004D-33 0.2758803397819D+00-0.7543151051628D-33
 0.5017615755414D+00-0.2776665402218D-33 0.4986514848463D+00 0.3973808932764D-32
 0.2506424895671D+00-0.4941178361307D-33 0.4291300195486D+00-0.1427726166327D-31
 0.4309413230151D+00-0.3227059810832D-33 0.2037918303774D+00 0.1685852540198D-32
 0.3616440586868D+00 0.9410318053840D-33 0.3612524035896D+00 0.2472006463684D-33
 0.9009140011658D-01 0.0000000000000D+00 0.1680192967163D+00 0.1108942603248D-84
 0.4194512400334D-01 0.0000000000000D+00 0.1491315674023D+00 0.2400421987943D-32
 0.1477864205935D+00-0.4520275110600D-34 0.2757597384825D+00-0.4826883538918D-31
 0.1372678055819D+00 0.1012860979258D-33 0.2435115323229D+00-0.1688950755986D-32
 0.1210625087859D+00-0.4740497313335D-31 0.3702245749522D-01 0.4874981192663D-85
 0.1108902615252D+00-0.9749962386908D-85 0.1948084783416D+00 0.2237332720645D-32
 0.1951353231623D+00 0.4283172315499D-32 0.1931850428558D+00 0.2101187903841D-32
 0.7784474646329D-01-0.3995560969900D-85 0.7786829922091D-01-0.6686336232132D-33
 0.1546047211431D+00-0.2369637244887D-31 0.1420451055000D+00-0.7316712649286D-85
 0.7020201555186D-01-0.7316712649286D-85 0.6128665069080D-01 0.2917361895735D-32
 0.1227794094184D+00 0.4493433357905D-31 0.1117946677151D+00-0.9226020780532D-33
 0.9870647375132D-01 0.0000000000000D+00 0.9828247994441D-01 0.1651531442695D-32
 0.4860706174288D-01-0.2911434809039D-33 0.7890926501038D-01-0.3366787294989D-32
 0.7767076388457D-01-0.1335876695721D-31 0.7779146190513D-01 0.1152551093720D-32
 0.1799108102543D-01 0.3992174830915D-32 0.3182794510908D-01 0.2217843649046D-32
 0.3154520812510D-01 0.0000000000000D+00 0.2958891212846D-01 0.0000000000000D+00
 0.2960625973414D-01 0.0000000000000D+00 0.2645583582034D-01 0.0000000000000D+00
 0.5263815571849D-01-0.1741450435339D-33 0.5292886694865D-01-0.5435218550690D-31
 0.5226265751139D-01 0.5601417523704D-33 0.2476513486352D-01-0.2961872969878D-33
 0.2440938850899D-01 0.1602827907776D-33 0.4472641501357D-01-0.1152475195567D-32
 0.4393018896698D-01-0.1578041625069D-32 0.4173323512299D-01-0.9792058951586D-86
 0.3850836501127D-01-0.1075669082318D-32 0.1820427349666D-01 0.1068199186788D-32
 0.4488454580479D-02 0.1671947019496D-33 0.3347298226312D-01-0.3296752788409D-32
 0.3297690214375D-01-0.1714263227630D-33 0.3317403454113D-01-0.2138455649357D-31
 0.1637173633902D-01-0.2873213292644D-33 0.1641684676616D-01-0.2564533615744D-33
 0.1559369677952D-01-0.1172519197609D-84 0.1454426091499D-01 0.3117587825882D-34
 0.2874817362911D-01 0.1611415145818D-32 0.2881445633988D-01-0.1676601993206D-32
 0.2756033943288D-01-0.1099990618963D-33 0.1358506074775D-01 0.1689283301357D-32
 0.2540614582732D-01-0.2450277134695D-31 0.2490818210337D-01-0.6212284263215D-33
 0.2175908910765D-01 0.4302854245851D-32 0.2150682667121D-01-0.1076484962965D-32
 0.9973831191977D-02 0.1001463156567D-33 0.9170778420817D-02-0.2388719707363D-85
 0.1826891027263D-01-0.1232792290973D-32 0.9032284495918D-02-0.4037545060111D-34
 0.4584531594470D-02 0.0000000000000D+00 0.8420071361136D-02-0.4881944745114D-85
 0.1656376459210D-01-0.9763889519437D-85 0.8363439127916D-02-0.4881944745114D-85
 0.1499207699772D-01 0.1465821638072D-32 0.1485819485823D-01-0.3879926136689D-33
 0.7495588210037D-02 0.5790172015818D-32 0.1338271227583D-01-0.1292869593654D-31
 0.1165764951326D-01-0.2651679594695D-33 0.1136747618774D-01 0.5797886858691D-33
 0.5739037936099D-02 0.1127766472081D-31 0.5801622377891D-02-0.6292479128270D-33
 0.5054880959118D-02 0.1484684074269D-84 0.8402628317114D-02 0.3542011337478D-33
 0.8319987770967D-02 0.2439938126266D-32 0.8342376403830D-02 0.1684007842506D-32
 0.3406559733469D-02-0.1083255028886D-32 0.2703152568291D-02-0.2087055057950D-32
 0.5233536146499D-02-0.1880052510041D-32 0.2644568585126D-02-0.8655775613142D-33
 0.4020829703417D-02 0.2269011604237D-84 0.1930711367290D-02 0.9076046395813D-85
 0.2586336230184D-02 0.2178608354371D-32 0.2585351498839D-02-0.3711776326159D-31
 0.2528451085992D-02 0.1038306016423D-32 0.1294546654904D-02 0.5176518183999D-33
 0.1704382645414D-03-0.7982476023417D-85 0.1420916388050D-03-0.2442581959726D-31
 0.1046517956882D-03 0.1139803470227D-32-0.1827312977650D-02-0.8100949587581D-33
-0.4433420520998D-03 0.1650362715253D-85-0.3413696562243D-02-0.1523930507824D-85
-0.1724373594273D-02 0.1520195848229D-32-0.3416885303357D-02 0.2116387405647D-32
-0.3459017429423D-02-0.4436281548409D-33-0.3468962450502D-02-0.2480037866588D-32
-0.1735521173463D-02 0.0000000000000D+00-0.4034948895155D-02 0.2926158034957D-84
-0.4969835704622D-03 0.0000000000000D+00-0.2264942653777D-02-0.8684225838581D-34
-0.2260079586374D-02 0.1043807980637D-32-0.4570083245212D-02-0.1347076033306D-32
-0.2255541101563D-02-0.2859812650241D-34-0.4894746820926D-02 0.3870023161947D-33
-0.1224318577287D-02 0.7117699795120D-32-0.2442816209962D-02 0.7647761584947D-34
-0.5210872048232D-02-0.1730086306092D-32-0.2595117410992D-02-0.6531703580260D-32
-0.2669875585253D-02 0.6784869169428D-85-0.2671293438726D-02-0.6784869169428D-85
-0.5421512439141D-02 0.2419430919283D-32-0.5415903879049D-02-0.4136478790170D-33
-0.5418900631749D-02 0.3065290702157D-32-0.5450416625223D-02 0.2245076387796D-32
-0.5425670699703D-02-0.1919291229652D-32-0.2698545754775D-02 0.1540657263732D-32
-0.5268567695001D-02-0.6996103704797D-85-0.5286492020798D-02-0.2720579164009D-33
-0.5070740727558D-02 0.1215022284919D-85-0.2534730126863D-02 0.0000000000000D+00
-0.4806232855220D-02-0.3470789320690D-33-0.2400374607589D-02-0.1677496896964D-37
-0.2226254462229D-02-0.3551606882894D-33-0.2222055472114D-02-0.2025731636875D-32
-0.4455130234512D-02-0.2763477334653D-33-0.4060829771925D-02-0.3121919794799D-86
-0.4053085413855D-02 0.1282152924173D-32-0.2034020693858D-02 0.3071580142866D-33
-0.3139805607831D-02 0.3785449327233D-32-0.3130778268028D-02 0.2767420304940D-32
-0.3139689263166D-02-0.7332192960835D-33-0.2622001755781D-02-0.5981502929288D-33
-0.1047181907698D-02 0.0000000000000D+00-0.2095408687836D-02-0.3001480332716D-32
-0.1043541276696D-02 0.1659940213682D-32-0.7764192676059D-03 0.1248404402802D-85
-0.7781082770416D-03 0.4993617624130D-85-0.1011616571063D-02 0.2134046751930D-32
-0.1013870251182D-02-0.3704769942251D-32-0.1009786606235D-02-0.6454141012877D-32
-0.1015277625130D-02-0.8050522255080D-33-0.1007616079430D-02 0.3675804893098D-33
-0.2381622690830D-03-0.5557978619650D-33 0.5116042735446D-04 0.5909685782112D-33
 0.4963105354814D-04 0.2761010789377D-32 0.5132966154784D-04-0.3532200744138D-85
 0.4940711008943D-04 0.4643712571863D-33 0.2665612966719D-04-0.1056050652199D-33
 0.2792886122434D-03-0.1913178194472D-85 0.5557783147521D-03-0.1147906914689D-84
 0.1038806610060D-02-0.1406158836383D-32 0.1039283933926D-02-0.1321006218585D-32
 0.9518447359151D-03-0.1797201704420D-32 0.1903809085053D-02-0.1137592367130D-84
 0.4762560791428D-03 0.1820147783206D-84 0.1904564570922D-02-0.1500454486144D-32
 0.2280668710500D-02 0.9476954835864D-85 0.1140526464840D-02-0.4738477441481D-85
 0.2614810402991D-02 0.2941253518802D-33 0.1306857005831D-02 0.7005765031096D-33
 0.1307475006491D-02-0.2505110900944D-32 0.2613482835118D-02-0.6688088962636D-33
 0.2903181947253D-02 0.1634514452204D-32 0.2903878282238D-02-0.1945705157383D-32
 0.3146014194818D-02 0.2346508728000D-32 0.3145903351242D-02-0.5228491933390D-34
 0.1572966294049D-02-0.2918179196105D-32 0.1572934074052D-02-0.1947724729750D-33
 0.3486952459929D-02 0.1725560651525D-32 0.3486826195790D-02 0.9009781307444D-33
 0.3487103541294D-02 0.2262455184702D-32 0.3486993674410D-02-0.4206916821305D-33
 0.4481865359616D-03-0.1436965495165D-38 0.3636656411720D-02 0.7143576376176D-33
 0.1818393553315D-02 0.6085717779124D-33 0.1818290103184D-02-0.4471102782339D-33
 0.3641913926348D-02-0.2128469934463D-84 0.1820899124653D-02-0.1596352448714D-84
 0.1820905991846D-02-0.5321174818769D-85 0.1801377978955D-02 0.1321789560327D-85
 0.3602765251530D-02-0.7316942273440D-33 0.1760924684313D-02-0.3197836899703D-36
 0.3521847652206D-02-0.8469135304983D-33 0.1760925986723D-02-0.4543959636745D-33
 0.3401601681391D-02 0.7229257860393D-33 0.3401624476820D-02-0.1031309292200D-84
 0.3401585310163D-02 0.1358158645053D-32 0.3401608840268D-02 0.6996282528413D-32
 0.3401604151797D-02-0.8126147873618D-33 0.1622519597076D-02 0.2530936438092D-85
 0.3055452460000D-02-0.6913806491793D-33 0.3055446687059D-02-0.1009001298796D-32
 0.3055448499062D-02 0.1459674656201D-33 0.3055451837944D-02 0.5850507860882D-33
 0.1418156699982D-02 0.1974367708969D-33 0.1418156716674D-02 0.3798391880798D-33
 0.2591316469754D-02 0.7038307857760D-33 0.2591316275129D-02-0.6552353817132D-32
 0.1295658149351D-02-0.1991565762057D-32 0.1295658289235D-02 0.1836184537243D-33
 0.2324273646052D-02-0.2228623049931D-32 0.2324273621364D-02 0.1159848251549D-32
 0.1019537290884D-02-0.7510896667826D-33 0.2039074554412D-02-0.2855207311723D-32
 0.2039074713636D-02-0.1138279035374D-32 0.2039074600851D-02 0.5981091326842D-33
 0.1739637566402D-02-0.3754978432947D-32 0.1429864608830D-02-0.3209830467134D-33
 0.1429864557666D-02-0.7561642628427D-33 0.7945816391411D-03 0.5055395617955D-32
 0.7945816712449D-03-0.2066806337028D-34 0.7945816078848D-03-0.2207119371446D-32
 0.2382119083254D-03 0.7668433995098D-33 0.1191059596686D-03-0.1560318410533D-32
 0.1625655191290D-03 0.8824929259627D-33 0.1625655424109D-03 0.9025615968937D-33
 0.1625655240527D-03-0.6529907970554D-33 0.1625655440975D-03-0.2758917973827D-32
 0.8128276742633D-04-0.3653010166990D-32 0.8128277508852D-04 0.1219407628306D-32
-0.7187445374601D-04 0.2397460992894D-31-0.7187445499300D-04 0.6945652037229D-33
-0.2197483688766D-03 0.8102717004681D-33-0.4394967459170D-03-0.2619612634804D-32
-0.4394967421795D-03-0.1244500289393D-31-0.4394967365970D-03 0.9096384830928D-34
-0.7218981796114D-03 0.5662256577119D-32-0.7218981799406D-03 0.1896784609551D-34
-0.3609490895915D-03-0.1467316236763D-32-0.9884338867539D-03 0.1842716547352D-35
-0.4942169434668D-03-0.5703230133719D-34-0.2061431313110D-03 0.1661406056568D-36
-0.1236858788004D-02 0.3066553958863D-32-0.1465212199614D-02 0.6769957941075D-33
-0.1465212199831D-02 0.4364645282102D-33-0.1465212199544D-02 0.3625277751222D-33
-0.8359122292440D-03-0.1314559880802D-32
    1
    1    1  120    3
 0.0000000000000D+00 0.1756884715451D-03 0.1997341962931D-03 0.2267710507867D-03
 0.2571165745505D-03 0.2911123483994D-03 0.3291240655611D-03 0.3715412108593D-03
 0.4187762731439D-03 0.4712634020228D-03 0.5294564175173D-03 0.5938260792508D-03
 0.6648565091458D-03 0.7430406656676D-03 0.8288747726047D-03 0.9228515956811D-03
 0.1025452481718D-02 0.1137138076707D-02 0.1258337665961D-02 0.1389437088634D-02
 0.1530765226075D-02 0.1682579081676D-02 0.1845047529915D-02 0.2018233851034D-02
 0.2202077242583D-02 0.2396373544867D-02 0.2600755515110D-02 0.2814673045953D-02
 0.3037373815483D-02 0.3267884938890D-02 0.3504996275664D-02 0.3747246122864D-02
 0.3992910099974D-02 0.4239994088246D-02 0.4486232129848D-02 0.4729090219456D-02
 0.4965776916607D-02 0.5193261675972D-02 0.5408301731126D-02 0.5607478256570D-02
 0.5787242381440D-02 0.5943971425667D-02 0.6074035466964D-02 0.6173874047457D-02
 0.6240082402322D-02 0.6269506269713D-02 0.6259343798850D-02 0.6207252653651D-02
 0.6111459924464D-02 0.5970872006216D-02 0.5785181200083D-02 0.5554965434738D-02
 0.5281777239046D-02 0.4968217913279D-02 0.4617992784408D-02 0.4235943471278D-02
 0.3828053286648D-02 0.3401422217198D-02 0.2964208414618D-02 0.2525533770087D-02
 0.2095351965687D-02 0.1684278375824D-02 0.1303382377831D-02 0.9639439553466D-03
 0.6771779852072D-03 0.4539312125858D-03 0.3043586087318D-03 0.2375874858843D-03
 0.2613793317242D-03 0.3818006769409D-03 0.6029153279656D-03 0.9265108331641D-03
 0.1351872018002D-02 0.1875613791350D-02 0.2491584170678D-02 0.3190846778002D-02
 0.3961749970482D-02 0.4790087476977D-02 0.5659352989296D-02 0.6551088332744D-02
 0.7445321768848D-02 0.8321089200343D-02 0.9157026948121D-02 0.9932020598250D-02
 0.1062589040701D-01 0.1122009090412D-01 0.1169840039539D-01 0.1204757590800D-01
 0.1225795011049D-01 0.1232394938906D-01 0.1224451610761D-01 0.1202342251195D-01
 0.1166946933898D-01 0.1119656780615D-01 0.1062370940605D-01 0.9974833875958D-02
 0.9278610923023D-02 0.8568155623528D-02 0.7880700976158D-02 0.7257252007632D-02
 0.6742244630591D-02 0.6383228567062D-02 0.6230587240094D-02 0.6337300843613D-02
 0.6758754840596D-02 0.7552599339542D-02 0.8778679257438D-02 0.1049908214284D-01
 0.1277838533583D-01 0.1568421438037D-01 0.1928822626898D-01 0.2366759013072D-01
 0.2890694481297D-01 0.3510070019471D-01 0.4235548556951D-01 0.5079264364448D-01
 0.6055095723566D-01 0.7179022099118D-01 0.8469659777363D-01 0.9949054350761D-01
 0.0000000000000D+00 0.3270354119223D-08 0.3999537314440D-08 0.4887461490583D-08
 0.5967644100629D-08 0.7280409887302D-08 0.8874203949066D-08 0.1080714523075D-07
 0.1314885286807D-07 0.1598259427101D-07 0.1940780830839D-07 0.2354304845854D-07
 0.2852942404536D-07 0.3453461196682D-07 0.4175749795367D-07 0.5043356781057D-07
 0.6084111964992D-07 0.7330842956735D-07 0.8822195524666D-07 0.1060357448359D-06
 0.1272821394045D-06 0.1525839541249D-06 0.1826682516333D-06 0.2183819124236D-06
 0.2607090448612D-06 0.3107905546230D-06 0.3699458634395D-06 0.4396970234145D-06
 0.5217952888680D-06 0.6182502938549D-06 0.7313618515882D-06 0.8637544481504D-06
 0.1018414411534D-05 0.1198729630857D-05 0.1408531696605D-05 0.1652140246060D-05
 0.1934409142770D-05 0.2260773841775D-05 0.2637299745159D-05 0.3070730475345D-05
 0.3568535138720D-05 0.4138953664067D-05 0.4791039009888D-05 0.5534694982111D-05
 0.6380706905229D-05 0.7340765353495D-05 0.8427479064345D-05 0.9654375858349D-05
 0.1103588914445D-04 0.1258732651374D-04 0.1432481884978D-04 0.1626524638944D-04
 0.1842613827082D-04 0.2082554318446D-04 0.2348186808379D-04 0.2641368062419D-04
 0.2963947458816D-04 0.3317739518129D-04 0.3704492228934D-04 0.4125851253850D-04
 0.4583320110356D-04 0.5078216449667D-04 0.5611625176921D-04 0.6184348969697D-04
 0.6796857249783D-04 0.7449234988714D-04 0.8141132919325D-04 0.8871721034728D-04
 0.9639647722420D-04 0.1044300688121D-03 0.1127931579969D-03 0.1214550675689D-03
 0.1303793534124D-03 0.1395240941309D-03 0.1488424246587D-03 0.1582833590648D-03
 0.1677929675234D-03 0.1773159639560D-03 0.1867977834920D-03 0.1961872083889D-03
 0.2054396234871D-03 0.2145209271912D-03 0.2234121131778D-03 0.2321145471761D-03
 0.2406558763136D-03 0.2490966009057D-03 0.2575372918026D-03 0.2661266122641D-03
 0.2750703478108D-03 0.2846419068909D-03 0.2951950975897D-03 0.3071801778139D-03
 0.3211646703080D-03 0.3378606707520D-03 0.3581603803579D-03 0.3831815030115D-03
 0.4143234155343D-03 0.4533337021377D-03 0.5023833952207D-03 0.5641476602342D-03
 0.6418880930961D-03 0.7395343632706D-03 0.8617673494773D-03 0.1014113830941D-02
 0.1203073814007D-02 0.1436312179491D-02 0.1722951194857D-02 0.2073993373360D-02
 0.2502880150495D-02 0.3026153222419D-02 0.3664146500032D-02 0.4441627948002D-02
 0.5388361684257D-02 0.6539691367698D-02 0.7937422788684D-02 0.9631412712476D-02
 0.1168220951574D-01 0.1416475169436D-01 0.1717262473368D-01 0.2082206543414D-01
 0.0000000000000D+00 0.6407816492949D-13 0.8334063075923D-13 0.1083169899134D-12
 0.1406739339660D-12 0.1825542258579D-12 0.2367091335315D-12 0.3066665790982D-12
 0.3969439993551D-12 0.5133175351416D-12 0.6631615972367D-12 0.8558760538032D-12
 0.1103422798884D-11 0.1420997741567D-11 0.1827869954777D-11 0.2348426964951D-11
 0.3013472896702D-11 0.3861834177097D-11 0.4942341503322D-11 0.6316263070167D-11
 0.8060280915359D-11 0.1027011855695D-10 0.1306493415608D-10 0.1659261197720D-10
 0.2103610156201D-10 0.2662095549541D-10 0.3362420375844D-10 0.4238473537032D-10
 0.5331527189736D-10 0.6691600061338D-10 0.8378983380879D-10 0.1046591223180D-09
 0.1303833970414D-09 0.1619774192393D-09 0.2006283926643D-09 0.2477104002751D-09
 0.3047934733017D-09 0.3736431654587D-09 0.4562050000915D-09 0.5545663437503D-09
 0.6708842470905D-09 0.8072652174710D-09 0.9655772818458D-09 0.1147168190625D-08
 0.1352455170200D-08 0.1580343780243D-08 0.1827415234902D-08 0.2086812492021D-08
 0.2346730470901D-08 0.2588394475496D-08 0.2783383721739D-08 0.2890127219232D-08
 0.2849353264714D-08 0.2578251337101D-08 0.1963048390896D-08 0.8496725123230D-09
-0.9678634994981D-09-0.3761721423309D-08-0.7887539612235D-08-0.1380507208940D-07
-0.2210239112708D-07-0.3352366788618D-07-0.4900020912508D-07-0.6968392216678D-07
-0.9698174449385D-07-0.1325884431900D-06-0.1785140215173D-06-0.2371001659408D-06
-0.3110180764801D-06-0.4032374550956D-06-0.5169537803252D-06-0.6554576629608D-06
-0.8219277890877D-06-0.1019126542785D-05-0.1248977248860D-05-0.1512004602825D-05
-0.1806626022079D-05-0.2128294683346D-05-0.2468516252423D-05-0.2813790728207D-05
-0.3144573101029D-05-0.3434398559066D-05-0.3649374577732D-05-0.3748302304317D-05
-0.3683728934164D-05-0.3404243180273D-05-0.2858262392043D-05-0.1999402709233D-05
-0.7932200553777D-06 0.7753605514769D-06 0.2695256369975D-05 0.4925199838261D-05
 0.7395396451122D-05 0.1001843777509D-04 0.1271315742670D-04 0.1544438084558D-04
 0.1827945956498D-04 0.2145892739562D-04 0.2547367549129D-04 0.3113562780555D-04
 0.3962480311474D-04 0.5249560807656D-04 0.7163259192702D-04 0.9916332390159D-04
 0.1373634255051D-03 0.1886215353578D-03 0.2555580348511D-03 0.3413932753792D-03
 0.4506206539740D-03 0.5899492435416D-03 0.7693566958790D-03 0.1002992369125D-02
 0.1309676988652D-02 0.1712942973146D-02 0.2240961400108D-02 0.2927171143729D-02
 0.3812665473667D-02 0.4951056227082D-02 0.6415514794232D-02 0.8306436291315D-02
    2    2  120    8
 0.0000000000000D+00-0.1442639337308D-06-0.1624359895128D-06-0.1828941107261D-06
-0.2059251227723D-06-0.2318516984761D-06-0.2610368150357D-06-0.2938887613228D-06
-0.3308667629745D-06-0.3724873007216D-06-0.4193312066312D-06-0.4720516332262D-06
-0.5313830015118D-06-0.5981510471670D-06-0.6732840983770D-06-0.7578257339617D-06
-0.8529489899296D-06-0.9599723007323D-06-0.1080377384772D-05-0.1215829308704D-05
-0.1368198992266D-05-0.1539588446387D-05-0.1732359072716D-05-0.1949163389531D-05
-0.2192980594945D-05-0.2467156421481D-05-0.2775447795619D-05-0.3122072869438D-05
-0.3511767060656D-05-0.3949845811226D-05-0.4442274855875D-05-0.4995748880936D-05
-0.5617779559175D-05-0.6316794053117D-05-0.7102245212881D-05-0.7984734819588D-05
-0.8976151390962D-05-0.1008982423146D-04-0.1134069559495D-04-0.1274551303834D-04
-0.1432304427838D-04-0.1609431711119D-04-0.1808288724124D-04-0.2031513717782D-04
-0.2282060969133D-04-0.2563237971138D-04-0.2878746895039D-04-0.3232730799792D-04
-0.3629825114099D-04-0.4075214969548D-04-0.4574699026558D-04-0.5134760495697D-04
-0.5762646134780D-04-0.6466454078759D-04-0.7255231440294D-04-0.8139082717745D-04
-0.9129290150172D-04-0.1023844725891D-03-0.1148060694042D-03-0.1287144561039D-03
-0.1442844501539D-03-0.1617109350780D-03-0.1812110870965D-03-0.2030268367735D-03
-0.2274275888383D-03-0.2547132248350D-03-0.2852174157384D-03-0.3193112742559D-03
-0.3574073781449D-03-0.3999641991866D-03-0.4474909757126D-03-0.5005530683311D-03
-0.5597778440465D-03-0.6258611356296D-03-0.6995743289915D-03-0.7817721363849D-03
-0.8734011168210D-03-0.9755090128445D-03-0.1089254982353D-02-0.1215920807018D-02
-0.1356923171881D-02-0.1513827125707D-02-0.1688360832220D-02-0.1882431751975D-02
-0.2098144393449D-02-0.2337819798457D-02-0.2604016944467D-02-0.2899556247679D-02
-0.3227545373713D-02-0.3591407583485D-02-0.3994912816999D-02-0.4442211720073D-02
-0.4937872847361D-02-0.5486923153140D-02-0.6094891962956D-02-0.6767858450406D-02
-0.7512502677023D-02-0.8336160230447D-02-0.9246880366922D-02-0.1025348775751D-01
-0.1136564808463D-01-0.1259393784260D-01-0.1394991959666D-01-0.1544622292727D-01
-0.1709663701184D-01-0.1891621343751D-01-0.2092138768416D-01-0.2313012313454D-01
-0.2556208263247D-01-0.2823883419150D-01-0.3118409402542D-01-0.3442400496685D-01
-0.3798745336079D-01-0.4190640867261D-01-0.4621627915888D-01-0.5095628371683D-01
-0.5616983293073D-01-0.6190495665548D-01-0.6821485569395D-01-0.7515868989506D-01
 0.0000000000000D+00 0.8888061758313D-11 0.1062094698951D-10 0.1269202325767D-10
 0.1516727754985D-10 0.1812556297837D-10 0.2166108787713D-10 0.2588641463025D-10
 0.3093601779015D-10 0.3697052519499D-10 0.4418182621017D-10 0.5279909208730D-10
 0.6309602712949D-10 0.7539947246525D-10 0.9009969701325D-10 0.1076626524588D-09
 0.1286445626000D-09 0.1537093668320D-09 0.1836494579172D-09 0.2194104266718D-09
 0.2621204406949D-09 0.3131254316162D-09 0.3740307283638D-09 0.4467507581539D-09
 0.5335682056089D-09 0.6372043238161D-09 0.7609023711682D-09 0.9085271105011D-09
 0.1084682899580D-08 0.1294853749517D-08 0.1545569604635D-08 0.1844604359713D-08
 0.2201209608846D-08 0.2626392375684D-08 0.3133244587630D-08 0.3737332373180D-08
 0.4457157508485D-08 0.5314703107270D-08 0.6336078654358D-08 0.7552282110272D-08
 0.9000099295915D-08 0.1072316652205D-07 0.1277322049996D-07 0.1521157416261D-07
 0.1811085006576D-07 0.2155702262863D-07 0.2565181479660D-07 0.3051551427527D-07
 0.3629027268580D-07 0.4314397701240D-07 0.5127477815781D-07 0.6091638590917D-07
 0.7234425447128D-07 0.8588281306434D-07 0.1019138809540D-06 0.1208864754184D-06
 0.1433282421775D-06 0.1698587232822D-06 0.2012047804718D-06 0.2382185381496D-06
 0.2818981462684D-06 0.3334119300294D-06 0.3941263827095D-06 0.4656386053141D-06
 0.5498140248100D-06 0.6488301977416D-06 0.7652276362249D-06 0.9019691703275D-06
 0.1062509149020D-05 0.1250874257453D-05 0.1471758555997D-05 0.1730635267397D-05
 0.2033888714455D-05 0.2388971026204D-05 0.2804588651411D-05 0.3290925445119D-05
 0.3859910583595D-05 0.4525541737858D-05 0.5304275443625D-05 0.6215501177760D-05
 0.7282116596649D-05 0.8531228252645D-05 0.9995002401622D-05 0.1171170045245D-04
 0.1372693476448D-04 0.1609518437673D-04 0.1888162390465D-04 0.2216431088966D-04
 0.2603678707223D-04 0.3061115350934D-04 0.3602167567523D-04 0.4242895446328D-04
 0.5002473761715D-04 0.5903737759203D-04 0.6973798644123D-04 0.8244729637569D-04
 0.9754326869085D-04 0.1154694747220D-03 0.1367443681446D-03 0.1619716051149D-03
 0.1918517789457D-03 0.2271960721321D-03 0.2689427510900D-03 0.3181776323757D-03
 0.3761603412848D-03 0.4443583439537D-03 0.5244913912917D-03 0.6185890617325D-03
 0.7290639982764D-03 0.8588027246089D-03 0.1011275021094D-02 0.1190660748558D-02
 0.1401991464210D-02 0.1651302553926D-02 0.1945792636231D-02 0.2293989660303D-02
 0.2705933459444D-02 0.3193399876577D-02 0.3770214270345D-02 0.4452729846542D-02
 0.0000000000000D+00-0.1866367539467D-10-0.2230282827329D-10-0.2665226057622D-10
-0.3185058422872D-10-0.3806342840525D-10-0.4548870079774D-10-0.5436285944597D-10
-0.6496839963400D-10-0.7764281179992D-10-0.9278922803657D-10-0.1108891907478D-09
-0.1325178153846D-09-0.1583619347194D-09-0.1892417324105D-09-0.2261364815816D-09
-0.2702153679645D-09-0.3228740567105D-09-0.3857784552451D-09-0.4609166941596D-09
-0.5506612229345D-09-0.6578426426542D-09-0.7858376845349D-09-0.9386738798913D-09
-0.1121154305133D-08-0.1339005807347D-08-0.1599055356734D-08-0.1909439775940D-08
-0.2279855294573D-08-0.2721853308410D-08-0.3249192655860D-08-0.3878257209360D-08
-0.4628551574030D-08-0.5523289437625D-08-0.6590091035991D-08-0.7861809087607D-08
-0.9377508701605D-08-0.1118362626117D-07-0.1333534086740D-07-0.1589819648484D-07
-0.1895001824239D-07-0.2258317752786D-07-0.2690726388782D-07-0.3205223699984D-07
-0.3817214091993D-07-0.4544947963835D-07-0.5410036439770D-07-0.6438056952848D-07
-0.7659264362562D-07-0.9109425945921D-07-0.1083080099301D-06-0.1287328784951D-06
-0.1529576740683D-06-0.1816767602679D-06-0.2157084148112D-06-0.2560162759004D-06
-0.3037343986589D-06-0.3601964121096D-06-0.4269695148066D-06-0.5058941163909D-06
-0.5991298384357D-06-0.7092091781500D-06-0.8390998510564D-06-0.9922772378336D-06
-0.1172808786061D-05-0.1385452281246D-05-0.1635770015942D-05-0.1930262338570D-05
-0.2276523442611D-05-0.2683423333393D-05-0.3161321734150D-05-0.3722319332039D-05
-0.4380553718714D-05-0.5152549842926D-05-0.6057635620952D-05-0.7118436777504D-05
-0.8361468171164D-05-0.9817843017668D-05-0.1152412444612D-04-0.1352335337023D-04
-0.1586628795615D-04-0.1861290443475D-04-0.2183420905080D-04-0.2561443205589D-04
-0.3005367690330D-04-0.3527110523702D-04-0.4140877012671D-04-0.4863619124687D-04
-0.5715579151711D-04-0.6720932594063D-04-0.7908543077291D-04-0.9312837875439D-04
-0.1097482219508D-03-0.1294323559061D-03-0.1527586454609D-03-0.1804101641815D-03
-0.2131916749732D-03-0.2520479190019D-03-0.2980839806444D-03-0.3525880183336D-03
-0.4170570497340D-03-0.4932266800118D-03-0.5831064595192D-03-0.6890228297321D-03
-0.8136729941281D-03-0.9601932357397D-03-0.1132246552948D-02-0.1334134639784D-02
-0.1570939268865D-02-0.1848696964730D-02-0.2174609701893D-02-0.2557290556560D-02
-0.3007040779881D-02-0.3536151693087D-02-0.4159226513302D-02-0.4893520705806D-02
-0.5759317701212D-02-0.6780382702831D-02-0.7984577402618D-02-0.9404768784379D-02
 0.0000000000000D+00 0.1996409650011D-14 0.2537404463921D-14 0.3224785914563D-14
 0.4098094810331D-14 0.5207546763540D-14 0.6616882159004D-14 0.8407005905340D-14
 0.1068063493040D-13 0.1356808451187D-13 0.1723476927824D-13 0.2189051485821D-13
 0.2780152227042D-13 0.3530548811592D-13 0.4483062011523D-13 0.5691991696048D-13
 0.7226183400944D-13 0.9172898456164D-13 0.1164272179239D-12 0.1477578603933D-12
 0.1874958212524D-12 0.2378893097666D-12 0.3017845837415D-12 0.3827848724531D-12
 0.4854498037109D-12 0.6155477770071D-12 0.7803743818240D-12 0.9891527590509D-12
 0.1253539853378D-11 0.1588262001561D-11 0.2011916129439D-11 0.2547976666435D-11
 0.3226060708265D-11 0.4083518329512D-11 0.5167424468272D-11 0.6537079959219D-11
 0.8267139269703D-11 0.1045152898508D-10 0.1320833630814D-10 0.1668592035926D-10
 0.2107052306293D-10 0.2659574274457D-10 0.3355431496514D-10 0.4231272632089D-10
 0.5332931834702D-10 0.6717666509246D-10 0.8456919668281D-10 0.1063971704913D-09
 0.1337684243974D-09 0.1680594567515D-09 0.2109778141357D-09 0.2646380041235D-09
 0.3316534853098D-09 0.4152477316866D-09 0.5193877195403D-09 0.6489434668319D-09
 0.8098775960892D-09 0.1009469129764D-08 0.1256575507302D-08 0.1561936641839D-08
 0.1938523841431D-08 0.2401934919357D-08 0.2970834545305D-08 0.3667434347556D-08
 0.4518002418226D-08 0.5553383099275D-08 0.6809496671668D-08 0.8327773115119D-08
 0.1015545350831D-07 0.1234566531165D-07 0.1495714130363D-07 0.1805340904859D-07
 0.2170122037657D-07 0.2596792021542D-07 0.3091737473382D-07 0.3660397844069D-07
 0.4306415133254D-07 0.5030461881125D-07 0.5828664036304D-07 0.6690523502536D-07
 0.7596236257618D-07 0.8513295686535D-07 0.9392274968777D-07 0.1016169572113D-06
 0.1072192169217D-06 0.1093807359037D-06 0.1063204070537D-06 0.9573790926075D-07
 0.7472337134192D-07 0.3966919735389D-07-0.1380814280052D-07-0.9092589158675D-07
-0.1977602861924D-06-0.3412257670768D-06-0.5289960004716D-06-0.7693591036318D-06
-0.1071010202681D-05-0.1442802495510D-05-0.1893508361992D-05-0.2431684661605D-05
-0.3065796121723D-05-0.3804824410636D-05-0.4659679342077D-05-0.5645814587778D-05
-0.6787532340320D-05-0.8124491278042D-05-0.9720898491825D-05-0.1167770904519D-04
-0.1414784976629D-04-0.1735399583227D-04-0.2160783106002D-04-0.2732907404117D-04
-0.3506219177328D-04-0.4548905693575D-04-0.5943751743305D-04-0.7788967484407D-04
-0.1020005967067D-03-0.1331484734849D-03-0.1730506278746D-03-0.2239943852363D-03
 0.0000000000000D+00-0.2706373073476D-13-0.3438815214989D-13-0.4369306275831D-13
-0.5551339057527D-13-0.7052836632878D-13-0.8960034148574D-13-0.1138241034786D-12
-0.1445894016228D-12-0.1836602150461D-12-0.2332753683564D-12-0.2962759856310D-12
-0.3762671713637D-12-0.4778228649034D-12-0.6067455262200D-12-0.7703950841529D-12
-0.9781056570983D-12-0.1241713333518D-11-0.1576224409937D-11-0.2000661298651D-11
-0.2539132973719D-11-0.3222189170737D-11-0.4088533255340D-11-0.5187187777626D-11
-0.6580231311484D-11-0.8346256544655D-11-0.1058473716280D-10-0.1342154081292D-10
-0.1701588487062D-10-0.2156911067645D-10-0.2733574111362D-10-0.3463741435116D-10
-0.4388042718332D-10-0.5557781029614D-10-0.7037708770309D-10-0.8909516040622D-10
-0.1127621078867D-09-0.1426761408242D-09-0.1804724863038D-09-0.2282096563269D-09
-0.2884773783532D-09-0.3645314740161D-09-0.4604622339345D-09-0.5814043329610D-09
-0.7337981835452D-09-0.9257148725645D-09-0.1167259502959D-08-0.1471071048423D-08
-0.1852940637228D-08-0.2332574886008D-08-0.2934536220783D-08-0.3689398619221D-08
-0.4635164443917D-08-0.5818996633379D-08-0.7299329996272D-08-0.9148436039494D-08
-0.1145552739095D-07-0.1433050015437D-07-0.1790842502413D-07-0.2235490984413D-07
-0.2787246693713D-07-0.3470802497863D-07-0.4316172697251D-07-0.5359714872885D-07
-0.6645305093132D-07-0.8225674032021D-07-0.1016390500656D-06-0.1253508499548D-06
-0.1542808522753D-06-0.1894742740581D-06-0.2321516342382D-06-0.2837265907428D-06
-0.3458212341348D-06-0.4202766267021D-06-0.5091556032454D-06-0.6147338972502D-06
-0.7394745404857D-06-0.8859791940753D-06-0.1056908660046D-05-0.1254863349040D-05
-0.1482213082367D-05-0.1740864457074D-05-0.2031953430814D-05-0.2355451079993D-05
-0.2709672307055D-05-0.3090681189277D-05-0.3491593306853D-05-0.3901785974374D-05
-0.4306042276547D-05-0.4683674923478D-05-0.5007701551154D-05-0.5244174116780D-05
-0.5351797669617D-05-0.5282007946411D-05-0.4979702419569D-05-0.4384829537283D-05
-0.3435019554539D-05-0.2069374080260D-05-0.2333936067522D-06 0.2115200334997D-05
 0.5000324579795D-05 0.8422095207702D-05 0.1235365780856D-04 0.1674244293165D-04
 0.2151856770003D-04 0.2661343963796D-04 0.3199156202638D-04 0.3769777838080D-04
 0.4392049222766D-04 0.5106853401959D-04 0.5985547027628D-04 0.7138058565171D-04
 0.8719178114648D-04 0.1093140643182D-03 0.1402309040551D-03 0.1828174794637D-03
 0.2402479762707D-03 0.3159338618196D-03 0.4135938284903D-03 0.5375995286171D-03
 0.0000000000000D+00 0.3995063557565D-17 0.5390223606074D-17 0.7272434060365D-17
 0.9811642098212D-17 0.1323706359974D-16 0.1785785717066D-16 0.2409089301250D-16
 0.3249841648819D-16 0.4383851760373D-16 0.5913336899120D-16 0.7976124517057D-16
 0.1075801113053D-15 0.1450948501222D-15 0.1956817147724D-15 0.2638915353794D-15
 0.3558576433788D-15 0.4798448886919D-15 0.6469902278389D-15 0.8722981924114D-15
 0.1175982391733D-14 0.1585269447512D-14 0.2136828679901D-14 0.2880039921767D-14
 0.3881386992105D-14 0.5230371457401D-14 0.7047459029779D-14 0.9494762964810D-14
 0.1279040220750D-13 0.1722778842548D-13 0.2320153021335D-13 0.3124222158024D-13
 0.4206311128986D-13 0.5662275503221D-13 0.7620900306541D-13 0.1025516383780D-12
 0.1379732831361D-12 0.1855915233028D-12 0.2495895838026D-12 0.3355783502966D-12
 0.4510806857628D-12 0.6061785759079D-12 0.8143775929521D-12 0.1093760524734D-11
 0.1468526356798D-11 0.1971040939394D-11 0.2644567712509D-11 0.3546901162152D-11
 0.4755195115257D-11 0.6372374947507D-11 0.8535640978141D-11 0.1142773449793D-10
 0.1529184322712D-10 0.2045129617704D-10 0.2733554898306D-10 0.3651441623827D-10
 0.4874309016431D-10 0.6502123954200D-10 0.8667044189215D-10 0.1154354218894D-09
 0.1536161092723D-09 0.2042394877644D-09 0.2712826081744D-09 0.3599611728912D-09
 0.4771017876608D-09 0.6316204535486D-09 0.8351353394189D-09 0.1102748197216D-08
 0.1454036306432D-08 0.1914305232457D-08 0.2516162058970D-08 0.3301478594106D-08
 0.4323823700641D-08 0.5651452586216D-08 0.7370946526181D-08 0.9591597029857D-08
 0.1245062032500D-07 0.1611926605765D-07 0.2080984243592D-07 0.2678360944533D-07
 0.3435938146284D-07 0.4392251839679D-07 0.5593375330005D-07 0.7093698780265D-07
 0.8956477067055D-07 0.1125396396782D-06 0.1406688539146D-06 0.1748292791097D-06
 0.2159383424902D-06 0.2649061364977D-06 0.3225630446717D-06 0.3895568995173D-06
 0.4662140248430D-06 0.5523599727349D-06 0.6470989573909D-06 0.7485567332144D-06
 0.8536006857322D-06 0.9575641615988D-06 0.1054020291870D-05 0.1134673584197D-05
 0.1189465079982D-05 0.1207015918410D-05 0.1175560126158D-05 0.1084532422822D-05
 0.9269691556422D-06 0.7028341281907D-06 0.4232812679564D-06 0.1156939711940D-06
-0.1709053697063D-06-0.3607898048555D-06-0.3478392843927D-06 0.5523425004663D-08
 0.8655869940870D-06 0.2420224781229D-05 0.4868312138588D-05 0.8409314242937D-05
 0.1324080386027D-04 0.1957711059541D-04 0.2770828019172D-04 0.3812344238504D-04
 0.0000000000000D+00-0.1836797007662D-16-0.2478320364333D-16-0.3343816648760D-16
-0.4511441847219D-16-0.6086608481226D-16-0.8211482366374D-16-0.1107779491034D-15
-0.1494408850760D-15-0.2015900084049D-15-0.2719262668651D-15-0.3667875373730D-15
-0.4947184883663D-15-0.6672377785117D-15-0.8998718983273D-15-0.1213547996021D-14
-0.1636469543378D-14-0.2206642484635D-14-0.2975277397541D-14-0.4011368773588D-14
-0.5407860226657D-14-0.7289941135718D-14-0.9826212901405D-14-0.1324370982796D-13
-0.1784810111203D-13-0.2405086508052D-13-0.3240581842494D-13-0.4365821513258D-13
-0.5881073320411D-13-0.7921210645787D-13-0.1066761692166D-12-0.1436416677142D-12
-0.1933867559680D-12-0.2603167468212D-12-0.3503500124668D-12-0.4714352983964D-12
-0.6342448880747D-12-0.8531029677527D-12-0.1147228277898D-11-0.1542396856869D-11
-0.2073165127080D-11-0.2785840973115D-11-0.3742451253100D-11-0.5026036835843D-11
-0.6747713743178D-11-0.9056082306298D-11-0.1214975418866D-10-0.1629401586338D-10
-0.2184297274198D-10-0.2926894610750D-10-0.3920145517135D-10-0.5247884983942D-10
-0.7021661032362D-10-0.9389757212177D-10-0.1254909418054D-09-0.1676090427939D-09
-0.2237134020590D-09-0.2983852214075D-09-0.3976796464627D-09-0.5295888204412D-09
-0.7046457365920D-09-0.9367097554967D-09-0.1243985701375D-08-0.1650342127344D-08
-0.2187011167725D-08-0.2894772841997D-08-0.3826751225461D-08-0.5051978966789D-08
-0.6659920497338D-08-0.8766182569139D-08-0.1151968324530D-07-0.1511159510217D-07
-0.1978642264018D-07-0.2585561331456D-07-0.3371412803392D-07-0.4386040087271D-07
-0.5692008291941D-07-0.7367386992256D-07-0.9508953034392D-07-0.1223579409231D-06
-0.1569324531365D-06-0.2005702001870D-06-0.2553729411965D-06-0.3238236541418D-06
-0.4088132620895D-06-0.5136495436381D-06-0.6420374181188D-06-0.7980164474367D-06
-0.9858376947697D-06-0.1209758355717D-05-0.1473729374392D-05-0.1780949441402D-05
-0.2133259700894D-05-0.2530358925350D-05-0.2968831236196D-05-0.3441000542372D-05
-0.3933660833763D-05-0.4426782238604D-05-0.4892361465865D-05-0.5293671161037D-05
-0.5585261622853D-05-0.5714168634258D-05-0.5622862421189D-05-0.5254501935906D-05
-0.4560990446563D-05-0.3514103848795D-05-0.2119521862414D-05-0.4328802887564D-06
 0.1424030054964D-05 0.3250005058150D-05 0.4758431628854D-05 0.5583755188826D-05
 0.5305536106919D-05 0.3493367765316D-05-0.2286154311721D-06-0.6106902662805D-05
-0.1419433136255D-04-0.2433140516821D-04-0.3622183950084D-04-0.4965855203435D-04
 0.0000000000000D+00 0.2057085098936D-17 0.2775305672928D-17 0.3744226899627D-17
 0.5051310084855D-17 0.6814528039844D-17 0.9193002588153D-17 0.1240127165760D-16
 0.1672872943860D-16 0.2256554376021D-16 0.3043781584110D-16 0.4105492396718D-16
 0.5537321580334D-16 0.7468190982467D-16 0.1007188264799D-15 0.1358266181916D-15
 0.1831621768501D-15 0.2469801221031D-15 0.3330136297163D-15 0.4489870815183D-15
 0.6053071122839D-15 0.8159915750393D-15 0.1099920396968D-14 0.1482519818249D-14
 0.1998024646881D-14 0.2692526259975D-14 0.3628064761831D-14 0.4888134404837D-14
 0.6585083880029D-14 0.8870056073873D-14 0.1194633851953D-13 0.1608729795298D-13
 0.2166044196992D-13 0.2915972001283D-13 0.3924884575487D-13 0.5281937623719D-13
 0.7106857073867D-13 0.9560364997331D-13 0.1285815195076D-12 0.1728955122583D-12
 0.2324254693344D-12 0.3123717693316D-12 0.4197017311575D-12 0.5637454024855D-12
 0.7569904321115D-12 0.1016141579605D-11 0.1363531712282D-11 0.1828999602859D-11
 0.2452385699103D-11 0.3286847233894D-11 0.4403255115240D-11 0.5896020229121D-11
 0.7890802722590D-11 0.1055470022065D-10 0.1410969051189D-10 0.1885034130023D-10
 0.2516710125411D-10 0.3357687619151D-10 0.4476307974107D-10 0.5962799478433D-10
 0.7936105638065D-10 0.1055276628036D-09 0.1401843845990D-09 0.1860279267385D-09
 0.2465871049327D-09 0.3264693348855D-09 0.4316757922361D-09 0.5700025999604D-09
 0.7515488498114D-09 0.9893563422992D-09 0.1300210004020D-08 0.1705632074110D-08
 0.2233106649958D-08 0.2917573553037D-08 0.3803230062819D-08 0.4945674620937D-08
 0.6414416057845D-08 0.8295750355448D-08 0.1069597221924D-07 0.1374483365071D-07
 0.1759907828025D-07 0.2244576198055D-07 0.2850490448652D-07 0.3603079227755D-07
 0.4531096366786D-07 0.5666153674336D-07 0.7041709615377D-07 0.8691284748977D-07
 0.1064561993761D-06 0.1292844297592D-06 0.1555047472227D-06 0.1850130306589D-06
 0.2173881847756D-06 0.2517607115869D-06 0.2866573605079D-06 0.3198293365648D-06
 0.3480802685830D-06 0.3671228283526D-06 0.3715105404444D-06 0.3547137791711D-06
 0.3094361710207D-06 0.2282970254081D-06 0.1050326087798D-06-0.6361449183453D-07
-0.2751544820535D-06-0.5176413996988D-06-0.7649853797758D-06-0.9714634302871D-06
-0.1065882297297D-05-0.9462047287844D-06-0.4758242304577D-06 0.5170697460705D-06
 0.2235694300930D-05 0.4905955080496D-05 0.8764434195612D-05 0.1404866237518D-04
 0.2100157164344D-04 0.2991074596288D-04 0.4121334651776D-04 0.5570708835554D-04
