  -1.0858766688404242E-018   1.8849685981627444E-020  -5.4013237997079457E-019   9.9999999999999995E-021
  -4.9974459696483253E-019  -6.1345910463732255E-019  -5.6259030279127921E-019  -4.2262232139574196E-019
   9.2387531445269177E-021   8.9062905575576199E-021   8.7350170825727895E-021   8.5767474649769341E-021
  -1.5471310201295670E-018   2.7321469593840236E-020  -1.0858766688404242E-018   1.8849685981627444E-020
  -4.3700665915309551E-019  -4.8210636092482787E-019  -4.6957903413694556E-019  -4.2714865845821451E-019
   8.6461621703187526E-021   8.4842352450622386E-021   8.4382811628887046E-021   8.3395066870561230E-021
  -1.9892810465097517E-018   3.5561038714289860E-020  -1.5471310201295670E-018   2.7321469593840236E-020
  -4.3108454254281706E-019  -4.5143971375899875E-019  -4.4685465180528104E-019  -4.2522688460973193E-019
   8.3547228073090045E-021   8.2440927227982742E-021   8.2239257834811778E-021   8.1466549028298274E-021
  -2.4216566884223142E-018   4.3626249854829228E-020  -1.9892810465097517E-018   3.5561038714289860E-020
  -4.2680956661397502E-019  -4.3751414162680784E-019  -4.3533176871617286E-019  -4.2175246417543811E-019
   8.1523109767559325E-021   8.0673945254694669E-021   8.0561591284504347E-021   7.9918485586404605E-021
  -2.8471191286144364E-018   5.1550126729699255E-020  -2.4216566884223142E-018   4.3626249854829228E-020
  -4.2253185461124646E-019  -4.2869352794014245E-019  -4.2747205098228421E-019  -4.1791162869663366E-019
   7.9945509285427396E-021   7.9251341630452542E-021   7.9179650439201121E-021   7.8625119067466884E-021
   1.4681222280993601E-017   3.2588554910710341E-020   4.9840918337140642E-018   9.9999999999999995E-021
   8.1667598889158689E-018   7.9879381609884120E-018   9.9266761576837384E-018   1.4186794157417039E-017
   1.7024433965630882E-020   2.1982329810295839E-020   2.3539897013700282E-020   2.7462441850638926E-020
   2.9482237679948224E-017   6.4285312567633833E-020   1.4681222280993601E-017   3.2588554910710341E-020
   1.3687697647753227E-017   1.3860250135793538E-017   1.4932106115891794E-017   1.7533682242603843E-017
   2.6822163853210108E-020   3.1351921328836860E-020   3.2309786968755384E-020   3.6034965493146328E-020
   4.7948020776629821E-017   1.0436880933152463E-019   2.9482237679948224E-017   6.4285312567633833E-020
   1.7318513665476583E-017   1.7907534004301280E-017   1.8534910342873135E-017   2.0591296220264138E-017
   3.5766867558460992E-020   3.9826209217673668E-020   4.0532357516194363E-020   4.4016979557147776E-020
   6.9531814807849802E-017   1.5220535160998149E-019   4.7948020776629821E-017   1.0436880933152463E-019
   2.0468993952172769E-017   2.1205735126100717E-017   2.1631818943388686E-017   2.3358662096168303E-017
   4.3879120751908429E-020   4.7638149726253519E-020   4.8179720636783600E-020   5.1504392192758529E-020
   9.3873765643336354E-017   2.0733196026623578E-019   6.9531814807849802E-017   1.5220535160998149E-019
   2.3284412803853668E-017   2.4064089087471901E-017   2.4380204271477283E-017   2.5878705491167307E-017
   5.1421265715066918E-020   5.4968264423488704E-020   5.5399350912133091E-020   5.8603155551215303E-020
   6.4652910168480198E-017   6.0644351249145798E-020   1.1690544658202063E-017   9.9999999999999995E-021
   2.9841764463558984E-017   3.8729670597614706E-017   5.6799377539574792E-017   9.6874332323730811E-017
   2.6476313381369854E-020   4.3786300426890192E-020   5.4281261795987630E-020   8.1254669667749295E-020
   1.8814454648158847E-016   1.7340755471247513E-019   6.4652910168480198E-017   6.0644351249145798E-020
   9.1374360109737107E-017   1.0950178904797504E-016   1.2861762108668522E-016   1.7333663749959197E-016
   7.6684697798606352E-020   1.0598852329400548E-019   1.1730310700396364E-019   1.5331126238543137E-019
   3.9846499525932625E-016   3.6783370882355473E-019   1.8814454648158847E-016   1.7340755471247513E-019
   1.6897941791467195E-016   1.9802715754908327E-016   2.1525325732901899E-016   2.6638244499555009E-016
   1.4930498306567068E-019   1.8773949378167150E-019   1.9945582273559548E-019   2.4286130856627286E-019
   7.1001702920309073E-016   6.6085091319472545E-019   3.9846499525932625E-016   3.6783370882355473E-019
   2.6266194329253291E-016   3.0050391157486923E-016   3.1636749860675105E-016   3.7290744000681304E-016
   2.3977400433957926E-019   2.8657864613924605E-019   2.9814321321276981E-019   3.4888550318341301E-019
   1.1351838802003534E-015   1.0680623483599586E-018   7.1001702920309073E-016   6.6085091319472545E-019
   3.6989986326026981E-016   4.1505897705178498E-016   4.2987568294209297E-016   4.9123192273555115E-016
   3.4640730626723068E-019   4.0103723631999470E-019   4.1229559925344188E-019   4.7019563357729582E-019
   1.8914073199163858E-016   1.0995633550506052E-019   1.8676591944031276E-017   9.9999999999999995E-021
   6.5427903276426441E-017   1.0480351692143618E-016   1.8326139301334538E-016   3.8122711713965427E-016
   3.6322245093168539E-020   7.3414297607564981E-020   1.0671107706790383E-019   2.0316501858625701E-019
   8.0102295810525650E-016   4.6052180850306079E-019   1.8914073199163858E-016   1.0995633550506052E-019
   3.5971828029592447E-016   4.9846787545266168E-016   6.4938533043799297E-016   1.0158686646044737E-015
   1.9061075348028567E-019   3.0413930182509764E-019   3.6858921729929907E-019   5.6732504625892258E-019
   2.2304739449245275E-015   1.2877706052425589E-018   8.0102295810525650E-016   4.6052180850306079E-019
   9.7958113571843695E-016   1.2819671514930994E-015   1.4861298247934020E-015   2.0609308326241880E-015
   5.4307782268079413E-019   7.6246989153322270E-019   8.5862078755797689E-019   1.1782335995737947E-018
   4.9245040247842279E-015   2.8710647169969070E-018   2.2304739449245275E-015   1.2877706052425589E-018
   2.0124889355850988E-015   2.5185145962499816E-015   2.7692828639378652E-015   3.5760966231974123E-015
   1.1493648775368263E-018   1.5025449805944709E-018   1.6268877896042115E-018   2.0915342525918967E-018
   9.3877897264371952E-015   5.5384752503913632E-018   4.9245040247842279E-015   2.8710647169969070E-018
   3.5227045926981849E-015   4.2636180123546023E-015   4.5560052002723011E-015   5.6177631919658061E-015
   2.0601091038757193E-018   2.5723710876637645E-018   2.7221716014201142E-018   3.3552687183232557E-018
   4.5627748974259493E-016   1.9051959542381515E-019   2.5765078786194660E-017   9.9999999999999995E-021
   1.1510233123252529E-016   2.1906419141755414E-016   4.5100060536104460E-016   1.1278425409486791E-015
   4.6312552134103500E-020   1.1068891706395474E-019   1.8741564078509447E-019   4.4059590471068905E-019
   2.7928981051862308E-015   1.1617553380419420E-018   4.5627748974259493E-016   1.9051959542381515E-019
   1.0903621915084518E-015   1.7185411411054080E-015   2.4918334926583412E-015   4.5086122336258651E-015
   4.2245582308148991E-019   7.6329670047536433E-019   1.0204588065300937E-018   1.8374476186163550E-018
   1.0231883440602049E-014   4.2818616818521184E-018   2.7928981051862308E-015   1.1617553380419420E-018
   4.3371424158655102E-015   6.2698924645309687E-015   7.8121537563000347E-015   1.2132677154967388E-014
   1.7455534969232693E-018   2.7080381889620165E-018   3.2597745039424297E-018   5.0394591801288997E-018
   2.8042636363144581E-014   1.1861507871466345E-017   1.0231883440602049E-014   4.2818616818521184E-018
   1.1758971232377680E-014   1.5980326457397361E-014   1.8490035932106846E-014   2.6164821523869103E-014
   4.8661106438356198E-018   6.9112442849519063E-018   7.8484053507086162E-018   1.1092467222528689E-017
   6.3865523424529107E-014   2.7352812331297358E-017   2.8042636363144581E-014   1.1861507871466345E-017
   2.5593695233233465E-014   3.3240718861599758E-014   3.6885630932645894E-014   4.9090927546582378E-014
   1.0833751801954806E-017   1.4521830205675208E-017   1.5922567548116998E-017   2.1225279449446869E-017
   9.6965118680614306E-016   3.1472421569262754E-019   3.2901751253414604E-017   9.9999999999999995E-021
   1.7891930226313313E-016   3.9430571636477322E-016   9.4055015033174189E-016   2.7718655776602068E-015
   5.6370770592523375E-020   1.5555582849078822E-019   3.0312068323272113E-019   8.5462150011622338E-019
   8.4735491638465386E-015   2.7567378237163185E-018   9.6965118680614306E-016   3.1472421569262754E-019
   2.7904536135368176E-015   4.9335828393116773E-015   7.9431769369255294E-015   1.6479414696231145E-014
   8.5269777846388327E-019   1.7194237171110151E-018   2.5375508039653140E-018   5.2854348275256036E-018
   4.0698906867106063E-014   1.3338360186299893E-017   8.4735491638465386E-015   2.7567378237163185E-018
   1.5974349629967090E-014   2.5283925484481280E-014   3.3966115353582173E-014   5.8877714913463169E-014
   5.0399495916193827E-018   8.5635529824620253E-018   1.1062208640137056E-017   1.9198261338683908E-017
   1.3835678547303883E-013   4.5860682930461503E-017   4.0698906867106063E-014   1.3338360186299893E-017
   5.6896308963565914E-014   8.3450180526674394E-014   1.0204938392631036E-013   1.5805183376606135E-013
   1.8432358931784973E-017   2.8269654712145329E-017   3.3828369701262366E-017   5.2505528706369298E-017
   3.7648112517413386E-013   1.2640895402983823E-016   1.3835678547303883E-013   4.5860682930461503E-017
   1.5376313870172731E-013   2.1333241529189036E-013   2.4690240981080131E-013   3.5451324929945969E-013
   5.0919247620130823E-017   7.2945518157882755E-017   8.3247675665613908E-017   1.1998399132913614E-016
   1.8761560658374619E-015   4.9725686844740384E-019   4.0064798088825665E-017   9.9999999999999995E-021
   2.5690062762511544E-016   6.4330588731377385E-016   1.7513440699592437E-015   5.9703470643206655E-015
   6.6466160317830928E-020   2.0799318992719828E-019   4.6058863191425331E-019   1.5199114066836886E-018
   2.3049633288892185E-014   6.1523711643569648E-018   1.8761560658374619E-015   4.9725686844740384E-019
   6.3170722939756826E-015   1.2384393749639709E-014   2.2035074917832917E-014   5.1884853709407383E-014
   1.5940176360038728E-018   3.5471814620323238E-018   5.7632286743624985E-018   1.3715847866663847E-017
   1.4427609024295707E-013   3.8834500241129360E-017   2.3049633288892185E-014   6.1523711643569648E-018
   5.1138392752141269E-014   8.7964211393881068E-014   1.2745263448649178E-013   2.4538665721150236E-013
   1.3260779190668060E-017   2.4492771652120058E-017   3.3990070788538740E-017   6.5866310388648691E-017
   6.0694631922215085E-013   1.6530764014367948E-016   1.4427609024295707E-013   3.8834500241129360E-017
   2.3772195159325375E-013   3.7429881716007380E-013   4.8484607185196744E-013   8.2000964425782594E-013
   6.3229646478928466E-017   1.0416125562458133E-016   1.3167794825240069E-016   2.2393078518240809E-016
   1.9714904187470602E-012   5.4407740793946537E-016   6.0694631922215085E-013   1.6530764014367948E-016
   7.9557369436945228E-013   1.1743710154441668E-012   1.4215877899842818E-012   2.1997732919231071E-012
   2.1619859133674191E-016   3.2968868789647861E-016   3.9278368549381497E-016   6.1147526865738605E-016
   3.3738714762001567E-015   7.5507796904051772E-019   4.7243814733577472E-017   9.9999999999999995E-021
   3.4905671187732250E-016   9.7883676642767488E-016   3.0017303123869834E-015   1.1649575099292834E-014
   7.6584057427613012E-020   2.6799058216769628E-019   6.6659480194824353E-019   2.5247129885836130E-018
   5.7304855730128869E-014   1.2962046362196280E-017   3.3738714762001567E-015   7.5507796904051772E-019
   1.3015282004775215E-014   2.8021807802064291E-014   5.4792246436217802E-014   1.4494251504223291E-013
   2.7969380606028031E-018   6.8073228595970172E-018   1.2124263452662800E-017   3.2581699673812141E-017
   4.6394444937528394E-013   1.0591836224212784E-016   5.7304855730128869E-014   1.2962046362196280E-017
   1.4628485855618930E-013   2.7173408617477404E-013   4.2411192988927457E-013   9.0186067118664400E-013
   3.2190400611047788E-017   6.4218548602747453E-017   9.5681023950946215E-017   2.0574834956115433E-016
   2.4069924223169478E-012   5.5621576583085046E-016   4.6394444937528394E-013   1.0591836224212784E-016
   8.8059217215029072E-013   1.4814873098712417E-012   2.0343543554556703E-012   3.7460123348458697E-012
   1.9858559073188525E-016   3.4974274661799694E-016   4.6759318140508797E-016   8.6852697475428066E-016
   9.3178128805599606E-012   2.1822259827308249E-015   2.4069924223169478E-012   5.5621576583085046E-016
   3.6362339893677088E-012   5.6903454400631149E-012   7.2163835321382117E-012   1.2015230815687714E-011
   8.3751747046111889E-016   1.3546345235522255E-015   1.6878438914343543E-015   2.8335870009655670E-015
   5.7199464621020154E-015   1.1074145352422398E-018   5.4433223093195307E-017   9.9999999999999995E-021
   4.5539313311422911E-016   1.4136679839180829E-015   4.8289748055024728E-015   2.1052400722097577E-014
   8.6716600317870564E-020   3.3554241926544830E-019   9.2791995833671935E-019   3.9708458559312338E-018
   1.3205243078463108E-013   2.5910216345193709E-017   5.7199464621020154E-015   1.1074145352422398E-018
   2.4879827853603278E-014   5.8353616390821437E-014   1.2468252667011264E-013   3.6704279195970294E-013
   4.6554738237192508E-018   1.2301212454310450E-017   2.3901284828534485E-017   7.1756342470299682E-017
   1.3711996937433146E-012   2.7175089692847828E-016   1.3205243078463108E-013   2.5910216345193709E-017
   3.8129093634979311E-013   7.6069657430125485E-013   1.2761694965797163E-012   2.9798604996403643E-012
   7.2859290693586298E-017   1.5613646042312039E-016   2.4934967501040952E-016   5.9121252193906136E-016
   8.7364256618109485E-012   1.7529516966310357E-015   1.3711996937433146E-012   2.7175089692847828E-016
   2.9466410190812176E-012   5.2751115956813246E-012   7.6775938187610330E-012   1.5339303960439875E-011
   5.7660141240452228E-016   1.0812070201920334E-015   1.5288635140644541E-015   3.0904623172978470E-015
   4.0217566018843880E-011   8.1796828508920060E-015   8.7364256618109485E-012   1.7529516966310357E-015
   1.4947837547488400E-011   2.4718954288080554E-011   3.2867525551809322E-011   5.8766044914929456E-011
   2.9866774014625062E-015   5.1073993851002810E-015   6.6615990306730224E-015   1.2035712692556713E-014
   9.2384859556075009E-015   1.5757574714737110E-018   6.1629768049145879E-017   9.9999999999999995E-021
   5.7591314645436876E-016   1.9605679978154227E-015   7.3892630081784625E-015   3.5785561966907994E-014
   9.6859201319284783E-020   4.1064544151964683E-019   1.2513474882140517E-018   5.9736997680555845E-018
   2.8515061003133964E-013   4.9396609431519572E-017   9.2384859556075009E-015   1.5757574714737110E-018
   4.4740483190153131E-014   1.1353690880092952E-013   2.6364598373355965E-013   8.5636647619526144E-013
   7.4127856247722247E-018   2.1132464842868634E-017   4.4574494588073014E-017   1.4809840727361967E-016
   3.7639251087620521E-012   6.5900835550858389E-016   2.8515061003133964E-013   4.9396609431519572E-017
   9.1891586306484372E-013   1.9596186027756725E-012   3.5245207416707901E-012   8.9854524404265037E-012
   1.5514605713568590E-016   3.5545491441711491E-016   6.0712007502683476E-016   1.5773744404388005E-015
   2.9310544788303296E-011   5.1965010277898481E-015   3.7639251087620521E-012   6.5900835550858389E-016
   9.0346060984717529E-012   1.7147607428995044E-011   2.6430793495577555E-011   5.7088310129630498E-011
   1.5610272168279991E-015   3.1052753641005569E-015   4.6412578384928453E-015   1.0170862411672781E-014
   1.6002956678837688E-010   2.8761936070690716E-014   2.9310544788303296E-011   5.1965010277898481E-015
   5.6029280551591831E-011   9.7627784501564897E-011   1.3612657181692165E-010   2.6077613881187672E-010
   9.8833230235346278E-015   1.7817503647791505E-014   2.4334699759868893E-014   4.7204880418549769E-014
  -2.1249306808639264E-020   1.9999071353014285E-020  -9.9999088911074769E-021   9.9999999999999995E-021
  -9.9998997802223402E-021  -1.2499419898719356E-020  -1.1665998757326275E-020  -9.1656504128771223E-021
   9.9994837505889714E-021   9.9991533882930729E-021   9.9989870670743030E-021   9.9986634567619879E-021
  -3.1294282635834353E-020   2.9997470107789391E-020  -2.1249306808639264E-020   1.9999071353014285E-020
  -9.3740351171009057E-021  -1.0457018454174848E-020  -1.0240303103149757E-020  -9.5011767314204284E-021
   9.9987215607841157E-021   9.9984367135755566E-021   9.9983601996568379E-021   9.9980771414017447E-021
  -4.1211362207593255E-020   3.9995269550135641E-020  -3.1294282635834353E-020   2.9997470107789391E-020
  -9.5663115260793136E-021  -1.0106126115324352E-020  -1.0028929992774937E-020  -9.6660536882755114E-021
   9.9980966098128104E-021   9.9978231631552403E-021   9.9977752556822936E-021   9.9975032065896333E-021
  -5.1115863379212981E-020   4.9992497457720583E-020  -4.1211362207593255E-020   3.9995269550135641E-020
  -9.6940283863983675E-021  -1.0011255332655418E-020  -9.9759476565230876E-021  -9.7585726649629791E-021
   9.9975127940105742E-021   9.9972450596872899E-021   9.9972103959152206E-021   9.9969437402940510E-021
  -6.1027713019488558E-020   5.9989169201983806E-020  -5.1115863379212981E-020   4.9992497457720583E-020
  -9.7728689662761925E-021  -9.9800673910855893E-021  -9.9611827281776153E-021  -9.8157286368508502E-021
   9.9969494092339153E-021   9.9966851637742200E-021   9.9966580457995503E-021   9.9963946371978685E-021
   4.9672055458732409E-016   4.2064268266421891E-020   2.7494216624638099E-016   9.9999999999999995E-021
   1.1244394724941174E-016   2.1597568437802107E-016   2.3512220514747593E-016   3.1603060374525305E-016
   2.4194002459135320E-020   2.9623452601155697E-020   3.3761128383867945E-020   4.1422445169348725E-020
   8.0823766842962359E-016   9.1117299990557344E-020   4.9672055458732409E-016   4.2064268266421891E-020
   3.0055926064316883E-016   2.9167557692108057E-016   3.2948023495017272E-016   3.2623179866812132E-016
   4.0062779089366068E-020   4.8190940500841057E-020   4.9656249954244508E-020   5.8561030345275535E-020
   1.1399052129901943E-015   1.5785920001520915E-019   8.0823766842962359E-016   9.1117299990557344E-020
   3.2826275279246479E-016   3.2001540301165445E-016   3.4210032058694778E-016   3.3751106737375547E-016
   5.7751457471708826E-020   6.6143942613884904E-020   6.7207754529439238E-020   7.5996548389553687E-020
   1.4798369905761356E-015   2.4236880989480850E-019   1.1399052129901943E-015   1.5785920001520915E-019
   3.3827998467466725E-016   3.3249040348835365E-016   3.4666425714189508E-016   3.4300135958048353E-016
   7.5549823124203339E-020   8.4042237942513230E-020   8.4896128524747733E-020   9.3631103218870659E-020
   1.8241407142089705E-015   3.4465590441303414E-019   1.4798369905761356E-015   2.4236880989480850E-019
   3.4332833602002955E-016   3.3916621232604068E-016   3.4900469898714968E-016   3.4615218315059885E-016
   9.3349637870070411E-020   1.0190208586111906E-019   1.0261739668118404E-019   1.1133396415467722E-019
   2.0670537095919700E-015   8.6406968457910511E-020   6.1811715885290828E-016   9.9999999999999995E-021
   5.4408118125181235E-016   1.2421665897813962E-015   1.5655678795286342E-015   2.5340691845624969E-015
   4.1910552653934369E-020   6.0666349996180202E-020   8.2614381959030783E-020   1.2996979418310672E-019
   5.0456887442728702E-015   2.7511545057284028E-019   2.0670537095919700E-015   8.6406968457910511E-020
   2.3493606794097875E-015   2.6291115373921572E-015   3.2866283330669068E-015   3.6909697877574847E-015
   1.2239764055942899E-019   1.7604872624897544E-019   1.9182757527649764E-019   2.7410064907920345E-019
   9.4332325627419756E-015   6.3069632121444917E-019   5.0456887442728702E-015   2.7511545057284028E-019
   3.7322518723674492E-015   4.1004656259845885E-015   4.6455146616473127E-015   5.1010504631833743E-015
   2.6262768861763348E-019   3.4259216159913280E-019   3.6004802338493603E-019   4.6557716526388243E-019
   1.5219553921204725E-014   1.2062791682494153E-018   9.4332325627419756E-015   6.3069632121444917E-019
   5.1126273587292059E-015   5.5465584463221469E-015   6.0056308430328361E-015   6.5009222133373158E-015
   4.5629401049388890E-019   5.6241633882252755E-019   5.8093158354658210E-019   7.1050722697768807E-019
   2.2405692226994323E-014   2.0546637481279274E-018   1.5219553921204725E-014   1.2062791682494153E-018
   6.5024547760725942E-015   6.9807407784167678E-015   7.3765100451224017E-015   7.8998734115866490E-015
   7.0278694635717920E-019   8.3514077882873721E-019   8.5431880533601276E-019   1.0086013645843928E-018
   5.9817658203542634E-015   1.6431830904956531E-019   9.7860546989594073E-016   9.9999999999999995E-021
   1.3458112101221721E-015   3.6738316488008775E-015   5.3045599974462446E-015   1.0716367600133516E-014
   6.0520910036690656E-020   1.0110709610941914E-019   1.6698019417546903E-019   3.2921436369092493E-019
   2.1539500829043190E-014   7.7204278644456487E-019   5.9817658203542634E-015   1.6431830904956531E-019
   9.8756131198021401E-015   1.2653503868870118E-014   1.7704222832420801E-014   2.2755343529749596E-014
   3.1133602366522269E-019   5.2212308786826353E-019   6.1441277884647492E-019   1.0619391072752982E-018
   5.3389178350023462E-014   2.3461487687363824E-018   2.1539500829043190E-014   7.7204278644456487E-019
   2.3207589493638678E-014   2.8365634801970458E-014   3.4513086102239948E-014   4.2133033823822125E-014
   9.8699746980692171E-019   1.4475420624973464E-018   1.5978372788693403E-018   2.3668797412106108E-018
   1.0729270962373803E-013   5.5969939536522865E-018   5.3389178350023462E-014   2.3461487687363824E-018
   4.2236654284088301E-014   5.0070246397954239E-014   5.6912594302236929E-014   6.7218851957816762E-014
   2.2766336258043040E-018   3.0833519845650563E-018   3.2943709022306362E-018   4.4729917100997341E-018
   1.8908762375859774E-013   1.1428917758605651E-017   1.0729270962373803E-013   5.5969939536522865E-018
   6.7131731321484394E-014   7.7718457102340051E-014   8.5060831536017203E-014   9.8079176210959348E-014
   4.3730370980288152E-018   5.6241956135072431E-018   5.8961088908406242E-018   7.5778967229956364E-018
   1.4392962755646664E-014   2.9219444218647265E-019   1.3455626280795998E-015   9.9999999999999995E-021
   2.5284785051563699E-015   8.0905566209870568E-015   1.3258601253732097E-014   3.3057606510807709E-014
   7.9465224314729222E-020   1.5051524169057550E-019   2.9925911145005949E-019   7.1415272252283681E-019
   7.5166842519087853E-014   2.0138856107882529E-018   1.4392962755646664E-014   2.9219444218647265E-019
   3.0936191896291760E-014   4.4881138631252338E-014   7.0314062311098752E-014   1.0331668479965322E-013
   6.9752872828632651E-019   1.3341817771421824E-018   1.7131752532682161E-018   3.5379042225035561E-018
   2.4665143590837221E-013   8.0831284754665527E-018   7.5166842519087853E-014   2.0138856107882529E-018
   1.0705539015253330E-013   1.4373960297934088E-013   1.8917949844647284E-013   2.5601396733154530E-013
   3.2175694943882673E-018   5.2517977752237804E-018   6.1433912759975768E-018   1.0407509591238816E-017
   6.1752341392606698E-013   2.4019320969128748E-017   2.4665143590837221E-013   8.0831284754665527E-018
   2.5750984836148081E-013   3.3079638611610386E-013   3.9744323901791431E-013   5.1124276947665185E-013
   9.8288197223496307E-018   1.4522379964813167E-017   1.6179480596077542E-017   2.4384614117842145E-017
   1.3034483350511774E-012   5.8766232231136462E-017   6.1752341392606698E-013   2.4019320969128748E-017
   5.1013894037933420E-013   6.3310848103499418E-013   7.2205038358707821E-013   8.9509285712718224E-013
   2.3530186254751556E-017   3.2580306884549208E-017   3.5240278719245345E-017   4.9310110109705591E-017
   3.0599992436893363E-014   4.9006212176936499E-019   1.7155859574046264E-015   9.9999999999999995E-021
   4.0954857423536625E-015   1.5068740939557848E-014   2.7746294130111569E-014   8.3580882995239894E-014
   9.8567830939536058E-020   2.0875572443066954E-019   4.9221314962067464E-019   1.3798671515739651E-018
   2.2770042800377596E-013   4.8929962097423796E-018   3.0599992436893363E-014   4.9006212176936499E-019
   8.0633176040972630E-014   1.3105177520292779E-013   2.2880350510783331E-013   3.8225887673880078E-013
   1.4173956557248462E-018   3.0391508898328078E-018   4.2734006565171246E-018   1.0375105779413373E-017
   9.8490135694516670E-013   2.5788941086076234E-017   2.2770042800377596E-013   4.8929962097423796E-018
   4.0557270986235701E-013   5.9192258357925997E-013   8.4534801275852402E-013   1.2630916711104188E-012
   9.3443431634291067E-018   1.6838047298885006E-017   2.0961505813206616E-017   4.0432219870390763E-017
   3.0676976524314609E-012   9.5216824091123499E-017   9.8490135694516670E-013   2.5788941086076234E-017
   1.2812452890070010E-012   1.7709053570702648E-012   2.2581617754999773E-012   3.1573982187702791E-012
   3.7625431345780210E-017   6.0287312498746937E-017   7.0392709230490421E-017   1.1758182322602867E-016
   7.7514443043540905E-012   2.7880636874123926E-016   3.0676976524314609E-012   9.5216824091123499E-017
   3.1542921083886283E-012   4.1753960528059512E-012   4.9823657194373726E-012   6.6326642586605040E-012
   1.1207092123061263E-016   1.6629353211500372E-016   1.8647872342513232E-016   2.8392183558980975E-016
   5.9328220376037362E-014   7.8133647372967907E-019   2.0872938596898902E-015   9.9999999999999995E-021
   6.0482145198951838E-015   2.5183901833484316E-014   5.1601568958300261E-014   1.8382640299462046E-013
   1.1775740433654320E-019   2.7577370459754169E-019   7.5870211530275589E-019   2.4413097982409353E-018
   6.1754166951614592E-013   1.1121052286234983E-017   5.9328220376037362E-014   7.8133647372967907E-019
   1.8446930195405662E-013   3.3280837874278825E-013   6.4311261415571637E-013   1.2129694070895854E-012
   2.6636853033619453E-018   6.3157474235941168E-018   9.7232182808215659E-018   2.7296678162838510E-017
   3.4974316609398906E-012   7.6435919272414196E-017   6.1754166951614592E-013   1.1121052286234983E-017
   1.3261983504059655E-012   2.0862274480961112E-012   3.2348972369179543E-012   5.3108922281083746E-012
   2.4626220948335998E-017   4.8656394568214081E-017   6.4540667515783221E-017   1.4086885680074466E-016
   1.3517987995959117E-011   3.4946856786590001E-016   3.4974316609398906E-012   7.6435919272414196E-017
   5.4638420117632234E-012   8.0755063951787004E-012   1.0952152410913981E-011   1.6604178386166775E-011
   1.2982424009485799E-016   2.2446155052303038E-016   2.7544522520145717E-016   5.0855810001708197E-016
   4.0841157256076119E-011   1.2226528718681360E-015   1.3517987995959117E-011   3.4946856786590001E-016
   1.6656841681405186E-011   2.3413374302235849E-011   2.9307235745662054E-011   4.1840953783501006E-011
   4.7982504754259430E-016   7.5995528975880823E-016   8.8636804518030382E-016   1.4666341065925971E-015
   1.0700962758983799E-013   1.1927629731066308E-018   2.4600239420160411E-015   9.9999999999999995E-021
   8.3873272307002792E-015   3.9011240246789669E-014   8.8174464656058717E-014   3.6453888485053469E-013
   1.3699974819874349E-019   3.5154288985035236E-019   1.1116205613383806E-018   4.0332511880635762E-018
   1.5297403548941158E-012   2.3778936169723076E-017   1.0700962758983799E-013   1.1927629731066308E-018
   3.8234776594655990E-013   7.5971503568121207E-013   1.6130016676311244E-012   3.4086031912544351E-012
   4.6961961826543925E-018   1.2178912170824425E-017   2.0485759529164831E-017   6.5491499597065769E-017
   1.1248928841985518E-011   2.1148740061160000E-016   1.5297403548941158E-012   2.3778936169723076E-017
   3.8578336570374224E-012   6.4972766043079179E-012   1.0927176766421755E-011   1.9608390524051642E-011
   5.9746215709771795E-017   1.2865400855764568E-016   1.8173939730423054E-016   4.4571775921773731E-016
   5.3765379708010822E-011   1.1924571732440408E-015   1.1248928841985518E-011   2.1148740061160000E-016
   2.0570342551979248E-011   3.2333650747066464E-011   4.6679275802800965E-011   7.6502509544437718E-011
   4.0896975436196280E-016   7.5979123297040184E-016   9.8104691309728209E-016   1.9951725892973134E-015
   1.9388522221251044E-010   4.9741932666347548E-015   5.3765379708010822E-011   1.1924571732440408E-015
   7.7329376447640118E-011   1.1496370991806881E-010   1.5118329860237222E-010   2.3109566153847566E-010
   1.8689200037276774E-015   3.1486258573875100E-015   3.8272407077976030E-015   6.8697634262463813E-015
   1.8206379567091364E-013   1.7543990575473689E-018   2.8334200416467682E-015   9.9999999999999995E-021
   1.1113180037505265E-014   5.7125821946832390E-014   1.4133137708160592E-013   6.6735467568121923E-013
   1.5627647547832947E-019   4.3604914303306633E-019   1.5638778237820096E-018   6.3102639361757325E-018
   3.5118407838577252E-012   4.8117782797834187E-017   1.8206379567091364E-013   1.7543990575473689E-018
   7.3321740955354580E-013   1.5936165124086784E-012   3.6913613211083532E-012   8.6754888525332612E-012
   7.8525328883156134E-018   2.2075926519667838E-017   4.0448129914843877E-017   1.4527965668438187E-016
   3.3217393425399056E-011   5.4924582422968291E-016   3.5118407838577252E-012   4.8117782797834187E-017
   1.0192974704459118E-011   1.8280401219296369E-011   3.3277272928544445E-011   6.4924992849107238E-011
   1.3500275070566706E-016   3.1509077122598966E-016   4.7331217662916589E-016   1.2949596021751143E-015
   1.9549715612559992E-010   3.8014743787143049E-015   3.3217393425399056E-011   5.4924582422968291E-016
   6.9772001583657277E-011   1.1607904648941501E-010   1.7838710949064181E-010   3.1497426265743409E-010
   1.1888466153806139E-015   2.3647082605754110E-015   3.2128992429055439E-015   7.1693097045652033E-015
   8.3958740140022600E-010   1.8858698101927129E-014   1.9549715612559992E-010   3.8014743787143049E-015
   3.2193088112594438E-010   5.0438392431338620E-010   6.9736813538793396E-010   1.1391064711191719E-009
   6.6887222439096411E-015   1.1950743258617350E-014   1.5155059140593099E-014   2.9443015296946410E-014
   2.9517900207428048E-013   2.4996070835785243E-018   3.2072739329875845E-015   9.9999999999999995E-021
   1.4225981165904621E-014   8.0102647256015887E-014   2.1545515436401990E-013   1.1464887844417812E-012
   1.7557683644331007E-019   5.2928419905385987E-019   2.1283903771304695E-018   9.4467165126591787E-018
   7.5559423201975690E-012   9.2679823331292739E-017   2.9517900207428048E-013   2.4996070835785243E-018
   1.3203634965760388E-012   3.1203423785340263E-012   7.8341834333311895E-012   2.0335164788433257E-011
   1.2558872061522228E-017   3.7994190669461235E-017   7.5565268379866096E-017   3.0140350732610842E-016
   9.1030229058994991E-011   1.3462300380316721E-015   7.5559423201975690E-012   9.2679823331292739E-017
   2.4840675073356435E-011   4.7233599486013327E-011   9.2819885508257923E-011   1.9589807537088568E-010
   2.8685056928080672E-016   7.2199267739849996E-016   1.1510142341291289E-015   3.4884368958662108E-015
   6.5651086659118093E-010   1.1380073863705413E-014   9.1030229058994991E-011   1.3462300380316721E-015
   2.1645409635777968E-010   3.7955392508151861E-010   6.2054988244528152E-010   1.1762221137817357E-009
   3.2182251103012253E-015   6.8318293286484136E-015   9.7606151174301141E-015   2.3799948951584164E-014
   3.3488671976490007E-009   6.6945758238485022E-014   6.5651086659118093E-010   1.1380073863705413E-014
   1.2196720385941009E-009   2.0072802134726858E-009   2.9184690061987176E-009   5.0829675084100093E-009
   2.2184626571152755E-014   4.1925747615123347E-014   5.5487700864842880E-014   1.1638258271759242E-013
