     0.000000    -0.273760     2.000700     2.000700     2.387090     2.387090     2.387090     2.398140     2.398140     2.398140
     0.020000    -0.273200     1.996370     1.997210     2.383570     2.383570     2.388690     2.397650     2.397650     2.403340
     0.040000    -0.271500     1.984000     1.987020     2.371240     2.371240     2.393240     2.398530     2.398530     2.418330
     0.060000    -0.268660     1.965140     1.970880     2.350870     2.350870     2.400200     2.401490     2.401490     2.441540
     0.080000    -0.264690     1.941550     1.949770     2.324670     2.324670     2.406080     2.406080     2.408880     2.471210
     0.100000    -0.259590     1.914770     1.924730     2.294340     2.294340     2.412120     2.412120     2.418600     2.505800
     0.120000    -0.253340     1.885940     1.896710     2.261170     2.261170     2.419560     2.419560     2.428870     2.544130
     0.140000    -0.245940     1.855900     1.866520     2.226070     2.226070     2.428350     2.428350     2.439330     2.585360
     0.160000    -0.237390     1.825220     1.834810     2.189690     2.189690     2.438470     2.438470     2.449790     2.628890
     0.180000    -0.227690     1.794300     1.802120     2.152490     2.152490     2.449920     2.449920     2.460150     2.674290
     0.200000    -0.216830     1.763430     1.768890     2.114840     2.114840     2.462660     2.462660     2.470380     2.721230
     0.220000    -0.204810     1.732810     1.735450     2.076980     2.076980     2.476690     2.476690     2.480500     2.769490
     0.240000    -0.191610     1.702100     1.702590     2.039100     2.039100     2.490530     2.491980     2.491980     2.818860
     0.260000    -0.177240     1.669040     1.672870     2.001370     2.001370     2.500520     2.508510     2.508510     2.837980
     0.280000    -0.161700     1.636480     1.643740     1.963900     1.963900     2.510480     2.526260     2.526260     2.841070
     0.300000    -0.144960     1.604550     1.615270     1.926790     1.926790     2.520430     2.545200     2.545200     2.844460
     0.320000    -0.127040     1.573380     1.587490     1.890130     1.890130     2.530350     2.565300     2.565300     2.848160
     0.340000    -0.107930     1.543070     1.560440     1.853990     1.853990     2.540200     2.586530     2.586530     2.852190
     0.360000    -0.087630     1.513700     1.534160     1.818440     1.818440     2.549850     2.608860     2.608860     2.856560
     0.380000    -0.066130     1.485320     1.508660     1.783520     1.783520     2.559110     2.632260     2.632260     2.861270
     0.400000    -0.043440     1.458000     1.483960     1.749290     1.749290     2.567660     2.656690     2.656690     2.866330
     0.420000    -0.019550     1.431760     1.460080     1.715790     1.715790     2.574930     2.682110     2.682110     2.871750
     0.440000     0.005530     1.406640     1.437010     1.683070     1.683070     2.579970     2.708470     2.708470     2.877540
     0.460000     0.031800     1.382650     1.414780     1.651150     1.651150     2.581170     2.735730     2.735730     2.883690
     0.480000     0.059250     1.359800     1.393370     1.620080     1.620080     2.576060     2.763840     2.763840     2.859860
     0.500000     0.087890     1.338100     1.372810     1.589890     1.589890     2.561510     2.792740     2.792740     2.829000
     0.520000     0.117700     1.317550     1.353080     1.560620     1.560620     2.535250     2.809900     2.822380     2.822380
     0.540000     0.148680     1.298140     1.334180     1.532280     1.532280     2.497650     2.802410     2.852680     2.852680
     0.560000     0.180820     1.279850     1.316130     1.504920     1.504920     2.451290     2.804140     2.883570     2.883570
     0.580000     0.214110     1.262660     1.298910     1.478560     1.478560     2.399040     2.812390     2.914970     2.914970
     0.600000     0.248540     1.246570     1.282520     1.453230     1.453230     2.343040     2.825180     2.936450     2.946800
     0.620000     0.284100     1.231530     1.266970     1.428950     1.428950     2.284680     2.841250     2.945190     2.978950
     0.640000     0.320770     1.217530     1.252240     1.405750     1.405750     2.224850     2.859840     2.954170     3.011320
     0.660000     0.358540     1.204530     1.238340     1.383650     1.383650     2.164110     2.880480     2.963320     3.043790
     0.680000     0.397400     1.192510     1.225250     1.362680     1.362680     2.102840     2.902910     2.972610     3.076200
     0.700000     0.437320     1.181430     1.212990     1.342850     1.342850     2.041310     2.926950     2.981980     3.108420
     0.720000     0.478300     1.171270     1.201540     1.324200     1.324200     1.979710     2.952470     2.991360     3.140250
     0.740000     0.520320     1.161980     1.190900     1.306740     1.306740     1.918200     2.979420     3.000710     3.171530
     0.760000     0.563350     1.153540     1.181060     1.290490     1.290490     1.856880     3.007740     3.009940     3.202020
     0.780000     0.607370     1.145910     1.172030     1.275460     1.275460     1.795860     3.018960     3.037400     3.231490
     0.800000     0.652360     1.139070     1.163790     1.261680     1.261680     1.735210     3.027690     3.068390     3.259690
     0.820000     0.698300     1.132980     1.156350     1.249170     1.249170     1.675010     3.036000     3.100670     3.286330
     0.840000     0.745150     1.127610     1.149710     1.237930     1.237930     1.615310     3.043850     3.134230     3.311150
     0.860000     0.792880     1.122960     1.143850     1.227980     1.227980     1.556190     3.051100     3.169050     3.333860
     0.880000     0.841420     1.118980     1.138780     1.219330     1.219330     1.497720     3.057650     3.205080     3.354170
     0.900000     0.890710     1.115680     1.134490     1.212000     1.212000     1.439980     3.063400     3.242260     3.371820
     0.920000     0.940600     1.113060     1.130980     1.205980     1.205980     1.383110     3.068260     3.280460     3.386590
     0.940000     0.990780     1.111170     1.128260     1.201300     1.201300     1.327350     3.072130     3.319390     3.398280
     0.960000     1.040320     1.110290     1.126320     1.197950     1.197950     1.273360     3.074950     3.358290     3.406730
     0.980000     1.084390     1.112730     1.125150     1.195930     1.195930     1.223660     3.076670     3.394330     3.411850
     1.000000     1.099690     1.124760     1.124760     1.195260     1.195260     1.195260     3.077250     3.413560     3.413560
     1.000000     1.099690     1.124760     1.124760     1.195260     1.195260     1.195260     3.077250     3.413560     3.413560
     1.014142     1.094570     1.115650     1.122350     1.195600     1.203500     1.204730     3.076960     3.401900     3.412710
     1.028284     1.079740     1.095880     1.119910     1.196600     1.222860     1.225590     3.076070     3.376520     3.410180
     1.042426     1.059450     1.072720     1.119440     1.198280     1.247120     1.250560     3.074550     3.346360     3.406110
     1.056569     1.037110     1.048530     1.120050     1.200620     1.273740     1.277300     3.072330     3.314230     3.400660
     1.070711     1.014140     1.024080     1.121290     1.203630     1.301740     1.305010     3.069300     3.281090     3.394070
     1.084853     0.991110     0.999680     1.123000     1.207310     1.330710     1.333390     3.065330     3.247350     3.386650
     1.098995     0.968280     0.975480     1.125120     1.211640     1.360430     1.362300     3.060300     3.213230     3.378710
     1.113137     0.945790     0.951570     1.127610     1.216620     1.390790     1.391650     3.054020     3.178870     3.370600
     1.127279     0.923720     0.927990     1.130470     1.222260     1.421390     1.421710     3.046350     3.144400     3.362650
     1.141421     0.902120     0.904770     1.133680     1.228540     1.451500     1.453120     3.037120     3.109900     3.355190
     1.155563     0.881010     0.881940     1.137240     1.235450     1.481940     1.484970     3.026230     3.075450     3.348510
     1.169706     0.859520     0.860420     1.141150     1.243000     1.512710     1.517230     3.013590     3.041140     3.342830
     1.183848     0.837520     0.840370     1.145400     1.251170     1.543770     1.549840     2.999160     3.007030     3.338310
     1.197990     0.815960     0.820860     1.149990     1.259960     1.575130     1.582760     2.973210     2.982960     3.335050
     1.212132     0.794840     0.801900     1.154920     1.269350     1.606760     1.615930     2.939750     2.965090     3.333080
     1.226274     0.774180     0.783500     1.160190     1.279330     1.638660     1.649310     2.906740     2.945650     3.332380
     1.240416     0.753990     0.765650     1.165800     1.289910     1.670810     1.682830     2.874260     2.924790     3.332880
     1.254558     0.734270     0.748380     1.171740     1.301060     1.703200     1.716400     2.842430     2.902660     3.334500
     1.268701     0.715040     0.731660     1.178000     1.312770     1.735810     1.749940     2.811340     2.879400     3.337150
     1.282843     0.696310     0.715510     1.184600     1.325040     1.768650     1.783340     2.781140     2.855180     3.340730
     1.296985     0.678090     0.699920     1.191510     1.337850     1.801680     1.816460     2.751970     2.830140     3.345130
     1.311127     0.660380     0.684900     1.198740     1.351180     1.834900     1.849140     2.724010     2.804400     3.350270
     1.325269     0.643190     0.670440     1.206280     1.365020     1.868290     1.881180     2.697490     2.778090     3.356090
     1.339411     0.626530     0.656540     1.214130     1.379360     1.901830     1.912320     2.672660     2.751300     3.362420
     1.353553     0.610420     0.643200     1.222260     1.394170     1.935510     1.942250     2.649860     2.724140     3.369230
     1.367696     0.594850     0.630420     1.230680     1.409450     1.969290     1.970580     2.629480     2.696690     3.376450
     1.381838     0.579840     0.618190     1.239360     1.425170     1.996870     2.003170     2.611990     2.669040     3.383990
     1.395980     0.565400     0.606520     1.248300     1.441300     2.020570     2.037100     2.597930     2.641250     3.391790
     1.410122     0.551530     0.595390     1.257480     1.457830     2.041100     2.071060     2.587880     2.613390     3.399780
     1.424264     0.538240     0.584810     1.266870     1.474740     2.057920     2.105010     2.582410     2.585520     3.407900
     1.438406     0.525550     0.574770     1.276460     1.491980     2.070550     2.138910     2.557720     2.581980     3.416080
     1.452548     0.513450     0.565270     1.286210     1.509530     2.078740     2.172710     2.530030     2.586850     3.424260
     1.466690     0.501950     0.556300     1.296100     1.527360     2.082530     2.206350     2.502510     2.596990     3.432350
     1.480833     0.491070     0.547880     1.306080     1.545420     2.082240     2.239780     2.475240     2.612070     3.440350
     1.494975     0.480810     0.539980     1.316110     1.563660     2.078400     2.272900     2.448280     2.631550     3.448170
     1.509117     0.471180     0.532600     1.326150     1.582030     2.071680     2.305640     2.421700     2.654760     3.455750
     1.523259     0.462180     0.525750     1.336140     1.600460     2.062760     2.337880     2.395580     2.680990     3.463030
     1.537401     0.453820     0.519430     1.346000     1.618860     2.052270     2.369490     2.370010     2.709580     3.469980
     1.551543     0.446100     0.513620     1.355680     1.637150     2.040790     2.345100     2.400310     2.739910     3.476530
     1.565685     0.439040     0.508320     1.365070     1.655210     2.028810     2.320980     2.430170     2.771430     3.482650
     1.579828     0.432630     0.503540     1.374090     1.672890     2.016750     2.297790     2.458840     2.803610     3.477990
     1.593970     0.426880     0.499270     1.382640     1.690010     2.004970     2.275720     2.486070     2.835940     3.463000
     1.608112     0.421800     0.495500     1.390590     1.706360     1.993800     2.254990     2.511540     2.867890     3.440680
     1.622254     0.417390     0.492250     1.397830     1.721680     1.983500     2.235870     2.534900     2.898850     3.419670
     1.636396     0.413650     0.489490     1.404240     1.735650     1.974340     2.218680     2.555770     2.928110     3.400550
     1.650538     0.410590     0.487240     1.409700     1.747910     1.966510     2.203780     2.573700     2.954750     3.383870
     1.664680     0.408200     0.485490     1.414080     1.758060     1.960220     2.191580     2.588250     2.977700     3.370200
     1.678823     0.406500     0.484240     1.417290     1.765690     1.955610     2.182480     2.599010     2.995630     3.360010
     1.692965     0.405470     0.483490     1.419250     1.770440     1.952800     2.176850     2.605630     3.007140     3.353720
     1.707107     0.405130     0.483240     1.419910     1.772050     1.951850     2.174940     2.607860     3.011130     3.351600
     1.707107     0.405130     0.483240     1.419910     1.772050     1.951850     2.174940     2.607860     3.011130     3.351600
     1.721249     0.396180     0.492710     1.420220     1.772420     1.951970     2.175070     2.607960     3.009060     3.353840
     1.735391     0.376340     0.514070     1.421150     1.773530     1.952310     2.175450     2.608270     3.003010     3.360380
     1.749533     0.352880     0.540070     1.422710     1.775380     1.952890     2.176100     2.608780     2.993430     3.370790
     1.763675     0.328340     0.568170     1.424890     1.777970     1.953710     2.176990     2.609480     2.980900     3.380080
     1.777817     0.303580     0.597500     1.427680     1.781290     1.954760     2.178150     2.610370     2.966060     3.378230
     1.791960     0.278960     0.627700     1.431100     1.785350     1.956060     2.179560     2.611430     2.949440     3.375860
     1.806102     0.254640     0.658610     1.435130     1.790130     1.957610     2.181230     2.612650     2.931530     3.372890
     1.820244     0.230710     0.690120     1.439780     1.795630     1.959410     2.183150     2.614010     2.912690     3.369250
     1.834386     0.207230     0.722180     1.445040     1.801850     1.961480     2.185330     2.615490     2.893210     3.364850
     1.848528     0.184240     0.754750     1.450910     1.808780     1.963830     2.187760     2.617070     2.873340     3.359590
     1.862670     0.161740     0.787810     1.457390     1.816410     1.966460     2.190450     2.618720     2.853240     3.353380
     1.876812     0.139770     0.821320     1.464470     1.824730     1.969380     2.193390     2.620410     2.833060     3.346110
     1.890955     0.118330     0.855260     1.472150     1.833740     1.972610     2.196580     2.622110     2.812910     3.337710
     1.905097     0.097430     0.889630     1.480430     1.843420     1.976160     2.200020     2.623800     2.792890     3.328100
     1.919239     0.077080     0.924390     1.489290     1.853760     1.980040     2.203710     2.625430     2.773050     3.317230
     1.933381     0.057280     0.959530     1.498750     1.864760     1.984270     2.207650     2.626950     2.753470     3.305090
     1.947523     0.038050     0.995040     1.508790     1.876400     1.988850     2.211840     2.628330     2.734190     3.291390
     1.961665     0.019380     1.030890     1.519400     1.888660     1.993810     2.216270     2.629510     2.715250     3.260700
     1.975807     0.001270     1.067060     1.530580     1.901540     1.999160     2.220930     2.630450     2.696700     3.229360
     1.989949    -0.016260     1.103530     1.542320     1.915010     2.004910     2.225840     2.631090     2.678550     3.197480
     2.004092    -0.033210     1.140280     1.554620     1.929060     2.011090     2.230980     2.631360     2.660850     3.165160
     2.018234    -0.049600     1.177270     1.567460     1.943680     2.017700     2.236350     2.631200     2.643600     3.132480
     2.032376    -0.065400     1.214500     1.580840     1.958840     2.024780     2.241940     2.626840     2.630550     3.099540
     2.046518    -0.080630     1.251910     1.594740     1.974520     2.032330     2.247750     2.610580     2.629330     3.066400
     2.060660    -0.095270     1.289480     1.609170     1.990700     2.040380     2.253770     2.594830     2.627460     3.033140
     2.074802    -0.109340     1.327160     1.624090     2.007360     2.048960     2.259990     2.579620     2.624870     2.999830
     2.088944    -0.122830     1.364920     1.639510     2.024470     2.058070     2.266400     2.564940     2.621490     2.966520
     2.103087    -0.135730     1.402700     1.655400     2.042010     2.067760     2.272990     2.550830     2.617250     2.933280
     2.117229    -0.148050     1.440450     1.671750     2.059940     2.078040     2.279750     2.537270     2.612070     2.900150
     2.131371    -0.159800     1.478110     1.688540     2.078230     2.088940     2.286660     2.524300     2.605900     2.867200
     2.145513    -0.170960     1.515600     1.705750     2.096840     2.100490     2.293710     2.511900     2.598720     2.834480
     2.159655    -0.181540     1.552840     1.723340     2.112720     2.115730     2.300870     2.500100     2.590500     2.802040
     2.173797    -0.191540     1.589740     1.741300     2.125660     2.134860     2.308120     2.488900     2.581260     2.769940
     2.187939    -0.200960     1.626190     1.759580     2.139340     2.154170     2.315430     2.478310     2.571010     2.738220
     2.202082    -0.209810     1.662070     1.778140     2.153800     2.173610     2.322770     2.468330     2.559840     2.706960
     2.216224    -0.218080     1.697240     1.796940     2.169040     2.193100     2.330100     2.458960     2.547820     2.676220
     2.230366    -0.225770     1.731570     1.815910     2.185090     2.212560     2.337390     2.450220     2.535070     2.646070
     2.244508    -0.232890     1.764870     1.834970     2.201950     2.231900     2.344580     2.442100     2.521740     2.616620
     2.258650    -0.239430     1.796960     1.854050     2.219590     2.251020     2.351620     2.434620     2.507980     2.587950
     2.272792    -0.245400     1.827640     1.873010     2.237950     2.269770     2.358450     2.427760     2.493990     2.560200
     2.286934    -0.250790     1.856700     1.891730     2.256920     2.288000     2.365000     2.421540     2.479960     2.533520
     2.301076    -0.255620     1.883890     1.910010     2.276330     2.305530     2.371200     2.415940     2.466120     2.508110
     2.315219    -0.259880     1.908960     1.927630     2.295890     2.322140     2.376960     2.410980     2.452730     2.484210
     2.329361    -0.263560     1.931650     1.944310     2.315210     2.337560     2.382200     2.406620     2.440060     2.462120
     2.343503    -0.266680     1.951660     1.959680     2.333770     2.351490     2.386840     2.402840     2.428450     2.442250
     2.357645    -0.269230     1.968670     1.973320     2.350870     2.363610     2.390780     2.399540     2.418220     2.425130
     2.371787    -0.271210     1.982380     1.984740     2.365670     2.373540     2.393940     2.396440     2.409750     2.411540
     2.385929    -0.272630     1.992450     1.993410     2.377210     2.380960     2.392770     2.396250     2.402770     2.403390
     2.400071    -0.273480     1.998620     1.998850     2.384570     2.385540     2.388790     2.397660     2.399050     2.399460
     2.414214    -0.273760     2.000700     2.000700     2.387090     2.387090     2.387090     2.398140     2.398140     2.398140
     2.414214    -0.273760     2.000700     2.000700     2.387090     2.387090     2.387090     2.398140     2.398140     2.398140
     2.431534    -0.273340     1.997750     1.997750     2.381680     2.388070     2.388070     2.398500     2.399220     2.399220
     2.448855    -0.272060     1.989120     1.989120     2.366140     2.390780     2.390780     2.399600     2.402520     2.402520
     2.466175    -0.269940     1.975340     1.975340     2.342170     2.394760     2.394760     2.401430     2.407990     2.407990
     2.483496    -0.266970     1.957160     1.957160     2.311760     2.399760     2.399760     2.404000     2.415260     2.415260
     2.500816    -0.263140     1.935380     1.935380     2.276690     2.405750     2.405750     2.407290     2.423730     2.423730
     2.518137    -0.258460     1.910710     1.910710     2.238360     2.411320     2.412790     2.412790     2.432810     2.432810
     2.535457    -0.252930     1.883800     1.883800     2.197780     2.416080     2.420920     2.420920     2.442080     2.442080
     2.552778    -0.246540     1.855160     1.855160     2.155700     2.421560     2.430170     2.430170     2.451280     2.451280
     2.570098    -0.239300     1.825210     1.825210     2.112640     2.427780     2.440510     2.440510     2.460300     2.460300
     2.587419    -0.231190     1.794280     1.794280     2.069000     2.434720     2.451870     2.451870     2.469180     2.469180
     2.604739    -0.222230     1.762640     1.762640     2.025070     2.442390     2.464060     2.464060     2.478100     2.478100
     2.622060    -0.212410     1.730510     1.730510     1.981070     2.450790     2.476470     2.476470     2.487710     2.487710
     2.639380    -0.201720     1.698050     1.698050     1.937180     2.459920     2.487700     2.487700     2.499470     2.499470
     2.656701    -0.190170     1.665410     1.665410     1.893520     2.469760     2.497020     2.497020     2.514140     2.514140
     2.674021    -0.177750     1.632700     1.632700     1.850200     2.480330     2.505330     2.505330     2.530880     2.530880
     2.691342    -0.164470     1.600010     1.600010     1.807330     2.491620     2.513250     2.513250     2.549110     2.549110
     2.708662    -0.150320     1.567440     1.567440     1.764960     2.503620     2.521050     2.521050     2.568610     2.568610
     2.725983    -0.135300     1.535030     1.535030     1.723170     2.516340     2.528860     2.528860     2.589270     2.589270
     2.743303    -0.119410     1.502850     1.502850     1.682000     2.529780     2.536750     2.536750     2.611050     2.611050
     2.760624    -0.102650     1.470960     1.470960     1.641500     2.543920     2.544780     2.544780     2.633910     2.633910
     2.777944    -0.085020     1.439380     1.439380     1.601710     2.552980     2.552980     2.558770     2.657820     2.657820
     2.795265    -0.066530     1.408160     1.408160     1.562670     2.561390     2.561390     2.574330     2.682760     2.682760
     2.812585    -0.047170     1.377330     1.377330     1.524400     2.570030     2.570030     2.590590     2.708690     2.708690
     2.829906    -0.026950     1.346920     1.346920     1.486940     2.578930     2.578930     2.607540     2.735610     2.735610
     2.847226    -0.005870     1.316960     1.316960     1.450300     2.588100     2.588100     2.625190     2.763480     2.763480
     2.864547     0.016060     1.287460     1.287460     1.414510     2.597560     2.597560     2.643530     2.792280     2.792280
     2.881867     0.038850     1.258460     1.258460     1.379580     2.607310     2.607310     2.662560     2.790590     2.821970
     2.899188     0.062490     1.229960     1.229960     1.345530     2.617370     2.617370     2.682260     2.787410     2.852550
     2.916508     0.086970     1.201990     1.201990     1.312380     2.627740     2.627740     2.702640     2.784780     2.883970
     2.933829     0.112280     1.174570     1.174570     1.280130     2.638420     2.638420     2.723690     2.782700     2.916210
     2.951149     0.138420     1.147700     1.147700     1.248790     2.649400     2.649400     2.745400     2.781210     2.949230
     2.968470     0.165390     1.121410     1.121410     1.218380     2.660690     2.660690     2.767770     2.780290     2.983010
     2.985790     0.193160     1.095720     1.095720     1.188900     2.672270     2.672270     2.779960     2.790780     3.017510
     3.003111     0.221740     1.070620     1.070620     1.160360     2.684120     2.684120     2.780220     2.814430     3.052680
     3.020431     0.251110     1.046150     1.046150     1.132750     2.696230     2.696230     2.781050     2.838710     3.088500
     3.037752     0.281260     1.022300     1.022300     1.106090     2.708560     2.708560     2.782440     2.863610     3.124900
     3.055072     0.312180     0.999100     0.999100     1.080380     2.721080     2.721080     2.784390     2.889110     3.161840
     3.072393     0.343860     0.976560     0.976560     1.055620     2.733740     2.733740     2.786850     2.915220     3.199250
     3.089713     0.376270     0.954690     0.954690     1.031810     2.746480     2.746480     2.789800     2.941890     3.237030
     3.107034     0.409400     0.933490     0.933490     1.008960     2.759210     2.759210     2.793230     2.969150     3.275050
     3.124354     0.443230     0.912990     0.912990     0.987070     2.771860     2.771860     2.797090     2.996950     3.313020
     3.141675     0.477740     0.893200     0.893200     0.966140     2.784270     2.784270     2.801330     3.025290     3.350170
     3.158995     0.512880     0.874130     0.874130     0.946210     2.796290     2.796290     2.805910     3.054140     3.382850
     3.176316     0.548610     0.855780     0.855780     0.927280     2.807720     2.807720     2.810780     3.083490     3.391900
     3.193636     0.584870     0.838170     0.838170     0.909420     2.815890     2.818270     2.818270     3.113300     3.374450
     3.210957     0.621550     0.821320     0.821320     0.892690     2.821180     2.827610     2.827610     3.143560     3.351630
     3.228277     0.658440     0.805230     0.805230     0.877280     2.826580     2.835310     2.835310     3.174220     3.328410
     3.245598     0.695140     0.789920     0.789920     0.863580     2.832040     2.840830     2.840830     3.205270     3.306180
     3.262918     0.730590     0.775390     0.775390     0.852620     2.837500     2.843570     2.843570     3.236670     3.285900
     3.280239     0.761660     0.761660     0.761660     0.847480     2.842860     2.842860     2.842860     3.268360     3.268360
     3.280239     0.761660     0.761660     0.761660     0.847480     2.842860     2.842860     2.842860     3.268360     3.268360
     3.290239     0.748430     0.759740     0.775080     0.849710     2.839720     2.842520     2.844960     3.253040     3.268430
     3.300239     0.735400     0.754490     0.788700     0.855900     2.835680     2.841490     2.845850     3.238990     3.268630
     3.310239     0.722570     0.746960     0.802510     0.864980     2.830900     2.839750     2.845350     3.226380     3.268960
     3.320239     0.709950     0.738080     0.816490     0.876050     2.825500     2.837280     2.843330     3.215330     3.269430
     3.330239     0.697540     0.728460     0.830660     0.888470     2.819600     2.834060     2.839650     3.205940     3.270030
     3.340239     0.685350     0.718480     0.844990     0.901870     2.813310     2.830030     2.834220     3.198250     3.270760
     3.350239     0.673380     0.708360     0.859490     0.916030     2.806690     2.825160     2.827020     3.192250     3.271610
     3.360239     0.661620     0.698240     0.874160     0.930810     2.799830     2.818070     2.819390     3.187870     3.272590
     3.370239     0.650100     0.688210     0.888980     0.946110     2.792780     2.807450     2.812660     3.184980     3.273720
     3.380239     0.638800     0.678310     0.903940     0.961890     2.785610     2.795260     2.804920     3.183350     3.274940
     3.390239     0.627740     0.668600     0.919050     0.978100     2.778360     2.781670     2.796110     3.182760     3.276290
     3.400239     0.616910     0.659090     0.934300     0.994720     2.766820     2.771070     2.786190     3.182930     3.277750
     3.410239     0.606320     0.649810     0.949670     1.011710     2.750870     2.763760     2.775090     3.183570     3.279330
     3.420239     0.595970     0.640750     0.965160     1.029070     2.734000     2.756480     2.762800     3.184350     3.281010
     3.430239     0.585860     0.631950     0.980770     1.046790     2.716330     2.749240     2.749290     3.184950     3.282800
     3.440239     0.576010     0.623390     0.996470     1.064850     2.697990     2.734560     2.742070     3.185070     3.284680
     3.450239     0.566400     0.615090     1.012270     1.083250     2.679100     2.718620     2.734990     3.184420     3.286670
     3.460239     0.557050     0.607050     1.028150     1.101970     2.659770     2.701490     2.728020     3.182770     3.288740
     3.470239     0.547950     0.599260     1.044100     1.121020     2.640070     2.683210     2.721160     3.179980     3.290900
     3.480239     0.539120     0.591740     1.060110     1.140390     2.620100     2.663850     2.714440     3.176020     3.293140
     3.490239     0.530540     0.584480     1.076170     1.160060     2.599920     2.643450     2.707870     3.170920     3.295450
     3.500239     0.522230     0.577480     1.092250     1.180040     2.579590     2.622100     2.701450     3.164830     3.297820
     3.510239     0.514180     0.570740     1.108350     1.200330     2.559180     2.599870     2.695200     3.157920     3.300260
     3.520239     0.506410     0.564260     1.124450     1.220910     2.538730     2.576840     2.689130     3.150380     3.300060
     3.530239     0.498900     0.558040     1.140530     1.241780     2.518310     2.553080     2.683230     3.142370     3.298330
     3.540239     0.491670     0.552080     1.156560     1.262930     2.497950     2.528680     2.677530     3.134070     3.297500
     3.550239     0.484720     0.546370     1.172530     1.284360     2.477700     2.503710     2.672020     3.125620     3.297490
     3.560239     0.478050     0.540920     1.188400     1.306060     2.457610     2.478240     2.666720     3.117140     3.298240
     3.570239     0.471650     0.535730     1.204160     1.328030     2.437740     2.452340     2.661620     3.108710     3.299690
     3.580239     0.465540     0.530790     1.219770     1.350260     2.418110     2.426070     2.656730     3.100410     3.301770
     3.590239     0.459710     0.526100     1.235200     1.372730     2.398790     2.399490     2.652060     3.092320     3.304420
     3.600239     0.454170     0.521660     1.250410     1.395440     2.372660     2.379830     2.647600     3.084480     3.307590
     3.610239     0.448920     0.517470     1.265360     1.418380     2.345640     2.361270     2.643380     3.076930     3.311240
     3.620239     0.443960     0.513530     1.280000     1.441530     2.318470     2.343170     2.639370     3.069710     3.315290
     3.630239     0.439290     0.509840     1.294290     1.464880     2.291200     2.325590     2.635600     3.062850     3.319720
     3.640239     0.434910     0.506390     1.308160     1.488400     2.263890     2.308600     2.632060     3.056350     3.324450
     3.650239     0.430830     0.503180     1.321570     1.512090     2.236570     2.292270     2.628760     3.050260     3.329450
     3.660239     0.427040     0.500220     1.334450     1.535900     2.209320     2.276650     2.625690     3.044570     3.334650
     3.670239     0.423560     0.497490     1.346720     1.559810     2.182170     2.261840     2.622860     3.039300     3.339740
     3.680239     0.420370     0.495010     1.358320     1.583750     2.155210     2.247900     2.620270     3.034460     3.341660
     3.690239     0.417480     0.492770     1.369160     1.607680     2.128510     2.234920     2.617920     3.030070     3.343450
     3.700239     0.414890     0.490770     1.379170     1.631500     2.102180     2.223000     2.615820     3.026120     3.345090
     3.710239     0.412610     0.489000     1.388260     1.655070     2.076360     2.212200     2.613950     3.022620     3.346560
     3.720239     0.410630     0.487470     1.396350     1.678210     2.051240     2.202630     2.612340     3.019580     3.347870
     3.730239     0.408950     0.486180     1.403360     1.700630     2.027150     2.194360     2.610970     3.017000     3.348990
     3.740239     0.407580     0.485120     1.409220     1.721840     2.004550     2.187470     2.609850     3.014890     3.349920
     3.750239     0.406510     0.484300     1.413850     1.741070     1.984230     2.182040     2.608980     3.013250     3.350650
     3.760239     0.405740     0.483710     1.417200     1.757090     1.967440     2.178110     2.608360     3.012070     3.351170
     3.770239     0.405290     0.483360     1.419230     1.768080     1.955980     2.175740     2.607980     3.011360     3.351490
     3.780239     0.405130     0.483240     1.419910     1.772050     1.951850     2.174940     2.607860     3.011130     3.351600
     3.780239     0.405130     0.483240     1.419910     1.772050     1.951850     2.174940     2.607860     3.011130     3.351600
     3.790239     0.405290     0.483360     1.419230     1.768080     1.955980     2.175740     2.607980     3.011360     3.351490
     3.800239     0.405740     0.483710     1.417200     1.757090     1.967440     2.178110     2.608360     3.012070     3.351170
     3.810239     0.406510     0.484300     1.413850     1.741070     1.984230     2.182040     2.608980     3.013250     3.350650
     3.820239     0.407580     0.485120     1.409220     1.721840     2.004550     2.187470     2.609850     3.014890     3.349920
     3.830239     0.408950     0.486180     1.403360     1.700630     2.027150     2.194360     2.610970     3.017000     3.348990
     3.840239     0.410630     0.487470     1.396350     1.678210     2.051240     2.202630     2.612340     3.019580     3.347870
     3.850239     0.412610     0.489000     1.388260     1.655070     2.076360     2.212200     2.613950     3.022620     3.346560
     3.860239     0.414890     0.490770     1.379170     1.631500     2.102180     2.223000     2.615820     3.026120     3.345090
     3.870239     0.417480     0.492770     1.369160     1.607680     2.128510     2.234920     2.617920     3.030070     3.343450
     3.880239     0.420370     0.495010     1.358320     1.583750     2.155210     2.247900     2.620270     3.034460     3.341660
     3.890239     0.423560     0.497490     1.346720     1.559810     2.182170     2.261840     2.622860     3.039300     3.339740
     3.900239     0.427040     0.500220     1.334450     1.535900     2.209320     2.276650     2.625690     3.044570     3.334650
     3.910239     0.430830     0.503180     1.321570     1.512090     2.236570     2.292270     2.628760     3.050260     3.329450
     3.920239     0.434910     0.506390     1.308160     1.488400     2.263890     2.308600     2.632060     3.056350     3.324450
     3.930239     0.439290     0.509840     1.294290     1.464880     2.291200     2.325590     2.635600     3.062850     3.319720
     3.940239     0.443960     0.513530     1.280000     1.441530     2.318470     2.343170     2.639370     3.069710     3.315290
     3.950239     0.448920     0.517470     1.265360     1.418380     2.345640     2.361270     2.643380     3.076930     3.311240
     3.960239     0.454170     0.521660     1.250410     1.395440     2.372660     2.379830     2.647600     3.084480     3.307590
     3.970239     0.459710     0.526100     1.235200     1.372730     2.398790     2.399490     2.652060     3.092320     3.304420
     3.980239     0.465540     0.530790     1.219770     1.350260     2.418110     2.426070     2.656730     3.100410     3.301770
     3.990239     0.471650     0.535730     1.204160     1.328030     2.437740     2.452340     2.661620     3.108710     3.299690
     4.000239     0.478050     0.540920     1.188400     1.306060     2.457610     2.478240     2.666720     3.117140     3.298240
     4.010239     0.484720     0.546370     1.172530     1.284360     2.477700     2.503710     2.672020     3.125620     3.297490
     4.020239     0.491670     0.552080     1.156560     1.262930     2.497950     2.528680     2.677530     3.134070     3.297500
     4.030239     0.498900     0.558040     1.140530     1.241780     2.518310     2.553080     2.683230     3.142370     3.298330
     4.040239     0.506410     0.564260     1.124450     1.220910     2.538730     2.576840     2.689130     3.150380     3.300060
     4.050239     0.514180     0.570740     1.108350     1.200330     2.559180     2.599870     2.695200     3.157920     3.300260
     4.060239     0.522230     0.577480     1.092250     1.180040     2.579590     2.622100     2.701450     3.164830     3.297820
     4.070239     0.530540     0.584480     1.076170     1.160060     2.599920     2.643450     2.707870     3.170920     3.295450
     4.080239     0.539120     0.591740     1.060110     1.140390     2.620100     2.663850     2.714440     3.176020     3.293140
     4.090239     0.547950     0.599260     1.044100     1.121020     2.640070     2.683210     2.721160     3.179980     3.290900
     4.100239     0.557050     0.607050     1.028150     1.101970     2.659770     2.701490     2.728020     3.182770     3.288740
     4.110239     0.566400     0.615090     1.012270     1.083250     2.679100     2.718620     2.734990     3.184420     3.286670
     4.120239     0.576010     0.623390     0.996470     1.064850     2.697990     2.734560     2.742070     3.185070     3.284680
     4.130239     0.585860     0.631950     0.980770     1.046790     2.716330     2.749240     2.749290     3.184950     3.282800
     4.140239     0.595970     0.640750     0.965160     1.029070     2.734000     2.756480     2.762800     3.184350     3.281010
     4.150239     0.606320     0.649810     0.949670     1.011710     2.750870     2.763760     2.775090     3.183570     3.279330
     4.160239     0.616910     0.659090     0.934300     0.994720     2.766820     2.771070     2.786190     3.182930     3.277750
     4.170239     0.627740     0.668600     0.919050     0.978100     2.778360     2.781670     2.796110     3.182760     3.276290
     4.180239     0.638800     0.678310     0.903940     0.961890     2.785610     2.795260     2.804920     3.183350     3.274940
     4.190239     0.650100     0.688210     0.888980     0.946110     2.792780     2.807450     2.812660     3.184980     3.273720
     4.200239     0.661620     0.698240     0.874160     0.930810     2.799830     2.818070     2.819390     3.187870     3.272590
     4.210239     0.673380     0.708360     0.859490     0.916030     2.806690     2.825160     2.827020     3.192250     3.271610
     4.220239     0.685350     0.718480     0.844990     0.901870     2.813310     2.830030     2.834220     3.198250     3.270760
     4.230239     0.697540     0.728460     0.830660     0.888470     2.819600     2.834060     2.839650     3.205940     3.270030
     4.240239     0.709950     0.738080     0.816490     0.876050     2.825500     2.837280     2.843330     3.215330     3.269430
     4.250239     0.722570     0.746960     0.802510     0.864980     2.830900     2.839750     2.845350     3.226380     3.268960
     4.260239     0.735400     0.754490     0.788700     0.855900     2.835680     2.841490     2.845850     3.238990     3.268630
     4.270239     0.748430     0.759740     0.775080     0.849710     2.839720     2.842520     2.844960     3.253040     3.268430
     4.280239     0.761660     0.761660     0.761660     0.847480     2.842860     2.842860     2.842860     3.268360     3.268360
     4.280239     0.761660     0.761660     0.761660     0.847480     2.842860     2.842860     2.842860     3.268360     3.268360
     4.297559     0.748730     0.748730     0.780470     0.856040     2.838080     2.838080     2.848070     3.254280     3.254280
     4.314880     0.736630     0.736630     0.783040     0.882240     2.828740     2.828740     2.853030     3.244180     3.244180
     4.332200     0.725350     0.725350     0.777610     0.917800     2.814650     2.814650     2.857650     3.238300     3.238300
     4.349521     0.714900     0.714900     0.769820     0.957060     2.795910     2.795910     2.861810     3.236580     3.236580
     4.366842     0.705310     0.705310     0.761570     0.998080     2.772900     2.772900     2.865360     3.238600     3.238600
     4.384162     0.696560     0.696560     0.753500     1.040160     2.746160     2.746160     2.868100     3.243820     3.243820
     4.401483     0.688680     0.688680     0.745910     1.083000     2.716300     2.716300     2.869790     3.251590     3.251590
     4.418803     0.681660     0.681660     0.738900     1.126420     2.683880     2.683880     2.870060     3.261280     3.261280
     4.436124     0.675520     0.675520     0.732550     1.170290     2.649420     2.649420     2.868370     3.221400     3.272290
     4.453444     0.670260     0.670260     0.726890     1.214520     2.613320     2.613320     2.864000     3.177510     3.284070
     4.470765     0.665890     0.665890     0.721950     1.259030     2.575930     2.575930     2.855920     3.137620     3.296110
     4.488085     0.662400     0.662400     0.717740     1.303710     2.537550     2.537550     2.842960     3.103040     3.307960
     4.505406     0.659810     0.659810     0.714260     1.348470     2.498390     2.498390     2.824110     3.074930     3.319170
     4.522726     0.658110     0.658110     0.711520     1.393180     2.458650     2.458650     2.799060     3.053760     3.329400
     4.540047     0.657310     0.657310     0.709530     1.437690     2.418480     2.418480     2.768520     3.039000     3.338400
     4.557367     0.657410     0.657410     0.708290     1.481830     2.378010     2.378010     2.733940     3.029450     3.346040
     4.574688     0.658410     0.658410     0.707800     1.525370     2.337350     2.337350     2.696910     3.023750     3.352330
     4.592008     0.660310     0.660310     0.708060     1.568020     2.296590     2.296590     2.658880     3.020800     3.357410
     4.609329     0.663100     0.663100     0.709070     1.609410     2.255800     2.255800     2.621070     3.019770     3.361470
     4.626649     0.666780     0.666780     0.710850     1.649060     2.215050     2.215050     2.584550     3.020090     3.364730
     4.643970     0.671360     0.671360     0.713380     1.686360     2.174410     2.174410     2.550320     3.021390     3.367430
     4.661290     0.676820     0.676820     0.716680     1.720520     2.133910     2.133910     2.519460     3.023410     3.369750
     4.678611     0.683170     0.683170     0.720750     1.750590     2.093610     2.093610     2.493100     3.025970     3.371840
     4.695931     0.690390     0.690390     0.725590     1.775450     2.053540     2.053540     2.472520     3.028940     3.373830
     4.713252     0.698480     0.698480     0.731210     1.793950     2.013740     2.013740     2.458930     3.032230     3.375770
     4.730572     0.707430     0.707430     0.737610     1.805120     1.974240     1.974240     2.453400     3.035760     3.377730
     4.747893     0.717230     0.717230     0.744800     1.808410     1.935070     1.935070     2.456520     3.039490     3.379740
     4.765213     0.727880     0.727880     0.752780     1.803880     1.896250     1.896250     2.468240     3.043380     3.381820
     4.782534     0.739370     0.739370     0.761560     1.792200     1.857810     1.857810     2.487930     3.047390     3.383950
     4.799854     0.751690     0.751690     0.771150     1.774430     1.819760     1.819760     2.514500     3.051510     3.386150
     4.817175     0.764820     0.764820     0.781540     1.751770     1.782130     1.782130     2.546750     3.055710     3.388370
     4.834495     0.778770     0.778770     0.792760     1.725370     1.744930     1.744930     2.583500     3.059980     3.390610
     4.851816     0.793510     0.793510     0.804800     1.696200     1.708180     1.708180     2.623740     3.064340     3.392840
     4.869136     0.809030     0.809030     0.817660     1.665060     1.671900     1.671900     2.666590     3.068790     3.395050
     4.886457     0.825330     0.825330     0.831360     1.632560     1.636100     1.636100     2.711350     3.073380     3.397180
     4.903777     0.842390     0.842390     0.845880     1.599190     1.600800     1.600800     2.757390     3.078180     3.399240
     4.921098     0.860200     0.860200     0.861250     1.565320     1.566010     1.566010     2.804120     3.083320     3.401190
     4.938418     0.877450     0.878740     0.878740     1.531250     1.531740     1.531740     2.850900     3.089040     3.403010
     4.955739     0.894480     0.898000     0.898000     1.497220     1.498020     1.498020     2.896950     3.095850     3.404710
     4.973059     0.912330     0.917960     0.917960     1.463410     1.464860     1.464860     2.941070     3.104640     3.406260
     4.990380     0.930990     0.938600     0.938600     1.429980     1.432280     1.432280     2.981250     3.117140     3.407670
     5.007700     0.950420     0.959890     0.959890     1.397080     1.400310     1.400310     3.014540     3.136060     3.408930
     5.025021     0.970600     0.981790     0.981790     1.364850     1.368990     1.368990     3.038480     3.163610     3.410040
     5.042341     0.991440     1.004260     1.004260     1.333420     1.338350     1.338350     3.053730     3.198840     3.410980
     5.059662     1.012830     1.027210     1.027210     1.302990     1.308500     1.308500     3.063170     3.238620     3.411780
     5.076982     1.034520     1.050490     1.050490     1.273830     1.279570     1.279570     3.069150     3.280230     3.412430
     5.094303     1.056060     1.073800     1.073800     1.246450     1.251870     1.251870     3.073010     3.321820     3.412920
     5.111623     1.076360     1.096340     1.096340     1.221960     1.226190     1.226190     3.075450     3.361680     3.413280
     5.128944     1.092780     1.115760     1.115760     1.203020     1.204890     1.204890     3.076810     3.396420     3.413490
     5.146264     1.099690     1.124760     1.124760     1.195260     1.195260     1.195260     3.077250     3.413560     3.413560
