 480 0.000025010  0.000000  2.200000   1Sb 1
  32  64  96 128 160 192 224 256 288
 0.2499999936845D-04 0.4079998954338D+07
 0.4999999873689D-04 0.2039999487275D+07
 0.7499999810534D-04 0.1359999661120D+07
 0.9999999747379D-04 0.1019999745190D+07
 0.1249999968422D-03 0.8159997933507D+06
 0.1499999962107D-03 0.6799998235576D+06
 0.1749999955791D-03 0.5828569863617D+06
 0.1999999949476D-03 0.5099998570391D+06
 0.2249999943160D-03 0.4533331996316D+06
 0.2499999936845D-03 0.4079998725653D+06
 0.2749999930529D-03 0.3709089675651D+06
 0.2999999924214D-03 0.3399998791148D+06
 0.3249999917898D-03 0.3138460341633D+06
 0.3499999911583D-03 0.2914284519624D+06
 0.3749999905267D-03 0.2719998799614D+06
 0.3999999898952D-03 0.2549998787472D+06
 0.4249999892636D-03 0.2399998770049D+06
 0.4499999886320D-03 0.2266665414894D+06
 0.4749999880005D-03 0.2147367143752D+06
 0.4999999873689D-03 0.2039998694022D+06
 0.5249999867374D-03 0.1942855805501D+06
 0.5499999861058D-03 0.1854544083479D+06
 0.5749999854743D-03 0.1773911636674D+06
 0.5999999848427D-03 0.1699998555685D+06
 0.6249999842112D-03 0.1631998516610D+06
 0.6499999835796D-03 0.1569229245388D+06
 0.6749999829481D-03 0.1511109545587D+06
 0.6999999823165D-03 0.1457141248840D+06
 0.7249999816850D-03 0.1406894899661D+06
 0.7499999810534D-03 0.1359998303293D+06
 0.7749999804219D-03 0.1316127290106D+06
 0.7999999797903D-03 0.1274998211680D+06
 0.8499999785272D-03 0.1199998117428D+06
 0.8999999772641D-03 0.1133331354309D+06
 0.9499999760010D-03 0.1073682133196D+06
 0.9999999747379D-03 0.1019997822790D+06
 0.1049999973475D-02 0.9714262929877D+05
 0.1099999972212D-02 0.9272703464357D+05
 0.1149999970949D-02 0.8869540374923D+05
 0.1199999969685D-02 0.8499974114557D+05
 0.1249999968422D-02 0.8159973063781D+05
 0.1299999967159D-02 0.7846125852251D+05
 0.1349999965896D-02 0.7555526497832D+05
 0.1399999964633D-02 0.7285684158689D+05
 0.1449999963370D-02 0.7034451557383D+05
 0.1499999962107D-02 0.6799967720122D+05
 0.1549999960844D-02 0.6580611798779D+05
 0.1599999959581D-02 0.6374965551236D+05
 0.1649999958317D-02 0.6181782643511D+05
 0.1699999957054D-02 0.5999963369150D+05
 0.1749999955791D-02 0.5828533702435D+05
 0.1799999954528D-02 0.5666627842728D+05
 0.1849999953265D-02 0.5513473589464D+05
 0.1899999952002D-02 0.5368380026341D+05
 0.1949999950739D-02 0.5230727100274D+05
 0.1999999949476D-02 0.5099956763482D+05
 0.2049999948213D-02 0.4975565411873D+05
 0.2099999946950D-02 0.4857097403648D+05
 0.2149999945686D-02 0.4744139482291D+05
 0.2199999944423D-02 0.4636315960062D+05
 0.2249999943160D-02 0.4533284543685D+05
 0.2299999941897D-02 0.4434732704518D+05
 0.2349999940634D-02 0.4340374512101D+05
 0.2399999939371D-02 0.4249947863511D+05
 0.2499999936845D-02 0.4079945627296D+05
 0.2599999934318D-02 0.3923020310706D+05
 0.2699999931792D-02 0.3777718922670D+05
 0.2799999929266D-02 0.3642796042273D+05
 0.2899999926740D-02 0.3517178030792D+05
 0.2999999924214D-02 0.3399934401337D+05
 0.3099999921687D-02 0.3290254729840D+05
 0.3199999919161D-02 0.3187429895243D+05
 0.3299999916635D-02 0.3090836730555D+05
 0.3399999914109D-02 0.2999925382546D+05
 0.3499999911583D-02 0.2914208838281D+05
 0.3599999909056D-02 0.2833254197373D+05
 0.3699999906530D-02 0.2756675359468D+05
 0.3799999904004D-02 0.2684126866361D+05
 0.3899999901478D-02 0.2615298691461D+05
 0.3999999898952D-02 0.2549911810835D+05
 0.4099999896425D-02 0.2487714422398D+05
 0.4199999893899D-02 0.2428478705221D+05
 0.4299999891373D-02 0.2371998031018D+05
 0.4399999888847D-02 0.2318084555898D+05
 0.4499999886320D-02 0.2266567133199D+05
 0.4599999883794D-02 0.2217289498586D+05
 0.4699999881268D-02 0.2170108686813D+05
 0.4799999878742D-02 0.2124893646407D+05
 0.4899999876216D-02 0.2081524023974D+05
 0.4999999873689D-02 0.2039889094396D+05
 0.5099999871163D-02 0.1999886816875D+05
 0.5199999868637D-02 0.1961422999907D+05
 0.5299999866111D-02 0.1924410560782D+05
 0.5399999863585D-02 0.1888768867363D+05
 0.5499999861058D-02 0.1854423151666D+05
 0.5599999858532D-02 0.1821303986279D+05
 0.5799999853480D-02 0.1758491537284D+05
 0.5999999848427D-02 0.1699866276931D+05
 0.6199999843375D-02 0.1645022993190D+05
 0.6399999838322D-02 0.1593607125545D+05
 0.6599999833270D-02 0.1545307090518D+05
 0.6799999828218D-02 0.1499847961514D+05
 0.6999999823165D-02 0.1456986232130D+05
 0.7199999818113D-02 0.1416505452229D+05
 0.7399999813060D-02 0.1378212571695D+05
 0.7599999808008D-02 0.1341934861484D+05
 0.7799999802955D-02 0.1307517308351D+05
 0.7999999797903D-02 0.1274820400382D+05
 0.8199999792851D-02 0.1243718236579D+05
 0.8399999787798D-02 0.1214096906524D+05
 0.8599999782746D-02 0.1185853096118D+05
 0.8799999777693D-02 0.1158892883449D+05
 0.8999999772641D-02 0.1133130695233D+05
 0.9199999767588D-02 0.1108488399332D+05
 0.9399999762536D-02 0.1084894513162D+05
 0.9599999757484D-02 0.1062283511016D+05
 0.9799999752431D-02 0.1040595216230D+05
 0.9999999747379D-02 0.1019774266277D+05
 0.1019999974233D-01 0.9997696407811D+04
 0.1039999973727D-01 0.9805342440215D+04
 0.1059999973222D-01 0.9620245346709D+04
 0.1079999972717D-01 0.9442001966810D+04
 0.1099999972212D-01 0.9270238460858D+04
 0.1119999971706D-01 0.9104607692032D+04
 0.1139999971201D-01 0.8944786884020D+04
 0.1159999970696D-01 0.8790475520892D+04
 0.1179999970191D-01 0.8641393460724D+04
 0.1199999969685D-01 0.8497279237734D+04
 0.1239999968675D-01 0.8222992783967D+04
 0.1279999967664D-01 0.7965843358428D+04
 0.1319999966654D-01 0.7724273045043D+04
 0.1359999965644D-01 0.7496907212070D+04
 0.1399999964633D-01 0.7282528328608D+04
 0.1439999963623D-01 0.7080054145044D+04
 0.1479999962612D-01 0.6888519411793D+04
 0.1519999961602D-01 0.6707060484541D+04
 0.1559999960591D-01 0.6534902297916D+04
 0.1599999959581D-01 0.6371347293222D+04
 0.1639999958570D-01 0.6215765966228D+04
 0.1679999957560D-01 0.6067588765488D+04
 0.1719999956549D-01 0.5926299121329D+04
 0.1759999955539D-01 0.5791427424716D+04
 0.1799999954528D-01 0.5662545809910D+04
 0.1839999953518D-01 0.5539263616747D+04
 0.1879999952507D-01 0.5421223432931D+04
 0.1919999951497D-01 0.5308097630345D+04
 0.1959999950486D-01 0.5199585326305D+04
 0.1999999949476D-01 0.5095409708515D+04
 0.2039999948465D-01 0.4995315675585D+04
 0.2079999947455D-01 0.4899067749447D+04
 0.2119999946444D-01 0.4806448223747D+04
 0.2159999945434D-01 0.4717255518662D+04
 0.2199999944423D-01 0.4631302714760D+04
 0.2239999943413D-01 0.4548416244093D+04
 0.2279999942402D-01 0.4468434718723D+04
 0.2319999941392D-01 0.4391207881054D+04
 0.2359999940381D-01 0.4316595660459D+04
 0.2399999939371D-01 0.4244467324363D+04
 0.2439999938360D-01 0.4174700712841D+04
 0.2479999937350D-01 0.4107181547254D+04
 0.2559999935329D-01 0.3978464151555D+04
 0.2639999933308D-01 0.3857536181354D+04
 0.2719999931287D-01 0.3743710322879D+04
 0.2799999929266D-01 0.3636377812684D+04
 0.2879999927245D-01 0.3534997527933D+04
 0.2959999925224D-01 0.3439086845752D+04
 0.3039999923203D-01 0.3348213945750D+04
 0.3119999921182D-01 0.3261991296985D+04
 0.3199999919161D-01 0.3180070121776D+04
 0.3279999917140D-01 0.3102135670028D+04
 0.3359999915119D-01 0.3027903167480D+04
 0.3439999913098D-01 0.2957114330993D+04
 0.3519999911077D-01 0.2889534357949D+04
 0.3599999909056D-01 0.2824949316923D+04
 0.3679999907035D-01 0.2763163879844D+04
 0.3759999905014D-01 0.2703999342027D+04
 0.3839999902993D-01 0.2647291891336D+04
 0.3919999900972D-01 0.2592891088206D+04
 0.3999999898952D-01 0.2540658528127D+04
 0.4079999896931D-01 0.2490466662499D+04
 0.4159999894910D-01 0.2442197753991D+04
 0.4239999892889D-01 0.2395742951288D+04
 0.4319999890868D-01 0.2351001466482D+04
 0.4399999888847D-01 0.2307879842042D+04
 0.4479999886826D-01 0.2266291295741D+04
 0.4559999884805D-01 0.2226155135757D+04
 0.4639999882784D-01 0.2187396235436D+04
 0.4719999880763D-01 0.2149944561647D+04
 0.4799999878742D-01 0.2113734750330D+04
 0.4879999876721D-01 0.2078705723866D+04
 0.4959999874700D-01 0.2044800345157D+04
 0.5039999872679D-01 0.2011965105170D+04
 0.5199999868637D-01 0.1949307470573D+04
 0.5359999864595D-01 0.1890367168726D+04
 0.5519999860553D-01 0.1834820945949D+04
 0.5679999856511D-01 0.1782381974863D+04
 0.5839999852469D-01 0.1732794864651D+04
 0.5999999848427D-01 0.1685831469548D+04
 0.6159999844385D-01 0.1641287350640D+04
 0.6319999840343D-01 0.1598978775341D+04
 0.6479999836301D-01 0.1558740161160D+04
 0.6639999832259D-01 0.1520421887834D+04
 0.6799999828218D-01 0.1483888421893D+04
 0.6959999824176D-01 0.1449016695488D+04
 0.7119999820134D-01 0.1415694706131D+04
 0.7279999816092D-01 0.1383820302383D+04
 0.7439999812050D-01 0.1353300121886D+04
 0.7599999808008D-01 0.1324048669156D+04
 0.7759999803966D-01 0.1295987503327D+04
 0.7919999799924D-01 0.1269044522551D+04
 0.8079999795882D-01 0.1243153344650D+04
 0.8239999791840D-01 0.1218252742788D+04
 0.8399999787798D-01 0.1194286156665D+04
 0.8559999783756D-01 0.1171201263593D+04
 0.8719999779714D-01 0.1148949580570D+04
 0.8879999775672D-01 0.1127486121749D+04
 0.9039999771630D-01 0.1106769086940D+04
 0.9199999767588D-01 0.1086759592712D+04
 0.9359999763547D-01 0.1067421413605D+04
 0.9519999759505D-01 0.1048720762277D+04
 0.9679999755463D-01 0.1030626087976D+04
 0.9839999751421D-01 0.1013107894664D+04
 0.9999999747379D-01 0.9961385765918D+03
 0.1015999974334D+00 0.9796922694083D+03
 0.1047999973525D+00 0.9482731374921D+03
 0.1079999972717D+00 0.9186735824559D+03
 0.1111999971909D+00 0.8907370824100D+03
 0.1143999971100D+00 0.8643246530056D+03
 0.1175999970292D+00 0.8393124688865D+03
 0.1207999969483D+00 0.8155898489359D+03
 0.1239999968675D+00 0.7930575595386D+03
 0.1271999967867D+00 0.7716263721804D+03
 0.1303999967058D+00 0.7512158082290D+03
 0.1335999966250D+00 0.7317531501408D+03
 0.1367999965441D+00 0.7131724737735D+03
 0.1399999964633D+00 0.6954138773708D+03
 0.1431999963825D+00 0.6784228540302D+03
 0.1463999963016D+00 0.6621496160542D+03
 0.1495999962208D+00 0.6465486892675D+03
 0.1527999961399D+00 0.6315783611675D+03
 0.1559999960591D+00 0.6172003657733D+03
 0.1591999959783D+00 0.6033795126823D+03
 0.1623999958974D+00 0.5900833370251D+03
 0.1655999958166D+00 0.5772819319127D+03
 0.1687999957358D+00 0.5649476235370D+03
 0.1719999956549D+00 0.5530547736081D+03
 0.1751999955741D+00 0.5415796184792D+03
 0.1783999954932D+00 0.5305001068793D+03
 0.1815999954124D+00 0.5197957116264D+03
 0.1847999953316D+00 0.5094473170311D+03
 0.1879999952507D+00 0.4994370966441D+03
 0.1911999951699D+00 0.4897483997367D+03
 0.1943999950890D+00 0.4803656848764D+03
 0.1975999950082D+00 0.4712743915925D+03
 0.2007999949274D+00 0.4624608780288D+03
 0.2039999948465D+00 0.4539123492970D+03
 0.2103999946848D+00 0.4375629183651D+03
 0.2167999945232D+00 0.4221383593350D+03
 0.2231999943615D+00 0.4075609054895D+03
 0.2295999941998D+00 0.3937613991555D+03
 0.2359999940381D+00 0.3806781516706D+03
 0.2423999938765D+00 0.3682559772307D+03
 0.2487999937148D+00 0.3564453472582D+03
 0.2551999935531D+00 0.3452017758397D+03
 0.2615999933914D+00 0.3344851492664D+03
 0.2679999932298D+00 0.3242591334505D+03
 0.2743999930681D+00 0.3144908848514D+03
 0.2807999929064D+00 0.3051504924070D+03
 0.2871999927447D+00 0.2962106623309D+03
 0.2935999925830D+00 0.2876464602709D+03
 0.2999999924214D+00 0.2794349573664D+03
 0.3063999922597D+00 0.2715550641470D+03
 0.3127999920980D+00 0.2639873413686D+03
 0.3191999919363D+00 0.2567137440226D+03
 0.3255999917747D+00 0.2497176594743D+03
 0.3319999916130D+00 0.2429836455125D+03
 0.3383999914513D+00 0.2364973677463D+03
 0.3447999912896D+00 0.2302455941488D+03
 0.3511999911279D+00 0.2242160404779D+03
 0.3575999909663D+00 0.2183973117249D+03
 0.3639999908046D+00 0.2127788308053D+03
 0.3703999906429D+00 0.2073507922139D+03
 0.3767999904812D+00 0.2021041135840D+03
 0.3831999903196D+00 0.1970303244894D+03
 0.3895999901579D+00 0.1921215324023D+03
 0.3959999899962D+00 0.1873703683120D+03
 0.4023999898345D+00 0.1827699364371D+03
 0.4087999896728D+00 0.1783137683942D+03
 0.4215999893495D+00 0.1698102431183D+03
 0.4343999890261D+00 0.1618151303973D+03
 0.4471999887028D+00 0.1542884081046D+03
 0.4599999883794D+00 0.1471939600565D+03
 0.4727999880561D+00 0.1404990456400D+03
 0.4855999877327D+00 0.1341739272824D+03
 0.4983999874094D+00 0.1281916118169D+03
 0.5111999870860D+00 0.1225276064325D+03
 0.5239999867626D+00 0.1171598546704D+03
 0.5367999864393D+00 0.1120684880220D+03
 0.5495999861159D+00 0.1072355296426D+03
 0.5623999857926D+00 0.1026448940395D+03
 0.5751999854692D+00 0.9828181022258D+02
 0.5879999851459D+00 0.9413284606459D+02
 0.6007999848225D+00 0.9018540652503D+02
 0.6135999844992D+00 0.8642783097947D+02
 0.6263999841758D+00 0.8284909050872D+02
 0.6391999838524D+00 0.7943893599632D+02
 0.6519999835291D+00 0.7618784052817D+02
 0.6647999832057D+00 0.7308700630149D+02
 0.6775999828824D+00 0.7012844348095D+02
 0.6903999825590D+00 0.6730486124695D+02
 0.7031999822357D+00 0.6460959801784D+02
 0.7159999819123D+00 0.6203650793785D+02
 0.7287999815890D+00 0.5957997157494D+02
 0.7415999812656D+00 0.5723468009624D+02
 0.7543999809423D+00 0.5499557815017D+02
 0.7671999806189D+00 0.5285780366077D+02
 0.7799999802955D+00 0.5081663533449D+02
 0.7927999799722D+00 0.4886745803943D+02
 0.8055999796488D+00 0.4700574924454D+02
 0.8183999793255D+00 0.4522706852238D+02
 0.8311999790021D+00 0.4352704952368D+02
 0.8439999786788D+00 0.4190143909467D+02
 0.8567999783554D+00 0.4034611229592D+02
 0.8695999780321D+00 0.3885709776403D+02
 0.8823999777087D+00 0.3743060396738D+02
 0.8951999773853D+00 0.3606304482555D+02
 0.9079999770620D+00 0.3475106230989D+02
 0.9207999767386D+00 0.3349157035288D+02
 0.9335999764153D+00 0.3228168658461D+02
 0.9463999760919D+00 0.3111881016415D+02
 0.9591999757686D+00 0.3000059695311D+02
 0.9719999754452D+00 0.2892494412324D+02
 0.9847999751219D+00 0.2788996538122D+02
 0.9975999747985D+00 0.2689395440722D+02
 0.1010399974475D+01 0.2593534015699D+02
 0.1023199974152D+01 0.2501264292306D+02
 0.1035999973828D+01 0.2412446095045D+02
 0.1048799973505D+01 0.2326938646112D+02
 0.1061599973182D+01 0.2244600882214D+02
 0.1074399972858D+01 0.2165290021135D+02
 0.1087199972535D+01 0.2088863038000D+02
 0.1099999972212D+01 0.2015190673804D+02
 0.1112799971888D+01 0.1944130309395D+02
 0.1125599971565D+01 0.1875551068209D+02
 0.1138399971242D+01 0.1809332367066D+02
 0.1151199970918D+01 0.1745369682312D+02
 0.1163999970595D+01 0.1683559747379D+02
 0.1176799970272D+01 0.1623810850035D+02
 0.1189599969948D+01 0.1566044638862D+02
 0.1202399969625D+01 0.1510190954318D+02
 0.1215199969301D+01 0.1456184635462D+02
 0.1227999968978D+01 0.1403970150533D+02
 0.1240799968655D+01 0.1353494876816D+02
 0.1253599968331D+01 0.1304710202554D+02
 0.1266399968008D+01 0.1257573689153D+02
 0.1279199967685D+01 0.1212041734160D+02
 0.1291999967361D+01 0.1168072436200D+02
 0.1304799967038D+01 0.1125628118513D+02
 0.1317599966715D+01 0.1084667866587D+02
 0.1330399966391D+01 0.1045153000266D+02
 0.1343199966068D+01 0.1007044532249D+02
 0.1355999965745D+01 0.9703028961498D+01
 0.1368799965421D+01 0.9348896156326D+01
 0.1381599965098D+01 0.9007622378724D+01
 0.1394399964774D+01 0.8678860244899D+01
 0.1407199964451D+01 0.8362167360110D+01
 0.1419999964128D+01 0.8057149550362D+01
 0.1432799963804D+01 0.7763447579489D+01
 0.1445599963481D+01 0.7480586127959D+01
 0.1458399963158D+01 0.7208293209866D+01
 0.1471199962834D+01 0.6946077178575D+01
 0.1483999962511D+01 0.6693598533720D+01
 0.1496799962188D+01 0.6450503631360D+01
 0.1509599961864D+01 0.6216356301144D+01
 0.1522399961541D+01 0.5990916754296D+01
 0.1535199961218D+01 0.5773690998947D+01
 0.1547999960894D+01 0.5564511572562D+01
 0.1560799960571D+01 0.5362902461458D+01
 0.1573599960248D+01 0.5168647249300D+01
 0.1586399959924D+01 0.4981393839091D+01
 0.1599199959601D+01 0.4800863896390D+01
 0.1611999959277D+01 0.4626798894748D+01
 0.1624799958954D+01 0.4458886542810D+01
 0.1637599958631D+01 0.4296938807512D+01
 0.1650399958307D+01 0.4140630121650D+01
 0.1663199957984D+01 0.3989821399394D+01
 0.1675999957661D+01 0.3844191089353D+01
 0.1688799957337D+01 0.3703634336398D+01
 0.1701599957014D+01 0.3567843099611D+01
 0.1714399956691D+01 0.3436733092937D+01
 0.1727199956367D+01 0.3310019061746D+01
 0.1739999956044D+01 0.3187628915987D+01
 0.1752799955721D+01 0.3069302963657D+01
 0.1765599955397D+01 0.2954972002447D+01
 0.1778399955074D+01 0.2844407534130D+01
 0.1791199954750D+01 0.2737537418376D+01
 0.1803999954427D+01 0.2634165806705D+01
 0.1816799954104D+01 0.2534208676995D+01
 0.1829599953780D+01 0.2437509143246D+01
 0.1842399953457D+01 0.2343964707281D+01
 0.1855199953134D+01 0.2253462127885D+01
 0.1867999952810D+01 0.2165869138744D+01
 0.1880799952487D+01 0.2081124865492D+01
 0.1893599952164D+01 0.1999058981848D+01
 0.1906399951840D+01 0.1919672096119D+01
 0.1919199951517D+01 0.1842766823214D+01
 0.1931999951194D+01 0.1768341308781D+01
 0.1944799950870D+01 0.1696241410657D+01
 0.1957599950547D+01 0.1626432455005D+01
 0.1970399950224D+01 0.1558812845564D+01
 0.1983199949900D+01 0.1493301281461D+01
 0.1995999949577D+01 0.1429861272898D+01
 0.2008799949253D+01 0.1368365908402D+01
 0.2021599948930D+01 0.1308819884589D+01
 0.2034399948607D+01 0.1251092923771D+01
 0.2047199948283D+01 0.1195165451728D+01
 0.2059999947960D+01 0.1140964589680D+01
 0.2072799947637D+01 0.1088420330063D+01
 0.2085599947313D+01 0.1037524918521D+01
 0.2098399946990D+01 0.9881745827853D+00
 0.2111199946667D+01 0.9403609205313D+00
 0.2123999946343D+01 0.8940209029340D+00
 0.2136799946020D+01 0.8491133694741D+00
 0.2149599945697D+01 0.8056180884878D+00
 0.2162399945373D+01 0.7634824209337D+00
 0.2175199945050D+01 0.7234661797498D+00
 0.2187999944726D+01 0.6841783166677D+00
 0.2200799944403D+01 0.6453474552645D+00
 0.2213599944080D+01 0.6069656677915D+00
 0.2226399943756D+01 0.5690252088126D+00
 0.2239199943433D+01 0.5315185099936D+00
 0.2251999943110D+01 0.4944381750687D+00
 0.2264799942786D+01 0.4577769749788D+00
 0.2277599942463D+01 0.4215278431722D+00
 0.2290399942140D+01 0.3856838710645D+00
 0.2303199941816D+01 0.3502383036485D+00
 0.2315999941493D+01 0.3151845352506D+00
 0.2328799941170D+01 0.2805161054267D+00
 0.2341599940846D+01 0.2462266949926D+00
 0.2354399940523D+01 0.2123101221848D+00
 0.2367199940199D+01 0.1787603389444D+00
 0.2379999939876D+01 0.1455714273219D+00
 0.2392799939553D+01 0.1127375959977D+00
 0.2405599939229D+01 0.8025317691242D-01
 0.2418399938906D+01 0.4811262200533D-01
 0.2431199938583D+01 0.1631050005546D-01
 0.2443999938259D+01-0.1515850637808D-01
 0.2456799937936D+01-0.4629960392009D-01
 0.2469599937613D+01-0.7711789125110D-01
 0.2482399937289D+01-0.1076183618903D+00
 0.2495199936966D+01-0.1378059068930D+00
 0.2507999936643D+01-0.1676853174650D+00
 0.2520799936319D+01-0.1972612874981D+00
 0.2533599935996D+01-0.2265384160278D+00
 0.2546399935673D+01-0.2555212096178D+00
 0.2559199935349D+01-0.2842140846724D+00
 0.2571999935026D+01-0.3126213696798D+00
 0.2584799934702D+01-0.3407473073891D+00
 0.2597599934379D+01-0.3685960569226D+00
 0.2610399934056D+01-0.3961716958263D+00
 0.2623199933732D+01-0.4234782220600D+00
 0.2635999933409D+01-0.4505195559297D+00
 0.2648799933086D+01-0.4772995419638D+00
 0.2661599932762D+01-0.5038219507351D+00
 0.2674399932439D+01-0.5300904806309D+00
 0.2687199932116D+01-0.5561087595721D+00
 0.2699999931792D+01-0.5818803466833D+00
 0.2712799931469D+01-0.6074087339162D+00
 0.2725599931146D+01-0.6326973476265D+00
 0.2738399930822D+01-0.6577495501072D+00
 0.2751199930499D+01-0.6825686410790D+00
 0.2763999930175D+01-0.7071578591387D+00
 0.2776799929852D+01-0.7315203831684D+00
 0.2789599929529D+01-0.7556593337055D+00
 0.2802399929205D+01-0.7795777742748D+00
 0.2815199928882D+01-0.8032787126849D+00
 0.2827999928559D+01-0.8267651022891D+00
 0.2840799928235D+01-0.8500398432119D+00
 0.2853599927912D+01-0.8731057835433D+00
 0.2866399927589D+01-0.8959657205003D+00
 400 0.000025010  0.000000  1.200000   2H  1
  32  64  96 128 160 192 224 256 288
 0.2499999936845D-04 0.8000000196902D+05
 0.4999999873689D-04 0.4000000093807D+05
 0.7499999810534D-04 0.2666666724032D+05
 0.9999999747379D-04 0.2000000037584D+05
 0.1249999968422D-03 0.1600000024469D+05
 0.1499999962107D-03 0.1333333348021D+05
 0.1749999955791D-03 0.1142857149665D+05
 0.1999999949476D-03 0.1000000000120D+05
 0.2249999943160D-03 0.8888888831136D+04
 0.2499999936845D-03 0.7999999888852D+04
 0.2749999930529D-03 0.7272727112230D+04
 0.2999999924214D-03 0.6666666459838D+04
 0.3249999917898D-03 0.6153845903028D+04
 0.3499999911583D-03 0.5714285421298D+04
 0.3749999905267D-03 0.5333332999648D+04
 0.3999999898952D-03 0.4999999626806D+04
 0.4249999892636D-03 0.4705881941215D+04
 0.4499999886320D-03 0.4444443995008D+04
 0.4749999880005D-03 0.4210525829329D+04
 0.4999999873689D-03 0.3999999477099D+04
 0.5249999867374D-03 0.3809523250683D+04
 0.5499999861058D-03 0.3636363042018D+04
 0.5749999854743D-03 0.3478260240089D+04
 0.5999999848427D-03 0.3333332669058D+04
 0.6249999842112D-03 0.3199999301214D+04
 0.6499999835796D-03 0.3076922343883D+04
 0.6749999829481D-03 0.2962962195896D+04
 0.6999999823165D-03 0.2857142056253D+04
 0.7249999816850D-03 0.2758619855126D+04
 0.7499999810534D-03 0.2666665798661D+04
 0.7749999804219D-03 0.2580644259956D+04
 0.7999999797903D-03 0.2499999065472D+04
 0.8499999785272D-03 0.2352940175912D+04
 0.8999999772641D-03 0.2222221156040D+04
 0.9499999760010D-03 0.2105262026434D+04
 0.9999999747379D-03 0.1999998803552D+04
 0.1049999973475D-02 0.1904760643578D+04
 0.1099999972212D-02 0.1818180492478D+04
 0.1149999970949D-02 0.1739129044747D+04
 0.1199999969685D-02 0.1666665212465D+04
 0.1249999968422D-02 0.1599998481776D+04
 0.1299999967159D-02 0.1538459956344D+04
 0.1349999965896D-02 0.1481479835583D+04
 0.1399999964633D-02 0.1428569718995D+04
 0.1449999963370D-02 0.1379308571664D+04
 0.1499999962107D-02 0.1333331496665D+04
 0.1549999960844D-02 0.1290320680546D+04
 0.1599999959581D-02 0.1249998036537D+04
 0.1649999958317D-02 0.1212119185356D+04
 0.1699999957054D-02 0.1176468498223D+04
 0.1749999955791D-02 0.1142854989649D+04
 0.1799999954528D-02 0.1111108894754D+04
 0.1849999953265D-02 0.1081078801618D+04
 0.1899999952002D-02 0.1052629236418D+04
 0.1949999950739D-02 0.1025638620082D+04
 0.1999999949476D-02 0.9999975314453D+03
 0.2049999948213D-02 0.9756072245789D+03
 0.2099999946950D-02 0.9523783579275D+03
 0.2149999945686D-02 0.9302299007786D+03
 0.2199999944423D-02 0.9090881888479D+03
 0.2249999943160D-02 0.8888861057873D+03
 0.2299999941897D-02 0.8695623714535D+03
 0.2349999940634D-02 0.8510609210337D+03
 0.2399999939371D-02 0.8333303617836D+03
 0.2499999936845D-02 0.7999969029113D+03
 0.2599999934318D-02 0.7692275466677D+03
 0.2699999931792D-02 0.7407373927607D+03
 0.2799999929266D-02 0.7142822409396D+03
 0.2899999926740D-02 0.6896515737476D+03
 0.2999999924214D-02 0.6666629427216D+03
 0.3099999921687D-02 0.6451574411360D+03
 0.3199999919161D-02 0.6249960256054D+03
 0.3299999916635D-02 0.6060565064884D+03
 0.3399999914109D-02 0.5882310693960D+03
 0.3499999911583D-02 0.5714242215828D+03
 0.3599999909056D-02 0.5555510806091D+03
 0.3699999906530D-02 0.5405359405148D+03
 0.3799999904004D-02 0.5263110643884D+03
 0.3899999901478D-02 0.5128156626939D+03
 0.3999999898952D-02 0.4999950248486D+03
 0.4099999896425D-02 0.4877997778884D+03
 0.4199999893899D-02 0.4761852510353D+03
 0.4299999891373D-02 0.4651109289333D+03
 0.4399999888847D-02 0.4545399794402D+03
 0.4499999886320D-02 0.4444388443818D+03
 0.4599999883794D-02 0.4347768836865D+03
 0.4699999881268D-02 0.4255260649482D+03
 0.4799999878742D-02 0.4166606917945D+03
 0.4899999876216D-02 0.4081571655158D+03
 0.4999999873689D-02 0.3999937753001D+03
 0.5099999871163D-02 0.3921505131432D+03
 0.5199999868637D-02 0.3846089101190D+03
 0.5299999866111D-02 0.3773518911820D+03
 0.5399999863585D-02 0.3703636461052D+03
 0.5499999861058D-02 0.3636295144960D+03
 0.5599999858532D-02 0.3571358831332D+03
 0.5799999853480D-02 0.3448203624750D+03
 0.5999999848427D-02 0.3333258598985D+03
 0.6199999843375D-02 0.3225729220411D+03
 0.6399999838322D-02 0.3124920272101D+03
 0.6599999833270D-02 0.3030220805848D+03
 0.6799999828218D-02 0.2941091749706D+03
 0.6999999823165D-02 0.2857055639949D+03
 0.7199999818113D-02 0.2777688064375D+03
 0.7399999813060D-02 0.2702610493188D+03
 0.7599999808008D-02 0.2631484241826D+03
 0.7799999802955D-02 0.2564005362611D+03
 0.7999999797903D-02 0.2499900302629D+03
 0.8199999792851D-02 0.2438922197059D+03
 0.8399999787798D-02 0.2380847692011D+03
 0.8599999782746D-02 0.2325474210705D+03
 0.8799999777693D-02 0.2272617592428D+03
 0.8999999772641D-02 0.2222110046311D+03
 0.9199999767588D-02 0.2173798371995D+03
 0.9399999762536D-02 0.2127542407448D+03
 0.9599999757484D-02 0.2083213670808D+03
 0.9799999752431D-02 0.2040694168529D+03
 0.9999999747379D-02 0.1999875346548D+03
 0.1019999974233D-01 0.1960657164846D+03
 0.1039999973727D-01 0.1922947278790D+03
 0.1059999973222D-01 0.1886660313154D+03
 0.1079999972717D-01 0.1851717216801D+03
 0.1099999972212D-01 0.1818044687771D+03
 0.1119999971706D-01 0.1785574659954D+03
 0.1139999971201D-01 0.1754243843812D+03
 0.1159999970696D-01 0.1723993314603D+03
 0.1179999970191D-01 0.1694768142479D+03
 0.1199999969685D-01 0.1666517059588D+03
 0.1239999968675D-01 0.1612748628092D+03
 0.1279999967664D-01 0.1562340411652D+03
 0.1319999966654D-01 0.1514986936159D+03
 0.1359999965644D-01 0.1470418665641D+03
 0.1399999964633D-01 0.1428396868229D+03
 0.1439999963623D-01 0.1388709337823D+03
 0.1479999962612D-01 0.1351166809520D+03
 0.1519999961602D-01 0.1315599941040D+03
 0.1559999960591D-01 0.1281856758539D+03
 0.1599999959581D-01 0.1249800485559D+03
 0.1639999958570D-01 0.1219307689686D+03
 0.1679999957560D-01 0.1190266693974D+03
 0.1719999956549D-01 0.1162576210030D+03
 0.1759999955539D-01 0.1136144157496D+03
 0.1799999954528D-01 0.1110886640934D+03
 0.1839999953518D-01 0.1086727060163D+03
 0.1879999952507D-01 0.1063595334165D+03
 0.1919999951497D-01 0.1041427222006D+03
 0.1959999950486D-01 0.1020163726911D+03
 0.1999999949476D-01 0.9997505718458D+02
 0.2039999948465D-01 0.9801377367990D+02
 0.2079999947455D-01 0.9612790494519D+02
 0.2119999946444D-01 0.9431318221885D+02
 0.2159999945434D-01 0.9256565294393D+02
 0.2199999944423D-01 0.9088165202208D+02
 0.2239999943413D-01 0.8925777614759D+02
 0.2279999942402D-01 0.8769086084335D+02
 0.2319999941392D-01 0.8617795987198D+02
 0.2359999940381D-01 0.8471632674099D+02
 0.2399999939371D-01 0.8330339805733D+02
 0.2439999938360D-01 0.8193677851934D+02
 0.2479999937350D-01 0.8061422736092D+02
 0.2559999935329D-01 0.7809306735759D+02
 0.2639999933308D-01 0.7572464434026D+02
 0.2719999931287D-01 0.7349548150827D+02
 0.2799999929266D-01 0.7139364226651D+02
 0.2879999927245D-01 0.6940851630795D+02
 0.2959999925224D-01 0.6753064038568D+02
 0.3039999923203D-01 0.6575154738370D+02
 0.3119999921182D-01 0.6406363860825D+02
 0.3199999919161D-01 0.6246007523434D+02
 0.3279999917140D-01 0.6093468563935D+02
 0.3359999915119D-01 0.5948188597446D+02
 0.3439999913098D-01 0.5809661181782D+02
 0.3519999911077D-01 0.5677425914979D+02
 0.3599999909056D-01 0.5551063319673D+02
 0.3679999907035D-01 0.5430190394757D+02
 0.3759999905014D-01 0.5314456734963D+02
 0.3839999902993D-01 0.5203541135450D+02
 0.3919999900972D-01 0.5097148612121D+02
 0.3999999898952D-01 0.4995007779675D+02
 0.4079999896931D-01 0.4896868537831D+02
 0.4159999894910D-01 0.4802500024802D+02
 0.4239999892889D-01 0.4711688802368D+02
 0.4319999890868D-01 0.4624237242475D+02
 0.4399999888847D-01 0.4539962090006D+02
 0.4479999886826D-01 0.4458693179497D+02
 0.4559999884805D-01 0.4380272286920D+02
 0.4639999882784D-01 0.4304552100251D+02
 0.4719999880763D-01 0.4231395294645D+02
 0.4799999878742D-01 0.4160673700269D+02
 0.4879999876721D-01 0.4092267551859D+02
 0.4959999874700D-01 0.4026064810929D+02
 0.5039999872679D-01 0.3961960552535D+02
 0.5199999868637D-01 0.3839660068124D+02
 0.5359999864595D-01 0.3724649091205D+02
 0.5519999860553D-01 0.3616293745478D+02
 0.5679999856511D-01 0.3514031577147D+02
 0.5839999852469D-01 0.3417361771027D+02
 0.5999999848427D-01 0.3325836932041D+02
 0.6159999844385D-01 0.3239056147540D+02
 0.6319999840343D-01 0.3156659103653D+02
 0.6479999836301D-01 0.3078321072704D+02
 0.6639999832259D-01 0.3003748625887D+02
 0.6799999828218D-01 0.2932675951446D+02
 0.6959999824176D-01 0.2864861679511D+02
 0.7119999820134D-01 0.2800086136530D+02
 0.7279999816092D-01 0.2738148960691D+02
 0.7439999812050D-01 0.2678867025518D+02
 0.7599999808008D-01 0.2622072625448D+02
 0.7759999803966D-01 0.2567611886617D+02
 0.7919999799924D-01 0.2515343368608D+02
 0.8079999795882D-01 0.2465136834743D+02
 0.8239999791840D-01 0.2416872163449D+02
 0.8399999787798D-01 0.2370438384946D+02
 0.8559999783756D-01 0.2325732826445D+02
 0.8719999779714D-01 0.2282660350937D+02
 0.8879999775672D-01 0.2241132677361D+02
 0.9039999771630D-01 0.2201067774893D+02
 0.9199999767588D-01 0.2162389319143D+02
 0.9359999763547D-01 0.2125026204383D+02
 0.9519999759505D-01 0.2088912105128D+02
 0.9679999755463D-01 0.2053985080799D+02
 0.9839999751421D-01 0.2020187219288D+02
 0.9999999747379D-01 0.1987464314920D+02
 0.1015999974334D+00 0.1955765576473D+02
 0.1047999973525D+00 0.1895252940814D+02
 0.1079999972717D+00 0.1838301799483D+02
 0.1111999971909D+00 0.1784604639977D+02
 0.1143999971100D+00 0.1733888355682D+02
 0.1175999970292D+00 0.1685909564784D+02
 0.1207999969483D+00 0.1640450673455D+02
 0.1239999968675D+00 0.1597316548861D+02
 0.1271999967867D+00 0.1556331691981D+02
 0.1303999967058D+00 0.1517337829981D+02
 0.1335999966250D+00 0.1480191855237D+02
 0.1367999965441D+00 0.1444764046723D+02
 0.1399999964633D+00 0.1410936544289D+02
 0.1431999963825D+00 0.1378602022684D+02
 0.1463999963016D+00 0.1347662537927D+02
 0.1495999962208D+00 0.1318028527576D+02
 0.1527999961399D+00 0.1289617929986D+02
 0.1559999960591D+00 0.1262355415558D+02
 0.1591999959783D+00 0.1236171714711D+02
 0.1623999958974D+00 0.1211003011205D+02
 0.1655999958166D+00 0.1186790424552D+02
 0.1687999957358D+00 0.1163479540578D+02
 0.1719999956549D+00 0.1141019989307D+02
 0.1751999955741D+00 0.1119365082929D+02
 0.1783999954932D+00 0.1098471483322D+02
 0.1815999954124D+00 0.1078298907887D+02
 0.1847999953316D+00 0.1058809861455D+02
 0.1879999952507D+00 0.1039969401794D+02
 0.1911999951699D+00 0.1021744926439D+02
 0.1943999950890D+00 0.1004105979338D+02
 0.1975999950082D+00 0.9870240770765D+01
 0.2007999949274D+00 0.9704725517107D+01
 0.2039999948465D+00 0.9544264084451D+01
 0.2103999946848D+00 0.9237578912646D+01
 0.2167999945232D+00 0.8948474056794D+01
 0.2231999943615D+00 0.8675434574348D+01
 0.2295999941998D+00 0.8417114431355D+01
 0.2359999940381D+00 0.8172313603768D+01
 0.2423999938765D+00 0.7939958805060D+01
 0.2487999937148D+00 0.7719087187039D+01
 0.2551999935531D+00 0.7508832551562D+01
 0.2615999933914D+00 0.7308413455058D+01
 0.2679999932298D+00 0.7117123071765D+01
 0.2743999930681D+00 0.6934320678752D+01
 0.2807999929064D+00 0.6759423863011D+01
 0.2871999927447D+00 0.6591902253252D+01
 0.2935999925830D+00 0.6431271719714D+01
 0.2999999924214D+00 0.6277089531664D+01
 0.3063999922597D+00 0.6128949912864D+01
 0.3127999920980D+00 0.5986480514607D+01
 0.3191999919363D+00 0.5849338689050D+01
 0.3255999917747D+00 0.5717208932007D+01
 0.3319999916130D+00 0.5589800142651D+01
 0.3383999914513D+00 0.5466843178388D+01
 0.3447999912896D+00 0.5348089035394D+01
 0.3511999911279D+00 0.5233306942287D+01
 0.3575999909663D+00 0.5122282685640D+01
 0.3639999908046D+00 0.5014817161255D+01
 0.3703999906429D+00 0.4910725135594D+01
 0.3767999904812D+00 0.4809834032779D+01
 0.3831999903196D+00 0.4711982880692D+01
 0.3895999901579D+00 0.4617021361972D+01
 0.3959999899962D+00 0.4524808962187D+01
 0.4023999898345D+00 0.4435214165141D+01
 0.4087999896728D+00 0.4348113787779D+01
 0.4215999893495D+00 0.4180941366886D+01
 0.4343999890261D+00 0.4022449694772D+01
 0.4471999887028D+00 0.3871894491686D+01
 0.4599999883794D+00 0.3728615669122D+01
 0.4727999880561D+00 0.3592025940998D+01
 0.4855999877327D+00 0.3461601270582D+01
 0.4983999874094D+00 0.3336872903927D+01
 0.5111999870860D+00 0.3217420435240D+01
 0.5239999867626D+00 0.3102865635608D+01
 0.5367999864393D+00 0.2992867817686D+01
 0.5495999861159D+00 0.2887119681022D+01
 0.5623999857926D+00 0.2785342241631D+01
 0.5751999854692D+00 0.2687284046890D+01
 0.5879999851459D+00 0.2592714969850D+01
 0.6007999848225D+00 0.2501427740791D+01
 0.6135999844992D+00 0.2413231499401D+01
 0.6263999841758D+00 0.2327953871171D+01
 0.6391999838524D+00 0.2245436660742D+01
 0.6519999835291D+00 0.2165533966470D+01
 0.6647999832057D+00 0.2088114647729D+01
 0.6775999828824D+00 0.2013056872173D+01
 0.6903999825590D+00 0.1940248091393D+01
 0.7031999822357D+00 0.1869586250406D+01
 0.7159999819123D+00 0.1800977343489D+01
 0.7287999815890D+00 0.1734334246497D+01
 0.7415999812656D+00 0.1669576635395D+01
 0.7543999809423D+00 0.1606629961610D+01
 0.7671999806189D+00 0.1545425796284D+01
 0.7799999802955D+00 0.1485901478329D+01
 0.7927999799722D+00 0.1427998354511D+01
 0.8055999796488D+00 0.1371662084804D+01
 0.8183999793255D+00 0.1316842281746D+01
 0.8311999790021D+00 0.1263492170272D+01
 0.8439999786788D+00 0.1211568304115D+01
 0.8567999783554D+00 0.1161030275375D+01
 0.8695999780321D+00 0.1111840493446D+01
 0.8823999777087D+00 0.1063963936992D+01
 0.8951999773853D+00 0.1017367983420D+01
 0.9079999770620D+00 0.9720222004267D+00
 0.9207999767386D+00 0.9278982126076D+00
 0.9335999764153D+00 0.8849695348886D+00
 0.9463999760919D+00 0.8432114608717D+00
 0.9591999757686D+00 0.8026009486215D+00
 0.9719999754452D+00 0.7631155892487D+00
 0.9847999751219D+00 0.7247342206167D+00
 0.9975999747985D+00 0.6874390540229D+00
 0.1010399974475D+01 0.6512125417306D+00
 0.1023199974152D+01 0.6160383516171D+00
 0.1035999973828D+01 0.5819014028386D+00
 0.1048799973505D+01 0.5487878030844D+00
 0.1061599973182D+01 0.5166800835116D+00
 0.1074399972858D+01 0.4855682433187D+00
 0.1087199972535D+01 0.4554417402459D+00
 0.1099999972212D+01 0.4262907304892D+00
 0.1112799971888D+01 0.3981056708460D+00
 0.1125599971565D+01 0.3708716220778D+00
 0.1138399971242D+01 0.3445856202868D+00
 0.1151199970918D+01 0.3192415992063D+00
 0.1163999970595D+01 0.2948337941119D+00
 0.1176799970272D+01 0.2713482020680D+00
 0.1189599969948D+01 0.2490093728264D+00
 0.1202399969625D+01 0.2271461540543D+00
 0.1215199969301D+01 0.2057435165862D+00
 0.1227999968978D+01 0.1847870578796D+00
 0.1240799968655D+01 0.1642629696944D+00
 0.1253599968331D+01 0.1441580077517D+00
 0.1266399968008D+01 0.1244594632329D+00
 0.1279199967685D+01 0.1051551359903D+00
 0.1291999967361D+01 0.8623330934941D-01
 0.1304799967038D+01 0.6768272639491D-01
 0.1317599966715D+01 0.4949256763869D-01
 0.1330399966391D+01 0.3165242997699D-01
 0.1343199966068D+01 0.1415230685083D-01
 0.1355999965745D+01-0.3017430469996D-02
 0.1368799965421D+01-0.1986605055279D-01
 0.1381599965098D+01-0.3640247848582D-01
 0.1394399964774D+01-0.5263531164326D-01
 0.1407199964451D+01-0.6857283458976D-01
 0.1419999964128D+01-0.8422303317892D-01
 0.1432799963804D+01-0.9959360789602D-01
 0.1445599963481D+01-0.1146919864920D+00
 0.1458399963158D+01-0.1295253359518D+00
 0.1471199962834D+01-0.1441005738387D+00
 0.1483999962511D+01-0.1584243790504D+00
 0.1496799962188D+01-0.1725032020244D+00
 0.1509599961864D+01-0.1863432744234D+00
 0.1522399961541D+01-0.1999506183321D+00
 0.1535199961218D+01-0.2133310549949D+00
 0.1547999960894D+01-0.2264902131186D+00
 0.1560799960571D+01-0.2394335367676D+00
 0.1573599960248D+01-0.2521662928738D+00
 0.1586399959924D+01-0.2646935783823D+00
 0.1599199959601D+01-0.2770203270541D+00
 0.1611999959277D+01-0.2891513159456D+00
 0.1624799958954D+01-0.3010911715803D+00
 0.1637599958631D+01-0.3128443758323D+00
 0.1650399958307D+01-0.3244152715356D+00
 0.1663199957984D+01-0.3358080678341D+00
 0.1675999957661D+01-0.3470268452870D+00
 0.1688799957337D+01-0.3580755607416D+00
 0.1701599957014D+01-0.3689580519862D+00
 0.1714399956691D+01-0.3796780421950D+00
 0.1727199956367D+01-0.3902391441747D+00
 0.1739999956044D+01-0.4006448644240D+00
 0.1752799955721D+01-0.4108986070157D+00
 0.1765599955397D+01-0.4210036773089D+00
 0.1778399955074D+01-0.4309632855015D+00
 0.1791199954750D+01-0.4407805500308D+00
 0.1803999954427D+01-0.4504585008285D+00
 0.1816799954104D+01-0.4600000824383D+00
 0.1829599953780D+01-0.4694081570033D+00
 0.1842399953457D+01-0.4786855071280D+00
