  -5.5136545792591777E-019  -55.136545792591782        4239350.7693410004        2.4999999368450000E-005
   4.8785157989963545E-018   487.85157989963545        4239350.7693410004        2.4999999368450000E-005
   1.1462812274300548E-017   1146.2812274300550        4239350.7693410004        2.4999999368450000E-005
   1.8319322406997622E-017   1831.9322406997624        4239350.7693410004        2.4999999368450000E-005
   2.5275490215711370E-017   2527.5490215711370        4239350.7693410004        2.4999999368450000E-005
   3.2278521047202818E-017   3227.8521047202817        4239350.7693410004        2.4999999368450000E-005
   3.9307198565236669E-017   3930.7198565236672        4239350.7693410004        2.4999999368450000E-005
   4.6351403996519998E-017   4635.1403996520003        4239350.7693410004        2.4999999368450000E-005
   5.3405713080000684E-017   5340.5713080000687        4239350.7693410004        2.4999999368450000E-005
   6.0466960695329962E-017   6046.6960695329963        4239350.7693410004        2.4999999368450000E-005
  -9.9997415543814063E-021 -0.99997415543814072        79996.869526099996        2.4999999368450000E-005
   2.7494676722745117E-016   27494.676722745120        79996.869526099996        2.4999999368450000E-005
   6.1812750233980020E-016   61812.750233980027        79996.869526099996        2.4999999368450000E-005
   9.7862184563683871E-016   97862.184563683884        79996.869526099996        2.4999999368450000E-005
   1.3455851443358554E-015   134558.51443358554        79996.869526099996        2.4999999368450000E-005
   1.7156146654913620E-015   171561.46654913621        79996.869526099996        2.4999999368450000E-005
   2.0873287878000221E-015   208732.87878000224        79996.869526099996        2.4999999368450000E-005
   2.4600651072567428E-015   246006.51072567428        79996.869526099996        2.4999999368450000E-005
   2.8334674551644948E-015   283346.74551644950        79996.869526099996        2.4999999368450000E-005
   3.2073276024439365E-015   320732.76024439366        79996.869526099996        2.4999999368450000E-005
