 -4.997430984519965E-019  9.238758367629845E-021  2.499999936845000E-005
 -5.401304322639676E-019  2.499999936845000E-005  0.000000000000000E+000
  1.331283340022320E-005   1.12122000000000        4159493.10672100     
  9.999999999999999E-021
 -6.134578794484505E-019  8.906297487477022E-021  2.499999936845000E-005
 -7.900019814899659E-019  3.749999905267500E-005  0.000000000000000E+000
  1.331283340022320E-005   1.12122000000000        3119490.83962200     
  1.461937918381492E-020
 -5.625890897404859E-019  8.735024603199734E-021  2.499999936845000E-005
 -8.468593719881929E-019  3.749999905267500E-005  0.000000000000000E+000
  1.331283340022320E-005   1.12122000000000        3119490.83962200     
  1.445314874373851E-020
 -4.226224787524179E-019  8.576754913272824E-021  2.499999936845000E-005
 -1.102719522004454E-018  4.999999873690000E-005  0.000000000000000E+000
  1.331283340022320E-005   1.12122000000000        2079488.57252300     
  1.873502460319973E-020
 -4.370066862478445E-019  8.646169174193717E-021  2.499999936845000E-005
 -1.085873684861015E-018  4.999999873690000E-005  0.000000000000000E+000
  1.331283340022320E-005   1.12122000000000        2079488.57252300     
  1.884969291037603E-020
 -4.821064691660188E-019  8.484242352584579E-021  2.499999936845000E-005
 -1.304377027984938E-018  6.249999842112500E-005  0.000000000000000E+000
  1.331283340022320E-005   1.12122000000000        1732820.60173300     
  2.317277749747289E-020
 -4.695791337458243E-019  8.438288286571182E-021  2.499999936845000E-005
 -1.326926919444025E-018  6.249999842112500E-005  0.000000000000000E+000
  1.331283340022320E-005   1.12122000000000        1732820.60173300     
  2.309181408666832E-020
 -4.271491413700061E-019  8.339513506670373E-021  2.499999936845000E-005
 -1.555452818606840E-018  7.499999810535000E-005  0.000000000000000E+000
  1.331283340022320E-005   1.12122000000000        1386152.63094300     
  2.728798119694721E-020
 -4.310850034091952E-019  8.354729571066801E-021  2.499999936845000E-005
 -1.547128190434605E-018  7.499999810535000E-005  0.000000000000000E+000
  1.331283340022320E-005   1.12122000000000        1386152.63094300     
  2.732148357023863E-020
 -4.514402141632899E-019  8.244099369044939E-021  2.499999936845000E-005
 -1.762670692139203E-018  8.749999778957500E-005  0.000000000000000E+000
  1.331283340022320E-005   1.12122000000000        1212818.37650500     
  3.149884835577203E-020
 -4.468551461294568E-019  8.223932407772484E-021  2.499999936845000E-005
 -1.772848297516250E-018  8.749999778957500E-005  0.000000000000000E+000
  1.331283340022320E-005   1.12122000000000        1212818.37650500     
  3.144353325476110E-020
 -4.252275269148968E-019  8.146661275482560E-021  2.499999936845000E-005
 -1.993983336564062E-018  9.999999747380000E-005  0.000000000000000E+000
  1.331283340022320E-005   1.12122000000000        1039484.12206700     
  3.554541597801112E-020
 -4.268102031351341E-019  8.152317337891684E-021  2.499999936845000E-005
 -1.989278732252869E-018  9.999999747380000E-005  0.000000000000000E+000
  1.331283340022320E-005   1.12122000000000        1039484.12206700     
  3.556105930360266E-020
 -4.375147844656728E-019  8.067400742850526E-021  2.499999936845000E-005
 -2.202683833820436E-018  1.124999971580250E-004  0.000000000000000E+000
  1.331283340022320E-005   1.12122000000000        935483.407416800     
  3.963721797254851E-020
 -4.353324095540730E-019  8.056165329437364E-021  2.499999936845000E-005
 -2.208036124485706E-018  1.124999971580250E-004  0.000000000000000E+000
  1.331283340022320E-005   1.12122000000000        935483.407416800     
  3.959475967502793E-020
 -4.217531560689375E-019  7.991854569402936E-021  2.499999936845000E-005
 -2.424611141806942E-018  1.249999968422500E-004  0.000000000000000E+000
  1.331283340022320E-005   1.12122000000000        831482.692766600     
  4.361722463304003E-020
 -4.225325447813434E-019  7.994556936663757E-021  2.499999936845000E-005
 -2.421655023460130E-018  1.249999968422500E-004  0.000000000000000E+000
  1.331283340022320E-005   1.12122000000000        831482.692766600     
  4.362627664558106E-020
 -4.286942026203175E-019  7.925140045970277E-021  2.499999936845000E-005
 -2.632921295850801E-018  1.374999965264750E-004  0.000000000000000E+000
  1.331283340022320E-005   1.12122000000000        762148.773935650     
  4.762355511391294E-020
 -4.274727259748390E-019  7.917970917736432E-021  2.499999936845000E-005
 -2.636002124770289E-018  1.374999965264750E-004  0.000000000000000E+000
  1.331283340022320E-005   1.12122000000000        762148.773935650     
  4.758884666856621E-020
 -4.179123075286394E-019  7.862517642072497E-021  2.499999936845000E-005
 -2.849127749434969E-018  1.499999962107000E-004  0.000000000000000E+000
  1.331283340022320E-005   1.12122000000000        692814.855104700     
  5.154424756331750E-020
  8.166790848427532E-018  1.702443742840577E-020  2.499999936845000E-005
  4.984110515347002E-018  2.499999936845000E-005   2.00000000000000     
  1.331283340022320E-005   1.12122000000000        4159493.10672100     
  9.999999999999999E-021
  7.987963557966388E-018  2.198234064173676E-020  2.499999936845000E-005
  9.067505939560768E-018  3.749999905267500E-005   2.00000000000000     
  1.331283340022320E-005   1.12122000000000        3119490.83962200     
  1.851221871420288E-020
  9.926712476505295E-018  2.353990760696079E-020  2.499999936845000E-005
  8.978092294330195E-018  3.749999905267500E-005   2.00000000000000     
  1.331283340022320E-005   1.12122000000000        3119490.83962200     
  2.099117032086838E-020
  1.418681877678408E-017  2.746246736795534E-020  2.499999936845000E-005
  1.491082299185230E-017  4.999999873690000E-005   2.00000000000000     
  1.331283340022320E-005   1.12122000000000        2079488.57252300     
  3.353990760696079E-020
  1.368772511391778E-017  2.682218570609721E-020  2.499999936845000E-005
  1.468127079770617E-017  4.999999873690000E-005   2.00000000000000     
  1.331283340022320E-005   1.12122000000000        2079488.57252300     
  3.258856688229270E-020
  1.386027523946917E-017  3.135194900242245E-020  2.499999936845000E-005
  2.152513335466505E-017  6.249999842112500E-005   2.00000000000000     
  1.331283340022320E-005   1.12122000000000        1732820.60173300     
  4.599965973534131E-020
  1.493213502502402E-017  3.230981501977832E-020  2.499999936845000E-005
  2.161140841744075E-017  6.249999842112500E-005   2.00000000000000     
  1.331283340022320E-005   1.12122000000000        1732820.60173300     
  4.826454138350393E-020
  1.753370435161108E-017  3.603500254027360E-020  2.499999936845000E-005
  2.961340582273018E-017  7.499999810535000E-005   2.00000000000000     
  1.331283340022320E-005   1.12122000000000        1386152.63094300     
  6.489838190207102E-020
  1.731853650606469E-017  3.576690349576750E-020  2.499999936845000E-005
  2.948231246345871E-017  7.499999810535000E-005   2.00000000000000     
  1.331283340022320E-005   1.12122000000000        1386152.63094300     
  6.428535293075476E-020
  1.790755554433813E-017  3.982625044596354E-020  2.499999936845000E-005
  3.814158071649105E-017  8.749999778957500E-005   2.00000000000000     
  1.331283340022320E-005   1.12122000000000        1212818.37650500     
  8.216880467863852E-020
  1.853493363144598E-017  4.053239912593291E-020  2.499999936845000E-005
  3.843609023562778E-017  8.749999778957500E-005   2.00000000000000     
  1.331283340022320E-005   1.12122000000000        1212818.37650500     
  8.419847815373653E-020
  2.059131560550575E-017  4.401702785507098E-020  2.499999936845000E-005
  4.801724609490470E-017  9.999999747380000E-005   2.00000000000000     
  1.331283340022320E-005   1.12122000000000        1039484.12206700     
  1.048177520566877E-019
  2.046901359869089E-017  4.387916858747136E-020  2.499999936845000E-005
  4.794811754064849E-017  9.999999747380000E-005   2.00000000000000     
  1.331283340022320E-005   1.12122000000000        1039484.12206700     
  1.043688913465267E-019
  2.120575441308170E-017  4.763820214835008E-020  2.499999936845000E-005
  5.818262433999394E-017  1.124999971580250E-004   2.00000000000000     
  1.331283340022320E-005   1.12122000000000        935483.407416800     
  1.263084756402623E-019
  2.163183910353012E-017  4.817977346390716E-020  2.499999936845000E-005
  5.855099474718935E-017  1.124999971580250E-004   2.00000000000000     
  1.331283340022320E-005   1.12122000000000        935483.407416800     
  1.281879924207017E-019
  2.335868052743973E-017  5.150445020061745E-020  2.499999936845000E-005
  6.957995664417862E-017  1.249999968422500E-004   2.00000000000000     
  1.331283340022320E-005   1.12122000000000        831482.692766600     
  1.525486648104338E-019
  2.328443132285101E-017  5.142132350456262E-020  2.499999936845000E-005
  6.953193106720753E-017  1.249999968422500E-004   2.00000000000000     
  1.331283340022320E-005   1.12122000000000        831482.692766600     
  1.522054863486272E-019
  2.406410810128767E-017  5.496832613402286E-020  2.499999936845000E-005
  8.117414672863304E-017  1.374999965264750E-004   2.00000000000000     
  1.331283340022320E-005   1.12122000000000        762148.773935650     
  1.779161481009085E-019
  2.438022372920922E-017  5.539941303357426E-020  2.499999936845000E-005
  8.156398511785137E-017  1.374999965264750E-004   2.00000000000000     
  1.331283340022320E-005   1.12122000000000        762148.773935650     
  1.796896494156386E-019
  2.587872483005039E-017  5.860322178878775E-020  2.499999936845000E-005
  9.391215479641676E-017  1.499999962107000E-004   2.00000000000000     
  1.331283340022320E-005   1.12122000000000        692814.855104700     
  2.076048993822015E-019
  2.984186616570522E-017  2.647631658450045E-020  2.499999936845000E-005
  1.169058498705032E-017  2.499999936845000E-005   6.00000000000000     
  1.331283340022320E-005   1.12122000000000        4159493.10672100     
  9.999999999999999E-021
  3.872977990829316E-017  4.378632024370343E-020  2.499999936845000E-005
  2.661151806990293E-017  3.749999905267500E-005   6.00000000000000     
  1.331283340022320E-005   1.12122000000000        3119490.83962200     
  2.323815829225022E-020
  5.679956640320619E-017  5.428127813718661E-020  2.499999936845000E-005
  3.105547494119690E-017  3.749999905267500E-005   6.00000000000000     
  1.331283340022320E-005   1.12122000000000        3119490.83962200     
  3.189316012185172E-020
  9.687449898122846E-017  8.125475390809128E-020  2.499999936845000E-005
  6.849015139025651E-017  4.999999873690000E-005   6.00000000000000     
  1.331283340022320E-005   1.12122000000000        2079488.57252300     
  6.428127813718660E-020
  9.137455609302186E-017  7.668476004060624E-020  2.499999936845000E-005
  6.465309461537237E-017  4.999999873690000E-005   6.00000000000000     
  1.331283340022320E-005   1.12122000000000        2079488.57252300     
  6.064437787572863E-020
  1.095020032149726E-016  1.059886192400971E-019  2.499999936845000E-005
  1.103403726618833E-016  6.249999842112500E-005   6.00000000000000     
  1.331283340022320E-005   1.12122000000000        1732820.60173300     
  9.898675789603175E-020
  1.286178929294153E-016  1.173032071853569E-019  2.499999936845000E-005
  1.194040962228587E-016  6.249999842112500E-005   6.00000000000000     
  1.331283340022320E-005   1.12122000000000        1732820.60173300     
  1.136386874957772E-019
  1.733368973838219E-016  1.533114355286925E-019  2.499999936845000E-005
  1.932709875447877E-016  7.499999810535000E-005   6.00000000000000     
  1.331283340022320E-005   1.12122000000000        1386152.63094300     
  1.779475850610855E-019
  1.689796888108068E-016  1.493051436303211E-019  2.499999936845000E-005
  1.881449689096423E-016  7.499999810535000E-005   6.00000000000000     
  1.331283340022320E-005   1.12122000000000        1386152.63094300     
  1.734076859457631E-019
  1.980274542715037E-016  1.877397047906379E-019  2.499999936845000E-005
  2.726348133150457E-016  8.749999778957500E-005   6.00000000000000     
  1.331283340022320E-005   1.12122000000000        1212818.37650500     
  2.480602577609237E-019
  2.152535955258182E-016  1.994560417684090E-019  2.499999936845000E-005
  2.871586960453942E-016  8.749999778957500E-005   6.00000000000000     
  1.331283340022320E-005   1.12122000000000        1212818.37650500     
  2.672775383410820E-019
  2.663827862970877E-016  2.428616062451057E-019  2.499999936845000E-005
  4.033985644354605E-016  9.999999747380000E-005   6.00000000000000     
  1.331283340022320E-005   1.12122000000000        1039484.12206700     
  3.728637277141721E-019
  2.626622888875547E-016  2.397742939740282E-019  2.499999936845000E-005
  3.984657313600653E-016  9.999999747380000E-005   6.00000000000000     
  1.331283340022320E-005   1.12122000000000        1039484.12206700     
  3.678340597780165E-019
  3.005042921279652E-016  2.865789985593121E-019  2.499999936845000E-005
  5.297968758038427E-016  1.124999971580250E-004   6.00000000000000     
  1.331283340022320E-005   1.12122000000000        935483.407416800     
  4.877212067650307E-019
  3.163679097480299E-016  2.981435762217394E-019  2.499999936845000E-005
  5.487178774240479E-016  1.124999971580250E-004   6.00000000000000     
  1.331283340022320E-005   1.12122000000000        935483.407416800     
  5.111235590576726E-019
  3.729078736493917E-016  3.488859485723164E-019  2.499999936845000E-005
  7.148336411080953E-016  1.249999968422500E-004   6.00000000000000     
  1.331283340022320E-005   1.12122000000000        831482.692766600     
  6.659776359997560E-019
  3.699002979583897E-016  3.464077463026706E-019  2.499999936845000E-005
  7.100181590748882E-016  1.249999968422500E-004   6.00000000000000     
  1.331283340022320E-005   1.12122000000000        831482.692766600     
  6.608516251294244E-019
  4.150594592386228E-016  4.010377479073144E-019  2.499999936845000E-005
  8.949683080540830E-016  1.374999965264750E-004   6.00000000000000     
  1.331283340022320E-005   1.12122000000000        762148.773935650     
  8.340554982807597E-019
  4.298761882654344E-016  4.122961231225728E-019  2.499999936845000E-005
  9.175478886941996E-016  1.374999965264750E-004   6.00000000000000     
  1.331283340022320E-005   1.12122000000000        762148.773935650     
  8.613704990830816E-019
  4.912324724715798E-016  4.701962421859495E-019  2.499999936845000E-005
  1.139894347340323E-015  1.499999962107000E-004   6.00000000000000     
  1.331283340022320E-005   1.12122000000000        692814.855104700     
  1.073147748251997E-018
  6.542812061278523E-017  3.632224859079814E-020  2.499999936845000E-005
  1.867665522344180E-017  2.499999936845000E-005   12.0000000000000     
  1.331283340022320E-005   1.12122000000000        4159493.10672100     
  9.999999999999999E-021
  1.048038075411994E-016  7.341433058515679E-020  2.499999936845000E-005
  5.139071552983442E-017  3.749999905267500E-005   12.0000000000000     
  1.331283340022320E-005   1.12122000000000        3119490.83962200     
  2.816112429539907E-020
  1.832619931922514E-016  1.067111009791772E-019  2.499999936845000E-005
  7.107855899404152E-017  3.749999905267500E-005   12.0000000000000     
  1.331283340022320E-005   1.12122000000000        3119490.83962200     
  4.670716529257840E-020
  3.812277731679807E-016  2.031652460078308E-019  2.499999936845000E-005
  2.019386484156932E-016  4.999999873690000E-005   12.0000000000000     
  1.331283340022320E-005   1.12122000000000        2079488.57252300     
  1.167111009791772E-019
  3.597191022818611E-016  1.906109010909599E-019  2.499999936845000E-005
  1.891412377647197E-016  4.999999873690000E-005   12.0000000000000     
  1.331283340022320E-005   1.12122000000000        2079488.57252300     
  1.099563929545495E-019
  4.984688933304785E-016  3.041395812350129E-019  2.499999936845000E-005
  3.690007889056503E-016  6.249999842112500E-005   12.0000000000000     
  1.331283340022320E-005   1.12122000000000        1732820.60173300     
  2.052618435000294E-019
  6.493867852107173E-016  3.685895209537185E-019  2.499999936845000E-005
  4.383756844299590E-016  6.249999842112500E-005   12.0000000000000     
  1.331283340022320E-005   1.12122000000000        1732820.60173300     
  2.620261835720559E-019
  1.015870276183960E-015  5.673257251402392E-019  2.499999936845000E-005
  8.385280229754370E-016  7.499999810535000E-005   12.0000000000000     
  1.331283340022320E-005   1.12122000000000        1386152.63094300     
  4.785459139082680E-019
  9.795828507976326E-016  5.430784193025857E-019  2.499999936845000E-005
  8.010246936894219E-016  7.499999810535000E-005   12.0000000000000     
  1.331283340022320E-005   1.12122000000000        1386152.63094300     
  4.605221980559932E-019
  1.281969247320851E-015  7.624707803232488E-019  2.499999936845000E-005
  1.290816119088238E-015  8.749999778957500E-005   12.0000000000000     
  1.331283340022320E-005   1.12122000000000        1212818.37650500     
  7.320614077072860E-019
  1.486132388286268E-015  8.586217505792185E-019  2.499999936845000E-005
  1.442009317349847E-015  8.749999778957500E-005   12.0000000000000     
  1.331283340022320E-005   1.12122000000000        1212818.37650500     
  8.417575882176176E-019
  2.060933759095462E-015  1.178235124004733E-018  2.499999936845000E-005
  2.287157081975690E-015  9.999999747380000E-005   12.0000000000000     
  1.331283340022320E-005   1.12122000000000        1039484.12206700     
  1.319143948635212E-018
  2.012491905778645E-015  1.149366326188915E-018  2.499999936845000E-005
  2.230478007207310E-015  9.999999747380000E-005   12.0000000000000     
  1.331283340022320E-005   1.12122000000000        1039484.12206700     
  1.287771965574702E-018
  2.518518172868252E-015  1.502546922016481E-018  2.499999936845000E-005
  3.236723960096633E-015  1.124999971580250E-004   12.0000000000000     
  1.331283340022320E-005   1.12122000000000        935483.407416800     
  1.862455128669159E-018
  2.769286913888444E-015  1.626889857458018E-018  2.499999936845000E-005
  3.489737093641436E-015  1.124999971580250E-004   12.0000000000000     
  1.331283340022320E-005   1.12122000000000        935483.407416800     
  2.039045426582943E-018
  3.576101332936552E-015  2.091537081253952E-018  2.499999936845000E-005
  4.999764921095754E-015  1.249999968422500E-004   12.0000000000000     
  1.331283340022320E-005   1.12122000000000        831482.692766600     
  2.914661823032720E-018
  3.522709304672013E-015  2.060111864688780E-018  2.499999936845000E-005
  4.924511909245408E-015  1.249999968422500E-004   12.0000000000000     
  1.331283340022320E-005   1.12122000000000        831482.692766600     
  2.871068126640013E-018
  4.263623630073683E-015  2.572374563602899E-018  2.499999936845000E-005
  6.685866561581415E-015  1.374999965264750E-004   12.0000000000000     
  1.331283340022320E-005   1.12122000000000        762148.773935650     
  3.901124058984403E-018
  4.556011287222119E-015  2.722175254794572E-018  2.499999936845000E-005
  7.056323724282251E-015  1.374999965264750E-004   12.0000000000000     
  1.331283340022320E-005   1.12122000000000        762148.773935650     
  4.157255408441463E-018
  5.617770341103001E-015  3.355273339208178E-018  2.499999936845000E-005
  9.480523196467528E-015  1.499999962107000E-004   12.0000000000000     
  1.331283340022320E-005   1.12122000000000        692814.855104700     
  5.593243381434586E-018
  1.151027099067696E-016  4.631255614860423E-020  2.499999936845000E-005
  2.576516550741947E-017  2.499999936845000E-005   20.0000000000000     
  1.331283340022320E-005   1.12122000000000        4159493.10672100     
  9.999999999999999E-021
  2.190647974014802E-016  1.106889670956986E-019  2.499999936845000E-005
  8.331652046080425E-017  3.749999905267500E-005   20.0000000000000     
  1.331283340022320E-005   1.12122000000000        3119490.83962200     
  3.315627807430212E-020
  4.510020769552587E-016  1.874156742541047E-019  2.499999936845000E-005
  1.352975642081596E-016  3.749999905267500E-005   20.0000000000000     
  1.331283340022320E-005   1.12122000000000        3119490.83962200     
  6.534448354784930E-020
  1.127844486803970E-015  4.405964243576237E-019  2.499999936845000E-005
  4.767672424626782E-016  4.999999873690000E-005   20.0000000000000     
  1.331283340022320E-005   1.12122000000000        2079488.57252300     
  1.974156742541047E-019
  1.090364811094180E-015  4.224561291097029E-019  2.499999936845000E-005
  4.562786564114558E-016  4.999999873690000E-005   20.0000000000000     
  1.331283340022320E-005   1.12122000000000        2079488.57252300     
  1.905197105343057E-019
  1.718544716072034E-015  7.632974165548805E-019  2.499999936845000E-005
  1.001461061958546E-015  6.249999842112500E-005   20.0000000000000     
  1.331283340022320E-005   1.12122000000000        1732820.60173300     
  4.017477750891572E-019
  2.491839294768390E-015  1.020459615649969E-018  2.499999936845000E-005
  1.315551014447473E-015  6.249999842112500E-005   20.0000000000000     
  1.331283340022320E-005   1.12122000000000        1732820.60173300     
  5.721684188117460E-019
  4.508619503785062E-015  1.837449927213816E-018  2.499999936845000E-005
  2.948117951179846E-015  7.499999810535000E-005   20.0000000000000     
  1.331283340022320E-005   1.12122000000000        1386152.63094300     
  1.210979326184274E-018
  4.337150421558176E-015  1.745555423629165E-018  2.499999936845000E-005
  2.792904045838138E-015  7.499999810535000E-005   20.0000000000000     
  1.331283340022320E-005   1.12122000000000        1386152.63094300     
  1.161756397323175E-018
  6.269903187857372E-015  2.708041417542188E-018  2.499999936845000E-005
  4.961479256617226E-015  8.749999778957500E-005   20.0000000000000     
  1.331283340022320E-005   1.12122000000000        1212818.37650500     
  2.034534109137758E-018
  7.812167951683558E-015  3.259778187060425E-018  2.499999936845000E-005
  5.927855639766825E-015  8.749999778957500E-005   20.0000000000000     
  1.331283340022320E-005   1.12122000000000        1212818.37650500     
  2.515777106094269E-018
  1.213269521054976E-014  5.039465941271578E-018  2.499999936845000E-005
  1.060507199752170E-014  9.999999747380000E-005   20.0000000000000     
  1.331283340022320E-005   1.12122000000000        1039484.12206700     
  4.421534584383599E-018
  1.175898967578490E-014  4.866116915459160E-018  2.499999936845000E-005
  1.023190203103644E-014  9.999999747380000E-005   20.0000000000000     
  1.331283340022320E-005   1.12122000000000        1039484.12206700     
  4.281866493007504E-018
  1.598035050869636E-014  6.911253475725502E-018  2.499999936845000E-005
  1.611139686892889E-014  1.124999971580250E-004   20.0000000000000     
  1.331283340022320E-005   1.12122000000000        935483.407416800     
  6.714924950737083E-018
  1.849006469055863E-014  7.848415556121953E-018  2.499999936845000E-005
  1.822207728538462E-014  1.124999971580250E-004   20.0000000000000     
  1.331283340022320E-005   1.12122000000000        935483.407416800     
  7.737493230870254E-018
  2.616485810762080E-014  1.109248276214566E-017  2.499999936845000E-005
  2.872196672159507E-014  1.249999968422500E-004   20.0000000000000     
  1.331283340022320E-005   1.12122000000000        831482.692766600     
  1.213028204912946E-017
  2.559373179291540E-014  1.083376676336493E-017  2.499999936845000E-005
  2.804268172802238E-014  1.249999968422500E-004   20.0000000000000     
  1.331283340022320E-005   1.12122000000000        831482.692766600     
  1.186152278322413E-017
  3.324076551025487E-014  1.452185049384382E-017  2.499999936845000E-005
  4.083954762448008E-014  1.374999965264750E-004   20.0000000000000     
  1.331283340022320E-005   1.12122000000000        762148.773935650     
  1.727840616490659E-017
  3.688568352150464E-014  1.592258958407416E-017  2.499999936845000E-005
  4.466306448314982E-014  1.374999965264750E-004   20.0000000000000     
  1.331283340022320E-005   1.12122000000000        762148.773935650     
  1.912244803014604E-017
  4.909099409040664E-014  2.122530977198014E-017  2.499999936845000E-005
  6.492836524952702E-014  1.499999962107000E-004   20.0000000000000     
  1.331283340022320E-005   1.12122000000000        692814.855104700     
  2.778411236729828E-017
  1.789198882366251E-016  5.637077523200007E-020  2.499999936845000E-005
  3.290186165001641E-017  2.499999936845000E-005   30.0000000000000     
  1.331283340022320E-005   1.12122000000000        4159493.10672100     
  9.999999999999999E-021
  3.943068081975528E-016  1.555558993746879E-019  2.499999936845000E-005
  1.223618057683290E-016  3.749999905267500E-005   30.0000000000000     
  1.331283340022320E-005   1.12122000000000        3119490.83962200     
  3.818538761600003E-020
  9.405532160353577E-016  3.031207286700572E-019  2.499999936845000E-005
  2.300552657487928E-016  3.749999905267500E-005   30.0000000000000     
  1.331283340022320E-005   1.12122000000000        3119490.83962200     
  8.777794968734395E-020
  2.771870379450790E-015  8.546225456274684E-019  2.499999936845000E-005
  9.734550776853742E-016  4.999999873690000E-005   30.0000000000000     
  1.331283340022320E-005   1.12122000000000        2079488.57252300     
  3.131207286700572E-019
  2.790460588689601E-015  8.526983523583147E-019  2.499999936845000E-005
  9.696535810088890E-016  4.999999873690000E-005   30.0000000000000     
  1.331283340022320E-005   1.12122000000000        2079488.57252300     
  3.147244294914931E-019
  4.933593154256389E-015  1.719425375445867E-018  2.499999936845000E-005
  2.364883875353690E-015  6.249999842112500E-005   30.0000000000000     
  1.331283340022320E-005   1.12122000000000        1732820.60173300     
  7.410736056706505E-019
  7.943195970330437E-015  2.537552740997067E-018  2.499999936845000E-005
  3.436450158137084E-015  6.249999842112500E-005   30.0000000000000     
  1.331283340022320E-005   1.12122000000000        1732820.60173300     
  1.174437117214427E-018
  1.647944125586672E-014  5.285441767282462E-018  2.499999936845000E-005
  8.912849551339326E-015  7.499999810535000E-005   30.0000000000000     
  1.331283340022320E-005   1.12122000000000        1386152.63094300     
  2.852277170488560E-018
  1.597438027555835E-014  5.039955128795372E-018  2.499999936845000E-005
  8.473566929963883E-015  7.499999810535000E-005   30.0000000000000     
  1.331283340022320E-005   1.12122000000000        1386152.63094300     
  2.756740488245934E-018
  2.528396988001252E-014  8.563563371533969E-018  2.499999936845000E-005
  1.646075706774306E-014  8.749999778957500E-005   30.0000000000000     
  1.331283340022320E-005   1.12122000000000        1212818.37650500     
  5.276718052643620E-018
  3.396617924174978E-014  1.106222115731011E-017  2.499999936845000E-005
  2.111555186997014E-014  8.749999778957500E-005   30.0000000000000     
  1.331283340022320E-005   1.12122000000000        1212818.37650500     
  7.038522174012918E-018
  5.887780465511275E-014  1.919828784462716E-017  2.499999936845000E-005
  4.243974617171366E-014  9.999999747380000E-005   30.0000000000000     
  1.331283340022320E-005   1.12122000000000        1039484.12206700     
  1.381896164555604E-017
  5.689640176833764E-014  1.843238299614473E-017  2.499999936845000E-005
  4.069898079232984E-014  9.999999747380000E-005   30.0000000000000     
  1.331283340022320E-005   1.12122000000000        1039484.12206700     
  1.333837582676438E-017
  8.345031060756109E-014  2.826969305132590E-017  2.499999936845000E-005
  6.914718167649865E-014  1.124999971580250E-004   30.0000000000000     
  1.331283340022320E-005   1.12122000000000        935483.407416800     
  2.255456732483675E-017
  1.020495488952670E-013  3.382841430512899E-017  2.499999936845000E-005
  8.242413609611037E-014  1.124999971580250E-004   30.0000000000000     
  1.331283340022320E-005   1.12122000000000        935483.407416800     
  2.747322235242733E-017
  1.580520624319092E-013  5.250560413790079E-017  2.499999936845000E-005
  1.427485296875969E-013  1.249999968422500E-004   30.0000000000000     
  1.331283340022320E-005   1.12122000000000        831482.692766600     
  4.716679013189337E-017
  1.537633674427648E-013  5.091931930980615E-017  2.499999936845000E-005
  1.383570113266470E-013  1.249999968422500E-004   30.0000000000000     
  1.331283340022320E-005   1.12122000000000        831482.692766600     
  4.586074280125693E-017
  2.133327263217845E-013  7.294562236494363E-017  2.499999936845000E-005
  2.152386950480294E-013  1.374999965264750E-004   30.0000000000000     
  1.331283340022320E-005   1.12122000000000        762148.773935650     
  7.132040245616000E-017
  2.469027761742918E-013  8.324779318670776E-017  2.499999936845000E-005
  2.450233744875392E-013  1.374999965264750E-004   30.0000000000000     
  1.331283340022320E-005   1.12122000000000        762148.773935650     
  8.233355398372874E-017
  3.545137481320060E-013  1.199841670885111E-016  2.499999936845000E-005
  3.852597875009388E-013  1.499999962107000E-004   30.0000000000000     
  1.331283340022320E-005   1.12122000000000        692814.855104700     
  1.291085359879647E-016
  2.569014669642749E-016  6.646616564239162E-020  2.499999936845000E-005
  4.006493228930965E-017  2.499999936845000E-005   42.0000000000000     
  1.331283340022320E-005   1.12122000000000        4159493.10672100     
  9.999999999999999E-021
  6.433076718443656E-016  2.079932854214541E-019  2.499999936845000E-005
  1.685156657714471E-016  3.749999905267500E-005   42.0000000000000     
  1.331283340022320E-005   1.12122000000000        3119490.83962200     
  4.323308282119581E-020
  1.751349776562395E-015  4.605886922280073E-019  2.499999936845000E-005
  3.617187682114924E-016  3.749999905267500E-005   42.0000000000000     
  1.331283340022320E-005   1.12122000000000        3119490.83962200     
  1.139966427107270E-019
  5.970357455365761E-015  1.519913316137555E-018  2.499999936845000E-005
  1.791414708851705E-015  4.999999873690000E-005   42.0000000000000     
  1.331283340022320E-005   1.12122000000000        2079488.57252300     
  4.705886922280073E-019
  6.317088592411811E-015  1.594018632241490E-018  2.499999936845000E-005
  1.876160568813236E-015  4.999999873690000E-005   42.0000000000000     
  1.331283340022320E-005   1.12122000000000        2079488.57252300     
  4.972572395131450E-019
  1.238441958335477E-014  3.547184992137682E-018  2.499999936845000E-005
  5.034704865019142E-015  6.249999842112500E-005   42.0000000000000     
  1.331283340022320E-005   1.12122000000000        1732820.60173300     
  1.294266555633890E-018
  2.203512895409262E-014  5.763232910335656E-018  2.499999936845000E-005
  8.068370360490623E-015  6.249999842112500E-005   42.0000000000000     
  1.331283340022320E-005   1.12122000000000        1732820.60173300     
  2.270849735581986E-018
  5.188493664726627E-014  1.371586660919451E-017  2.499999936845000E-005
  2.391128952290586E-014  7.499999810535000E-005   42.0000000000000     
  1.331283340022320E-005   1.12122000000000        1386152.63094300     
  6.260490149848801E-018
  5.113849400969196E-014  1.326079359829883E-017  2.499999936845000E-005
  2.304968095457538E-014  7.499999810535000E-005   42.0000000000000     
  1.331283340022320E-005   1.12122000000000        1386152.63094300     
  6.152377413910258E-018
  8.796436829861266E-014  2.449280183738105E-017  2.499999936845000E-005
  4.861892795942136E-014  8.749999778957500E-005   42.0000000000000     
  1.331283340022320E-005   1.12122000000000        1212818.37650500     
  1.278277421305967E-017
  1.274528804775004E-013  3.399010917339115E-017  2.499999936845000E-005
  6.703186510388171E-014  8.749999778957500E-005   42.0000000000000     
  1.331283340022320E-005   1.12122000000000        1212818.37650500     
  1.839877833260078E-017
  2.453870357837578E-013  6.586640360161876E-017  2.499999936845000E-005
  1.505025614320758E-013  9.999999747380000E-005   42.0000000000000     
  1.331283340022320E-005   1.12122000000000        1039484.12206700     
  4.014248658730141E-017
  2.377223506032233E-013  6.322972963889059E-017  2.499999936845000E-005
  1.442763521788547E-013  9.999999747380000E-005   42.0000000000000     
  1.331283340022320E-005   1.12122000000000        1039484.12206700     
  3.883454728415392E-017
  3.742994143708554E-013  1.041613990054616E-016  2.499999936845000E-005
  2.631375274804664E-013  1.124999971580250E-004   42.0000000000000     
  1.331283340022320E-005   1.12122000000000        935483.407416800     
  7.044941210359922E-017
  4.848468771366968E-013  1.316781234773003E-016  2.499999936845000E-005
  3.314260593642824E-013  1.124999971580250E-004   42.0000000000000     
  1.331283340022320E-005   1.12122000000000        935483.407416800     
  9.091524678688470E-017
  8.200108562806637E-013  2.239311133107455E-016  2.499999936845000E-005
  6.291232293155515E-013  1.249999968422500E-004   42.0000000000000     
  1.331283340022320E-005   1.12122000000000        831482.692766600     
  1.705126707614543E-016
  7.955749117367110E-013  2.161988998172106E-016  2.499999936845000E-005
  6.069473171620199E-013  1.249999968422500E-004   42.0000000000000     
  1.331283340022320E-005   1.12122000000000        831482.692766600     
  1.653078619366806E-016
  1.174372772283492E-012  3.296891666115222E-016  2.499999936845000E-005
  1.004734773030375E-012  1.374999965264750E-004   42.0000000000000     
  1.331283340022320E-005   1.12122000000000        762148.773935650     
  2.734073118452859E-016
  1.421589958140143E-012  3.927842478074832E-016  2.499999936845000E-005
  1.194133703303766E-012  1.374999965264750E-004   42.0000000000000     
  1.331283340022320E-005   1.12122000000000        762148.773935650     
  3.301524452424417E-016
  2.199776464125734E-012  6.114761813382145E-016  2.499999936845000E-005
  2.028537275302163E-012  1.499999962107000E-004   42.0000000000000     
  1.331283340022320E-005   1.12122000000000        692814.855104700     
  5.580921097441637E-016
  3.490578506990370E-016  7.658406347397308E-020  2.499999936845000E-005
  4.724397281598095E-017  2.499999936845000E-005   56.0000000000000     
  1.331283340022320E-005   1.12122000000000        4159493.10672100     
  9.999999999999999E-021
  9.788394868456589E-016  2.679907060111680E-019  2.499999936845000E-005
  2.217728981654995E-016  3.749999905267500E-005   56.0000000000000     
  1.331283340022320E-005   1.12122000000000        3119490.83962200     
  4.829203173698654E-020
  3.001740092336334E-015  6.665948805712078E-019  2.499999936845000E-005
  5.366637162388104E-016  3.749999905267500E-005   56.0000000000000     
  1.331283340022320E-005   1.12122000000000        3119490.83962200     
  1.439953530055840E-019
  1.164959547061501E-014  2.524716224300637E-018  2.499999936845000E-005
  3.048984065152315E-015  4.999999873690000E-005   56.0000000000000     
  1.331283340022320E-005   1.12122000000000        2079488.57252300     
  6.765948805712079E-019
  1.301531645535253E-014  2.796939687735161E-018  2.499999936845000E-005
  3.373879386095652E-015  4.999999873690000E-005   56.0000000000000     
  1.331283340022320E-005   1.12122000000000        2079488.57252300     
  7.550785768232270E-019
  2.802186589299643E-014  6.807329856517943E-018  2.499999936845000E-005
  9.881537613771917E-015  6.249999842112500E-005   56.0000000000000     
  1.331283340022320E-005   1.12122000000000        1732820.60173300     
  2.153548420690807E-018
  5.479238346374707E-014  1.212427203293822E-017  2.499999936845000E-005
  1.738481233259387E-014  6.249999842112500E-005   56.0000000000000     
  1.331283340022320E-005   1.12122000000000        1732820.60173300     
  4.158743505082198E-018
  1.449427440124350E-013  3.258174582686129E-017  2.499999936845000E-005
  5.816626284984273E-014  7.499999810535000E-005   56.0000000000000     
  1.331283340022320E-005   1.12122000000000        1386152.63094300     
  1.287935060976145E-017
  1.462851562956893E-013  3.219043503627144E-017  2.499999936845000E-005
  5.730497258297475E-014  7.499999810535000E-005   56.0000000000000     
  1.331283340022320E-005   1.12122000000000        1386152.63094300     
  1.296206012574136E-017
  2.717345752009450E-013  6.421862898288952E-017  2.499999936845000E-005
  1.304475507308194E-013  8.749999778957500E-005   56.0000000000000     
  1.331283340022320E-005   1.12122000000000        1212818.37650500     
  2.905727764387708E-017
  4.241127657478788E-013  9.568113151919192E-017  2.499999936845000E-005
  1.931722601834472E-013  8.749999778957500E-005   56.0000000000000     
  1.331283340022320E-005   1.12122000000000        1212818.37650500     
  4.507137461718612E-017
  9.018620696017251E-013  2.057486473283352E-016  2.499999936845000E-005
  4.814177383308535E-013  9.999999747380000E-005   56.0000000000000     
  1.331283340022320E-005   1.12122000000000        1039484.12206700     
  1.086431916449333E-016
  8.805936843272938E-013  1.985858528550879E-016  2.499999936845000E-005
  4.639452905488184E-013  9.999999747380000E-005   56.0000000000000     
  1.331283340022320E-005   1.12122000000000        1039484.12206700     
  1.059184940205363E-016
  1.481489712518858E-012  3.497432339553265E-016  2.499999936845000E-005
  9.042421327124652E-013  1.124999971580250E-004   56.0000000000000     
  1.331283340022320E-005   1.12122000000000        935483.407416800     
  2.052114204480802E-016
  2.034357804344341E-012  4.675938075333654E-016  2.499999936845000E-005
  1.204690146808247E-012  1.124999971580250E-004   56.0000000000000     
  1.331283340022320E-005   1.12122000000000        935483.407416800     
  2.807901109981995E-016
  3.746017950185288E-012  8.685282685339058E-016  2.499999936845000E-005
  2.498303094893159E-012  1.249999968422500E-004   56.0000000000000     
  1.331283340022320E-005   1.12122000000000        831482.692766600     
  5.735123015539017E-016
  3.636239672943023E-012  8.375186769985855E-016  2.499999936845000E-005
  2.406996401921982E-012  1.249999968422500E-004   56.0000000000000     
  1.331283340022320E-005   1.12122000000000        831482.692766600     
  5.562165280815992E-016
  5.690354112369514E-012  1.354636515586656E-015  2.499999936845000E-005
  4.225116238393493E-012  1.374999965264750E-004   56.0000000000000     
  1.331283340022320E-005   1.12122000000000        762148.773935650     
  9.749758665808919E-016
  7.216394764336983E-012  1.687846333111297E-015  2.499999936845000E-005
  5.252173458106739E-012  1.374999965264750E-004   56.0000000000000     
  1.331283340022320E-005   1.12122000000000        762148.773935650     
  1.233534785874927E-015
  1.201524844387499E-011  2.833591293776825E-015  2.499999936845000E-005
  9.623391166258964E-012  1.499999962107000E-004   56.0000000000000     
  1.331283340022320E-005   1.12122000000000        692814.855104700     
  2.244062861192896E-015
  4.553946175625526E-016  8.671660711004994E-020  2.499999936845000E-005
  5.443340510838940E-017  2.499999936845000E-005   72.0000000000000     
  1.331283340022320E-005   1.12122000000000        4159493.10672100     
  9.999999999999999E-021
  1.413671919743506E-015  3.355425751865174E-019  2.499999936845000E-005
  2.821307138896657E-016  3.749999905267500E-005   72.0000000000000     
  1.331283340022320E-005   1.12122000000000        3119490.83962200     
  5.335830355502497E-020
  4.828990538480452E-015  9.279200592381079E-019  2.499999936845000E-005
  7.612693649801426E-016  3.749999905267500E-005   72.0000000000000     
  1.331283340022320E-005   1.12122000000000        3119490.83962200     
  1.777712875932587E-019
  2.105243770182665E-014  3.970851024263535E-018  2.499999936845000E-005
  4.883423943588841E-015  4.999999873690000E-005   72.0000000000000     
  1.331283340022320E-005   1.12122000000000        2079488.57252300     
  9.379200592381079E-019
  2.487989510269634E-014  4.655476353864125E-018  2.499999936845000E-005
  5.719959611081244E-015  4.999999873690000E-005   72.0000000000000     
  1.331283340022320E-005   1.12122000000000        2079488.57252300     
  1.107415483370473E-018
  5.835373636873318E-014  1.230122550305511E-017  2.499999936845000E-005
  1.815990716242941E-014  6.249999842112500E-005   72.0000000000000     
  1.331283340022320E-005   1.12122000000000        1732820.60173300     
  3.435153660302535E-018
  1.246828438573442E-013  2.390130111614751E-017  2.499999936845000E-005
  3.489682779544784E-014  6.249999842112500E-005   72.0000000000000     
  1.331283340022320E-005   1.12122000000000        1732820.60173300     
  7.258028234898028E-018
  3.670433640876655E-013  7.175644744662683E-017  2.499999936845000E-005
  1.304028034684254E-013  7.499999810535000E-005   72.0000000000000     
  1.331283340022320E-005   1.12122000000000        1386152.63094300     
  2.500871659951798E-017
  3.812917317808760E-013  7.285936713086748E-017  2.499999936845000E-005
  1.320526962181673E-013  7.499999810535000E-005   72.0000000000000     
  1.331283340022320E-005   1.12122000000000        1386152.63094300     
  2.591024498985317E-017
  7.606979488783249E-013  1.561366589663277E-016  2.499999936845000E-005
  3.226985621086053E-013  8.749999778957500E-005   72.0000000000000     
  1.331283340022320E-005   1.12122000000000        1212818.37650500     
  6.233992855528691E-017
  1.276172057374201E-012  2.493499535029361E-016  2.499999936845000E-005
  5.124016706573297E-013  8.749999778957500E-005   72.0000000000000     
  1.331283340022320E-005   1.12122000000000        1212818.37650500     
  1.039785744730170E-016
  2.979865122242788E-012  5.912133956250473E-016  2.499999936845000E-005
  1.408224753592369E-012  9.999999747380000E-005   72.0000000000000     
  1.331283340022320E-005   1.12122000000000        1039484.12206700     
  2.752601984927893E-016
  2.946646178187727E-012  5.766021740689949E-016  2.499999936845000E-005
  1.371202173972953E-012  9.999999747380000E-005   72.0000000000000     
  1.331283340022320E-005   1.12122000000000        1039484.12206700     
  2.717512429389269E-016
  5.275120251119371E-012  1.081208542851680E-015  2.499999936845000E-005
  2.844525263066817E-012  1.124999971580250E-004   72.0000000000000     
  1.331283340022320E-005   1.12122000000000        935483.407416800     
  5.600523299734243E-016
  7.677607051136670E-012  1.528865569822042E-015  2.499999936845000E-005
  4.008762299532639E-012  1.124999971580250E-004   72.0000000000000     
  1.331283340022320E-005   1.12122000000000        935483.407416800     
  8.123555143647667E-016
  1.533932717210100E-011  3.090466987198285E-015  2.499999936845000E-005
  9.048809225109623E-012  1.249999968422500E-004   72.0000000000000     
  1.331283340022320E-005   1.12122000000000        831482.692766600     
  1.800616812760968E-015
  1.494786131158667E-011  2.986681734373732E-015  2.499999936845000E-005
  8.736440166439753E-012  1.249999968422500E-004   72.0000000000000     
  1.331283340022320E-005   1.12122000000000        831482.692766600     
  1.752954140708047E-015
  2.471899249207414E-011  5.107406973583894E-015  2.499999936845000E-005
  1.621037082223309E-011  1.374999965264750E-004   72.0000000000000     
  1.331283340022320E-005   1.12122000000000        762148.773935650     
  3.246295007894913E-015
  3.286757752715795E-011  6.661608745381942E-015  2.499999936845000E-005
  2.109593641247682E-011  1.374999965264750E-004   72.0000000000000     
  1.331283340022320E-005   1.12122000000000        762148.773935650     
  4.306657627499994E-015
  5.876613223329237E-011  1.203573115224002E-014  2.499999936845000E-005
  4.160401769359770E-011  1.499999962107000E-004   72.0000000000000     
  1.331283340022320E-005   1.12122000000000        692814.855104700     
  8.414562886089988E-015
  5.759150226892481E-016  9.685920887383799E-020  2.499999936845000E-005
  6.162997403210833E-017  2.499999936845000E-005   90.0000000000000     
  1.331283340022320E-005   1.12122000000000        4159493.10672100     
  9.999999999999999E-021
  1.960573464893874E-015  4.106456332405396E-019  2.499999936845000E-005
  3.495874853767324E-016  3.749999905267500E-005   90.0000000000000     
  1.331283340022320E-005   1.12122000000000        3119490.83962200     
  5.842960443691900E-020
  7.389287082689719E-015  1.251347615905205E-018  2.499999936845000E-005
  1.041916706479045E-015  3.749999905267500E-005   90.0000000000000     
  1.331283340022320E-005   1.12122000000000        3119490.83962200     
  2.153228166202698E-019
  3.578562508859007E-014  5.973707639170996E-018  2.499999936845000E-005
  7.450917056721827E-015  4.999999873690000E-005   90.0000000000000     
  1.331283340022320E-005   1.12122000000000        2079488.57252300     
  1.261347615905205E-018
  4.474060623999592E-014  7.412789403558664E-018  2.499999936845000E-005
  9.238506841773191E-015  4.999999873690000E-005   90.0000000000000     
  1.331283340022320E-005   1.12122000000000        2079488.57252300     
  1.575758891056054E-018
  1.135371401057817E-013  2.113248793843842E-017  2.499999936845000E-005
  3.160880996177115E-014  6.249999842112500E-005   90.0000000000000     
  1.331283340022320E-005   1.12122000000000        1732820.60173300     
  5.282153592835386E-018
  2.636466646555690E-013  4.457452384539951E-017  2.499999936845000E-005
  6.600707689466405E-014  6.249999842112500E-005   90.0000000000000     
  1.331283340022320E-005   1.12122000000000        1732820.60173300     
  1.214200286027527E-017
  8.563677926736277E-013  1.480986302774623E-016  2.499999936845000E-005
  2.728851714973422E-013  7.499999810535000E-005   90.0000000000000     
  1.331283340022320E-005   1.12122000000000        1386152.63094300     
  4.615028273645557E-017
  9.189178234639293E-013  1.551462164330259E-016  2.499999936845000E-005
  2.851511749144941E-013  7.499999810535000E-005   90.0000000000000     
  1.331283340022320E-005   1.12122000000000        1386152.63094300     
  4.939666609917221E-017
  1.959622145803244E-012  3.554553737989651E-016  2.499999936845000E-005
  7.446100866464587E-013  8.749999778957500E-005   90.0000000000000     
  1.331283340022320E-005   1.12122000000000        1212818.37650500     
  1.269697743156852E-016
  3.524527928995631E-012  6.071207474526277E-016  2.499999936845000E-005
  1.264962247816116E-012  8.749999778957500E-005   90.0000000000000     
  1.331283340022320E-005   1.12122000000000        1212818.37650500     
  2.271243529986548E-016
  8.985466340746076E-012  1.577376818044109E-015  2.499999936845000E-005
  3.809679103910125E-012  9.999999747380000E-005   90.0000000000000     
  1.331283340022320E-005   1.12122000000000        1039484.12206700     
  6.565174135517999E-016
  9.034622191220589E-012  1.561029275766100E-015  2.499999936845000E-005
  3.763931893882453E-012  9.999999747380000E-005   90.0000000000000     
  1.331283340022320E-005   1.12122000000000        1039484.12206700     
  6.590092122625590E-016
  1.714763579995953E-011  3.105279779902189E-015  2.499999936845000E-005
  8.281242989492748E-012  1.124999971580250E-004   90.0000000000000     
  1.331283340022320E-005   1.12122000000000        935483.407416800     
  1.439523850145609E-015
  2.643083968656486E-011  4.641264095167560E-015  2.499999936845000E-005
  1.233774979386222E-011  1.124999971580250E-004   90.0000000000000     
  1.331283340022320E-005   1.12122000000000        935483.407416800     
  2.211649102213653E-015
  5.708839705434035E-011  1.017087797882926E-014  2.499999936845000E-005
  3.019477158044731E-011  1.249999968422500E-004   90.0000000000000     
  1.331283340022320E-005   1.12122000000000        831482.692766600     
  5.300273307430118E-015
  5.602937089982775E-011  9.883337434819837E-015  2.499999936845000E-005
  2.931059359698407E-011  1.249999968422500E-004   90.0000000000000     
  1.331283340022320E-005   1.12122000000000        831482.692766600     
  5.196508379718367E-015
  9.762793703596113E-011  1.781753035249688E-014  2.499999936845000E-005
  5.732527904689795E-011  1.374999965264750E-004   90.0000000000000     
  1.331283340022320E-005   1.12122000000000        762148.773935650     
  1.013817709712829E-014
  1.361267898707837E-010  2.433473547323338E-014  2.499999936845000E-005
  7.812456211496464E-011  1.374999965264750E-004   90.0000000000000     
  1.331283340022320E-005   1.12122000000000        762148.773935650     
  1.410527355596681E-014
  2.607765300210247E-010  4.720495358302181E-014  2.499999936845000E-005
  1.654373834677678E-010  1.499999962107000E-004   90.0000000000000     
  1.331283340022320E-005   1.12122000000000        692814.855104700     
  2.953124385295175E-014
 -9.999925116804391E-021  9.999483750110972E-021  2.499999936845000E-005
 -9.999911057787235E-021  2.499999936845000E-005  0.000000000000000E+000
  1.331283340022320E-005   1.12122000000000        79998.2254993100     
  9.999999999999999E-021
 -1.249945132622202E-020  9.999153386916564E-021  2.499999936845000E-005
 -1.499987361618943E-020  3.749999905267500E-005  0.000000000000000E+000
  1.331283340022320E-005   1.12122000000000        59998.2249718000     
  1.499974187505549E-020
 -1.166602815339319E-020  9.998987065215510E-021  2.499999936845000E-005
 -1.624963672089825E-020  3.749999905267500E-005  0.000000000000000E+000
  1.331283340022320E-005   1.12122000000000        59998.2249718000     
  1.499957669345828E-020
 -9.165689803134133E-021  9.998663453827600E-021  2.499999936845000E-005
 -2.166593921118043E-020  4.999999873690000E-005  0.000000000000000E+000
  1.331283340022320E-005   1.12122000000000        39998.2244442900     
  1.999898706521551E-020
 -9.374073674670682E-021  9.998721557907007E-021  2.499999936845000E-005
 -2.124934003764873E-020  4.999999873690000E-005  0.000000000000000E+000
  1.331283340022320E-005   1.12122000000000        39998.2244442900     
  1.999907135136712E-020
 -1.045706644812830E-020  9.998436709493018E-021  2.499999936845000E-005
 -2.593637687498407E-020  6.249999842112500E-005  0.000000000000000E+000
  1.331283340022320E-005   1.12122000000000        33331.5575908500     
  2.499843213032062E-020
 -1.024034920893111E-020  9.998360195143018E-021  2.499999936845000E-005
 -2.647787326171288E-020  6.249999842112500E-005  0.000000000000000E+000
  1.331283340022320E-005   1.12122000000000        33331.5575908500     
  2.499828970611363E-020
 -9.501233120393068E-021  9.998077135502949E-021  2.499999936845000E-005
 -3.148968924657983E-020  7.499999810535000E-005  0.000000000000000E+000
  1.331283340022320E-005   1.12122000000000        26664.8907374100     
  2.999743154651014E-020
 -9.566367553542017E-021  9.998096603946344E-021  2.499999936845000E-005
 -3.129436305584582E-020  7.499999810535000E-005  0.000000000000000E+000
  1.331283340022320E-005   1.12122000000000        26664.8907374100     
  2.999747010181413E-020
 -1.010619179429568E-020  9.997823155730422E-021  2.499999936845000E-005
 -3.607754683261683E-020  8.749999778957500E-005  0.000000000000000E+000
  1.331283340022320E-005   1.12122000000000        23331.5573031200     
  3.499651840378730E-020
 -1.002899429212716E-020  9.997775247866810E-021  2.499999936845000E-005
 -3.634745895299366E-020  8.749999778957500E-005  0.000000000000000E+000
  1.331283340022320E-005   1.12122000000000        23331.5573031200     
  3.499638167967934E-020
 -9.666127999360658E-021  9.997503197040799E-021  2.499999936845000E-005
 -4.132335734797299E-020  9.999999747380000E-005  0.000000000000000E+000
  1.331283340022320E-005   1.12122000000000        19998.2238688300     
  3.999524534968094E-020
 -9.694102510171686E-021  9.997512784483658E-021  2.499999936845000E-005
 -4.121150767680388E-020  9.999999747380000E-005  0.000000000000000E+000
  1.331283340022320E-005   1.12122000000000        19998.2238688300     
  3.999526953651106E-020
 -1.001133908633917E-020  9.997245048250056E-021  2.499999936845000E-005
 -4.605855893188973E-020  1.124999971580250E-004  0.000000000000000E+000
  1.331283340022320E-005   1.12122000000000        17998.2238024400     
  4.499402592875289E-020
 -9.976030339417096E-021  9.997210384110675E-021  2.499999936845000E-005
 -4.621717721997347E-020  1.124999971580250E-004  0.000000000000000E+000
  1.331283340022320E-005   1.12122000000000        17998.2238024400     
  4.499389206063609E-020
 -9.758665178073233E-021  9.996943726406354E-021  2.499999936845000E-005
 -5.118753801622098E-020  1.249999968422500E-004  0.000000000000000E+000
  1.331283340022320E-005   1.12122000000000        15998.2237360500     
  4.999247992062174E-020
 -9.772961365740948E-021  9.996949395362572E-021  2.499999936845000E-005
 -5.111609210009679E-020  1.249999968422500E-004  0.000000000000000E+000
  1.331283340022320E-005   1.12122000000000        15998.2237360500     
  4.999249743244630E-020
 -9.980169372887548E-021  9.996685147642438E-021  2.499999936845000E-005
 -5.600257278296726E-020  1.374999965264750E-004  0.000000000000000E+000
  1.331283340022320E-005   1.12122000000000        14664.8903537250     
  5.499097213012759E-020
 -9.961283838078468E-021  9.996658029315295E-021  2.499999936845000E-005
 -5.610617678654055E-020  1.374999965264750E-004  0.000000000000000E+000
  1.331283340022320E-005   1.12122000000000        14664.8903537250     
  5.499084000626752E-020
 -9.815839457151927E-021  9.996394618281376E-021  2.499999936845000E-005
 -6.107737593817525E-020  1.499999962107000E-004  0.000000000000000E+000
  1.331283340022320E-005   1.12122000000000        13331.5569714000     
  5.998915546176159E-020
  1.124437320331386E-016  2.419400945052569E-020  2.499999936845000E-005
  2.749421066727288E-016  2.499999936845000E-005   2.00000000000000     
  1.331283340022320E-005   1.12122000000000        79998.2254993100     
  9.999999999999999E-021
  2.159755086774460E-016  2.962345955778057E-020  2.499999936845000E-005
  3.311639726892981E-016  3.749999905267500E-005   2.00000000000000     
  1.331283340022320E-005   1.12122000000000        59998.2249718000     
  2.209700472526284E-020
  2.351219721645907E-016  3.376113811570875E-020  2.499999936845000E-005
  3.829298610114518E-016  3.749999905267500E-005   2.00000000000000     
  1.331283340022320E-005   1.12122000000000        59998.2249718000     
  2.481172977889029E-020
  3.160303294187130E-016  4.142245756012058E-020  2.499999936845000E-005
  5.100640788373195E-016  4.999999873690000E-005   2.00000000000000     
  1.331283340022320E-005   1.12122000000000        39998.2244442900     
  4.376113811570875E-020
  3.005589877187758E-016  4.006279110171717E-020  2.499999936845000E-005
  4.967202771953830E-016  4.999999873690000E-005   2.00000000000000     
  1.331283340022320E-005   1.12122000000000        39998.2244442900     
  4.206427705960415E-020
  2.916753130189996E-016  4.819095525737945E-020  2.499999936845000E-005
  6.469997710547709E-016  6.249999842112500E-005   2.00000000000000     
  1.331283340022320E-005   1.12122000000000        33331.5575908500     
  6.209567261046274E-020
  3.294799447140528E-016  4.965626525922732E-020  2.499999936845000E-005
  6.425579337048828E-016  6.249999842112500E-005   2.00000000000000     
  1.331283340022320E-005   1.12122000000000        33331.5575908500     
  6.615975468829388E-020
  3.262314926956616E-016  5.856104952357377E-020  2.499999936845000E-005
  8.262002219094358E-016  7.499999810535000E-005   2.00000000000000     
  1.331283340022320E-005   1.12122000000000        26664.8907374100     
  9.172054231883147E-020
  3.282624475383838E-016  5.775147626719257E-020  2.499999936845000E-005
  8.082371098421401E-016  7.499999810535000E-005   2.00000000000000     
  1.331283340022320E-005   1.12122000000000        26664.8907374100     
  9.111732400268823E-020
  3.200151013287423E-016  6.614396461204130E-020  2.499999936845000E-005
  9.723683336113320E-016  8.749999778957500E-005   2.00000000000000     
  1.331283340022320E-005   1.12122000000000        23331.5573031200     
  1.199930621362845E-019
  3.421000028947618E-016  6.720777689199071E-020  2.499999936845000E-005
  9.682446605065113E-016  8.749999778957500E-005   2.00000000000000     
  1.331283340022320E-005   1.12122000000000        23331.5573031200     
  1.241893063087089E-019
  3.375107427305508E-016  7.599657455337441E-020  2.499999936845000E-005
  1.150337112736902E-015  9.999999747380000E-005   2.00000000000000     
  1.331283340022320E-005   1.12122000000000        19998.2238688300     
  1.583251008946789E-019
  3.382796602818300E-016  7.554984908157598E-020  2.499999936845000E-005
  1.139904342961464E-015  9.999999747380000E-005   2.00000000000000     
  1.331283340022320E-005   1.12122000000000        19998.2238688300     
  1.578592463074601E-019
  3.324900811441308E-016  8.404226727797736E-020  2.499999936845000E-005
  1.309044173102379E-015  1.124999971580250E-004   2.00000000000000     
  1.331283340022320E-005   1.12122000000000        17998.2238024400     
  1.956341708482481E-019
  3.466639238777088E-016  8.489615816081402E-020  2.499999936845000E-005
  1.306149383533529E-015  1.124999971580250E-004   2.00000000000000     
  1.331283340022320E-005   1.12122000000000        17998.2238024400     
  1.998803799464487E-019
  3.430010229021989E-016  9.363113660548821E-020  2.499999936845000E-005
  1.486568266839173E-015  1.249999968422500E-004   2.00000000000000     
  1.331283340022320E-005   1.12122000000000        15998.2237360500     
  2.427554044682741E-019
  3.433279994372563E-016  9.334967112932007E-020  2.499999936845000E-005
  1.479835791832748E-015  1.249999968422500E-004   2.00000000000000     
  1.331283340022320E-005   1.12122000000000        15998.2237360500     
  2.423688857349012E-019
  3.391658771701681E-016  1.019021225886202E-019  2.499999936845000E-005
  1.651499791551377E-015  1.374999965264750E-004   2.00000000000000     
  1.331283340022320E-005   1.12122000000000        14664.8903537250     
  2.890437212995613E-019
  3.490043558758513E-016  1.026174336687313E-019  2.499999936845000E-005
  1.649418730417833E-015  1.374999965264750E-004   2.00000000000000     
  1.331283340022320E-005   1.12122000000000        14664.8903537250     
  2.933199470292113E-019
  3.461518382471407E-016  1.113340048647626E-019  2.499999936845000E-005
  1.828840147708600E-015  1.499999962107000E-004   2.00000000000000     
  1.331283340022320E-005   1.12122000000000        13331.5569714000     
  3.449863194036326E-019
  5.440804908648474E-016  4.191056837198519E-020  2.499999936845000E-005
  6.181170249251046E-016  2.499999936845000E-005   6.00000000000000     
  1.331283340022320E-005   1.12122000000000        79998.2254993100     
  9.999999999999999E-021
  1.242165878210822E-015  6.066636633300436E-020  2.499999936845000E-005
  8.901572703575283E-016  3.749999905267500E-005   6.00000000000000     
  1.331283340022320E-005   1.12122000000000        59998.2249718000     
  3.095528418599260E-020
  1.565566739845252E-015  8.261441082560128E-020  2.499999936845000E-005
  1.239199964030516E-015  3.749999905267500E-005   6.00000000000000     
  1.331283340022320E-005   1.12122000000000        59998.2249718000     
  4.033318316650218E-020
  2.534067475258383E-015  1.299698400226013E-019  2.499999936845000E-005
  2.183683764770357E-015  4.999999873690000E-005   6.00000000000000     
  1.331283340022320E-005   1.12122000000000        39998.2244442900     
  9.261441082560129E-020
  2.349359003212915E-015  1.223976850447907E-019  2.499999936845000E-005
  2.067052558631001E-015  4.999999873690000E-005   6.00000000000000     
  1.331283340022320E-005   1.12122000000000        39998.2244442900     
  8.640699378529961E-020
  2.629109600990697E-015  1.760487926035228E-019  2.499999936845000E-005
  3.241732060237459E-015  6.249999842112500E-005   6.00000000000000     
  1.331283340022320E-005   1.12122000000000        33331.5575908500     
  1.476058363076950E-019
  3.286626013082111E-015  1.918276464487922E-019  2.499999936845000E-005
  3.381607359126350E-015  6.249999842112500E-005   6.00000000000000     
  1.331283340022320E-005   1.12122000000000        33331.5575908500     
  1.744313900870610E-019
  3.690966900423586E-015  2.741007604872071E-019  2.499999936845000E-005
  5.353678571713112E-015  7.499999810535000E-005   6.00000000000000     
  1.331283340022320E-005   1.12122000000000        26664.8907374100     
  2.782346402340918E-019
  3.732249017628963E-015  2.626277936830065E-019  2.499999936845000E-005
  5.045685413928021E-015  7.499999810535000E-005   6.00000000000000     
  1.331283340022320E-005   1.12122000000000        26664.8907374100     
  2.751155477247376E-019
  4.100462403311719E-015  3.425923026373000E-019  2.499999936845000E-005
  6.911809922742502E-015  8.749999778957500E-005   6.00000000000000     
  1.331283340022320E-005   1.12122000000000        23331.5573031200     
  4.064294445662408E-019
  4.645511089532145E-015  3.600481703042364E-019  2.499999936845000E-005
  7.095916615583880E-015  8.749999778957500E-005   6.00000000000000     
  1.331283340022320E-005   1.12122000000000        23331.5573031200     
  4.464116990433875E-019
  5.101046336097020E-015  4.655773642218853E-019  2.499999936845000E-005
  9.691196503460166E-015  9.999999747380000E-005   6.00000000000000     
  1.331283340022320E-005   1.12122000000000        19998.2238688300     
  6.351637180289740E-019
  5.112623254137573E-015  4.562942044421002E-019  2.499999936845000E-005
  9.433225803830305E-015  9.999999747380000E-005   6.00000000000000     
  1.331283340022320E-005   1.12122000000000        19998.2238688300     
  6.306965650227316E-019
  5.546553913393585E-015  5.624165825245438E-019  2.499999936845000E-005
  1.198953743089909E-014  1.124999971580250E-004   6.00000000000000     
  1.331283340022320E-005   1.12122000000000        17998.2238024400     
  8.588436672437817E-019
  6.005625993217096E-015  5.809318341207012E-019  2.499999936845000E-005
  1.220650276052710E-014  1.124999971580250E-004   6.00000000000000     
  1.331283340022320E-005   1.12122000000000        17998.2238024400     
  9.119048562850035E-019
  6.500916810724691E-015  7.105075418143980E-019  2.499999936845000E-005
  1.543885179704740E-014  1.249999968422500E-004   6.00000000000000     
  1.331283340022320E-005   1.12122000000000        15998.2237360500     
  1.211628399143433E-018
  6.502449389235105E-015  7.027872570976845E-019  2.499999936845000E-005
  1.521954245017757E-014  1.249999968422500E-004   6.00000000000000     
  1.331283340022320E-005   1.12122000000000        15998.2237360500     
  1.206279661613896E-018
  6.980734924191484E-015  8.351411531228390E-019  2.499999936845000E-005
  1.847076714479513E-014  1.374999965264750E-004   6.00000000000000     
  1.331283340022320E-005   1.12122000000000        14664.8903537250     
  1.557673290162738E-018
  7.376503903241915E-015  8.543191872234189E-019  2.499999936845000E-005
  1.870990991227332E-014  1.374999965264750E-004   6.00000000000000     
  1.331283340022320E-005   1.12122000000000        14664.8903537250     
  1.623850238175316E-018
  7.899866713693221E-015  1.008601823421478E-018  2.499999936845000E-005
  2.259604635341949E-014  1.499999962107000E-004   6.00000000000000     
  1.331283340022320E-005   1.12122000000000        13331.5569714000     
  2.060598848837315E-018
  1.345809773553762E-015  6.052093492164113E-020  2.499999936845000E-005
  9.786052578623161E-016  2.499999936845000E-005   12.0000000000000     
  1.331283340022320E-005   1.12122000000000        79998.2254993100     
  9.999999999999999E-021
  3.673829850749990E-015  1.011071231316947E-019  2.499999936845000E-005
  1.651510144639197E-015  3.749999905267500E-005   12.0000000000000     
  1.331283340022320E-005   1.12122000000000        59998.2249718000     
  4.026046746082057E-020
  5.304556483917665E-015  1.669802564680025E-019  2.499999936845000E-005
  2.815520183237311E-015  3.749999905267500E-005   12.0000000000000     
  1.331283340022320E-005   1.12122000000000        59998.2249718000     
  6.055356156584738E-020
  1.071636105524740E-014  3.292144828669615E-019  2.499999936845000E-005
  6.283161741779981E-015  4.999999873690000E-005   12.0000000000000     
  1.331283340022320E-005   1.12122000000000        39998.2244442900     
  1.769802564680025E-019
  9.875606652609782E-015  3.113361433300827E-019  2.499999936845000E-005
  5.981762507551728E-015  4.999999873690000E-005   12.0000000000000     
  1.331283340022320E-005   1.12122000000000        39998.2244442900     
  1.643183628313329E-019
  1.265349520117818E-014  5.221232982749991E-019  2.499999936845000E-005
  1.091956583385662E-014  6.249999842112500E-005   12.0000000000000     
  1.331283340022320E-005   1.12122000000000        33331.5575908500     
  3.199864344963742E-019
  1.770421131037809E-014  6.144130187269195E-019  2.499999936845000E-005
  1.230851010814082E-014  6.249999842112500E-005   12.0000000000000     
  1.331283340022320E-005   1.12122000000000        33331.5575908500     
  4.253800119688324E-019
  2.275532676627286E-014  1.061939573410574E-018  2.499999936845000E-005
  2.368597381792981E-014  7.499999810535000E-005   12.0000000000000     
  1.331283340022320E-005   1.12122000000000        26664.8907374100     
  7.787313815582524E-019
  2.320757301801774E-014  9.869978908231050E-019  2.499999936845000E-005
  2.153948691455093E-014  7.499999810535000E-005   12.0000000000000     
  1.331283340022320E-005   1.12122000000000        26664.8907374100     
  7.720430879554151E-019
  2.836561397308752E-014  1.447542701696655E-018  2.499999936845000E-005
  3.314327342355980E-014  8.749999778957500E-005   12.0000000000000     
  1.331283340022320E-005   1.12122000000000        23331.5573031200     
  1.265542033366968E-018
  3.451306142983837E-014  1.597837972754587E-018  2.499999936845000E-005
  3.572229390109469E-014  8.749999778957500E-005   12.0000000000000     
  1.331283340022320E-005   1.12122000000000        23331.5573031200     
  1.495814438803742E-018
  4.213300181059476E-014  2.366880830178999E-018  2.499999936845000E-005
  5.605254834438931E-014  9.999999747380000E-005   12.0000000000000     
  1.331283340022320E-005   1.12122000000000        19998.2238688300     
  2.369881060710002E-018
  4.223662261893035E-014  2.276634662419794E-018  2.499999936845000E-005
  5.338914118696164E-014  9.999999747380000E-005   12.0000000000000     
  1.331283340022320E-005   1.12122000000000        19998.2238688300     
  2.346149766272846E-018
  5.007020806278196E-014  3.083353419821975E-018  2.499999936845000E-005
  7.450745249642682E-014  1.124999971580250E-004   12.0000000000000     
  1.331283340022320E-005   1.12122000000000        17998.2238024400     
  3.484467097482743E-018
  5.691255136324936E-014  3.294372422507108E-018  2.499999936845000E-005
  7.842424521835263E-014  1.124999971580250E-004   12.0000000000000     
  1.331283340022320E-005   1.12122000000000        17998.2238024400     
  3.887826476183834E-018
  6.721879949964593E-014  4.472993842563243E-018  2.499999936845000E-005
  1.103016925502110E-013  1.249999968422500E-004   12.0000000000000     
  1.331283340022320E-005   1.12122000000000        15998.2237360500     
  5.640522188779954E-018
  6.713167922433993E-014  4.373039173810514E-018  2.499999936845000E-005
  1.072926313487348E-013  1.249999968422500E-004   12.0000000000000     
  1.331283340022320E-005   1.12122000000000        15998.2237360500     
  5.596996464546381E-018
  7.771839592695556E-014  5.624198324017693E-018  2.499999936845000E-005
  1.408584709609048E-013  1.374999965264750E-004   12.0000000000000     
  1.331283340022320E-005   1.12122000000000        14664.8903537250     
  7.783516051451638E-018
  8.506076517129300E-014  5.896111718177346E-018  2.499999936845000E-005
  1.461518293122126E-013  1.374999965264750E-004   12.0000000000000     
  1.331283340022320E-005   1.12122000000000        14664.8903537250     
  8.409095626555227E-018
  9.807909805813841E-014  7.577900432683327E-018  2.499999936845000E-005
  1.923533965200278E-013  1.499999962107000E-004   12.0000000000000     
  1.331283340022320E-005   1.12122000000000        13331.5569714000     
  1.149310818272373E-017
  2.528476049045863E-015  7.946525853106676E-020  2.499999936845000E-005
  1.345562336538383E-015  2.499999936845000E-005   20.0000000000000     
  1.331283340022320E-005   1.12122000000000        79998.2254993100     
  9.999999999999999E-021
  8.090552999078210E-015  1.505152804656343E-019  2.499999936845000E-005
  2.609800361061315E-015  3.749999905267500E-005   20.0000000000000     
  1.331283340022320E-005   1.12122000000000        59998.2249718000     
  4.973262926553338E-020
  1.325859274450699E-014  2.992592275161367E-019  2.499999936845000E-005
  5.390838836077489E-015  3.749999905267500E-005   20.0000000000000     
  1.331283340022320E-005   1.12122000000000        59998.2249718000     
  8.525764023281715E-020
  3.305758736714505E-014  7.141529797518863E-019  2.499999936845000E-005
  1.460415508104537E-014  4.999999873690000E-005   20.0000000000000     
  1.331283340022320E-005   1.12122000000000        39998.2244442900     
  3.092592275161367E-019
  3.093617238263592E-014  6.975290029809361E-019  2.499999936845000E-005
  1.439295482043194E-014  4.999999873690000E-005   20.0000000000000     
  1.331283340022320E-005   1.12122000000000        39998.2244442900     
  2.921945423744159E-019
  4.488110891329739E-014  1.334182330843630E-018  2.499999936845000E-005
  2.986104101174989E-014  6.249999842112500E-005   20.0000000000000     
  1.331283340022320E-005   1.12122000000000        33331.5575908500     
  6.409590438648839E-019
  7.031401826931378E-014  1.713175934822279E-018  2.499999936845000E-005
  3.683350927708063E-014  6.249999842112500E-005   20.0000000000000     
  1.331283340022320E-005   1.12122000000000        33331.5575908500     
  9.592857077962306E-019
  1.033166106311128E-013  3.537905836484397E-018  2.499999936845000E-005
  8.470697308974572E-014  7.499999810535000E-005   20.0000000000000     
  1.331283340022320E-005   1.12122000000000        26664.8907374100     
  2.005370477196694E-018
  1.070553170476741E-013  3.217570902762581E-018  2.499999936845000E-005
  7.516679438359379E-014  7.499999810535000E-005   20.0000000000000     
  1.331283340022320E-005   1.12122000000000        26664.8907374100     
  2.013886437507274E-018
  1.437395008644279E-013  5.251800170116501E-018  2.499999936845000E-005
  1.286944529074309E-013  8.749999778957500E-005   20.0000000000000     
  1.331283340022320E-005   1.12122000000000        23331.5573031200     
  3.622671888888565E-018
  1.891793681730752E-013  6.143394011029536E-018  2.499999936845000E-005
  1.470365448158077E-013  8.749999778957500E-005   20.0000000000000     
  1.331283340022320E-005   1.12122000000000        23331.5573031200     
  4.639786522565524E-018
  2.560137783080546E-013  1.040751455668007E-017  2.499999936845000E-005
  2.643461625566690E-013  9.999999747380000E-005   20.0000000000000     
  1.331283340022320E-005   1.12122000000000        19998.2238688300     
  8.157280448536810E-018
  2.575096619300535E-013  9.828824335063330E-018  2.499999936845000E-005
  2.466512666220496E-013  9.999999747380000E-005   20.0000000000000     
  1.331283340022320E-005   1.12122000000000        19998.2238688300     
  8.083132074463061E-018
  3.307961409350670E-013  1.452238695139531E-017  2.499999936845000E-005
  3.754060975870764E-013  1.124999971580250E-004   20.0000000000000     
  1.331283340022320E-005   1.12122000000000        17998.2238024400     
  1.299754424199473E-017
  3.974429494095094E-013  1.617948828400811E-017  2.499999936845000E-005
  4.120493370895831E-013  1.124999971580250E-004   20.0000000000000     
  1.331283340022320E-005   1.12122000000000        17998.2238024400     
  1.534432555016072E-017
  5.112423824157527E-013  2.438462615544847E-017  2.499999936845000E-005
  6.440942160315589E-013  1.249999968422500E-004   20.0000000000000     
  1.331283340022320E-005   1.12122000000000        15998.2237360500     
  2.426262035847117E-017
  5.101385573891046E-013  2.353019778854764E-017  2.499999936845000E-005
  6.175229707945429E-013  1.249999968422500E-004   20.0000000000000     
  1.331283340022320E-005   1.12122000000000        15998.2237360500     
  2.401933223468283E-017
  6.331079982635607E-013  3.258032312314421E-017  2.499999936845000E-005
  8.725922494890951E-013  1.374999965264750E-004   20.0000000000000     
  1.331283340022320E-005   1.12122000000000        14664.8903537250     
  3.578443112895666E-017
  7.220498386414808E-013  3.524029615695929E-017  2.499999936845000E-005
  9.340769699263232E-013  1.374999965264750E-004   20.0000000000000     
  1.331283340022320E-005   1.12122000000000        14664.8903537250     
  4.030949379625494E-017
  8.950921654019588E-013  4.931013509783507E-017  2.499999936845000E-005
  1.339572809436024E-012  1.499999962107000E-004   20.0000000000000     
  1.331283340022320E-005   1.12122000000000        13331.5569714000     
  5.925962839164213E-017
  4.095481992603069E-015  9.856787456522596E-020  2.499999936845000E-005
  1.715585585691388E-015  2.499999936845000E-005   30.0000000000000     
  1.331283340022320E-005   1.12122000000000        79998.2254993100     
  9.999999999999999E-021
  1.506873457041073E-014  2.087557759511913E-019  2.499999936845000E-005
  3.763326581992923E-015  3.749999905267500E-005   30.0000000000000     
  1.331283340022320E-005   1.12122000000000        59998.2249718000     
  5.928393728261298E-020
  2.774627648324423E-014  4.922133460778002E-019  2.499999936845000E-005
  9.249952870896754E-015  3.749999905267500E-005   30.0000000000000     
  1.331283340022320E-005   1.12122000000000        59998.2249718000     
  1.143778879755957E-019
  8.358083621582342E-014  1.379867641528730E-018  2.499999936845000E-005
  2.946186206893561E-014  4.999999873690000E-005   30.0000000000000     
  1.331283340022320E-005   1.12122000000000        39998.2244442900     
  5.022133460778002E-019
  8.063312606379533E-014  1.417396221787308E-018  2.499999936845000E-005
  3.059997563831412E-014  4.999999873690000E-005   30.0000000000000     
  1.331283340022320E-005   1.12122000000000        39998.2244442900     
  4.900622933586565E-019
  1.310516900746824E-013  3.039152169290598E-018  2.499999936845000E-005
  7.091653867021178E-014  6.249999842112500E-005   30.0000000000000     
  1.331283340022320E-005   1.12122000000000        33331.5575908500     
  1.198760404252311E-018
  2.288033646600847E-013  4.273402370615194E-018  2.499999936845000E-005
  9.612582067565532E-014  6.249999842112500E-005   30.0000000000000     
  1.331283340022320E-005   1.12122000000000        33331.5575908500     
  2.009638378003955E-018
  3.822586059960672E-013  1.037511061781957E-017  2.499999936845000E-005
  2.594033402983989E-013  7.499999810535000E-005   30.0000000000000     
  1.331283340022320E-005   1.12122000000000        26664.8907374100     
  4.763464663973850E-018
  4.055724395067795E-013  9.344347297628546E-018  2.499999936845000E-005
  2.277002825598803E-013  7.499999810535000E-005   30.0000000000000     
  1.331283340022320E-005   1.12122000000000        26664.8907374100     
  4.892998279928399E-018
  5.919221706196165E-013  1.683805511604210E-017  2.499999936845000E-005
  4.304865023132701E-013  8.749999778957500E-005   30.0000000000000     
  1.331283340022320E-005   1.12122000000000        23331.5573031200     
  9.565171928742672E-018
  8.453474435050383E-013  2.096151524646530E-017  2.499999936845000E-005
  5.236613678696886E-013  8.749999778957500E-005   30.0000000000000     
  1.331283340022320E-005   1.12122000000000        23331.5573031200     
  1.331202583794945E-017
  1.263090751810629E-012  4.043223958874638E-017  2.499999936845000E-005
  1.073047726064919E-012  9.999999747380000E-005   30.0000000000000     
  1.331283340022320E-005   1.12122000000000        19998.2238688300     
  2.585451352639370E-017
  1.281244380638997E-012  3.762544927449406E-017  2.499999936845000E-005
  9.849006858210000E-013  9.999999747380000E-005   30.0000000000000     
  1.331283340022320E-005   1.12122000000000        19998.2238688300     
  2.578895288182669E-017
  1.770904068609300E-012  6.028734203326274E-017  2.499999936845000E-005
  1.625522876140498E-012  1.124999971580250E-004   30.0000000000000     
  1.331283340022320E-005   1.12122000000000        17998.2238024400     
  4.460167751907372E-017
  2.258160163692882E-012  7.039274317099419E-017  2.499999936845000E-005
  1.870352720125650E-012  1.124999971580250E-004   30.0000000000000     
  1.331283340022320E-005   1.12122000000000        17998.2238024400     
  5.593262389845806E-017
  3.157395867460779E-012  1.175818824554801E-016  2.499999936845000E-005
  3.243060849513882E-012  1.249999968422500E-004   30.0000000000000     
  1.331283340022320E-005   1.12122000000000        15998.2237360500     
  9.618169605282087E-017
  3.154289786114541E-012  1.120709771101073E-016  2.499999936845000E-005
  3.067695471271690E-012  1.249999968422500E-004   30.0000000000000     
  1.331283340022320E-005   1.12122000000000        15998.2237360500     
  9.521686990490801E-017
  4.175392926766624E-012  1.662936165499969E-016  2.499999936845000E-005
  4.644840364328960E-012  1.374999965264750E-004   30.0000000000000     
  1.331283340022320E-005   1.12122000000000        14664.8903537250     
  1.512523584599616E-016
  4.982362032318778E-012  1.864788172320154E-016  2.499999936845000E-005
  5.155391934655001E-012  1.374999965264750E-004   30.0000000000000     
  1.331283340022320E-005   1.12122000000000        14664.8903537250     
  1.783636781799064E-016
  6.632659220572158E-012  2.839219823214849E-016  2.499999936845000E-005
  8.050057503590468E-012  1.499999962107000E-004   30.0000000000000     
  1.331283340022320E-005   1.12122000000000        13331.5569714000     
  2.816956871369234E-016
  6.048209202107124E-015  1.177574574144199E-019  2.499999936845000E-005
  2.087293407439587E-015  2.499999936845000E-005   42.0000000000000     
  1.331283340022320E-005   1.12122000000000        79998.2254993100     
  9.999999999999999E-021
  2.518389160792902E-014  2.757737698258951E-019  2.499999936845000E-005
  5.111398008493148E-015  3.749999905267500E-005   42.0000000000000     
  1.331283340022320E-005   1.12122000000000        59998.2249718000     
  6.887872870720994E-020
  5.160153614566355E-014  7.587024250961748E-019  2.499999936845000E-005
  1.467923921140410E-014  3.749999905267500E-005   42.0000000000000     
  1.331283340022320E-005   1.12122000000000        59998.2249718000     
  1.478868849129475E-019
  1.838263025707967E-013  2.441310650537727E-018  2.499999936845000E-005
  5.368882955310314E-014  4.999999873690000E-005   42.0000000000000     
  1.331283340022320E-005   1.12122000000000        39998.2244442900     
  7.687024250961748E-019
  1.844691885013644E-013  2.663686378130217E-018  2.499999936845000E-005
  5.932818795412108E-014  4.999999873690000E-005   42.0000000000000     
  1.331283340022320E-005   1.12122000000000        39998.2244442900     
  7.813367496327146E-019
  3.328081652752950E-013  6.315750100467315E-018  2.499999936845000E-005
  1.515627822048033E-013  6.249999842112500E-005   42.0000000000000     
  1.331283340022320E-005   1.12122000000000        33331.5575908500     
  2.113179938697823E-018
  6.431122237143552E-013  9.723222198557502E-018  2.499999936845000E-005
  2.257322705917686E-013  6.249999842112500E-005   42.0000000000000     
  1.331283340022320E-005   1.12122000000000        33331.5575908500     
  3.939211799866372E-018
  1.212968555217909E-012  2.729669106036120E-017  2.499999936845000E-005
  7.024404116684763E-013  7.499999810535000E-005   42.0000000000000     
  1.331283340022320E-005   1.12122000000000        26664.8907374100     
  1.050455894819022E-017
  1.326197480865598E-012  2.462623188473772E-017  2.499999936845000E-005
  6.175412749038834E-013  7.499999810535000E-005   42.0000000000000     
  1.331283340022320E-005   1.12122000000000        26664.8907374100     
  1.112105708905622E-017
  2.086226007780394E-012  4.865641741916470E-017  2.499999936845000E-005
  1.280640015336683E-012  8.749999778957500E-005   42.0000000000000     
  1.331283340022320E-005   1.12122000000000        23331.5573031200     
  2.343417303142509E-017
  3.234895090492067E-012  6.454069669176761E-017  2.499999936845000E-005
  1.660654278794080E-012  8.749999778957500E-005   42.0000000000000     
  1.331283340022320E-005   1.12122000000000        23331.5573031200     
  3.544926579863858E-017
  5.310888391126367E-012  1.408689265498871E-016  2.499999936845000E-005
  3.852436365395950E-012  9.999999747380000E-005   42.0000000000000     
  1.331283340022320E-005   1.12122000000000        19998.2238688300     
  7.566175378082384E-017
  5.463838192411508E-012  1.298243024585709E-016  2.499999936845000E-005
  3.497429286326698E-012  9.999999747380000E-005   42.0000000000000     
  1.331283340022320E-005   1.12122000000000        19998.2238688300     
  7.643595486513780E-017
  8.075500587118324E-012  2.244616617367693E-016  2.499999936845000E-005
  6.229348382532452E-012  1.124999971580250E-004   42.0000000000000     
  1.331283340022320E-005   1.12122000000000        17998.2238024400     
  1.413481060944233E-016
  1.095214469936356E-011  2.754453590625682E-016  2.499999936845000E-005
  7.535179579885861E-012  1.124999971580250E-004   42.0000000000000     
  1.331283340022320E-005   1.12122000000000        17998.2238024400     
  1.886667857335224E-016
  1.660416613989160E-011  5.085583596442299E-016  2.499999936845000E-005
  1.444957398569026E-011  1.249999968422500E-004   42.0000000000000     
  1.331283340022320E-005   1.12122000000000        15998.2237360500     
  3.518813139277060E-016
  1.665682957466440E-011  4.798252891891994E-016  2.499999936845000E-005
  1.351797843720451E-011  1.249999968422500E-004   42.0000000000000     
  1.331283340022320E-005   1.12122000000000        15998.2237360500     
  3.494687388153837E-016
  2.341335697618907E-011  7.599556800913055E-016  2.499999936845000E-005
  2.184639322453671E-011  1.374999965264750E-004   42.0000000000000     
  1.331283340022320E-005   1.12122000000000        14664.8903537250     
  5.893813834099835E-016
  2.930721433452055E-011  8.863684953462363E-016  2.499999936845000E-005
  2.522465692529904E-011  1.374999965264750E-004   42.0000000000000     
  1.331283340022320E-005   1.12122000000000        14664.8903537250     
  7.294465788610366E-016
  4.184092233562271E-011  1.466634874226446E-015  2.499999936845000E-005
  4.282519277172505E-011  1.499999962107000E-004   42.0000000000000     
  1.331283340022320E-005   1.12122000000000        13331.5569714000     
  1.235837234161620E-015
  8.387320070333836E-015  1.369998107547985E-019  2.499999936845000E-005
  2.460023409007169E-015  2.499999936845000E-005   56.0000000000000     
  1.331283340022320E-005   1.12122000000000        79998.2254993100     
  9.999999999999999E-021
  3.901122486994336E-014  3.515429697343737E-019  2.499999936845000E-005
  6.653683444174087E-015  3.749999905267500E-005   56.0000000000000     
  1.331283340022320E-005   1.12122000000000        59998.2249718000     
  7.849990537739924E-020
  8.817440839708801E-014  1.111621023761628E-018  2.499999936845000E-005
  2.196563584397885E-014  3.749999905267500E-005   56.0000000000000     
  1.331283340022320E-005   1.12122000000000        59998.2249718000     
  1.857714848671869E-019
  3.645386893177270E-013  4.033252572216257E-018  2.499999936845000E-005
  9.063443180609519E-014  4.999999873690000E-005   56.0000000000000     
  1.331283340022320E-005   1.12122000000000        39998.2244442900     
  1.121621023761628E-018
  3.823475313809873E-013  4.696198094251363E-018  2.499999936845000E-005
  1.070095693960278E-013  4.999999873690000E-005   56.0000000000000     
  1.331283340022320E-005   1.12122000000000        39998.2244442900     
  1.192763394993843E-018
  7.597145529975719E-013  1.217891734519235E-017  2.499999936845000E-005
  2.981833350865214E-013  6.249999842112500E-005   56.0000000000000     
  1.331283340022320E-005   1.12122000000000        33331.5575908500     
  3.540862442119524E-018
  1.613000694004486E-012  2.048576781160485E-017  2.499999936845000E-005
  4.868668458948137E-013  6.249999842112500E-005   56.0000000000000     
  1.331283340022320E-005   1.12122000000000        33331.5575908500     
  7.282222067590020E-018
  3.408600812470118E-012  6.549153077911049E-017  2.499999936845000E-005
  1.720010263400514E-012  7.499999810535000E-005   56.0000000000000     
  1.331283340022320E-005   1.12122000000000        26664.8907374100     
  2.167853120659870E-017
  3.857831157703963E-012  5.974624225262076E-017  2.499999936845000E-005
  1.529739375705231E-012  7.499999810535000E-005   56.0000000000000     
  1.331283340022320E-005   1.12122000000000        26664.8907374100     
  2.377894659281989E-017
  6.497272146044454E-012  1.286540694790845E-016  2.499999936845000E-005
  3.458654954557213E-012  8.749999778957500E-005   56.0000000000000     
  1.331283340022320E-005   1.12122000000000        23331.5573031200     
  5.365206771913027E-017
  1.092716959139647E-011  1.817394795727929E-016  2.499999936845000E-005
  4.778375448727458E-012  8.749999778957500E-005   56.0000000000000     
  1.331283340022320E-005   1.12122000000000        23331.5573031200     
  8.810598133236212E-017
  1.960837640942398E-011  4.457179824289944E-016  2.499999936845000E-005
  1.245690896710170E-011  9.999999747380000E-005   56.0000000000000     
  1.331283340022320E-005   1.12122000000000        19998.2238688300     
  2.055184261656128E-016
  2.057032832205236E-011  4.089699516377529E-016  2.499999936845000E-005
  1.124892121604020E-011  9.999999747380000E-005   56.0000000000000     
  1.331283340022320E-005   1.12122000000000        19998.2238688300     
  2.114875003903815E-016
  3.233362766756025E-011  7.597916123683486E-016  2.499999936845000E-005
  2.153408537706637E-011  1.124999971580250E-004   56.0000000000000     
  1.331283340022320E-005   1.12122000000000        17998.2238024400     
  4.159724762092579E-016
  4.667924325240266E-011  9.810473919616440E-016  2.499999936845000E-005
  2.741573504982032E-011  1.124999971580250E-004   56.0000000000000     
  1.331283340022320E-005   1.12122000000000        17998.2238024400     
  5.913833065745558E-016
  7.650245345038655E-011  1.995173617853318E-015  2.499999936845000E-005
  5.792816446844286E-011  1.249999968422500E-004   56.0000000000000     
  1.331283340022320E-005   1.12122000000000        15998.2237360500     
  1.192534892352025E-015
  7.732932075477306E-011  1.868920950775447E-015  2.499999936845000E-005
  5.376534181810099E-011  1.249999968422500E-004   56.0000000000000     
  1.331283340022320E-005   1.12122000000000        15998.2237360500     
  1.192457763415558E-015
  1.149636255143539E-010  3.148627487272671E-015  2.499999936845000E-005
  9.243000219548752E-011  1.374999965264750E-004   56.0000000000000     
  1.331283340022320E-005   1.12122000000000        14664.8903537250     
  2.126918238803281E-015
  1.511831891485584E-010  3.827242663139079E-015  2.499999936845000E-005
  1.112471545752779E-010  1.374999965264750E-004   56.0000000000000     
  1.331283340022320E-005   1.12122000000000        14664.8903537250     
  2.766771507051893E-015
  2.310954890325154E-010  6.869767054330424E-015  2.499999936845000E-005
  2.049485309666594E-010  1.499999962107000E-004   56.0000000000000     
  1.331283340022320E-005   1.12122000000000        13331.5569714000     
  5.019700426554636E-015
  1.111317075994234E-014  1.562765475294980E-019  2.499999936845000E-005
  2.833419427735003E-015  2.499999936845000E-005   72.0000000000000     
  1.331283340022320E-005   1.12122000000000        79998.2254993100     
  9.999999999999999E-021
  5.712579993813204E-014  4.360492385127783E-019  2.499999936845000E-005
  8.390004807706171E-015  3.749999905267500E-005   72.0000000000000     
  1.331283340022320E-005   1.12122000000000        59998.2249718000     
  8.813827376474899E-020
  1.413312864769891E-013  1.563878484485654E-018  2.499999936845000E-005
  3.139631939680102E-014  3.749999905267500E-005   72.0000000000000     
  1.331283340022320E-005   1.12122000000000        59998.2249718000     
  2.280246192563891E-019
  6.673543228484057E-013  6.310266066539064E-018  2.499999936845000E-005
  1.441647059047241E-013  4.999999873690000E-005   72.0000000000000     
  1.331283340022320E-005   1.12122000000000        39998.2244442900     
  1.573878484485653E-018
  7.332169595269690E-013  7.852536110729761E-018  2.499999936845000E-005
  1.820636971675001E-013  4.999999873690000E-005   72.0000000000000     
  1.331283340022320E-005   1.12122000000000        39998.2244442900     
  1.754399676677571E-018
  1.593615507822619E-012  2.207593589611687E-017  2.499999936845000E-005
  5.486721769309845E-013  6.249999842112500E-005   72.0000000000000     
  1.331283340022320E-005   1.12122000000000        33331.5575908500     
  5.680667732042451E-018
  3.691359098682864E-012  4.044814632193023E-017  2.499999936845000E-005
  9.788714510788094E-013  6.249999842112500E-005   72.0000000000000     
  1.331283340022320E-005   1.12122000000000        33331.5575908500     
  1.279236762473601E-017
  8.675482830510219E-012  1.452797261387255E-016  2.499999936845000E-005
  3.873422795850363E-012  7.499999810535000E-005   72.0000000000000     
  1.331283340022320E-005   1.12122000000000        26664.8907374100     
  4.220254599860780E-017
  1.019296815919626E-011  1.350028106065462E-016  2.499999936845000E-005
  3.511838531008859E-012  7.499999810535000E-005   72.0000000000000     
  1.331283340022320E-005   1.12122000000000        26664.8907374100     
  4.811780412426915E-017
  1.828038871989574E-011  3.150909213753574E-016  2.499999936845000E-005
  8.608322610606990E-012  8.749999778957500E-005   72.0000000000000     
  1.331283340022320E-005   1.12122000000000        23331.5573031200     
  1.156192094275423E-016
  3.327725124669669E-011  4.733123908207119E-016  2.499999936845000E-005
  1.265203289095673E-011  8.749999778957500E-005   72.0000000000000     
  1.331283340022320E-005   1.12122000000000        23331.5573031200     
  2.056632648119479E-016
  6.492494618997765E-011  1.294960256489560E-015  2.499999936845000E-005
  3.678908977770555E-011  9.999999747380000E-005   72.0000000000000     
  1.331283340022320E-005   1.12122000000000        19998.2238688300     
  5.214301949449811E-016
  6.977195371249542E-011  1.188847189872715E-015  2.499999936845000E-005
  3.321737091140198E-011  9.999999747380000E-005   72.0000000000000     
  1.331283340022320E-005   1.12122000000000        19998.2238688300     
  5.492460860389766E-016
  1.160789640536809E-010  2.364709448280528E-015  2.499999936845000E-005
  6.810334776764969E-011  1.124999971580250E-004   72.0000000000000     
  1.331283340022320E-005   1.12122000000000        17998.2238024400     
  1.143669680975334E-015
  1.783869860048111E-010  3.212900814862728E-015  2.499999936845000E-005
  9.125685293824244E-011  1.124999971580250E-004   72.0000000000000     
  1.331283340022320E-005   1.12122000000000        17998.2238024400     
  1.731600810179240E-015
  3.149740325329828E-010  7.169313428789980E-015  2.499999936845000E-005
  2.116043569162131E-010  1.249999968422500E-004   72.0000000000000     
  1.331283340022320E-005   1.12122000000000        15998.2237360500     
  3.762146900901705E-015
  3.219306508819037E-010  6.688725646570819E-015  2.499999936845000E-005
  1.954970186384790E-010  1.249999968422500E-004   72.0000000000000     
  1.331283340022320E-005   1.12122000000000        15998.2237360500     
  3.801476276863844E-015
  5.043835560791151E-010  1.195074948008343E-014  2.499999936845000E-005
  3.564623440794308E-010  1.374999965264750E-004   72.0000000000000     
  1.331283340022320E-005   1.12122000000000        14664.8903537250     
  7.145839100149254E-015
  6.973676339086066E-010  1.515506691314243E-014  2.499999936845000E-005
  4.476887966780365E-010  1.374999965264750E-004   72.0000000000000     
  1.331283340022320E-005   1.12122000000000        14664.8903537250     
  9.776851016905558E-015
  1.139105624730329E-009  2.944303095290010E-014  2.499999936845000E-005
  8.928646525470856E-010  1.499999962107000E-004   72.0000000000000     
  1.331283340022320E-005   1.12122000000000        13331.5569714000     
  1.895654319000627E-014
  1.422596949648200E-014  1.755769180012326E-019  2.499999936845000E-005
  3.207273238073724E-015  2.499999936845000E-005   90.0000000000000     
  1.331283340022320E-005   1.12122000000000        79998.2254993100     
  9.999999999999999E-021
  8.010261694923416E-014  5.292843110647170E-019  2.499999936845000E-005
  1.032025798631472E-014  3.749999905267500E-005   90.0000000000000     
  1.331283340022320E-005   1.12122000000000        59998.2249718000     
  9.778845900061629E-020
  2.154550155293671E-013  2.128391288126333E-018  2.499999936845000E-005
  4.325858171269081E-014  3.749999905267500E-005   90.0000000000000     
  1.331283340022320E-005   1.12122000000000        59998.2249718000     
  2.746421555323585E-019
  1.146488185334720E-012  9.446719653368132E-018  2.499999936845000E-005
  2.186622887674408E-013  4.999999873690000E-005   90.0000000000000     
  1.331283340022320E-005   1.12122000000000        39998.2244442900     
  2.138391288126333E-018
  1.320362684431324E-012  1.255887725499030E-017  2.499999936845000E-005
  2.951788432028077E-013  4.999999873690000E-005   90.0000000000000     
  1.331283340022320E-005   1.12122000000000        39998.2244442900     
  2.499607961625244E-018
  3.120340425047779E-012  3.799420677364005E-017  2.499999936845000E-005
  9.553601854184701E-013  6.249999842112500E-005   90.0000000000000     
  1.331283340022320E-005   1.12122000000000        33331.5575908500     
  8.779046589120395E-018
  7.834178719081299E-012  7.556529913909828E-017  2.499999936845000E-005
  1.855349055726697E-012  6.249999842112500E-005   90.0000000000000     
  1.331283340022320E-005   1.12122000000000        33331.5575908500     
  2.149671134844527E-017
  2.033515074199690E-011  3.014036516581530E-016  2.499999936845000E-005
  8.129357562284108E-012  7.499999810535000E-005   90.0000000000000     
  1.331283340022320E-005   1.12122000000000        26664.8907374100     
  7.806490710072352E-017
  2.484065922745526E-011  2.868506963091882E-016  2.499999936845000E-005
  7.555937462317204E-012  7.499999810535000E-005   90.0000000000000     
  1.331283340022320E-005   1.12122000000000        26664.8907374100     
  9.267986475139524E-017
  4.723356725164962E-011  7.219930231737299E-016  2.499999936845000E-005
  1.997626707604484E-011  8.749999778957500E-005   90.0000000000000     
  1.331283340022320E-005   1.12122000000000        23331.5573031200     
  2.361052129059894E-016
  9.281982538847978E-011  1.151014754380098E-015  2.499999936845000E-005
  3.117272108814201E-011  8.749999778957500E-005   90.0000000000000     
  1.331283340022320E-005   1.12122000000000        23331.5573031200     
  4.536763763382602E-016
  1.958979346506247E-010  3.488438671196345E-015  2.499999936845000E-005
  1.003757628507970E-010  9.999999747380000E-005   90.0000000000000     
  1.331283340022320E-005   1.12122000000000        19998.2238688300     
  1.243694619131494E-015
  2.164539488478594E-010  3.218226665856382E-015  2.499999936845000E-005
  9.103016732204034E-011  9.999999747380000E-005   90.0000000000000     
  1.331283340022320E-005   1.12122000000000        19998.2238688300     
  1.346230685186927E-015
  3.795536564532532E-010  6.831832776031884E-015  2.499999936845000E-005
  1.992571417459701E-010  1.124999971580250E-004   90.0000000000000     
  1.331283340022320E-005   1.12122000000000        17998.2238024400     
  2.955344018115118E-015
  6.205494553568887E-010  9.760619898077134E-015  2.499999936845000E-005
  2.808069955486670E-010  1.124999971580250E-004   90.0000000000000     
  1.331283340022320E-005   1.12122000000000        17998.2238024400     
  4.762147073202869E-015
  1.176221256229072E-009  2.379996139250300E-014  2.499999936845000E-005
  7.115796226789291E-010  1.249999968422500E-004   90.0000000000000     
  1.331283340022320E-005   1.12122000000000        15998.2237360500     
  1.110685058326406E-014
  1.219671171148887E-009  2.218463788419935E-014  2.499999936845000E-005
  6.565104054382430E-010  1.249999968422500E-004   90.0000000000000     
  1.331283340022320E-005   1.12122000000000        15998.2237360500     
  1.138007958628316E-014
  2.007278754018154E-009  4.192576953662280E-014  2.499999936845000E-005
  1.266345991012686E-009  1.374999965264750E-004   90.0000000000000     
  1.331283340022320E-005   1.12122000000000        14664.8903537250     
  2.247239852838284E-014
  2.918466918546537E-009  5.548772939495327E-014  2.499999936845000E-005
  1.660149782447320E-009  1.374999965264750E-004   90.0000000000000     
  1.331283340022320E-005   1.12122000000000        14664.8903537250     
  3.234296435459456E-014
  5.082963743618621E-009  1.163826449403774E-013  2.499999936845000E-005
  3.574977323984780E-009  1.499999962107000E-004   90.0000000000000     
  1.331283340022320E-005   1.12122000000000        13331.5569714000     
  6.686780898123643E-014
