bcc Sb -- Hedin-Lundqvist LDA                                                   
INPUT  IT=213 SPIN=1 NTYPE=  2
 -3.800000  3.800000  3.800000
  3.800000 -3.800000  3.800000
  3.800000  3.800000 -3.800000
    1  435  1.700000  0.030000    1
  0.000000  0.000000  0.000000
 0.1019981870181D+03 0.1019981310414D+03 0.1019980733378D+03 0.1019980138540D+03
 0.1019979525352D+03 0.1019978893247D+03 0.1019978241643D+03 0.1019977569938D+03
 0.1019976877514D+03 0.1019976163731D+03 0.1019975427931D+03 0.1019974669435D+03
 0.1019973887544D+03 0.1019973081537D+03 0.1019972250670D+03 0.1019971394177D+03
 0.1019970511268D+03 0.1019969601129D+03 0.1019968662921D+03 0.1019967695778D+03
 0.1019966698809D+03 0.1019965671095D+03 0.1019964611688D+03 0.1019963519612D+03
 0.1019962393859D+03 0.1019961233391D+03 0.1019960037139D+03 0.1019958804001D+03
 0.1019957532839D+03 0.1019956222481D+03 0.1019954871721D+03 0.1019953479312D+03
 0.1019952043971D+03 0.1019950564376D+03 0.1019949039162D+03 0.1019947466924D+03
 0.1019945846214D+03 0.1019944175537D+03 0.1019942453353D+03 0.1019940678077D+03
 0.1019938848071D+03 0.1019936961650D+03 0.1019935017075D+03 0.1019933012554D+03
 0.1019930946241D+03 0.1019928816231D+03 0.1019926620562D+03 0.1019924357211D+03
 0.1019922024092D+03 0.1019919619057D+03 0.1019917139889D+03 0.1019914584304D+03
 0.1019911949948D+03 0.1019909234394D+03 0.1019906435140D+03 0.1019903549608D+03
 0.1019900575139D+03 0.1019897508993D+03 0.1019894348347D+03 0.1019891090287D+03
 0.1019887731814D+03 0.1019884269834D+03 0.1019880701157D+03 0.1019877022496D+03
 0.1019873230463D+03 0.1019869321566D+03 0.1019865292202D+03 0.1019861138662D+03
 0.1019856857120D+03 0.1019852443630D+03 0.1019847894130D+03 0.1019843204427D+03
 0.1019838370203D+03 0.1019833387004D+03 0.1019828250242D+03 0.1019822955184D+03
 0.1019817496953D+03 0.1019811870521D+03 0.1019806070708D+03 0.1019800092169D+03
 0.1019793929399D+03 0.1019787576720D+03 0.1019781028281D+03 0.1019774278051D+03
 0.1019767319811D+03 0.1019760147152D+03 0.1019752753467D+03 0.1019745131944D+03
 0.1019737275562D+03 0.1019729177085D+03 0.1019720829052D+03 0.1019712223771D+03
 0.1019703353316D+03 0.1019694209514D+03 0.1019684783939D+03 0.1019675067909D+03
 0.1019665052471D+03 0.1019654728397D+03 0.1019644086173D+03 0.1019633115993D+03
 0.1019621807749D+03 0.1019610151018D+03 0.1019598135058D+03 0.1019585748796D+03
 0.1019572980814D+03 0.1019559819346D+03 0.1019546252258D+03 0.1019532267046D+03
 0.1019517850816D+03 0.1019502990279D+03 0.1019487671734D+03 0.1019471881057D+03
 0.1019455603688D+03 0.1019438824617D+03 0.1019421528371D+03 0.1019403698999D+03
 0.1019385320057D+03 0.1019366374591D+03 0.1019346845127D+03 0.1019326713647D+03
 0.1019305961579D+03 0.1019284569776D+03 0.1019262518498D+03 0.1019239787397D+03
 0.1019216355492D+03 0.1019192201158D+03 0.1019167302098D+03 0.1019141635326D+03
 0.1019115177146D+03 0.1019087903127D+03 0.1019059788083D+03 0.1019030806050D+03
 0.1019000930259D+03 0.1018970133112D+03 0.1018938386158D+03 0.1018905660065D+03
 0.1018871924592D+03 0.1018837148564D+03 0.1018801299837D+03 0.1018764345274D+03
 0.1018726250712D+03 0.1018686980928D+03 0.1018646499609D+03 0.1018604769316D+03
 0.1018561751452D+03 0.1018517406222D+03 0.1018471692598D+03 0.1018424568282D+03
 0.1018375989663D+03 0.1018325911781D+03 0.1018274288279D+03 0.1018221071366D+03
 0.1018166211767D+03 0.1018109658682D+03 0.1018051359735D+03 0.1017991260925D+03
 0.1017929306579D+03 0.1017865439298D+03 0.1017799599903D+03 0.1017731727380D+03
 0.1017661758825D+03 0.1017589629384D+03 0.1017515272193D+03 0.1017438618316D+03
 0.1017359596683D+03 0.1017278134019D+03 0.1017194154783D+03 0.1017107581094D+03
 0.1017018332657D+03 0.1016926326697D+03 0.1016831477874D+03 0.1016733698211D+03
 0.1016632897009D+03 0.1016528980766D+03 0.1016421853094D+03 0.1016311414625D+03
 0.1016197562927D+03 0.1016080192408D+03 0.1015959194222D+03 0.1015834456168D+03
 0.1015705862594D+03 0.1015573294289D+03 0.1015436628380D+03 0.1015295738222D+03
 0.1015150493283D+03 0.1015000759035D+03 0.1014846396832D+03 0.1014687263789D+03
 0.1014523212660D+03 0.1014354091712D+03 0.1014179744593D+03 0.1014000010198D+03
 0.1013814722537D+03 0.1013623710594D+03 0.1013426798183D+03 0.1013223803806D+03
 0.1013014540501D+03 0.1012798815695D+03 0.1012576431048D+03 0.1012347182294D+03
 0.1012110859085D+03 0.1011867244824D+03 0.1011616116505D+03 0.1011357244540D+03
 0.1011090392591D+03 0.1010815317397D+03 0.1010531768600D+03 0.1010239488570D+03
 0.1009938212222D+03 0.1009627666838D+03 0.1009307571891D+03 0.1008977638853D+03
 0.1008637571021D+03 0.1008287063330D+03 0.1007925802169D+03 0.1007553465199D+03
 0.1007169721170D+03 0.1006774229743D+03 0.1006366641306D+03 0.1005946596801D+03
 0.1005513727544D+03 0.1005067655060D+03 0.1004607990912D+03 0.1004134336537D+03
 0.1003646283088D+03 0.1003143411287D+03 0.1002625291271D+03 0.1002091482459D+03
 0.1001541533419D+03 0.1000974981748D+03 0.1000391353957D+03 0.9997901653712D+02
 0.9991709200361D+02 0.9985331106413D+02 0.9978762184522D+02 0.9971997132573D+02
 0.9965030533289D+02 0.9957856853996D+02 0.9950470446527D+02 0.9942865547305D+02
 0.9935036277578D+02 0.9926976643833D+02 0.9918680538375D+02 0.9910141740088D+02
 0.9901353915369D+02 0.9892310619235D+02 0.9883005296605D+02 0.9873431283744D+02
 0.9863581809870D+02 0.9853449998906D+02 0.9843028871379D+02 0.9832311346431D+02
 0.9821290243944D+02 0.9809958286741D+02 0.9798308102855D+02 0.9786332227824D+02
 0.9774023106993D+02 0.9761373097782D+02 0.9748374471882D+02 0.9735019417348D+02
 0.9721300040531D+02 0.9707208367822D+02 0.9692736347144D+02 0.9677875849155D+02
 0.9662618668106D+02 0.9646956522314D+02 0.9630881054198D+02 0.9614383829838D+02
 0.9597456338017D+02 0.9580089988720D+02 0.9562276111071D+02 0.9544005950683D+02
 0.9525270666453D+02 0.9506061326793D+02 0.9486368905377D+02 0.9466184276426D+02
 0.9445498209674D+02 0.9424301365101D+02 0.9402584287626D+02 0.9380337401925D+02
 0.9357551007654D+02 0.9334215275309D+02 0.9310320243107D+02 0.9285855815193D+02
 0.9260811761650D+02 0.9235177720685D+02 0.9208943203541D+02 0.9182097602539D+02
 0.9154630202826D+02 0.9126530198187D+02 0.9097786711432D+02 0.9068388819544D+02
 0.9038325583902D+02 0.9007586085367D+02 0.8976159464166D+02 0.8944034963731D+02
 0.8911201977758D+02 0.8877650098774D+02 0.8843369166601D+02 0.8808349313952D+02
 0.8772581006668D+02 0.8736055074902D+02 0.8698762732307D+02 0.8660695579330D+02
 0.8621845588297D+02 0.8582205067609D+02 0.8541766605189D+02 0.8500522991573D+02
 0.8458467127094D+02 0.8415591918290D+02 0.8371890171740D+02 0.8327354496518D+02
 0.8281977225433D+02 0.8235750365545D+02 0.8188665589144D+02 0.8140714269969D+02
 0.8091887570121D+02 0.8042176574113D+02 0.7991572467449D+02 0.7940066747504D+02
 0.7887651458053D+02 0.7834319429849D+02 0.7780064517070D+02 0.7724881811451D+02
 0.7668767826812D+02 0.7611720638674D+02 0.7553739977547D+02 0.7494827264670D+02
 0.7434985595698D+02 0.7374219665212D+02 0.7312535644153D+02 0.7249941006524D+02
 0.7186444323873D+02 0.7122055026122D+02 0.7056783153774D+02 0.6990639101046D+02
 0.6923633380946D+02 0.6855776411565D+02 0.6787078359407D+02 0.6717549035791D+02
 0.6647197885190D+02 0.6576034053241D+02 0.6504066572144D+02 0.6431304635849D+02
 0.6357757994793D+02 0.6283437417454D+02 0.6208355233028D+02 0.6132525867804D+02
 0.6055966371014D+02 0.5978696808002D+02 0.5900740512072D+02 0.5822124062848D+02
 0.5742877023619D+02 0.5663031351755D+02 0.5582620621917D+02 0.5501679073606D+02
 0.5420240749832D+02 0.5338338800291D+02 0.5256005232083D+02 0.5173271111012D+02
 0.5090167338831D+02 0.5006725821091D+02 0.4922980951225D+02 0.4838971084831D+02
 0.4754739902232D+02 0.4670337323103D+02 0.4585819978912D+02 0.4501251027443D+02
 0.4416699445972D+02 0.4332238704312D+02 0.4247945045856D+02 0.4163895347433D+02
 0.4080164826081D+02 0.3996824595157D+02 0.3913939342864D+02 0.3831565146848D+02
 0.3749747681959D+02 0.3668520832252D+02 0.3587905933509D+02 0.3507911639905D+02
 0.3428534591299D+02 0.3349760838655D+02 0.3271568121067D+02 0.3193928883603D+02
 0.3116813984992D+02 0.3040196852232D+02 0.2964057781550D+02 0.2888387915732D+02
 0.2813192243365D+02 0.2738490938413D+02 0.2664318215120D+02 0.2590718350187D+02
 0.2517738857569D+02 0.2445421999955D+02 0.2373796461396D+02 0.2302871629163D+02
 0.2232636253279D+02 0.2163062463533D+02 0.2094113554850D+02 0.2025754041346D+02
 0.1957958823587D+02 0.1890720558796D+02 0.1824053462862D+02 0.1757994532080D+02
 0.1692601681686D+02 0.1627950657886D+02 0.1564130225445D+02 0.1501237568058D+02
 0.1439372938397D+02 0.1378635418495D+02 0.1319118404905D+02 0.1260906637780D+02
 0.1204073127038D+02 0.1148677768325D+02 0.1094765799616D+02 0.1042367948871D+02
 0.9915002165521D+01 0.9421652396507D+01 0.8943529815254D+01 0.8480429018281D+01
 0.8032051424464D+01 0.7598032349409D+01 0.7177955631793D+01 0.6771384822869D+01
 0.6377880701924D+01 0.5997031288657D+01 0.5628457587755D+01 0.5271824728874D+01
 0.4926811857654D+01 0.4593090037925D+01 0.4270278613353D+01 0.3957970566127D+01
 0.3655812811507D+01 0.3363718632821D+01 0.3082106590157D+01
    2  435  1.000000  0.030000    3
  0.000000  0.500000  0.500000
  0.500000  0.500000  0.000000
  0.500000  0.000000  0.500000
 0.1999996281964D+01 0.1999996168731D+01 0.1999996052050D+01 0.1999995931815D+01
 0.1999995807918D+01 0.1999995680248D+01 0.1999995548690D+01 0.1999995413125D+01
 0.1999995273431D+01 0.1999995129484D+01 0.1999994981152D+01 0.1999994828302D+01
 0.1999994670798D+01 0.1999994508497D+01 0.1999994341253D+01 0.1999994168915D+01
 0.1999993991329D+01 0.1999993808335D+01 0.1999993619767D+01 0.1999993425457D+01
 0.1999993225228D+01 0.1999993018902D+01 0.1999992806292D+01 0.1999992587207D+01
 0.1999992361450D+01 0.1999992128818D+01 0.1999991889100D+01 0.1999991642082D+01
 0.1999991387541D+01 0.1999991125247D+01 0.1999990854966D+01 0.1999990576453D+01
 0.1999990289458D+01 0.1999989993722D+01 0.1999989688980D+01 0.1999989374957D+01
 0.1999989051370D+01 0.1999988717928D+01 0.1999988374331D+01 0.1999988020270D+01
 0.1999987655426D+01 0.1999987279470D+01 0.1999986892064D+01 0.1999986492860D+01
 0.1999986081498D+01 0.1999985657608D+01 0.1999985220808D+01 0.1999984770706D+01
 0.1999984306895D+01 0.1999983828959D+01 0.1999983336467D+01 0.1999982828976D+01
 0.1999982306029D+01 0.1999981767156D+01 0.1999981211871D+01 0.1999980639675D+01
 0.1999980050052D+01 0.1999979442472D+01 0.1999978816388D+01 0.1999978171236D+01
 0.1999977506436D+01 0.1999976821389D+01 0.1999976115479D+01 0.1999975388070D+01
 0.1999974638507D+01 0.1999973866115D+01 0.1999973070201D+01 0.1999972250046D+01
 0.1999971404913D+01 0.1999970534040D+01 0.1999969636645D+01 0.1999968711919D+01
 0.1999967759030D+01 0.1999966777120D+01 0.1999965765306D+01 0.1999964722675D+01
 0.1999963648291D+01 0.1999962541186D+01 0.1999961400362D+01 0.1999960224794D+01
 0.1999959013423D+01 0.1999957765159D+01 0.1999956478878D+01 0.1999955153422D+01
 0.1999953787598D+01 0.1999952380176D+01 0.1999950929890D+01 0.1999949435434D+01
 0.1999947895463D+01 0.1999946308590D+01 0.1999944673387D+01 0.1999942988382D+01
 0.1999941252059D+01 0.1999939462853D+01 0.1999937619155D+01 0.1999935719304D+01
 0.1999933761592D+01 0.1999931744254D+01 0.1999929665475D+01 0.1999927523384D+01
 0.1999925316053D+01 0.1999923041493D+01 0.1999920697659D+01 0.1999918282438D+01
 0.1999915793659D+01 0.1999913229079D+01 0.1999910586390D+01 0.1999907863212D+01
 0.1999905057096D+01 0.1999902165513D+01 0.1999899185861D+01 0.1999896115458D+01
 0.1999892951539D+01 0.1999889691255D+01 0.1999886331672D+01 0.1999882869765D+01
 0.1999879302417D+01 0.1999875626417D+01 0.1999871838454D+01 0.1999867935118D+01
 0.1999863912896D+01 0.1999859768165D+01 0.1999855497194D+01 0.1999851096138D+01
 0.1999846561034D+01 0.1999841887799D+01 0.1999837072224D+01 0.1999832109975D+01
 0.1999826996583D+01 0.1999821727444D+01 0.1999816297814D+01 0.1999810702804D+01
 0.1999804937375D+01 0.1999798996336D+01 0.1999792874338D+01 0.1999786565867D+01
 0.1999780065244D+01 0.1999773366615D+01 0.1999766463947D+01 0.1999759351024D+01
 0.1999752021441D+01 0.1999744468597D+01 0.1999736685691D+01 0.1999728665713D+01
 0.1999720401442D+01 0.1999711885433D+01 0.1999703110018D+01 0.1999694067293D+01
 0.1999684749113D+01 0.1999675147086D+01 0.1999665252565D+01 0.1999655056636D+01
 0.1999644550116D+01 0.1999633723542D+01 0.1999622567161D+01 0.1999611070923D+01
 0.1999599224475D+01 0.1999587017142D+01 0.1999574437930D+01 0.1999561475506D+01
 0.1999548118191D+01 0.1999534353953D+01 0.1999520170390D+01 0.1999505554724D+01
 0.1999490493786D+01 0.1999474974006D+01 0.1999458981400D+01 0.1999442501558D+01
 0.1999425519630D+01 0.1999408020312D+01 0.1999389987835D+01 0.1999371405948D+01
 0.1999352257905D+01 0.1999332526448D+01 0.1999312193794D+01 0.1999291241615D+01
 0.1999269651026D+01 0.1999247402565D+01 0.1999224476177D+01 0.1999200851192D+01
 0.1999176506313D+01 0.1999151419590D+01 0.1999125568405D+01 0.1999098929449D+01
 0.1999071478701D+01 0.1999043191406D+01 0.1999014042054D+01 0.1998984004358D+01
 0.1998953051224D+01 0.1998921154734D+01 0.1998888286117D+01 0.1998854415720D+01
 0.1998819512989D+01 0.1998783546434D+01 0.1998746483601D+01 0.1998708291049D+01
 0.1998668934310D+01 0.1998628377867D+01 0.1998586585115D+01 0.1998543518330D+01
 0.1998499138635D+01 0.1998453405965D+01 0.1998406279030D+01 0.1998357715275D+01
 0.1998307670846D+01 0.1998256100546D+01 0.1998202957795D+01 0.1998148194590D+01
 0.1998091761457D+01 0.1998033607406D+01 0.1997973679891D+01 0.1997911924752D+01
 0.1997848286173D+01 0.1997782706629D+01 0.1997715126833D+01 0.1997645485679D+01
 0.1997573720191D+01 0.1997499765464D+01 0.1997423554599D+01 0.1997345018651D+01
 0.1997264086557D+01 0.1997180685075D+01 0.1997094738719D+01 0.1997006169683D+01
 0.1996914897774D+01 0.1996820840339D+01 0.1996723912185D+01 0.1996624025502D+01
 0.1996521089785D+01 0.1996415011746D+01 0.1996305695230D+01 0.1996193041125D+01
 0.1996076947272D+01 0.1995957308369D+01 0.1995834015874D+01 0.1995706957903D+01
 0.1995576019128D+01 0.1995441080669D+01 0.1995302019982D+01 0.1995158710748D+01
 0.1995011022752D+01 0.1994858821765D+01 0.1994701969413D+01 0.1994540323055D+01
 0.1994373735645D+01 0.1994202055592D+01 0.1994025126624D+01 0.1993842787638D+01
 0.1993654872548D+01 0.1993461210127D+01 0.1993261623852D+01 0.1993055931731D+01
 0.1992843946134D+01 0.1992625473615D+01 0.1992400314728D+01 0.1992168263841D+01
 0.1991929108936D+01 0.1991682631410D+01 0.1991428605867D+01 0.1991166799901D+01
 0.1990896973877D+01 0.1990618880700D+01 0.1990332265575D+01 0.1990036865771D+01
 0.1989732410357D+01 0.1989418619950D+01 0.1989095206443D+01 0.1988761872724D+01
 0.1988418312390D+01 0.1988064209451D+01 0.1987699238021D+01 0.1987323062002D+01
 0.1986935334754D+01 0.1986535698759D+01 0.1986123785269D+01 0.1985699213945D+01
 0.1985261592479D+01 0.1984810516216D+01 0.1984345567744D+01 0.1983866316490D+01
 0.1983372318285D+01 0.1982863114929D+01 0.1982338233730D+01 0.1981797187034D+01
 0.1981239471737D+01 0.1980664568779D+01 0.1980071942621D+01 0.1979461040711D+01
 0.1978831292918D+01 0.1978182110959D+01 0.1977512887801D+01 0.1976822997045D+01
 0.1976111792282D+01 0.1975378606437D+01 0.1974622751082D+01 0.1973843515731D+01
 0.1973040167107D+01 0.1972211948382D+01 0.1971358078398D+01 0.1970477750855D+01
 0.1969570133469D+01 0.1968634367110D+01 0.1967669564897D+01 0.1966674811276D+01
 0.1965649161054D+01 0.1964591638405D+01 0.1963501235842D+01 0.1962376913151D+01
 0.1961217596290D+01 0.1960022176248D+01 0.1958789507865D+01 0.1957518408615D+01
 0.1956207657341D+01 0.1954855992948D+01 0.1953462113057D+01 0.1952024672596D+01
 0.1950542282387D+01 0.1949013507611D+01 0.1947436866289D+01 0.1945810827678D+01
 0.1944133810622D+01 0.1942404181849D+01 0.1940620254202D+01 0.1938780284826D+01
 0.1936882473279D+01 0.1934924959600D+01 0.1932905822292D+01 0.1930823076264D+01
 0.1928674670685D+01 0.1926458486791D+01 0.1924172335605D+01 0.1921813955605D+01
 0.1919381010298D+01 0.1916871085751D+01 0.1914281688018D+01 0.1911610240520D+01
 0.1908854081326D+01 0.1906010460382D+01 0.1903076536641D+01 0.1900049375140D+01
 0.1896925943974D+01 0.1893703111230D+01 0.1890377641804D+01 0.1886946194189D+01
 0.1883405317141D+01 0.1879751446335D+01 0.1875980900879D+01 0.1872089879845D+01
 0.1868074458650D+01 0.1863930585476D+01 0.1859654077525D+01 0.1855240617352D+01
 0.1850685749016D+01 0.1845984874355D+01 0.1841133249055D+01 0.1836125978897D+01
 0.1830958015793D+01 0.1825624154038D+01 0.1820119026347D+01 0.1814437100188D+01
 0.1808572673864D+01 0.1802519872984D+01 0.1796272646663D+01 0.1789824764218D+01
 0.1783169811555D+01 0.1776301188187D+01 0.1769212103912D+01 0.1761895576255D+01
 0.1754344427555D+01 0.1746551282975D+01 0.1738508568107D+01 0.1730208507728D+01
 0.1721643124073D+01 0.1712804236504D+01 0.1703683460644D+01 0.1694272209176D+01
 0.1684561692005D+01 0.1674542918465D+01 0.1664206698720D+01 0.1653543647644D+01
 0.1642544187743D+01 0.1631198554986D+01 0.1619496803535D+01 0.1607428813920D+01
 0.1594984299808D+01 0.1582152818958D+01 0.1568923782389D+01 0.1555286468474D+01
 0.1541230034894D+01 0.1526743536412D+01 0.1511815939893D+01 0.1496436146283D+01
 0.1480593009185D+01 0.1464275361550D+01 0.1447472038128D+01 0.1430171907624D+01
 0.1412363899430D+01 0.1394037041758D+01 0.1375180493148D+01 0.1355783587419D+01
 0.1335835870150D+01 0.1315327151202D+01 0.1294247546783D+01 0.1272587540244D+01
 0.1250338029871D+01 0.1227490399177D+01 0.1204036570777D+01 0.1179969086802D+01
 0.1155281169540D+01 0.1129966813117D+01 0.1104020850902D+01 0.1077439060430D+01
 0.1050218237625D+01 0.1022356316587D+01 0.9938524519536D+00 0.9647071552367D+00
 0.9349223864623D+00 0.9045017108312D+00 0.8734504003770D+00 0.8417756150882D+00
 0.8094865176265D+00 0.7765944832526D+00 0.7431132302474D+00 0.7090590658918D+00
 0.6744510341354D+00 0.6393112048466D+00 0.6036648434405D+00 0.5675407510352D+00
 0.5309714617175D+00 0.4939936502732D+00 0.4566483672494D+00 0.4189815413330D+00
 0.3810442808730D+00 0.3428935113507D+00 0.3045923823210D+00
  576
-0.6353785641649D+00 0.1083468075148D-32-0.5816631882208D+01 0.1052468894341D-17
-0.2489625436562D+01 0.2925519014754D-19-0.4602845783956D+01-0.1923668935171D-17
-0.2542868697815D+01-0.2783393775893D-19-0.2513968339401D+01 0.1791862820177D-17
-0.1038561999986D+01-0.6866161911986D-19-0.3160371657858D+01 0.3152278019321D-18
-0.5081610847331D+00 0.9795164123088D-19-0.1035540981496D+01-0.2599141558689D-17
-0.5094007875714D+00 0.1010511657781D-17-0.1430183463369D+01 0.9052708770243D-19
-0.6898768596638D+00 0.9273489602944D-18-0.1037316623400D+01-0.1283149950175D-18
-0.9526551047717D+00-0.2552845144610D-17-0.4740566196892D+00 0.1186109362849D-17
-0.6592276929939D+00 0.1065573874860D-17-0.2929127178202D+00-0.7973524021430D-19
-0.2320715108453D+00-0.4704274799662D-18-0.2313246718312D+00 0.1639319463057D-17
-0.4516236021679D+00-0.3090540527579D-18-0.1128502822221D+00 0.1628654526222D-18
-0.3228446413802D+00 0.2114727180644D-17-0.1605665623148D+00-0.2000949280812D-17
-0.3523267588048D+00 0.3713832073322D-18-0.2221339173681D+00-0.8405584529745D-18
-0.2777793469222D+00 0.1504748803250D-18-0.1498954158262D+00-0.2753432055709D-17
-0.7348129681627D-01-0.1543143613395D-18-0.9721006069477D-01 0.1733785467747D-18
-0.2429064778518D-01 0.8394029783629D-18-0.4862229955815D-01 0.5851918675759D-18
-0.1764013674017D+00-0.5709507531212D-19-0.2940023324370D-01-0.8931361127437D-18
-0.2943767961097D-01 0.1262213347526D-17-0.5901217804615D-01 0.6205162115247D-18
-0.2842146700468D+00-0.3687708296760D-18-0.1542017737104D-01 0.1002424474032D-17
-0.1090884047562D-01 0.1438755117292D-17-0.1110812061265D-01-0.1511422352507D-17
-0.2342781923437D-01 0.1869481471170D-18 0.1517341922186D-02 0.4710673913081D-18
 0.3050438329213D-02-0.3449157396470D-18 0.1517878949524D-02-0.1232814367900D-17
-0.7705316845992D-01-0.3708608580676D-18-0.7687980708902D-01 0.5353561395716D-18
 0.1275046535658D-01-0.8191089568926D-18-0.6349728559796D-01 0.3597143128271D-18
-0.3180432425311D-01-0.9975959447226D-19 0.1916601500505D-01 0.3602993126735D-18
 0.1921813230431D-01-0.1907599360849D-17 0.9618973273349D-02 0.1244895744204D-17
-0.5292476624431D-01-0.2726938883104D-18 0.2311382650418D-01 0.1995415286437D-17
-0.4432199148930D-01 0.1333637131284D-18 0.1258072801055D-01-0.7152325131803D-18
 0.1268552998665D-01 0.1669104621134D-18-0.7491348499038D-01 0.6027507576598D-19
 0.1292429051840D-01-0.5964677740781D-19 0.2589293619056D-01-0.8237097012650D-18
 0.2607039450888D-01 0.1120188256930D-18-0.3195781611405D-01-0.3806219068345D-18
 0.2568552708831D-01 0.9746902687375D-18 0.2572809787421D-01-0.1228119296529D-17
 0.1290156368241D-01 0.4604080168364D-18 0.2485311575408D-01-0.3350391310389D-18
 0.2493764251586D-01 0.6691580025949D-18-0.2375477719546D-01-0.1563245171986D-18
 0.2361367688240D-01-0.8566167183400D-18 0.2367600788893D-01-0.2990097367717D-18
 0.5903398117340D-02 0.5345479556719D-18-0.2073603954117D-01-0.1146886970899D-18
-0.5174087673659D-02 0.1618453582304D-18 0.1105404901511D-01 0.8959079093752D-18
 0.1110149442911D-01-0.6262696957787D-18-0.3645472678566D-01-0.3249090021125D-18
-0.1820687120139D-01 0.5093926147017D-18 0.2050466760281D-01 0.1632817914523D-18
 0.1024845348425D-01 0.7034182560083D-18-0.5374686521808D-02-0.1239575737137D-18
-0.1611446698700D-01 0.3923824307266D-18 0.1882795720963D-01 0.1750471355632D-18
 0.1883248658115D-01 0.1156006225647D-17 0.1885349772880D-01-0.1014673732965D-17
 0.8602008956174D-02-0.2085236783210D-18 0.8603528449800D-02 0.5179499155567D-18
 0.1721087698817D-01-0.7339792499436D-18-0.2560153960641D-01-0.4817999791367D-18
-0.1280616779197D-01 0.2213549357563D-18 0.7821030676932D-02-0.4029492292803D-18
 0.1564725068756D-01-0.5078575456526D-18-0.2296347265763D-01 0.2994746659980D-18
 0.1418159159452D-01 0.6151450054875D-18 0.1419261963509D-01-0.4632788998864D-18
 0.7062994678154D-02-0.2795954165882D-19 0.1283070901628D-01-0.1885538750055D-18
 0.1281525965946D-01-0.6937516138335D-18 0.1276945293280D-01-0.1336276267201D-18
-0.4640688678759D-02-0.7215011597215D-19 0.5793033658862D-02 0.6779285017576D-18
 0.5766315276742D-02 0.1409651238290D-18-0.8379886157709D-02 0.5405205452590D-20
-0.8368308469633D-02-0.1646518073543D-18 0.5238240430281D-02 0.1862218335020D-18
 0.1044320999743D-01-0.5280757549967D-18 0.1045344936678D-01 0.1158372491490D-17
 0.1040249648582D-01 0.1846221359889D-18-0.7545895650506D-02-0.2511956482153D-18
-0.7562840552276D-02-0.1577685538367D-20 0.9444025250448D-02-0.1449993491514D-18
 0.9376303072262D-02-0.2719775740514D-18-0.1366175738618D-01-0.6614524190158D-19
 0.8501544341551D-02 0.1586496818486D-18-0.6162468155878D-02-0.1936805469938D-18
-0.1552499723436D-02 0.1072921337510D-18 0.7650587832684D-02 0.7134107350595D-18
 0.7609972907951D-02-0.1076299136466D-19 0.7645764961491D-02-0.4345551966687D-18
 0.3804790918123D-02 0.3027268160556D-18 0.3785300130886D-02-0.2583731026183D-18
-0.5615363872268D-02 0.3533031879134D-18 0.3437164405991D-02-0.1563384717942D-18
 0.6845702245784D-02 0.4977595265189D-18 0.6867981984334D-02-0.4262401870537D-18
-0.1010436333591D-01-0.1827384493287D-18-0.5080950581501D-02 0.2880927939073D-18
 0.6178046760880D-02-0.2564337117226D-18 0.6121126542694D-02-0.4224787444354D-18
 0.5529727482837D-02-0.3057377640083D-18 0.5512156502448D-02-0.3180759274312D-18
-0.4172842572841D-02 0.1870798347278D-18 0.2478989738596D-02 0.1733247161279D-19
 0.4929550005219D-02 0.2627399905338D-18 0.2454706399002D-02-0.1706704641011D-18
 0.1234702760352D-02 0.2298230012886D-18-0.3766752712698D-02-0.1819415471634D-18
-0.7578280415050D-02 0.2920459133739D-18-0.3775928333753D-02-0.7696797836331D-19
 0.4410663072126D-02 0.2988196767874D-18 0.4391008963231D-02-0.1384152793258D-18
 0.2199999703592D-02 0.3985760838560D-18-0.6873311544693D-02-0.1727940174371D-18
 0.3909095088588D-02-0.4653564436653D-19 0.3883243089507D-02-0.2893639697006D-18
 0.1946008855524D-02 0.3232845443788D-18 0.1933380938078D-02-0.6443635293166D-19
-0.3132556821572D-02-0.1160286101579D-18 0.3445029972140D-02-0.1525969231834D-18
 0.3435618475312D-02 0.5549023447912D-18 0.3417069616367D-02-0.1491888565506D-18
-0.2871579384219D-02 0.5853696722531D-19 0.1509962185636D-02 0.2576631058889D-18
 0.3008780190166D-02-0.2277323853462D-18 0.1500204033275D-02 0.1403028618347D-19
-0.5252968376008D-02-0.1985986995701D-18-0.2631378565599D-02 0.4413563510425D-19
 0.2626174890337D-02 0.6237539235190D-19 0.2625039449565D-02-0.2433166051493D-18
 0.2616624570671D-02-0.1898250344143D-20-0.4832409183633D-02 0.5199757052009D-19
 0.2267640345340D-02 0.3459945552043D-18 0.2265742068705D-02-0.2411197591276D-18
 0.2263202173327D-02-0.1778663204565D-18 0.1939262176169D-02-0.1652746699208D-18
-0.6834712983046D-03-0.4192807544254D-19 0.1642501339018D-02 0.6639155825537D-19
 0.8206597282453D-03-0.7150272645212D-19 0.1640646557957D-02-0.1417643133393D-18
 0.1642323126245D-02-0.5812188048392D-19 0.1640471175863D-02-0.1722120031971D-18
 0.8209096168197D-03 0.9343698693334D-19-0.3792607989941D-02-0.2044637754556D-19
-0.4735870917777D-03 0.5234455505709D-19 0.6857484144447D-03-0.2408397693787D-19
 0.6856720308379D-03 0.1199237458142D-18 0.1373502973508D-02 0.1497071589679D-18
 0.6882479713601D-03-0.8235415837728D-19-0.3511871111019D-02-0.1827888455085D-18
-0.8782386512592D-03-0.2920587927464D-19-0.1752666207479D-02 0.1756230079751D-18
 0.1129631226323D-02-0.1300359251432D-18 0.5641105219899D-03 0.2242402278769D-18
-0.1627524903874D-02-0.5987854216079D-19-0.1623436209314D-02 0.1464948833024D-18
 0.9133179974895D-03 0.1480210298683D-18 0.9125287033515D-03-0.6809418069218D-19
 0.9129718929752D-03 0.3894319937948D-18 0.9167421478886D-03-0.1645407192616D-18
 0.9203686414906D-03-0.1317062120942D-18-0.1507844731633D-02-0.1922336355027D-19
 0.7233559746121D-03-0.2493366367201D-19 0.7272284768050D-03 0.7010831486367D-19
-0.2794692320249D-02-0.4777398018546D-19-0.1394313063527D-02 0.1003162061348D-18
 0.5620005832200D-03-0.8358126639845D-19 0.2825761834471D-03-0.5235631952080D-19
-0.1293895235146D-02-0.3244782125130D-19-0.1294692735133D-02-0.5864793289409D-19
-0.2582471113459D-02 0.1637170340383D-18 0.4180150781843D-03-0.7363411637479D-19
 0.4169265559391D-03 0.2522602730087D-18 0.2100779738011D-03 0.1107031979019D-18
 0.3003953641859D-03 0.1881295700342D-18 0.2980706827054D-03-0.1216125760042D-18
 0.3026678459205D-03-0.8496718121738D-19-0.2207471865871D-02-0.6190589357382D-19
 0.9907339644207D-04 0.3622157623120D-19 0.2000340138941D-03-0.8975034610159D-19
 0.1027150737283D-03-0.3677463765172D-19-0.1016101424898D-02-0.6082667750434D-19
-0.1014043932510D-02 0.4172829871313D-19 0.1190185899760D-03-0.6952063116736D-20
 0.1212162684084D-03 0.6642324782307D-20 0.1199130743059D-03-0.7962946992833D-19
 0.1226195219749D-03-0.6650811517193D-19 0.1239895941858D-03-0.7566963273222D-19
-0.9298759263236D-03 0.3315387463603D-19 0.5724564927746D-04 0.3562324394043D-19
 0.5854014726378D-04 0.1130638493303D-18 0.5799802094501D-04-0.6430856280818D-19
 0.5866366272072D-04-0.1064152840671D-18 0.3004516095507D-04-0.9633765600103D-20
-0.8500491816953D-03-0.4677173162855D-19-0.1698404704075D-02 0.5016891575388D-19
 0.1073514906879D-04 0.1169350986512D-18 0.1192294673056D-04-0.2512769998350D-19
-0.1090268501448D-04-0.1540141592334D-19-0.2160778962039D-04-0.6339665974854D-19
-0.5449942184783D-05 0.5146159443448D-19-0.2216712825722D-04-0.7326763459034D-19
-0.1394781264795D-02-0.5852842392557D-19-0.6973163520315D-03-0.2241265037249D-19
-0.4270166931675D-04-0.2883668771530D-19-0.2159967529139D-04-0.2027497474592D-19
-0.2143102416931D-04 0.8880130114179D-19-0.4311488164554D-04-0.4448876007772D-19
-0.1252751883834D-02 0.1698842652412D-19-0.1251967167345D-02-0.4447048086257D-19
-0.5359600946169D-04-0.3155402337536D-19-0.5600423836567D-04-0.3330007770993D-19
-0.2696784699947D-04 0.7274702496072D-19-0.2806517679149D-04 0.1719230423574D-19
-0.5653542205315D-04 0.4415776501050D-19-0.5735862098421D-04-0.3362228285886D-19
-0.5657287735231D-04 0.1242772247708D-18-0.5920301793704D-04 0.2539197100355D-19
-0.1241565090259D-03 0.1600174800387D-19-0.5240536802292D-04-0.1436970882314D-19
-0.2591517381034D-04 0.5602249317880D-19-0.2923624385649D-04-0.1731909068973D-19
-0.8644220223584D-03-0.3984518400391D-19-0.4331527598381D-03 0.9849151194068D-21
-0.4358259514941D-03 0.5313997048961D-19-0.2054903640707D-04 0.4714593254137D-20
-0.4613403077790D-04-0.5472103038950D-19-0.3742254335822D-03-0.2642292362472D-19
-0.7516897508982D-03-0.1807750004760D-20-0.3785436912899D-03 0.4385577892929D-19
-0.2824042024507D-04 0.3449325948560D-19-0.2999635229736D-04 0.7573157752743D-19
-0.3342824827790D-04 0.7572800781247D-20-0.2913772010195D-04-0.3659130149977D-19
-0.3630999490795D-04-0.2560922019192D-19-0.3223099111628D-03-0.2925586752773D-20
-0.1296991169244D-04 0.1469023238905D-21-0.1592644256855D-04-0.1867368701838D-19
-0.1799309231080D-04-0.2937173464598D-19-0.1450511228094D-04-0.4281521977014D-19
-0.2715979144057D-03-0.1768031988495D-19-0.2754874253081D-03 0.2927499428260D-19
 0.3240041684522D-05-0.9170322218114D-20 0.2751381770778D-05-0.2432004020151D-19
-0.2070313554659D-05-0.9382566881022D-20-0.7536395263730D-06 0.2203657928568D-19
-0.4548897143846D-03-0.7894097501269D-20-0.4598256010636D-03 0.4723868864703D-19
 0.9944714921166D-05 0.2396592165135D-19 0.1886744674283D-04-0.2642985117041D-19
 0.1552786436956D-04 0.3582396345237D-19 0.1778880020298D-04-0.1773063618680D-19
-0.3700298802298D-03-0.2682816056402D-19 0.3510522505490D-04 0.8325095206206D-20
 0.2952859373636D-04-0.1345525717845D-19 0.4976767564025D-04 0.2983866838278D-19
 0.4701386046525D-04-0.3249327320274D-20 0.4863888024709D-04-0.1229652170654D-19
-0.1175081624851D-03 0.1163952413183D-19-0.5778282815086D-04-0.3934100721584D-20
 0.6250538438743D-04-0.9559880831682D-20 0.5989279391588D-04 0.1818325247068D-19
 0.5811253417452D-04-0.9511916773120D-20 0.6019075550165D-04-0.2528299478860D-19
 0.3082341094513D-04 0.2480180135924D-19 0.2793192796359D-04-0.8228630089299D-20
-0.8648301727714D-04-0.7112913834494D-20-0.8808642289598D-04 0.8975895535153D-20
 0.3583847553301D-04-0.3395397205496D-20 0.7213111511600D-04-0.8096104999260D-20
 0.7199925560890D-04 0.4050730503079D-19 0.6749334626087D-04-0.1525694419066D-19
-0.1232359289908D-03-0.7968694875876D-20-0.1254845743275D-03 0.1353778113966D-19
-0.6182613968470D-04-0.3389637970040D-20 0.7869404950888D-04-0.1373127558034D-19
 0.3813860241671D-04-0.3080245071270D-20-0.1343386374737D-04-0.2617292213236D-20
-0.8095901706625D-04-0.6329759972795D-20 0.8421931615513D-04 0.4164255629456D-20
 0.8412162713829D-04-0.5257710748962D-20 0.8195423509613D-04-0.6012824780031D-20
-0.2260329912494D-04-0.4698402213333D-20 0.4296603710745D-04-0.4320097938406D-21
 0.4300976301128D-04 0.5151667964191D-20 0.8610112608041D-04 0.2016485307644D-19
 0.4297185356567D-04-0.2079795319375D-20 0.8546201001495D-04-0.4124266406499D-20
 0.4283336872216D-04 0.9234916648129D-20 0.8479352531260D-04-0.1043883360386D-19
-0.1680651310952D-04-0.9387182242367D-20-0.1672494290257D-04 0.4948578404151D-20
 0.8528053500760D-04 0.4228697123554D-20 0.8509015960096D-04 0.1387121823961D-19
 0.5429053768925D-05-0.4140634454722D-20 0.8185547984275D-04 0.4791706247984D-20
 0.8162398565093D-04-0.1260169775443D-20 0.8246085734122D-04-0.2484444562886D-20
 0.8278580258853D-04-0.2388308571855D-20 0.8067229401058D-04-0.5678994145713D-20
 0.8328889345984D-04-0.4092378373915D-20 0.4202234136339D-04 0.6873731096968D-21
 0.7565895867877D-04-0.7923640185686D-22 0.7546367863929D-04-0.2633804481981D-20
 0.7878685234670D-04 0.6453016393574D-21 0.1814068750114D-04 0.5659421583887D-21
 0.6863472903704D-04 0.4162553516244D-20 0.6710378446106D-04-0.2213801641309D-20
 0.2106421164019D-04-0.7658351003613D-21 0.2067627277904D-04-0.1005681733745D-20
 0.4339543342091D-04 0.5130518720476D-21 0.5768475597253D-05 0.6163998830032D-21
 0.5879299627690D-04-0.4616560247155D-21 0.5861917191185D-04 0.2272577240472D-20
 0.5873171518382D-04-0.7738099531561D-21 0.5990377196278D-04-0.1758792864032D-20
 0.6127191395119D-04-0.1768639473749D-20 0.3196854350125D-04-0.3628888850207D-21
 0.2303620399242D-04 0.6669522991714D-22 0.2553665498962D-04 0.8691032573176D-21
 0.4997989503525D-04-0.6982531959858D-22 0.5142580427551D-04-0.1139564630183D-22
 0.4593400109554D-04 0.2818348027718D-21 0.2588411858995D-04-0.3840097380964D-21
 0.3698467760301D-04 0.9034199809644D-21 0.3945657058486D-04 0.8186916822747D-21
 0.4187198516242D-04 0.4134114767271D-21 0.4507706343796D-04-0.6489876658729D-22
 0.2442237942717D-04-0.3388868181111D-21 0.2390803820471D-04 0.9932153771055D-21
 0.2502053703268D-04 0.6794036292932D-21 0.6647782487053D-05-0.1149328971856D-20
 0.1371253334721D-04-0.8794166220589D-21 0.2118861780155D-04 0.8016553420690D-21
 0.2294700519231D-04-0.2062638655916D-20 0.6149351779233D-05-0.7797524560314D-21
 0.1155251780686D-04-0.3043574161967D-20 0.1254051316513D-04 0.1177414863412D-20
 0.6754859143556D-05-0.3220467180315D-20 0.1435951861377D-04-0.2335127337428D-20
 0.8637600175842D-05 0.5660577388020D-21 0.1759942566117D-04 0.1728072826517D-20
 0.3619001818376D-04 0.2246373238541D-20 0.4004659120889D-04-0.5149938256538D-20
-0.3335408925857D-07-0.9880387935745D-22 0.3519935329039D-07 0.1221636156039D-20
 0.1325601534522D-06-0.3821818337524D-20-0.1233270541241D-04-0.1591155030361D-20
-0.1150258781921D-04 0.2413360185612D-20-0.1130703347843D-04 0.1345898221014D-20
-0.1204034139512D-04-0.8701861743975D-20-0.1010664005352D-04 0.1504085636960D-20
 0.1023981588201D-04 0.2315394022075D-20-0.2402512354952D-04-0.5284011571499D-20
-0.1137237950041D-04 0.7758129100830D-21-0.1102223900390D-04-0.4916782769912D-20
-0.2354242722824D-04-0.2959235371071D-20-0.2397516511301D-04 0.6440606365997D-20
 0.1301467708726D-04 0.1079116547595D-20 0.1427411995038D-04 0.3914808297264D-20
 0.6454823367227D-05-0.3206753637694D-20 0.7182584704794D-05 0.5017451971871D-21
-0.1726183743940D-04 0.5882639448128D-21-0.3497848152729D-04 0.1762538819214D-20
 0.6221143216255D-05 0.4778806897531D-20 0.7130377118959D-05 0.1337666512097D-20
 0.1849819525208D-05-0.3196121269593D-20-0.4363521348308D-04 0.1214207779936D-20
-0.4540254804747D-04 0.1831378225692D-20-0.4467233722125D-04-0.1032360668858D-19
-0.4472409682612D-04 0.5978072167262D-20-0.2211284244338D-04 0.2524384754917D-20
-0.2457742161412D-05-0.6241731269195D-20-0.5321248698913D-04 0.1722380080024D-20
-0.5358262193993D-04 0.4111038010987D-20-0.5446367774618D-04 0.5713767566420D-20
-0.6247303738550D-04-0.4360085123134D-20-0.5898687660832D-04 0.6677427824799D-20
-0.2962561780195D-04-0.4678115915443D-20-0.3106626972682D-04 0.1729899098216D-20
-0.1196096405085D-04 0.2316723027180D-20-0.6525428329634D-04 0.6422455436802D-21
-0.3308867084097D-04-0.5443390149274D-20-0.6335017456240D-04-0.2092668487915D-20
-0.6561171193669D-04 0.3918936339287D-20-0.3345717481266D-04 0.9551362738981D-21
-0.6420521593290D-04-0.9148903385017D-20-0.6470876978073D-04 0.1646569332066D-20
-0.6723229560795D-04 0.3988796067923D-20-0.2090435668668D-04 0.5644958885020D-20
-0.1875057785170D-04-0.5224891292522D-20-0.7166266186194D-04 0.3655460365126D-20
-0.7035614496689D-04 0.5960392222722D-20-0.7158044161332D-04 0.2325904180797D-20
-0.6903250971021D-04 0.7339044292133D-20-0.7666272819158D-04-0.9842200716427D-20
-0.7362873353890D-04 0.1698650230851D-20-0.1137993205348D-04 0.1578340689251D-20
-0.4300990772618D-04-0.6833290134449D-21-0.7623609574290D-04 0.1989758005438D-20
-0.7621712696597D-04-0.8090812279652D-20-0.7766922617729D-04 0.2293144232718D-20
-0.7371644897032D-04 0.5297483247786D-20-0.3858220452819D-04-0.5733185916075D-22
-0.1858599506901D-04 0.3553962743945D-20-0.1535755030981D-04-0.1887313658493D-20
-0.8484970989798D-04-0.4514173795988D-20-0.8013675249294D-04 0.3148825955926D-20
-0.8072547957164D-04 0.9100233245136D-20-0.7452145672245D-04 0.3443941466516D-21
-0.3171320312386D-04 0.3499403412891D-20-0.2833805620545D-04-0.3296907368391D-20
-0.9995928273589D-05 0.1289023124177D-20-0.8303959112448D-04-0.5047470050545D-21
-0.7764716691916D-04 0.4129362059908D-20-0.4342663602668D-04-0.7486053453897D-20
-0.1751506879261D-04 0.3167672583160D-20-0.1216737220989D-04-0.1431551241418D-20
-0.1952268439682D-04 0.2613953857161D-20-0.7810030529287D-04 0.1024260161668D-20
-0.7384926049594D-04 0.1660487665664D-20-0.7608272171041D-04 0.7387992189636D-20
-0.8325911305595D-04-0.1433850852247D-19-0.5597681748831D-04 0.8625826391729D-20
-0.1902251674232D-04 0.1804282312457D-20-0.1446782729051D-05-0.1946455973243D-20
-0.3541283717538D-04-0.4127194561024D-20-0.7497157777950D-04-0.1821925324971D-21
-0.7662072792130D-04 0.2068417399172D-20-0.5328425157905D-04 0.1516479553726D-20
-0.2661619620664D-04 0.1417670805504D-20-0.2778572658934D-04 0.6033297561861D-20
-0.1501184455409D-04-0.1946082695931D-20-0.3256663830441D-04 0.3705430249914D-20
-0.3486740350321D-05-0.7215441476493D-20-0.6854853226238D-04-0.2195790380584D-20
-0.5865483338122D-04-0.5749323891450D-20-0.4927177963032D-04 0.6367172093774D-20
-0.5287591386546D-04 0.1092787469317D-20-0.1411571445439D-04 0.2616704370075D-20
-0.3158243891295D-07-0.6652412885957D-20-0.6419475186471D-04-0.6726618037800D-20
-0.6618916676569D-04-0.1224619214493D-19-0.2415570989231D-04-0.5809579370162D-20
-0.2447099170842D-04-0.2052056740768D-20-0.3884871431800D-04 0.2356891347834D-20
-0.6059567208939D-04 0.1794801761569D-20-0.4645554732990D-04 0.4268690392061D-20
-0.4695241405426D-04 0.1132612407522D-20-0.4401725000484D-04-0.1088161468455D-19
-0.4486045272208D-04-0.3573680002981D-20-0.4337453926623D-05 0.3816797414698D-20
 0.2387167833108D-05-0.5566776361334D-20-0.1791588488846D-04 0.7826555993347D-21
-0.3924924093692D-04 0.1597588086975D-20-0.1510503299093D-04 0.9817624509860D-21
 0.3279160285217D-06 0.3879233489874D-20 0.5767603431573D-05-0.1011356072398D-19
-0.1645339051880D-04 0.6933838539589D-21-0.3025903339484D-04 0.2656960988118D-20
-0.4578907988126D-05 0.4656962471533D-20 0.1809412471989D-04-0.2264758908156D-21
 0.6067759090484D-05-0.7472959333245D-22-0.1093989773816D-04 0.1544097239873D-20
-0.9461637552377D-05-0.8729843687870D-20-0.1004048451597D-04-0.2193110976922D-20
 0.6732608963079D-05 0.2230917744290D-20-0.1618272227850D-04 0.7885756868124D-20
-0.1208866456672D-04 0.1507208656171D-20 0.1958488493147D-04 0.2347253266302D-20
 0.2183337408293D-04 0.9191855607458D-22 0.1043324258742D-04-0.8679751687382D-20
 0.4638663594297D-05 0.1106412181841D-20 0.1392164359076D-04 0.3793596921774D-20
 0.1087962840878D-04 0.8740353903761D-21 0.1932774608832D-04-0.3677667374444D-20
 0.4208739477209D-04-0.1549662248215D-20 0.1595849271538D-04-0.2842209969406D-20
 0.2090573025735D-04 0.1938556005864D-20 0.1276184211848D-04 0.5836408420837D-20
 0.1785319161680D-04 0.6122320368346D-20 0.1009126421249D-04 0.1276474186476D-20
 0.6401913156962D-04 0.3512152245091D-20 0.2455054062330D-04-0.3262228706149D-20
 0.2631415455234D-04 0.1024498550880D-21 0.2631722791809D-04-0.2015845191736D-20
 0.3631064120238D-04 0.1002997583596D-20 0.8241572479178D-04 0.4461770603068D-20
 0.6288382549118D-04 0.6326602680684D-21 0.5507387955712D-04-0.5777962043745D-20
 0.4395081901758D-04 0.4733890537983D-20 0.2735095568908D-04-0.2738129638074D-20
 0.1831578358316D-04 0.2100842929649D-20 0.7001601669006D-04-0.2948959353619D-20
 0.7010440173961D-04 0.5095613318191D-21 0.5885021638084D-04-0.5600329305831D-20
 0.6395058735757D-04 0.2360360781830D-20 0.4632446709337D-04-0.6238146683421D-21
 0.5741444776550D-04-0.4897443846942D-20 0.6129493377968D-04 0.5409734422840D-21
 0.4272485690351D-04 0.4228186904575D-20 0.7845159549247D-04-0.2729793601452D-21
 0.6398702342303D-04 0.1395057860659D-20 0.7396728433065D-04 0.2752443967706D-20
 0.2690453504114D-04 0.4349475067080D-21 0.1974954195729D-04-0.2151627640993D-20
 0.6853623474693D-04 0.6108734494448D-21 0.2255123009829D-04 0.1268151681702D-20
 0.4962266026226D-04 0.4485457801995D-21 0.8890053969921D-04-0.3871615617060D-20
 0.5051380174971D-04 0.1428879149782D-20 0.9159209604956D-04 0.8876548785136D-21
 0.8113177739987D-04 0.5678909815384D-21 0.4220290045436D-04-0.3929238296778D-20
 0.4887167268375D-04 0.2610216043596D-20 0.5157906298015D-04 0.1416043701007D-20
 0.5155642459166D-04 0.1656753867490D-20 0.1055738986952D-03 0.2715976784070D-20
 0.8210889181389D-04 0.8427660643546D-21 0.8239600816172D-04-0.4552890635060D-20
 0.9707920048175D-04 0.2594129008466D-20 0.1058176736810D-03-0.3402425618389D-20
 0.8654533994199D-04 0.5561852449440D-21 0.4581672968621D-04-0.3508831945211D-20
 0.6685261967225D-04 0.4039541565263D-20 0.1236509747127D-03 0.1009936102197D-20
 0.9440141645660D-04-0.6340019170809D-20 0.1046815737778D-03 0.4819088817448D-20
 0.1145055143695D-03 0.2481573533442D-20 0.5645850019468D-04-0.1198083063757D-20
 0.5224031317632D-04-0.2910792175670D-20 0.9757291489914D-04 0.2587951537877D-20
 0.4729059523315D-04 0.1817782100585D-21 0.1208367670752D-03 0.2249124924565D-20
 0.1277501019420D-03-0.2019154005083D-20 0.5798475904939D-04 0.5427040565425D-21
 0.1052638133415D-03-0.7334415603342D-21 0.1062170529394D-03 0.9437406746381D-21
 0.1166191965194D-03 0.5281238853568D-21 0.1137535020410D-03 0.3449888029227D-20
 0.1082014908571D-03 0.5089450890676D-21 0.5795919697125D-04-0.8546705599644D-21
 0.1281697359951D-03 0.1059540223489D-20 0.1152985500096D-03-0.2499257768213D-20
 0.1141534634520D-03 0.7405986169886D-21 0.1133481878514D-03 0.2917130856160D-21
 0.1135872608337D-03-0.4530877104894D-20 0.1089274649572D-03 0.4231877512871D-21
    1
    1    1  120    3
 0.4942399921598D-04 0.5428526365687D-04 0.5960257217425D-04 0.6546872945572D-04
 0.7191205755455D-04 0.7897663830022D-04 0.8670256665438D-04 0.9512781560475D-04
 0.1042846181370D-03 0.1142000833990D-03 0.1248947761415D-03 0.1363805363805D-03
 0.1486604596548D-03 0.1617260340765D-03 0.1755571469306D-03 0.1901188723322D-03
 0.2053616167757D-03 0.2212175760997D-03 0.2376013365592D-03 0.2544062043616D-03
 0.2715056608458D-03 0.2887501286841D-03 0.3059699316794D-03 0.3229732635102D-03
 0.3395518356905D-03 0.3554811620190D-03 0.3705303817068D-03 0.3844664371861D-03
 0.3970696831929D-03 0.4081432972272D-03 0.4175356722281D-03 0.4251547927753D-03
 0.4309956188693D-03 0.4351549374692D-03 0.4378560627744D-03 0.4394524867811D-03
 0.4404346861442D-03 0.4414050714418D-03 0.4430503804237D-03 0.4460770428965D-03
 0.4511494404446D-03 0.4588019329227D-03 0.4693757503837D-03 0.4829537089639D-03
 0.4993443235040D-03 0.5180794938941D-03 0.5384649040006D-03 0.5596355224360D-03
 0.5806436332650D-03 0.6005306962168D-03 0.6184088540170D-03 0.6335121661440D-03
 0.6452472616998D-03 0.6532128437841D-03 0.6572190324330D-03 0.6572818346550D-03
 0.6536206092579D-03 0.6466375047813D-03 0.6369014707583D-03 0.6251192222718D-03
 0.6121100449610D-03 0.5987707540494D-03 0.5860427585185D-03 0.5748712138847D-03
 0.5661644539476D-03 0.5607477379262D-03 0.5593156756781D-03 0.5623833419799D-03
 0.5702366853857D-03 0.5828910640780D-03 0.6000561010514D-03 0.6211289451314D-03
 0.6452127039431D-03 0.6711979892440D-03 0.6978942556570D-03 0.7242491385083D-03
 0.7495979538136D-03 0.7739411317129D-03 0.7981169004930D-03 0.8238470447803D-03
 0.8535456505887D-03 0.8899950424204D-03 0.9359146445683D-03 0.9936369344675D-03
 0.1064886268888D-02 0.1150782918024D-02 0.1251926827290D-02 0.1368609251524D-02
 0.1500977989483D-02 0.1649237951797D-02 0.1813744840493D-02 0.1995112507637D-02
 0.2194208472255D-02 0.2412169432713D-02 0.2650313141816D-02 0.2910073657083D-02
 0.3192839517697D-02 0.3499812743528D-02 0.3831772044105D-02 0.4188850069960D-02
 0.4570206247037D-02 0.4973704589083D-02 0.5395462791152D-02 0.5829388753991D-02
 0.6266556072652D-02 0.6694555193405D-02 0.7096676279398D-02 0.7451111966090D-02
 0.7730079170754D-02 0.7899117682705D-02 0.7916493264156D-02 0.7732908911849D-02
 0.7291330768841D-02 0.6526752918329D-02 0.5365481043368D-02 0.3723627065600D-02
 0.1505503005640D-02-0.1396371351420D-02-0.5095585673775D-02-0.9697516834137D-02
 0.3684497374422D-09 0.4352134685386D-09 0.5135643210785D-09 0.6059963209415D-09
 0.7147865413025D-09 0.8428562103354D-09 0.9934331951094D-09 0.1170306319777D-08
 0.1377740358226D-08 0.1620663540150D-08 0.1904611745465D-08 0.2235973241657D-08
 0.2621765597506D-08 0.3070097620021D-08 0.3589835962509D-08 0.4190951568099D-08
 0.4884441159583D-08 0.5682364210753D-08 0.6597891183586D-08 0.7645256022400D-08
 0.8839717774563D-08 0.1019742180733D-07 0.1173520561379D-07 0.1347054562685D-07
 0.1542097334184D-07 0.1760394417028D-07 0.2003619624320D-07 0.2273338414243D-07
 0.2570938664367D-07 0.2897591183114D-07 0.3254186818938D-07 0.3641350993248D-07
 0.4059415090376D-07 0.4508559897026D-07 0.4988913196802D-07 0.5500920459783D-07
 0.6045689423782D-07 0.6625649033551D-07 0.7245168462908D-07 0.7911444856298D-07
 0.8635118163166D-07 0.9430977235255D-07 0.1031797061287D-06 0.1131909901720D-06
 0.1246029192076D-06 0.1376923962311D-06 0.1527330524467D-06 0.1699784330983D-06
 0.1896391890045D-06 0.2118698345254D-06 0.2367501813491D-06 0.2642791283640D-06
 0.2943613743312D-06 0.3268066167856D-06 0.3613185299172D-06 0.3974975366008D-06
 0.4348296893681D-06 0.4726923943496D-06 0.5103436200639D-06 0.5469314977146D-06
 0.5814855040500D-06 0.6129327829347D-06 0.6400924017047D-06 0.6617014349100D-06
 0.6764136080610D-06 0.6828371846130D-06 0.6795398361030D-06 0.6651020395033D-06
 0.6381322530994D-06 0.5973475866390D-06 0.5416139621380D-06 0.4700796122739D-06
 0.3822707245595D-06 0.2783064490889D-06 0.1590571338788D-06 0.2639776494275D-07
-0.1167022418496D-06-0.2661035561629D-06-0.4167174675138D-06-0.5627197014472D-06
-0.6978936384678D-06-0.8155810369569D-06-0.9083934212412D-06-0.9673684279808D-06
-0.9810929016176D-06-0.9348148527561D-06-0.8102141115581D-06-0.5858985540490D-06
-0.2392456427936D-06 0.2503742888504D-06 0.8964603452754D-06 0.1698434292012D-05
 0.2632768842735D-05 0.3642952713180D-05 0.4629130103953D-05 0.5439348727519D-05
 0.5864228828811D-05 0.5637297335973D-05 0.4441525509132D-05 0.1920773560943D-05
-0.2310400618869D-05-0.8669556121132D-05-0.1763997758811D-04-0.2985466854222D-04
-0.4624853105713D-04-0.6828071357718D-04-0.9820492847536D-04-0.1393307380754D-03
-0.1961951076961D-03-0.2745680648924D-03-0.3812817927091D-03-0.5239994008984D-03
-0.7111932563982D-03-0.9526879423518D-03-0.1260978845448D-02-0.1653128553165D-02
-0.2152414959410D-02-0.2788607763421D-02-0.3596080131782D-02-0.4610394061531D-02
 0.1929229603377D-10 0.2399655407823D-10 0.2970504496775D-10 0.3660103624736D-10
 0.4482390049358D-10 0.5469845219971D-10 0.6646866158555D-10 0.8051993623844D-10
 0.9720887325289D-10 0.1170856764828D-09 0.1406992148799D-09 0.1688462946029D-09
 0.2023094906855D-09 0.2422222226825D-09 0.2897999097037D-09 0.3466274250231D-09
 0.4145756685024D-09 0.4959033522307D-09 0.5933664833396D-09 0.7102966135316D-09
 0.8506977797001D-09 0.1019403224078D-08 0.1222128758190D-08 0.1465799717584D-08
 0.1758476937922D-08 0.2109630151629D-08 0.2530196384573D-08 0.3032553872415D-08
 0.3630430303394D-08 0.4338526402812D-08 0.5171902621323D-08 0.6145008289492D-08
 0.7270073158475D-08 0.8555262105666D-08 0.1000193391741D-07 0.1160217188812D-07
 0.1333593230426D-07 0.1516914297779D-07 0.1705325829295D-07 0.1892702551121D-07
 0.2072064844137D-07 0.2236284186925D-07 0.2378885003898D-07 0.2494930313346D-07
 0.2581674148330D-07 0.2638997632565D-07 0.2669417279095D-07 0.2677841587289D-07
 0.2671037284196D-07 0.2657069251246D-07 0.2644682987388D-07 0.2642836899224D-07
 0.2660282112885D-07 0.2705279509592D-07 0.2785279337241D-07 0.2906625296964D-07
 0.3074059639753D-07 0.3290057090271D-07 0.3553775506865D-07 0.3859586184142D-07
 0.4194969964461D-07 0.4537665732998D-07 0.4851844962832D-07 0.5083166396576D-07
 0.5152518720141D-07 0.4948420314131D-07 0.4318162566811D-07 0.3058232278880D-07
 0.9050860791051D-08-0.2471627514395D-07-0.7470011605337D-07-0.1454592060754D-06
-0.2418539890750D-06-0.3685235561642D-06-0.5290639939691D-06-0.7249253856687D-06
-0.9541666599469D-06-0.1210363080070D-05-0.1482064541998D-05-0.1753153048300D-05
-0.2004183618487D-05-0.2214418773824D-05-0.2363987124593D-05-0.2435661150567D-05
-0.2416021562504D-05-0.2296204866648D-05-0.2072607681922D-05-0.1748006958095D-05
-0.1333347994131D-05-0.8502845391605D-06-0.3342334307355D-06 0.1625490659558D-06
 0.5687141482917D-06 0.7935451146319D-06 0.7300101080234D-06 0.2624900938083D-06
-0.7200941631705D-06-0.2306242614442D-05-0.4541809152896D-05-0.7413862568850D-05
-0.1084821657729D-04-0.1473310007428D-04-0.1898156736520D-04-0.2363967048227D-04
-0.2903420320397D-04-0.3593273229338D-04-0.4566469881642D-04-0.6013758812045D-04
-0.8169530057036D-04-0.1128251455510D-03-0.1558297662280D-03-0.2127086572644D-03
-0.2855598223931D-03-0.3777033750935D-03-0.4953657407240D-03-0.6492514296056D-03
-0.8550019989267D-03-0.1131918130338D-02-0.1500554494160D-02-0.1981409686582D-02
    2    2  120    8
 0.1309477605401D-03 0.1390418160309D-03 0.1476377466806D-03 0.1567665479194D-03
 0.1664614954465D-03 0.1767576539334D-03 0.1876925577973D-03 0.1993057914250D-03
 0.2116397423334D-03 0.2247390990631D-03 0.2386517242258D-03 0.2534280971699D-03
 0.2691222656428D-03 0.2857912447758D-03 0.3034961034134D-03 0.3223012445514D-03
 0.3422756674299D-03 0.3634921664219D-03 0.3860287093596D-03 0.4099675737330D-03
 0.4353969207961D-03 0.4624097624354D-03 0.4911057900346D-03 0.5215902257244D-03
 0.5539758208712D-03 0.5883816192829D-03 0.6249352402835D-03 0.6637714014366D-03
 0.7050345710166D-03 0.7488773277896D-03 0.7954632632184D-03 0.8449652175130D-03
 0.8975685966430D-03 0.9534692684118D-03 0.1012877417021D-02 0.1076015210535D-02
 0.1143121023900D-02 0.1214446934411D-02 0.1290263551473D-02 0.1370857033460D-02
 0.1456534699358D-02 0.1547621728131D-02 0.1644467315981D-02 0.1747441136736D-02
 0.1856940388122D-02 0.1973385579327D-02 0.2097228716924D-02 0.2228948649903D-02
 0.2369060063357D-02 0.2518108490550D-02 0.2676680608273D-02 0.2845398294939D-02
 0.3024930586112D-02 0.3215987145588D-02 0.3419331299591D-02 0.3635773172487D-02
 0.3866184554772D-02 0.4111490613577D-02 0.4372687262392D-02 0.4650831982903D-02
 0.4947062766424D-02 0.5262588406424D-02 0.5598710146429D-02 0.5956809865324D-02
 0.6338375330250D-02 0.6744987087469D-02 0.7178345909869D-02 0.7640259124419D-02
 0.8132671686118D-02 0.8657649603340D-02 0.9217416411658D-02 0.9814334572748D-02
 0.1045094537360D-01 0.1112994968060D-01 0.1185425347109D-01 0.1262694485626D-01
 0.1345134769908D-01 0.1433099686519D-01 0.1526969789258D-01 0.1627150214533D-01
 0.1734077653938D-01 0.1848217567809D-01 0.1970072512914D-01 0.2100179379180D-01
 0.2239118968928D-01 0.2387513535376D-01 0.2546038143428D-01 0.2715418213258D-01
 0.2896443187754D-01 0.3089964320340D-01 0.3296910372197D-01 0.3518285884843D-01
 0.3755189139663D-01 0.4008809904513D-01 0.4280449785972D-01 0.4571518962201D-01
 0.4883557610154D-01 0.5218230912693D-01 0.5577351162511D-01 0.5962869154964D-01
 0.6376896961511D-01 0.6821695852458D-01 0.7299699759089D-01 0.7813501843756D-01
 0.8365882768787D-01 0.8959799339771D-01 0.9598424651566D-01 0.1028514648263D+00
 0.1102362607186D+00 0.1181781058183D+00 0.1267201558204D+00 0.1359094664303D+00
 0.1457979281927D+00 0.1564424026674D+00 0.1679054810573D+00 0.1802552038517D+00
 0.1935654026470D+00 0.2079148483981D+00 0.2233872966163D+00 0.2400705819078D+00
-0.1350990172599D-07-0.1523331543373D-07-0.1717679029439D-07-0.1936840341878D-07
-0.2183983239406D-07-0.2462677629100D-07-0.2776949622183D-07-0.3131336146064D-07
-0.3530953017205D-07-0.3981565498508D-07-0.4489671713834D-07-0.5062595939364D-07
-0.5708591689049D-07-0.6436958617608D-07-0.7258175656262D-07-0.8184047153552D-07
-0.9227872655315D-07-0.1040463010404D-06-0.1173118940107D-06-0.1322654467696D-06
-0.1491208524946D-06-0.1681188209687D-06-0.1895303539546D-06-0.2136603321627D-06
-0.2408518419977D-06-0.2714907263684D-06-0.3060109546060D-06-0.3449003542035D-06
-0.3887073454587D-06-0.4380480065000D-06-0.4936146077980D-06-0.5561842577696D-06
-0.6266295679687D-06-0.7059294364639D-06-0.7951821568046D-06-0.8956187446119D-06
-0.1008619075813D-05-0.1135728386821D-05-0.1278676913384D-05-0.1439400030251D-05
-0.1620062411155D-05-0.1823082195419D-05-0.2051160310076D-05-0.2307309807591D-05
-0.2594890754959D-05-0.2917645271203D-05-0.3279739546475D-05-0.3685804567480D-05
-0.4140985904598D-05-0.4650991408527D-05-0.5222149098072D-05-0.5861461549040D-05
-0.6576673261320D-05-0.7376331751173D-05-0.8269863626354D-05-0.9267642770030D-05
-0.1038107574279D-04-0.1162267457977D-04-0.1300615213635D-04-0.1454649926740D-04
-0.1626008820139D-04-0.1816475367916D-04-0.2027990646790D-04-0.2262661636835D-04
-0.2522773913043D-04-0.2810800736315D-04-0.3129417613151D-04-0.3481513056217D-04
-0.3870207200693D-04-0.4298866256200D-04-0.4771128476318D-04-0.5290927004243D-04
-0.5862529533034D-04-0.6490576855118D-04-0.7180147180642D-04-0.7936823601826D-04
-0.8766799236542D-04-0.9676993679540D-04-0.1067522495416D-03-0.1177040233263D-03
-0.1297280037506D-03-0.1429436786369D-03-0.1574914665159D-03-0.1735374293780D-03
-0.1912794320732D-03-0.2109539216943D-03-0.2328445133494D-03-0.2572912130522D-03
-0.2847016004902D-03-0.3155624342198D-03-0.3504531776200D-03-0.3900592108731D-03
-0.4351864968734D-03-0.4867747166247D-03-0.5459109026947D-03-0.6138397096861D-03
-0.6919731890415D-03-0.7818953994452D-03-0.8853660948123D-03-0.1004318814306D-02
-0.1140860184071D-02-0.1297266408998D-02-0.1475987922050D-02-0.1679659576578D-02
-0.1911132583002D-02-0.2173525737014D-02-0.2470316644140D-02-0.2805466843513D-02
-0.3183600408072D-02-0.3610217576046D-02-0.4091954971987D-02-0.4636850177378D-02
-0.5254609555973D-02-0.5956814490607D-02-0.6757064395663D-02-0.7670994930598D-02
-0.8716216564279D-02-0.9912166111155D-02-0.1128002239374D-01-0.1284276317812D-01
 0.1600609351750D-07 0.1804264275603D-07 0.2033874836677D-07 0.2292749007947D-07
 0.2584620646535D-07 0.2913697885318D-07 0.3284726658992D-07 0.3703057024997D-07
 0.4174723782985D-07 0.4706528258582D-07 0.5306143408341D-07 0.5982216304915D-07
 0.6744501217640D-07 0.7603991189745D-07 0.8573087906170D-07 0.9665766716548D-07
 0.1089779079135D-06 0.1228692695557D-06 0.1385321450020D-06 0.1561923563825D-06
 0.1761046132220D-06 0.1985559650597D-06 0.2238701291838D-06 0.2524119096726D-06
 0.2845927286173D-06 0.3208761907640D-06 0.3617850671303D-06 0.4079084503571D-06
 0.4599105579141D-06 0.5185397696996D-06 0.5846399203924D-06 0.6591616526541D-06
 0.7431767317684D-06 0.8378925135750D-06 0.9446700343373D-06 0.1065042303483D-05
 0.1200737296454D-05 0.1353701168200D-05 0.1526127134935D-05 0.1720485058586D-05
 0.1939558124489D-05 0.2186479777942D-05 0.2464780546531D-05 0.2778434746376D-05
 0.3131919345967D-05 0.3530273162354D-05 0.3979171442538D-05 0.4485000116478D-05
 0.5054950322254D-05 0.5697112229256D-05 0.6420594023683D-05 0.7235640343721D-05
 0.8153782604401D-05 0.9187988562269D-05 0.1035285087285D-04 0.1166477716146D-04
 0.1314222814496D-04 0.1480595541835D-04 0.1667930372199D-04 0.1878851200179D-04
 0.2116309380212D-04 0.2383621869766D-04 0.2684519574043D-04 0.3023195376638D-04
 0.3404365679055D-04 0.3833331812468D-04 0.4316057923611D-04 0.4859249480331D-04
 0.5470453326276D-04 0.6158158179910D-04 0.6931922915231D-04 0.7802506930099D-04
 0.8782036018290D-04 0.9884170854791D-04 0.1112432326844D-03 0.1251987707400D-03
 0.1409046943306D-03 0.1585828163703D-03 0.1784840958445D-03 0.2008924486290D-03
 0.2261296358893D-03 0.2545603107269D-03 0.2865984209158D-03 0.3227138684689D-03
 0.3634409335860D-03 0.4093869474683D-03 0.4612432775509D-03 0.5197966338361D-03
 0.5859431456500D-03 0.6607028354842D-03 0.7452375692718D-03 0.8408692518232D-03
 0.9491022371541D-03 0.1071645971467D-02 0.1210442685316D-02 0.1367695018191D-02
 0.1545900124072D-02 0.1747883633440D-02 0.1976841775703D-02 0.2236383973766D-02
 0.2530586652579D-02 0.2864048915044D-02 0.3241964182739D-02 0.3670196765301D-02
 0.4155381643386D-02 0.4705032788881D-02 0.5327683836256D-02 0.6033041527166D-02
 0.6832179479846D-02 0.7737745067156D-02 0.8764212988390D-02 0.9928144884775D-02
 0.1124849705671D-01 0.1274692494510D-01 0.1444813853084D-01 0.1638025307207D-01
 0.1857521869595D-01 0.2106927200202D-01 0.2390353748768D-01 0.2712471561071D-01
 0.1940011492582D-12 0.2326664655985D-12 0.2770690825492D-12 0.3309068605197D-12
 0.3948772621668D-12 0.4713603400217D-12 0.5622438369829D-12 0.6716642577805D-12
 0.8011243170823D-12 0.9560900093909D-12 0.1141427381323D-11 0.1361898768150D-11
 0.1625177468039D-11 0.1938736095300D-11 0.2313394097940D-11 0.2759446069152D-11
 0.3291494776164D-11 0.3926254485073D-11 0.4682132163937D-11 0.5584405383562D-11
 0.6658397122769D-11 0.7939909499097D-11 0.9466021567659D-11 0.1128408928715D-10
 0.1345052319818D-10 0.1603101981084D-10 0.1910462232213D-10 0.2276413588943D-10
 0.2712200159538D-10 0.3231023789417D-10 0.3848675846991D-10 0.4583712356454D-10
 0.5458539263890D-10 0.6499386349669D-10 0.7737799750079D-10 0.9210955775784D-10
 0.1096309897458D-09 0.1304709516380D-09 0.1552523429405D-09 0.1847186387682D-09
 0.2197532490823D-09 0.2614040810387D-09 0.3109193837574D-09 0.3697825098858D-09
 0.4397574110715D-09 0.5229452446444D-09 0.6218440661132D-09 0.7394361077907D-09
 0.8792738401452D-09 0.1045601876181D-08 0.1243485387875D-08 0.1478992791241D-08
 0.1759387566599D-08 0.2093390891068D-08 0.2491479918304D-08 0.2966282414969D-08
 0.3533025941760D-08 0.4210146912502D-08 0.5019988759951D-08 0.5989730464739D-08
 0.7152500194776D-08 0.8548823657844D-08 0.1022838838002D-07 0.1225235193250D-07
 0.1469615334709D-07 0.1765322665259D-07 0.2123953591270D-07 0.2559954090712D-07
 0.3091357151658D-07 0.3740745507801D-07 0.4536449662247D-07 0.5514103231022D-07
 0.6718583430477D-07 0.8206518898002D-07 0.1004941402731D-06 0.1233766625227D-06
 0.1518555789501D-06 0.1873762551739D-06 0.2317654588687D-06 0.2873310309871D-06
 0.3569845345185D-06 0.4443946834882D-06 0.5541745032797D-06 0.6921126241369D-06
 0.8654522205377D-06 0.1083230929779D-05 0.1356684957299D-05 0.1699733203031D-05
 0.2129542983641D-05 0.2667194344764D-05 0.3338439977042D-05 0.4174577632286D-05
 0.5213423847697D-05 0.6500404876338D-05 0.8089743098965D-05 0.1004576020745D-04
 0.1244426646644D-04 0.1537408344307D-04 0.1893867883800D-04 0.2325803150860D-04
 0.2847075525275D-04 0.3473674827094D-04 0.4224051114276D-04 0.5119564551148D-04
 0.6185084674901D-04 0.7449822354434D-04 0.8948439953055D-04 0.1072254953578D-03
 0.1282263702526D-03 0.1531051991510D-03 0.1826231067931D-03 0.2177193878456D-03
 0.2595506292003D-03 0.3095333080337D-03 0.3693867372451D-03 0.4411762231973D-03
 0.5273539855464D-03 0.6308022706325D-03 0.7548812220357D-03 0.9034951723728D-03
 0.3807433853801D-10 0.4561745516034D-10 0.5465289384434D-10 0.6547949952654D-10
 0.7845052306612D-10 0.9399156828033D-10 0.1126109702323D-09 0.1349196345592D-09
 0.1616456602307D-09 0.1936658565516D-09 0.2320272134328D-09 0.2779851526501D-09
 0.3330426716211D-09 0.3989987506659D-09 0.4780106176702D-09 0.5726582892828D-09
 0.6860335335705D-09 0.8218353042375D-09 0.9844915893295D-09 0.1179306814503D-08
 0.1412622719925D-08 0.1692034458874D-08 0.2026625451160D-08 0.2427263268558D-08
 0.2906948578683D-08 0.3481226712356D-08 0.4168685593370D-08 0.4991544474057D-08
 0.5976359827653D-08 0.7154861859779D-08 0.8564952081470D-08 0.1025188821425D-07
 0.1226970625834D-07 0.1468288280730D-07 0.1756834037075D-07 0.2101780387508D-07
 0.2514060264450D-07 0.3006699609622D-07 0.3595209022196D-07 0.4298048837051D-07
 0.5137176517467D-07 0.6138692780185D-07 0.7333602329729D-07 0.8758707874307D-07
 0.1045765963457D-06 0.1248218438056D-06 0.1489352300936D-06 0.1776410702087D-06
 0.2117951011278D-06 0.2524071249025D-06 0.3006672185301D-06 0.3579759683058D-06
 0.4259792116242D-06 0.5066077992575D-06 0.6021229090775D-06 0.7151673818090D-06
 0.8488235765536D-06 0.1006678082772D-05 0.1192893569343D-05 0.1412287749263D-05
 0.1670419264857D-05 0.1973679730143D-05 0.2329390770413D-05 0.2745904009461D-05
 0.3232701117638D-05 0.3800489686903D-05 0.4461289288324D-05 0.5228499991323D-05
 0.6116943503001D-05 0.7142864071030D-05 0.8323873262262D-05 0.9678818738075D-05
 0.1122755309906D-04 0.1299057415558D-04 0.1498850322052D-04 0.1724136327777D-04
 0.1976761454842D-04 0.2258290201714D-04 0.2569846789496D-04 0.2911918431754D-04
 0.3284116715823D-04 0.3684894514220D-04 0.4111217816705D-04 0.4558195138874D-04
 0.5018671447852D-04 0.5482799741317D-04 0.5937610857161D-04 0.6366611967693D-04
 0.6749454905392D-04 0.7061728489132D-04 0.7274941025523D-04 0.7356771636967D-04
 0.7271676378465D-04 0.6981937636171D-04 0.6449235530121D-04 0.5636795318285D-04
 0.4512119095098D-04 0.3050234416840D-04 0.1237291017079D-04-0.9258079908702D-05
-0.3420211990048D-04-0.6207036021761D-04-0.9227209329106D-04-0.1240424421091D-03
-0.1565090671779D-03-0.1888067331081D-03-0.2202441875433D-03-0.2505214784012D-03
-0.2799846636984D-03-0.3098923608333D-03-0.3426525118653D-03-0.3819757811583D-03
-0.4328833378267D-03-0.5015144418794D-03-0.5947017840567D-03-0.7193345177094D-03
-0.8815980403525D-03-0.1086271518475D-02-0.1336337701870D-02-0.1633203910947D-02
 0.1706290128538D-14 0.3322585528876D-14 0.4370505128118D-14 0.5623610278855D-14
 0.6522234122933D-14 0.8725921525049D-14 0.1100607533724D-13 0.1501869225298D-13
 0.1819840271658D-13 0.2352775216352D-13 0.3065455614510D-13 0.3899943097763D-13
 0.4986383008040D-13 0.6365272642630D-13 0.8098260323186D-13 0.1032337344355D-12
 0.1315473941780D-12 0.1674874394616D-12 0.2120353403850D-12 0.2706898945623D-12
 0.3437990222371D-12 0.4380943486807D-12 0.5576835316267D-12 0.7083613059683D-12
 0.9012493872093D-12 0.1146882125174D-11 0.1459720250832D-11 0.1855438060586D-11
 0.2359522102228D-11 0.3001198789702D-11 0.3818221850702D-11 0.4853640494196D-11
 0.6172408199852D-11 0.7846642425272D-11 0.9974805761248D-11 0.1267850693438D-10
 0.1611287620294D-10 0.2047683848898D-10 0.2601792897455D-10 0.3305393386049D-10
 0.4198511402650D-10 0.5331949793093D-10 0.6770052174508D-10 0.8594426463956D-10
 0.1090781866293D-09 0.1384065590843D-09 0.1755720152452D-09 0.2226549982388D-09
 0.2822782324844D-09 0.3577499030892D-09 0.4532369727110D-09 0.5739905152796D-09
 0.7266164257984D-09 0.9194140562680D-09 0.1162811179551D-08 0.1469885208288D-08
 0.1857018566229D-08 0.2344714993033D-08 0.2958595725492D-08 0.3730624690387D-08
 0.4700629322721D-08 0.5918133093507D-08 0.7444615001419D-08 0.9356230634150D-08
 0.1174711154804D-07 0.1473333453098D-07 0.1845766002207D-07 0.2309516591288D-07
 0.2885990130085D-07 0.3601266894854D-07 0.4487004986946D-07 0.5581475388189D-07
 0.6930732624979D-07 0.8589918838868D-07 0.1062468415308D-06 0.1311269827196D-06
 0.1614519570334D-06 0.1982848017984D-06 0.2428526388762D-06 0.2965567862554D-06
 0.3609772613004D-06 0.4378686657674D-06 0.5291435225112D-06 0.6368382175430D-06
 0.7630555221017D-06 0.9098767642444D-06 0.1079235660266D-05 0.1272745256812D-05
 0.1491469531201D-05 0.1735631741076D-05 0.2004254614894D-05 0.2294730605492D-05
 0.2602328744582D-05 0.2919652093635D-05 0.3236076290839D-05 0.3537211995546D-05
 0.3804459886651D-05 0.4014740902132D-05 0.4140514895056D-05 0.4150204176057D-05
 0.4009157807538D-05 0.3681257402318D-05 0.3131239450767D-05 0.2327692990963D-05
 0.1246571651446D-05-0.1251816696528D-06-0.1786542264213D-05-0.3720836886936D-05
-0.5896987345621D-05-0.8275106956157D-05-0.1081802336153D-04-0.1350999687504D-04
-0.1638315621892D-04-0.1955081118850D-04-0.2324510196221D-04-0.2785441841251D-04
-0.3395466228898D-04-0.4232806108085D-04-0.5396548966428D-04-0.7005333975969D-04
 0.3102378859610D-13 0.3891111053589D-13 0.4967984060826D-13 0.6331554689688D-13
 0.8054378932811D-13 0.1022723173740D-12 0.1301152175114D-12 0.1655769088909D-12
 0.2107546944053D-12 0.2680406526257D-12 0.3407862836630D-12 0.4336942557115D-12
 0.5515835783173D-12 0.7018703783670D-12 0.8930541928620D-12 0.1136098865682D-11
 0.1445757455524D-11 0.1839264847235D-11 0.2340430802539D-11 0.2977646414286D-11
 0.3788817324963D-11 0.4820506593559D-11 0.6133479389285D-11 0.7803761245060D-11
 0.9928296556474D-11 0.1263138499332D-10 0.1606897217785D-10 0.2044259107577D-10
 0.2600460959558D-10 0.3307884370714D-10 0.4207500537631D-10 0.5351541207342D-10
 0.6806121573236D-10 0.8655511172117D-10 0.1100654515608D-09 0.1399495614002D-09
 0.1779307072774D-09 0.2261952230793D-09 0.2875188272222D-09 0.3654218488567D-09
 0.4643680363227D-09 0.5900183115214D-09 0.7495446362089D-09 0.9520326290476D-09
 0.1208988803796D-08 0.1534975806124D-08 0.1948417314967D-08 0.2472607390184D-08
 0.3136984017120D-08 0.3978724661617D-08 0.5044751603845D-08 0.6394240962976D-08
 0.8101768750494D-08 0.1026123801123D-07 0.1299078220831D-07 0.1643887176863D-07
 0.2079191082486D-07 0.2628366205293D-07 0.3320692124513D-07 0.4192793797145D-07
 0.5290418647426D-07 0.6670620088196D-07 0.8404432300705D-07 0.1058013434504D-06
 0.1330722057655D-06 0.1672120610775D-06 0.2098941963531D-06 0.2631794470569D-06
 0.3295989160324D-06 0.4122518328952D-06 0.5149204695019D-06 0.6422038013570D-06
 0.7996714079961D-06 0.9940383472405D-06 0.1233360959660D-05 0.1527251819033D-05
 0.1887110191602D-05 0.2326360966451D-05 0.2860691365583D-05 0.3508268836391D-05
 0.4289917144092D-05 0.5229218371170D-05 0.6352498746290D-05 0.7688642939805D-05
 0.9268668559582D-05 0.1112497652498D-04 0.1329017961771D-04 0.1579539766271D-04
 0.1866790189903D-04 0.2192799148358D-04 0.2558500310449D-04 0.2963239252885D-04
 0.3404189664519D-04 0.3875689472519D-04 0.4368524629028D-04 0.4869210359609D-04
 0.5359347149551D-04 0.5815163083901D-04 0.6207390154253D-04 0.6501660399548D-04
 0.6659634829154D-04 0.6641091806214D-04 0.6407177080781D-04 0.5924950400766D-04
 0.5173218480142D-04 0.4149422979259D-04 0.2877025540032D-04 0.1412432541505D-04
-0.1499538637583D-05-0.1676379908213D-04-0.2998146477149D-04-0.3923725124609D-04
-0.4259832578119D-04-0.3841228403677D-04-0.2566603671624D-04-0.4347659747531D-05
 0.2428161459942D-04 0.5762571551213D-04 0.9202892073078D-04 0.1234803544094D-03
-0.5542415028619D-14-0.6312612693847D-14-0.8564722018863D-14-0.1073985419927D-13
-0.1377590224745D-13-0.1744345462240D-13-0.2212173642682D-13-0.2807642552601D-13
-0.3579204340151D-13-0.4547148923707D-13-0.5759005926615D-13-0.7317161458116D-13
-0.9323170980714D-13-0.1186643391888D-12-0.1509052409697D-12-0.1919838217157D-12
-0.2439634986553D-12-0.3102682063466D-12-0.3951754973828D-12-0.5024195181133D-12
-0.6400087702367D-12-0.8140495488622D-12-0.1036054650437D-11-0.1318700780901D-11
-0.1677907941504D-11-0.2134966376152D-11-0.2716655079635D-11-0.3457346038985D-11
-0.4399205114757D-11-0.5597202242944D-11-0.7120876598060D-11-0.9060455157796D-11
-0.1152660274458D-10-0.1466377718093D-10-0.1865325124365D-10-0.2372610220802D-10
-0.3017693375423D-10-0.3837780517220D-10-0.4880243911846D-10-0.6205228613725D-10
-0.7888994777158D-10-0.1002839493287D-09-0.1274611225903D-09-0.1619771625245D-09
-0.2058055748170D-09-0.2614434830997D-09-0.3320552693083D-09-0.4216446715486D-09
-0.5352752809719D-09-0.6793494957454D-09-0.8619571421826D-09-0.1093309998034D-08
-0.1386292789040D-08-0.1757148904596D-08-0.2226337655357D-08-0.2819604576642D-08
-0.3569317828295D-08-0.4516120839398D-08-0.5710996282965D-08-0.7217809178646D-08
-0.9116453686763D-08-0.1150672355625D-07-0.1451307249459D-07-0.1829042245685D-07
-0.2303126666562D-07-0.2897426129513D-07-0.3641464513741D-07-0.4571671673876D-07
-0.5732880470551D-07-0.7180095810708D-07-0.8980589204831D-07-0.1121633128389D-06
-0.1398681972013D-06-0.1741228861798D-06-0.2163734403618D-06-0.2683495165974D-06
-0.3321078099312D-06-0.4100771347850D-06-0.5051042435455D-06-0.6204964004664D-06
-0.7600580553522D-06-0.9281142544195D-06-0.1129515374043D-05-0.1369610840182D-05
-0.1654182541891D-05-0.1989319343605D-05-0.2381219151946D-05-0.2835893540275D-05
-0.3358759444925D-05-0.3954090062428D-05-0.4624314855624D-05-0.5369149598245D-05
-0.6184568840645D-05-0.7061634290696D-05-0.7985246196340D-05-0.8932903729087D-05
-0.9873641712884D-05-0.1076735376377D-04-0.1156481333101D-04-0.1220875867073D-04
-0.1263649192299D-04-0.1278445637703D-04-0.1259523014198D-04-0.1202723967473D-04
-0.1106721250275D-04-0.9744967199613D-05-0.8149475434996D-05-0.6444394072130D-05
-0.4880354035579D-05-0.3800608207913D-05-0.3636204230644D-05-0.4887301496302D-05
-0.8088800233109D-05-0.1376171643737D-04-0.2235686999771D-04-0.3420419737146D-04
-0.4948851924490D-04-0.6827837908325D-04-0.9063579733888D-04-0.1168270408547D-03
