bcc Te -- Hedin-Lundqvist LDA                                                   
INPUT  IT=165 SPIN=1 NTYPE=  2
 -3.800000  3.800000  3.800000
  3.800000 -3.800000  3.800000
  3.800000  3.800000 -3.800000
    1  435  2.200000  0.030000    1
  0.000000  0.000000  0.000000
 0.9591199223892D-04 0.1014033557314D-03 0.1072090998390D-03 0.1133472008766D-03
 0.1198366022774D-03 0.1266974727878D-03 0.1339510705090D-03 0.1416198695205D-03
 0.1497276294198D-03 0.1582994688445D-03 0.1673619431366D-03 0.1769431264633D-03
 0.1870726985926D-03 0.1977820366845D-03 0.2091043122568D-03 0.2210745937456D-03
 0.2337299548643D-03 0.2471095891858D-03 0.2612549312322D-03 0.2762097845118D-03
 0.2920204568053D-03 0.3087359032205D-03 0.3264078773650D-03 0.3450910911713D-03
 0.3648433838104D-03 0.3857259002483D-03 0.4078032799557D-03 0.4311438564252D-03
 0.4558198679812D-03 0.4819076806793D-03 0.5094880238240D-03 0.5386462389823D-03
 0.5694725430992D-03 0.6020623066492D-03 0.6365163475762D-03 0.6729412420269D-03
 0.7114496526609D-03 0.7521606757743D-03 0.7952002080357D-03 0.8407013341544D-03
 0.8888047365798D-03 0.9396591284528D-03 0.9934217112275D-03 0.1050258658189D-02
 0.1110345625535D-02 0.1173868292551D-02 0.1241022931949D-02 0.1312017013560D-02
 0.1387069841180D-02 0.1466413226311D-02 0.1550292199709D-02 0.1638965763669D-02
 0.1732707686194D-02 0.1831807341096D-02 0.1936570595090D-02 0.2047320745073D-02
 0.2164399508801D-02 0.2288168071337D-02 0.2419008190936D-02 0.2557323366936D-02
 0.2703540074294D-02 0.2858109067475D-02 0.3021506757845D-02 0.3194236669232D-02
 0.3376830975198D-02 0.3569852123110D-02 0.3773894549836D-02 0.3989586493936D-02
 0.4217591909900D-02 0.4458612490233D-02 0.4713389801200D-02 0.4982707538072D-02
 0.5267393908406D-02 0.5568324147427D-02 0.5886423175815D-02 0.6222668405919D-02
 0.6578092705215D-02 0.6953787526001D-02 0.7350906209840D-02 0.7770667476979D-02
 0.8214359110522D-02 0.8683341846516D-02 0.9179053480969D-02 0.9703013205290D-02
 0.1025682618392D-01 0.1084218838623D-01 0.1146089168705D-01 0.1211482924956D-01
 0.1280600120965D-01 0.1353652067004D-01 0.1430862003324D-01 0.1512465767825D-01
 0.1598712501059D-01 0.1689865389871D-01 0.1786202452086D-01 0.1888017364361D-01
 0.1995620335993D-01 0.2109339029669D-01 0.2229519533979D-01 0.2356527387864D-01
 0.2490748662443D-01 0.2632591100584D-01 0.2782485319618D-01 0.2940886078736D-01
 0.3108273615736D-01 0.3285155056242D-01 0.3472065898590D-01 0.3669571579809D-01
 0.3878269125625D-01 0.4098788889119D-01 0.4331796382924D-01 0.4577994209857D-01
 0.4838124096546D-01 0.5112969035445D-01 0.5403355540942D-01 0.5710156025726D-01
 0.6034291302340D-01 0.6376733217098D-01 0.6738507422962D-01 0.7120696297920D-01
 0.7524442016079D-01 0.7950949779326D-01 0.8401491216927D-01 0.8877407961949D-01
 0.9380115411738D-01 0.9911106682968D-01 0.1047195676914D+00 0.1106432691078D+00
 0.1168996918824D+00 0.1235073134601D+00 0.1304856186380D+00 0.1378551527929D+00
 0.1456375777633D+00 0.1538557305729D+00 0.1625336849702D+00 0.1716968160894D+00
 0.1813718681882D+00 0.1915870257777D+00 0.2023719881141D+00 0.2137580472893D+00
 0.2257781701136D+00 0.2384670837452D+00 0.2518613655110D+00 0.2659995367917D+00
 0.2809221613219D+00 0.2966719479715D+00 0.3132938582352D+00 0.3308352185251D+00
 0.3493458375122D+00 0.3688781286366D+00 0.3894872379361D+00 0.4112311774382D+00
 0.4341709642247D+00 0.4583707652757D+00 0.4838980484573D+00 0.5108237395159D+00
 0.5392223855117D+00 0.5691723246393D+00 0.6007558626375D+00 0.6340594559779D+00
 0.6691739017856D+00 0.7061945347311D+00 0.7452214309290D+00 0.7863596188498D+00
 0.8297192973574D+00 0.8754160608555D+00 0.9235711314703D+00 0.9743115983272D+00
 0.1027770663718D+01 0.1084087896234D+01 0.1143409490139D+01 0.1205888531881D+01
 0.1271685271956D+01 0.1340967403040D+01 0.1413910343597D+01 0.1490697526136D+01
 0.1571520689606D+01 0.1656580176362D+01 0.1746085230916D+01 0.1840254301747D+01
 0.1939315343972D+01 0.2043506121439D+01 0.2153074508445D+01 0.2268278788585D+01
 0.2389387949185D+01 0.2516681970499D+01 0.2650452106542D+01 0.2791001156765D+01
 0.2938643725425D+01 0.3093706466036D+01 0.3256528309343D+01 0.3427460670105D+01
 0.3606867631069D+01 0.3795126099230D+01 0.3992625931628D+01 0.4199770026011D+01
 0.4416974371595D+01 0.4644668056131D+01 0.4883293222934D+01 0.5133304973218D+01
 0.5395171207034D+01 0.5669372398038D+01 0.5956401293151D+01 0.6256762531996D+01
 0.6570972177909D+01 0.6899557151786D+01 0.7243054562618D+01 0.7602010923322D+01
 0.7976981244843D+01 0.8368527998419D+01 0.8777219935473D+01 0.9203630756488D+01
 0.9648337617279D+01 0.1011191946226D+02 0.1059495517407D+02 0.1109802153031D+02
 0.1162169095057D+02 0.1216652903219D+02 0.1273309185712D+02 0.1332192305939D+02
 0.1393355064635D+02 0.1456848356784D+02 0.1522720800993D+02 0.1591018342728D+02
 0.1661783828876D+02 0.1735056553838D+02 0.1810871777499D+02 0.1889260213684D+02
 0.1970247490051D+02 0.2053853579597D+02 0.2140092204174D+02 0.2228970211730D+02
 0.2320486927321D+02 0.2414633481580D+02 0.2511392116913D+02 0.2610735475779D+02
 0.2712625873626D+02 0.2817014560490D+02 0.2923840976271D+02 0.3033032004585D+02
 0.3144501231389D+02 0.3258148215716D+02 0.3373857779625D+02 0.3491499326184D+02
 0.3610926195671D+02 0.3731975069063D+02 0.3854465432156D+02 0.3978199110383D+02
 0.4102959890327D+02 0.4228513239217D+02 0.4354606140570D+02 0.4480967058726D+02
 0.4607306051840D+02 0.4733315048257D+02 0.4858668305202D+02 0.4983023066963D+02
 0.5106020441509D+02 0.5227286511346D+02 0.5346433698762D+02 0.5463062398481D+02
 0.5576762896570D+02 0.5687117585896D+02 0.5793703492587D+02 0.5896095119688D+02
 0.5993867617447D+02 0.6086600277793D+02 0.6173880357129D+02 0.6255307213027D+02
 0.6330496750429D+02 0.6399086151076D+02 0.6460738867852D+02 0.6515149843803D+02
 0.6562050923783D+02 0.6601216398884D+02 0.6632468637712D+02 0.6655683723485D+02
 0.6670797035388D+02 0.6677808671776D+02 0.6676788637369D+02 0.6667881671933D+02
 0.6651311628488D+02 0.6627385259598D+02 0.6596495311615D+02 0.6559122768475D+02
 0.6515838146784D+02 0.6467301671449D+02 0.6414262245174D+02 0.6357555040888D+02
 0.6298097651766D+02 0.6236884641762D+02 0.6174980468166D+02 0.6113510646519D+02
 0.6053651183895D+02 0.5996616193240D+02 0.5943643791993D+02 0.5895980246980D+02
 0.5854862572706D+02 0.5821499602680D+02 0.5797051856233D+02 0.5782610296463D+02
 0.5779174457944D+02 0.5787629926133D+02 0.5808726119872D+02 0.5843054219158D+02
 0.5891026133928D+02 0.5952854726895D+02 0.6028536125623D+02 0.6117834332242D+02
 0.6220269080596D+02 0.6335107092900D+02 0.6461357695446D+02 0.6597772842679D+02
 0.6742852514358D+02 0.6894855269142D+02 0.7051814936284D+02 0.7211562865243D+02
 0.7371756604307D+02 0.7529914083734D+02 0.7683453979761D+02 0.7829740823958D+02
 0.7966135477305D+02 0.8090048827210D+02 0.8198999289261D+02 0.8290671373941D+02
 0.8362975726656D+02 0.8414107368048D+02 0.8442602622302D+02 0.8447390723782D+02
 0.8427841042616D+02 0.8383801269495D+02 0.8315627974665D+02 0.8224204634587D+02
 0.8110949267777D+02 0.7977806456955D+02 0.7827227240771D+02 0.7662131451441D+02
 0.7485857477821D+02 0.7302094205826D+02 0.7114801838749D+02 0.6928116527303D+02
 0.6746247528096D+02 0.6573361921906D+02 0.6413467692493D+02 0.6270290060226D+02
 0.6147153835936D+02 0.6046866148280D+02 0.5971613936627D+02 0.5922869442802D+02
 0.5901319300034D+02 0.5906807942684D+02 0.5938312835222D+02 0.5993938423852D+02
 0.6070947009353D+02 0.6165809596558D+02 0.6274293374597D+02 0.6391569023219D+02
 0.6512349240673D+02 0.6631040899731D+02 0.6741920018294D+02 0.6839309939613D+02
 0.6917770513699D+02 0.6972277643753D+02 0.6998400257660D+02 0.6992454411670D+02
 0.6951641621836D+02 0.6874153049972D+02 0.6759247332158D+02 0.6607286864298D+02
 0.6419741636041D+02 0.6199149497408D+02 0.5949043362695D+02 0.5673838733406D+02
 0.5378693259455D+02 0.5069336191751D+02 0.4751879808430D+02 0.4432614953088D+02
 0.4117801852335D+02 0.3813462010832D+02 0.3525179963251D+02 0.3257923434072D+02
 0.3015886469207D+02 0.2802366301410D+02 0.2619671026224D+02 0.2469072662022D+02
 0.2350793191455D+02 0.2264036889625D+02 0.2207056511410D+02 0.2177256591479D+02
 0.2171319001430D+02 0.2185361993333D+02 0.2215101230395D+02 0.2256033440878D+02
 0.2303603328824D+02 0.2353381438373D+02 0.2401208195261D+02 0.2443337701556D+02
 0.2476534643889D+02 0.2498166146214D+02 0.2506238234628D+02 0.2499429007398D+02
 0.2477064831762D+02 0.2439100456840D+02 0.2386046419978D+02 0.2318911084549D+02
 0.2239098746456D+02 0.2148332453698D+02 0.2048543803722D+02 0.1941795746043D+02
 0.1830181396474D+02 0.1715762049988D+02 0.1600485818995D+02 0.1486150171016D+02
 0.1374345952740D+02 0.1266445782919D+02 0.1163573151491D+02 0.1066613202290D+02
 0.9762049396811D+01 0.8927671515014D+01 0.8165028812711D+01 0.7474381087222D+01
 0.6854322306657D+01 0.6302215315856D+01 0.5814318222130D+01 0.5386227307634D+01
 0.5012994971623D+01 0.4689538525373D+01 0.4410701224106D+01 0.4171562258969D+01
 0.3967387929409D+01 0.3793826940628D+01 0.3646814567762D+01 0.3522800554420D+01
 0.3418796597237D+01 0.3332750446635D+01 0.3263643693983D+01
    2  435  1.200000  0.030000    3
  0.000000  0.500000  0.500000
  0.500000  0.500000  0.000000
  0.500000  0.000000  0.500000
 0.3136983294676D-10 0.3330957647003D-10 0.3536926323596D-10 0.3755630986947D-10
 0.3987859159563D-10 0.4234447060019D-10 0.4496282620344D-10 0.4774308657393D-10
 0.5069526305474D-10 0.5382998597558D-10 0.5715854305069D-10 0.6069291973884D-10
 0.6444584283191D-10 0.6843082600171D-10 0.7266221859594D-10 0.7715525700246D-10
 0.8192611997517D-10 0.8699198659474D-10 0.9237109826858D-10 0.9808282407430D-10
 0.1041477310261D-09 0.1105876577912D-09 0.1174257934925D-09 0.1246867608395D-09
 0.1323967053408D-09 0.1405833890981D-09 0.1492762909302D-09 0.1585067121210D-09
 0.1683078897549D-09 0.1787151159968D-09 0.1897658653362D-09 0.2014999290932D-09
 0.2139595593639D-09 0.2271896207790D-09 0.2412377521613D-09 0.2561545376235D-09
 0.2719936894601D-09 0.2888122410623D-09 0.3066707525042D-09 0.3256335280049D-09
 0.3457688483820D-09 0.3671492163423D-09 0.3898516177774D-09 0.4139577983347D-09
 0.4395545587249D-09 0.4667340666847D-09 0.4955941890460D-09 0.5262388434686D-09
 0.5587783736457D-09 0.5933299460032D-09 0.6300179717488D-09 0.6689745541667D-09
 0.7103399653493D-09 0.7542631506552D-09 0.8009022651419D-09 0.8504252422702D-09
 0.9030103998264D-09 0.9588470811981D-09 0.1018136337324D-08 0.1081091649787D-08
 0.1147939700781D-08 0.1218921188403D-08 0.1294291693796D-08 0.1374322599887D-08
 0.1459302070644D-08 0.1549536087274D-08 0.1645349550144D-08 0.1747087447766D-08
 0.1855116100341D-08 0.1969824477701D-08 0.2091625600027D-08 0.2220958023831D-08
 0.2358287422337D-08 0.2504108261534D-08 0.2658945580224D-08 0.2823356879099D-08
 0.2997934129958D-08 0.3183305905925D-08 0.3380139644283D-08 0.3589144048294D-08
 0.3811071640619D-08 0.4046721471504D-08 0.4296941995403D-08 0.4562634123848D-08
 0.4844754471599D-08 0.5144318798778D-08 0.5462405667732D-08 0.5800160324195D-08
 0.6158798822885D-08 0.6539612403565D-08 0.6943972139251D-08 0.7373333870189D-08
 0.7829243447540D-08 0.8313342296317D-08 0.8827373324097D-08 0.9373187192715D-08
 0.9952748983570D-08 0.1056814526916D-07 0.1122159162344D-07 0.1191544059538D-07
 0.1265219017892D-07 0.1343449280470D-07 0.1426516488415D-07 0.1514719694654D-07
 0.1608376440501D-07 0.1707823898534D-07 0.1813420085751D-07 0.1925545152317D-07
 0.2044602749792D-07 0.2171021483661D-07 0.2305256456181D-07 0.2447790903446D-07
 0.2599137935136D-07 0.2759842381036D-07 0.2930482751160D-07 0.3111673317666D-07
 0.3304066325584D-07 0.3508354339752D-07 0.3725272736704D-07 0.3955602350468D-07
 0.4200172282972D-07 0.4459862886404D-07 0.4735608931181D-07 0.5028402968401D-07
 0.5339298901921D-07 0.5669415779213D-07 0.6019941817692D-07 0.6392138678532D-07
 0.6787346006311D-07 0.7206986247945D-07 0.7652569769077D-07 0.8125700286722D-07
 0.8628080638656D-07 0.9161518907807D-07 0.9727934925442D-07 0.1032936717529D-06
 0.1096798012578D-06 0.1164607201449D-06 0.1236608311169D-06 0.1313060449649D-06
 0.1394238737315D-06 0.1480435296569D-06 0.1571960301975D-06 0.1669143095367D-06
 0.1772333370270D-06 0.1881902428673D-06 0.1998244516019D-06 0.2121778238398D-06
 0.2252948067338D-06 0.2392225937005D-06 0.2540112940973D-06 0.2697141132544D-06
 0.2863875437133D-06 0.3040915682376D-06 0.3228898753166D-06 0.3428500880275D-06
 0.3640440069784D-06 0.3865478682610D-06 0.4104426173267D-06 0.4358141996990D-06
 0.4627538697302D-06 0.4913585183031D-06 0.5217310208014D-06 0.5539806065026D-06
 0.5882232508103D-06 0.6245820916300D-06 0.6631878714117D-06 0.7041794064739D-06
 0.7477040852784D-06 0.7939183973801D-06 0.8429884950091D-06 0.8950907892286D-06
 0.9504125829185D-06 0.1009152742668D-05 0.1071522412174D-05 0.1137745769307D-05
 0.1208060830477D-05 0.1282720303572D-05 0.1361992494490D-05 0.1446162268456D-05
 0.1535532071314D-05 0.1630423013601D-05 0.1731176020741D-05 0.1838153054773D-05
 0.1951738410902D-05 0.2072340093816D-05 0.2200391278876D-05 0.2336351862810D-05
 0.2480710110275D-05 0.2633984401311D-05 0.2796725086309D-05 0.2969516455062D-05
 0.3152978826955D-05 0.3347770769096D-05 0.3554591451324D-05 0.3774183145670D-05
 0.4007333879087D-05 0.4254880249230D-05 0.4517710413202D-05 0.4796767259517D-05
 0.5093051774847D-05 0.5407626617066D-05 0.5741619907814D-05 0.6096229256941D-05
 0.6472726034554D-05 0.6872459903968D-05 0.7296863632829D-05 0.7747458198857D-05
 0.8225858207966D-05 0.8733777644382D-05 0.9273035972397D-05 0.9845564611042D-05
 0.1045341380513D-04 0.1109875991713D-04 0.1178391316213D-04 0.1251132581687D-04
 0.1328360093136D-04 0.1410350157093D-04 0.1497396061978D-04 0.1589809118567D-04
 0.1687919764044D-04 0.1792078732638D-04 0.1902658298308D-04 0.2020053592734D-04
 0.2144684003299D-04 0.2276994656566D-04 0.2417457991723D-04 0.2566575429284D-04
 0.2724879141757D-04 0.2892933931209D-04 0.3071339220959D-04 0.3260731167985D-04
 0.3461784903356D-04 0.3675216907879D-04 0.3901787532172D-04 0.4142303668397D-04
 0.4397621583789D-04 0.4668649925246D-04 0.4956352904818D-04 0.5261753677701D-04
 0.5585937923238D-04 0.5930057641545D-04 0.6295335178734D-04 0.6683067493351D-04
 0.7094630679358D-04 0.7531484759873D-04 0.7995178768791D-04 0.8487356135460D-04
 0.9009760392231D-04 0.9564241222188D-04 0.1015276086817D-03 0.1077740092204D-03
 0.1144036952202D-03 0.1214400897130D-03 0.1289080381599D-03 0.1368338939536D-03
 0.1452456090560D-03 0.1541728299070D-03 0.1636469990777D-03 0.1737014628504D-03
 0.1843715851914D-03 0.1956948683569D-03 0.2077110806103D-03 0.2204623914356D-03
 0.2339935145996D-03 0.2483518596265D-03 0.2635876920360D-03 0.2797543029418D-03
 0.2969081884432D-03 0.3151092394420D-03 0.3344209424054D-03 0.3549105916833D-03
 0.3766495140436D-03 0.3997133060985D-03 0.4241820852872D-03 0.4501407551926D-03
 0.4776792859462D-03 0.5068930105376D-03 0.5378829379373D-03 0.5707560837632D-03
 0.6056258196885D-03 0.6426122422946D-03 0.6818425626256D-03 0.7234515173217D-03
 0.7675818026650D-03 0.8143845324824D-03 0.8640197213409D-03 0.9166567941132D-03
 0.9724751234252D-03 0.1031664596270D-02 0.1094426211190D-02 0.1160972707744D-02
 0.1231529229198D-02 0.1306334021469D-02 0.1385639167800D-02 0.1469711363050D-02
 0.1558832728196D-02 0.1653301667046D-02 0.1753433767448D-02 0.1859562748467D-02
 0.1972041455925D-02 0.2091242908440D-02 0.2217561395411D-02 0.2351413630116D-02
 0.2493239959171D-02 0.2643505631613D-02 0.2802702128547D-02 0.2971348557475D-02
 0.3149993111477D-02 0.3339214597857D-02 0.3539624036247D-02 0.3751866331277D-02
 0.3976622018566D-02 0.4214609090540D-02 0.4466584899820D-02 0.4733348146661D-02
 0.5015740948134D-02 0.5314650996109D-02 0.5631013799315D-02 0.5965815019118D-02
 0.6320092891255D-02 0.6694940745047D-02 0.7091509609637D-02 0.7511010920111D-02
 0.7954719311021D-02 0.8423975511191D-02 0.8920189323168D-02 0.9444842704839D-02
 0.9999492930816D-02 0.1058577585501D-01 0.1120540924240D-01 0.1186019620564D-01
 0.1255202868947D-01 0.1328289105977D-01 0.1405486372815D-01 0.1487012685860D-01
 0.1573096410309D-01 0.1663976639959D-01 0.1759903576527D-01 0.1861138914651D-01
 0.1967956221811D-01 0.2080641322073D-01 0.2199492670529D-01 0.2324821728247D-01
 0.2456953322225D-01 0.2596226003165D-01 0.2742992380806D-01 0.2897619453089D-01
 0.3060488904450D-01 0.3231997393548D-01 0.3412556799420D-01 0.3602594452615D-01
 0.3802553311698D-01 0.4012892119586D-01 0.4234085489737D-01 0.4466623967718D-01
 0.4711014003379D-01 0.4967777893234D-01 0.5237453613439D-01 0.5520594615683D-01
 0.5817769490417D-01 0.6129561588805D-01 0.6456568481492D-01 0.6799401374951D-01
 0.7158684331106D-01 0.7535053443235D-01 0.7929155776582D-01 0.8341648270494D-01
 0.8773196359843D-01 0.9224472564902D-01 0.9696154753654D-01 0.1018892438765D+00
 0.1070346437842D+00 0.1124045695994D+00 0.1180058110526D+00 0.1238450999134D+00
 0.1299290794201D+00 0.1362642747509D+00 0.1428570573484D+00 0.1497136111904D+00
 0.1568398918629D+00 0.1642415886643D+00 0.1719240784366D+00 0.1798923838880D+00
 0.1881511221835D+00 0.1967044601684D+00 0.2055560581641D+00 0.2147090228583D+00
 0.2241658470568D+00 0.2339283617685D+00 0.2439976725744D+00 0.2543741127531D+00
 0.2650571780502D+00 0.2760454829432D+00 0.2873366953227D+00 0.2989274994478D+00
 0.3108135327008D+00 0.3229893585295D+00 0.3354484084374D+00 0.3481829693823D+00
 0.3611841336599D+00 0.3744418069702D+00 0.3879446691258D+00 0.4016802087049D+00
 0.4156346995467D+00 0.4297932681133D+00 0.4441398899673D+00 0.4586574988608D+00
 0.4733280056422D+00 0.4881324591578D+00 0.5030510922970D+00 0.5180635425055D+00
 0.5331489307977D+00 0.5482861527468D+00 0.5634539922443D+00 0.5786314980582D+00
 0.5937981361054D+00 0.6089342639248D+00 0.6240213283803D+00 0.6390424562170D+00
 0.6539826998595D+00 0.6688297714201D+00 0.6835743430295D+00 0.6982109500995D+00
 0.7127383598941D+00 0.7271606793393D+00 0.7414877988611D+00 0.7557367573955D+00
 0.7699322753228D+00 0.7841084345768D+00 0.7983093403400D+00 0.8125912190182D+00
 0.8270232846893D+00 0.8416904535615D+00 0.8566945941371D+00
  348
 0.1962291937222D+02 0.0000000000000D+00 0.1171783063387D+03-0.1120787503244D-47
 0.5502930453759D+02 0.0000000000000D+00 0.1504207458374D+03 0.2310463791767D-29
 0.7322429575239D+02 0.2218647691606D-29 0.1136075885679D+03-0.8483278198253D-30
 0.3503339397862D+02-0.2223224328451D-48 0.1662260196136D+03 0.8808753457883D-29
 0.1947935001034D+02-0.1114174615037D-30 0.6069461711560D+02 0.5795103305317D-30
 0.3056015109304D+02 0.4354076509476D-48 0.5557858049642D+02-0.9779834625455D-48
 0.4321769065325D+02-0.7656133373232D-31 0.3880166687296D+02-0.2233278927992D-29
 0.5968941629885D+02 0.0000000000000D+00 0.3071193352272D+02-0.1218957709012D-29
 0.4062296666700D+02 0.3424907447497D-29 0.8696775012213D+01-0.7072701798773D-49
 0.1240998415197D+02-0.1426085915173D-29 0.1291874147092D+02 0.1220804984939D-48
 0.1072230812676D+02-0.4007106683752D-48 0.2996821946687D+01 0.0000000000000D+00
 0.1512738511155D+02-0.1068420850798D-28 0.8321788598845D+01-0.3231697266297D-29
 0.7109879704179D+01-0.2055228520180D-32 0.8229004596985D+01-0.1070670568465D-48
 0.3857674037231D+01 0.0000000000000D+00 0.4480129305389D+01-0.3534409682525D-30
 0.4694002073671D+00 0.1306819302680D-31 0.1044743023457D+01-0.2965983895389D-29
 0.3718821735384D+00-0.1965451954137D-48 0.1700668344492D+01-0.9827259770872D-49
 0.8361791031350D+00 0.0000000000000D+00 0.9995464647882D-01-0.2400542354221D-29
 0.7440649414263D-02-0.5176336575882D-30 0.1538538912508D+01-0.6353764974196D-30
 0.4662889728308D+00-0.4180619837079D-30 0.3947719350955D+00 0.1787676410787D-29
 0.5532225977096D+00-0.2282688800117D-30 0.1065408168836D-01-0.4734496336110D-29
 0.2710619832846D+00 0.0000000000000D+00 0.4986798338351D-01-0.2514569204474D-29
 0.8363436152154D+00 0.2744186528256D-30 0.9140285841425D+00 0.6298977204241D-49
 0.3536072778312D+00-0.1395175743159D-48 0.1071365136212D+01 0.4650585811423D-49
 0.7990733368885D+00-0.3789034576073D-30 0.1145883592266D+01 0.4319013299806D-31
 0.3668917550028D+00-0.4043141853705D-30 0.1622897400375D+01-0.1144159940015D-49
 0.2264114676764D+01-0.1496816959242D-29 0.8716287047952D+00-0.7141353586143D-30
 0.9284044933707D+00 0.0000000000000D+00 0.2104583806513D+01 0.2988205736055D-29
 0.1403326784093D+01 0.2897853447710D-30 0.1382483664479D+01-0.1950558931987D-49
 0.1707301367690D+01 0.0000000000000D+00 0.2960737096319D+01-0.2553669295193D-48
 0.1275717239311D+01 0.9245876407365D-30 0.2758206770908D+01 0.1732373076389D-29
 0.3440891090787D+01 0.1359471312749D-30 0.1375826516688D+01-0.5268128110186D-31
 0.2832970461938D+01 0.1843957170062D-30 0.3064919636076D+01 0.2647158845311D-29
 0.1713224452190D+01 0.1839881950294D-30 0.2923431584836D+01-0.1909939890945D-29
 0.3342264998964D+01 0.6945426702977D-30 0.1533013382303D+01-0.1515550131723D-30
 0.2995288576159D+01-0.9990818040528D-30 0.3221012912268D+01 0.3480863615737D-30
 0.7432657978405D+00 0.0000000000000D+00 0.1503642240727D+01 0.6765470038904D-49
 0.4346136221483D+00 0.0000000000000D+00 0.1425802893874D+01-0.7558230992628D-30
 0.1656647051910D+01-0.7823812389331D-32 0.2844308901086D+01 0.4498496625824D-30
 0.1605125337043D+01-0.8576632262487D-31 0.2842477595628D+01-0.4708424186852D-30
 0.1426069215770D+01 0.3214000957207D-29 0.4285001636949D+00 0.2974143033069D-49
 0.1466726209703D+01-0.5948286065827D-49 0.2475650787076D+01-0.5453625288960D-30
 0.2621678925837D+01 0.9192212407470D-31 0.2774691388040D+01 0.5693920442998D-30
 0.1152937413722D+01-0.2437623725644D-49 0.1144962584300D+01-0.9856179924272D-30
 0.2332256873801D+01 0.3332432857849D-29 0.2212726730074D+01-0.4463801824154D-49
 0.1189564696483D+01-0.4463801824154D-49 0.1114836565073D+01-0.3397828584909D-30
 0.2145057705088D+01-0.3029893200802D-29 0.2110149323251D+01-0.2015867150320D-30
 0.1901711411340D+01 0.0000000000000D+00 0.1870443833074D+01 0.7389030494017D-30
 0.1030739773009D+01-0.4875452256130D-31 0.1674548365839D+01 0.2179687864798D-30
 0.1725097660681D+01 0.2877809617629D-29 0.1793662125800D+01 0.3430783085895D-30
 0.3905776024527D+00 0.1311875210577D-30 0.7312738888638D+00-0.3426188413463D-31
 0.7744238827378D+00 0.0000000000000D+00 0.6980337771293D+00 0.0000000000000D+00
 0.6770503384236D+00 0.0000000000000D+00 0.6175075618106D+00 0.0000000000000D+00
 0.1287725723181D+01-0.3740083120084D-31 0.1261116339750D+01 0.1257004389604D-30
 0.1327055502730D+01-0.1422618283660D-30 0.5770488024248D+00-0.9111315882068D-31
 0.5976607733033D+00-0.1103696359656D-30 0.1064411923903D+01-0.1776277673328D-29
 0.1128202538946D+01 0.8759279255551D-31 0.1015392991858D+01-0.5973968448439D-50
 0.9125151804429D+00 0.2870933568859D-30 0.4184240129805D+00-0.8191110469571D-31
 0.1116336816087D+00 0.4599140144907D-32 0.7683644892491D+00-0.1654515107647D-29
 0.7977778593047D+00-0.2980404766361D-30 0.7698720087052D+00 0.1795166902154D-29
 0.3985593639103D+00-0.1404411478198D-30 0.4061536424661D+00-0.9194403720449D-31
 0.3716196555897D+00-0.7153340010170D-49 0.3249912059000D+00-0.1143134670620D-30
 0.6628191164877D+00-0.2109906016500D-30 0.6492676243847D+00-0.1741670048281D-29
 0.5935158741764D+00 0.8273382438118D-32 0.3071199372418D+00-0.6846240579221D-32
 0.5309152706575D+00 0.3376690077330D-30 0.5548737526789D+00 0.1991897392574D-30
 0.4400118578173D+00 0.1089542855720D-29 0.4471444342044D+00-0.1355180107637D-29
 0.2052552443743D+00 0.5932201250909D-31 0.1754159476816D+00-0.1457317229479D-49
 0.3641226375347D+00-0.3273669124155D-30 0.1841678507033D+00-0.4660798255856D-31
 0.8882383240327D-01 0.0000000000000D+00 0.1586690924991D+00-0.2978391375433D-49
 0.3320210352232D+00-0.5956782750302D-49 0.1611558708724D+00-0.2978391375433D-49
 0.2850634548447D+00-0.7788556207845D-31 0.2932131967111D+00-0.1845277629407D-30
 0.1434457808553D+00-0.1613753682079D-30 0.2591514416475D+00 0.1917606841389D-29
 0.2286966916411D+00-0.5159121613750D-30 0.2369284365998D+00 0.5630498307717D-30
 0.1169173016363D+00 0.2527403403774D-29 0.1178635058475D+00-0.1274073695439D-30
 0.1032479568431D+00 0.9057804804039D-49 0.1831620627491D+00-0.3197336115809D-30
 0.1856704397953D+00-0.7597602748151D-31 0.1868348567338D+00-0.2124729042855D-31
 0.8389920868244D-01-0.1094773098135D-30 0.7177085711251D-01-0.1425437687568D-30
 0.1480307595384D+00 0.3845738397049D-30 0.7347235254089D-01-0.1181518673365D-30
 0.1280236798527D+00 0.1384285355142D-48 0.6551442494237D-01 0.5537141420473D-49
 0.1142398366645D+00 0.1038325563812D-30 0.1123411249043D+00 0.1931031647715D-29
 0.1146301164586D+00-0.2077889665537D-31 0.1019350011522D+00 0.2371468668476D-30
 0.8832574180027D-01-0.4869972734944D-49 0.8788600740563D-01-0.2866243074090D-29
 0.8869625685416D-01-0.3418061430138D-30 0.6683027221078D-01-0.2701866358065D-29
 0.9536331733438D-02 0.1006858194421D-49 0.4983733046106D-01-0.9297240585378D-50
 0.2617339019039D-01 0.9953490010896D-32 0.5144243033725D-01 0.1049888233943D-29
 0.5191071714864D-01 0.9508402206183D-31 0.5198966243452D-01 0.2206903027759D-29
 0.2591375467274D-01 0.0000000000000D+00 0.4570728786189D-01 0.1785199208702D-48
 0.5471532423387D-02 0.0000000000000D+00 0.1896986259981D-01 0.2017974491204D-31
 0.1892152937925D-01-0.1541953151190D-30 0.3920782996444D-01-0.6462098196348D-31
 0.1891561584227D-01 0.1912196914327D-30 0.3309413976018D-01 0.2784008625347D-30
 0.8331852047191D-02 0.6847052400307D-30 0.1648720615081D-01 0.4591637612820D-31
 0.2957212245421D-01-0.7834412309716D-30 0.1447615439783D-01-0.3943554736477D-30
 0.1248384297885D-01 0.4139333166185D-49 0.1233513234855D-01-0.4139333166185D-49
 0.2159896516409D-01 0.5989965250873D-30 0.2135460115978D-01 0.3974684900701D-30
 0.2163373372146D-01-0.3684316625854D-29 0.2194341146872D-01-0.3647577865525D-30
 0.2119462623631D-01-0.4142183756514D-31 0.9493756152082D-02-0.9213797115409D-30
 0.1606839631458D-01-0.4268203772077D-49 0.1643348486228D-01-0.5942423260067D-32
 0.1413315578549D-01 0.7412644136374D-50 0.6834383627364D-02 0.0000000000000D+00
 0.1218103027895D-01 0.1018436921506D-30 0.5851063535960D-02 0.2977208731434D-31
 0.5273025810443D-02 0.5034203846137D-31 0.5120498356275D-02-0.3676151266718D-30
 0.1015568944983D-01 0.1461379960172D-30 0.9044805484231D-02-0.1904630111623D-50
 0.8870475407668D-02 0.2382784417454D-30 0.4504913365847D-02-0.3315474466197D-30
 0.6758532267592D-02 0.2270710595742D-30 0.6563516642020D-02 0.7174786542338D-30
 0.6521923572897D-02-0.8067310581186D-31 0.5889693110331D-02 0.2511342246815D-30
 0.2331276413696D-02 0.0000000000000D+00 0.5039082462777D-02-0.3756356284590D-29
 0.2332147230109D-02 0.2686788515541D-30 0.2056776037947D-02 0.7616302762343D-50
 0.2174294197628D-02 0.3046521104070D-49 0.3604062699015D-02 0.4809119900155D-31
 0.3933663229425D-02 0.2279868536407D-30 0.3795363523917D-02 0.2893807539894D-29
 0.3781041932371D-02-0.1532960062706D-30 0.3586671499929D-02-0.4969075438783D-30
 0.1666159906934D-02 0.2931135687166D-32 0.2829913733853D-02 0.8190629259386D-31
 0.3031626977008D-02 0.2627192992156D-30 0.2984760361930D-02-0.2154935534147D-49
 0.2999133070214D-02 0.1061988016729D-30 0.1397778791538D-02 0.1715746755776D-30
 0.1260328554630D-02-0.1167197449764D-49 0.2599628401299D-02-0.7003184700782D-49
 0.2240247361970D-02 0.3364555735033D-30 0.2192310277821D-02 0.1431180579735D-30
 0.8931836747672D-03 0.1203313476824D-30 0.1847172579604D-02-0.6940257347281D-49
 0.4465034608834D-03 0.1110441175691D-48 0.1734006334580D-02-0.1955826805421D-30
 0.1596978669397D-02 0.5781728814397D-49 0.8018705587514D-03-0.2890864407506D-49
 0.1392659742310D-02 0.3068900926273D-31 0.7117891316239D-03-0.3381816329739D-31
 0.6998432611085D-03 0.2294888299029D-30 0.1407226256125D-02-0.4655030198699D-30
 0.1255334071198D-02 0.8601101848915D-31 0.1245701547133D-02-0.6177917904927D-30
 0.1083177736447D-02-0.8340810827680D-31 0.1044359357383D-02-0.1198550713624D-30
 0.5481373566158D-03-0.2445133731563D-29 0.5234702901202D-03 0.1890177051410D-31
 0.8059829813941D-03-0.3523262352541D-31 0.7986610990857D-03 0.2386997445917D-30
 0.8067016852379D-03-0.1682422357328D-31 0.7692784228496D-03 0.6836335019980D-31
 0.8027388212681D-04 0.4740516197719D-32 0.5477221305595D-03-0.2908658752712D-30
 0.2674888134223D-03-0.2173041642100D-30 0.2604845361079D-03 0.2775672741183D-32
 0.4217107648351D-03-0.1298543270578D-48 0.2111330391806D-03-0.9739074530928D-49
 0.2052505118229D-03-0.3246358176587D-49 0.1345988554040D-03 0.8064013082241D-50
 0.2940085221079D-03-0.1005780630286D-30 0.8503528394295D-04-0.1372980701551D-31
 0.2005034867528D-03-0.7524377124821D-31 0.9696805322306D-04 0.2300962469892D-32
 0.7303041072733D-04 0.6434900412932D-31 0.1000710357097D-03-0.6291842394615D-49
 0.8811735147196D-04-0.8617282829726D-31 0.9276196631885D-04 0.1572960598959D-49
 0.9206905253307D-04 0.4338217888615D-31 0.1540235275794D-05 0.1544081231927D-49
-0.1047127357313D-03-0.1811569676703D-48-0.8958400072160D-04 0.4272176672203D-30
-0.9694394393489D-04 0.4834721167598D-31-0.9118447830596D-04-0.7469803786871D-31
-0.9301601804086D-04-0.1717070923949D-30-0.8832965559730D-04 0.5528795122402D-31
-0.2614375070407D-03-0.1458734745104D-30-0.2551359140208D-03 0.1496191126873D-29
-0.1278771962975D-03-0.1900214624904D-30-0.1289751702607D-03-0.5701503118869D-49
-0.3241014959943D-03-0.1100973316111D-48-0.3259282424985D-03-0.8257299870584D-49
-0.1962819780789D-03-0.3236111014376D-31-0.3886856434708D-03-0.3161571490612D-30
-0.3914197361412D-03-0.9032053707921D-31-0.3888688617534D-03-0.1067235889457D-29
-0.4476539904880D-03 0.2468800228010D-30-0.4958540951377D-03-0.7916630898127D-31
-0.4945533036363D-03 0.1298000669860D-30-0.5681769278935D-03 0.3119987211262D-30
-0.5682054711059D-03 0.1812749277403D-30-0.5673355314387D-03 0.3608468131714D-30
-0.2963654808649D-03 0.3102162765231D-31-0.1481856778480D-03 0.3698493494297D-46
-0.6094978633591D-03 0.1073767489006D-29-0.6095283472356D-03-0.1143541871474D-30
-0.6094471330951D-03 0.7217159171740D-31-0.6094937516537D-03-0.6634197042762D-31
-0.3047166592077D-03 0.3479261779545D-45-0.3047994956634D-03 0.3189196067901D-31
-0.3092127522606D-03-0.1120914268914D-36-0.3092061907122D-03-0.1173267201798D-46
-0.3099257523849D-03-0.3243674947191D-31-0.6198515047452D-03-0.1033894501149D-29
-0.6198515047919D-03 0.3861566074933D-31-0.6198515047618D-03-0.9307684188254D-31
-0.6140076074604D-03 0.2905861285073D-30-0.6140076074454D-03-0.2693044734260D-30
-0.3070038037145D-03-0.3858375781271D-31-0.6012180777959D-03-0.8854598253158D-31
-0.3006090388993D-03-0.2979966072623D-32-0.9697834880007D-04-0.1247766478197D-32
-0.5818700928105D-03 0.2744862598030D-29-0.5564098795908D-03-0.2563824801822D-30
-0.5564098796011D-03-0.1418769734741D-31-0.5564098796167D-03 0.3614931138640D-30
-0.2626674207994D-03 0.1476306611699D-30-0.2445927657412D-03 0.1299647719557D-30
-0.2445927657419D-03-0.1815763885835D-30-0.4891855314892D-03-0.7929287157250D-30
-0.2445927657503D-03 0.9773605997297D-31-0.4891855314644D-03 0.2578748132598D-30
-0.2445927657258D-03-0.1141537527229D-32-0.4891855314982D-03-0.2774337603612D-30
-0.4485375701448D-03-0.1970620410158D-30-0.4485375701701D-03 0.2146147184287D-30
-0.4039936046801D-03 0.3822577438883D-30-0.4039936046582D-03-0.1538872918351D-29
-0.3561753923594D-03-0.1819208544123D-30-0.3057160903497D-03 0.1380775728069D-30
-0.3057160903392D-03-0.1447787509614D-30-0.3057160903454D-03 0.1088477196697D-30
-0.3057160903413D-03-0.7887121310064D-31-0.3057160903436D-03-0.3560211361581D-30
-0.3057160903598D-03 0.8739116549168D-31-0.1528580451743D-03-0.1014721392450D-30
-0.1994195905306D-03-0.1189460843873D-31-0.1994195905581D-03-0.6244256579500D-30
-0.1994195905401D-03-0.3047258779559D-31-0.7242028968983D-04 0.3089210061400D-31
-0.9012391652372D-04-0.1025272616487D-31-0.9012391653335D-04-0.7965473269324D-30
-0.1792795746642D-04-0.6317946738860D-30-0.1792795745740D-04-0.7974556852281D-33
-0.3585591489844D-04-0.8037429413934D-30-0.4481989367541D-05-0.6086177925853D-35
 0.1740415998852D-04 0.3514470141315D-30 0.1740415999951D-04-0.8454672925568D-30
 0.1740415999396D-04 0.4305028692139D-30 0.1740416000763D-04-0.1060797250782D-29
 0.1740416000851D-04 0.5721711334063D-31 0.8702079992005D-05 0.3581506850498D-31
 0.3456438831992D-04-0.7740347265413D-31 0.3456438832399D-04-0.8341426059122D-31
    1
    1    1  120    3
 0.8306523563470D-04 0.9370331583177D-04 0.1055390688459D-03 0.1186792583318D-03
 0.1332346928604D-03 0.1493210379307D-03 0.1670561209228D-03 0.1865606323474D-03
 0.2079551865913D-03 0.2313601735239D-03 0.2568921880612D-03 0.2846640544280D-03
 0.3147793034156D-03 0.3473328346070D-03 0.3824042047529D-03 0.4200575127885D-03
 0.4603340852921D-03 0.5032526197498D-03 0.5487998681856D-03 0.5969318895525D-03
 0.6475636446180D-03 0.7005705644035D-03 0.7557777217411D-03 0.8129627230986D-03
 0.8718444305892D-03 0.9320878459452D-03 0.9932930305114D-03 0.1055002839840D-02
 0.1116692610793D-02 0.1177781478333D-02 0.1237623611756D-02 0.1295524012899D-02
 0.1350731976773D-02 0.1402461719592D-02 0.1449888951066D-02 0.1492176522325D-02
 0.1528474669912D-02 0.1557950973896D-02 0.1579794550760D-02 0.1593249551575D-02
 0.1597622390229D-02 0.1592317174058D-02 0.1576844537766D-02 0.1550857036603D-02
 0.1514157255460D-02 0.1466730078041D-02 0.1408747841280D-02 0.1340596204532D-02
 0.1262873697190D-02 0.1176407470731D-02 0.1082244991824D-02 0.9816570527695D-03
 0.8761190438349D-03 0.7672989825994D-03 0.6570278787866D-03 0.5472718142155D-03
 0.4400906894138D-03 0.3375957637022D-03 0.2418995195303D-03 0.1550597928899D-03
 0.7902638872519D-04 0.1557642207954D-04-0.3373613969071D-04-0.6764657861228D-04
-0.8521827868497D-04-0.8590213791334D-04-0.6955390848977D-04-0.3647923384658D-04
 0.1257932215964D-04 0.7642028384819D-04 0.1534299195872D-03 0.2415881859955D-03
 0.3385539795327D-03 0.4416962766830D-03 0.5482176761746D-03 0.6552088961995D-03
 0.7598024364703D-03 0.8592416941009D-03 0.9510569320601D-03 0.1033133410620D-02
 0.1103896622872D-02 0.1162365130374D-02 0.1208329088227D-02 0.1242376925093D-02
 0.1266052975364D-02 0.1281853030346D-02 0.1293354294737D-02 0.1305179169111D-02
 0.1323095789596D-02 0.1353959891243D-02 0.1405793494871D-02 0.1487708122409D-02
 0.1609978198654D-02 0.1783957133930D-02 0.2022157000440D-02 0.2338170717703D-02
 0.2746775976082D-02 0.3263883572662D-02 0.3906684525307D-02 0.4693659982883D-02
 0.5644794291977D-02 0.6781696589249D-02 0.8127905518467D-02 0.9709161998726D-02
 0.1155382529374D-01 0.1369332745978D-01 0.1616270448073D-01 0.1900128926419D-01
 0.2225342754025D-01 0.2596957389885D-01 0.3020739429339D-01 0.3503359442051D-01
 0.4052560860332D-01 0.4677440897250D-01 0.5388688699369D-01 0.6198989094169D-01
 0.7123364204923D-01 0.8179817297642D-01 0.9389937321416D-01 0.1077998556261D+00
 0.8342890993185D-09 0.1015327545595D-08 0.1234461928653D-08 0.1499399535602D-08
 0.1819340471751D-08 0.2205229437823D-08 0.2670086568152D-08 0.3229347971907D-08
 0.3901313641003D-08 0.4707597599121D-08 0.5673731190826D-08 0.6829753891814D-08
 0.8211006095548D-08 0.9858904115284D-08 0.1182197197311D-07 0.1415682535275D-07
 0.1692951303729D-07 0.2021674749910D-07 0.2410760227316D-07 0.2870504454327D-07
 0.3412805024093D-07 0.4051344305463D-07 0.4801851702756D-07 0.5682318628613D-07
 0.6713313983265D-07 0.7918232004757D-07 0.9323662863962D-07 0.1095966346236D-06
 0.1286018767153D-06 0.1506336623738D-06 0.1761198532324D-06 0.2055376172840D-06
 0.2394185355676D-06 0.2783509455305D-06 0.3229852088469D-06 0.3740351786696D-06
 0.4322832459918D-06 0.4985803924730D-06 0.5738505339663D-06 0.6590883955566D-06
 0.7553625487386D-06 0.8638101850427D-06 0.9856380365374D-06 0.1122112936108D-05
 0.1274559630853D-05 0.1444345935824D-05 0.1632876226584D-05 0.1841569431977D-05
 0.2071847799365D-05 0.2325105354318D-05 0.2602690658465D-05 0.2905865551795D-05
 0.3235780241612D-05 0.3593420475001D-05 0.3979577609691D-05 0.4394780966865D-05
 0.4839265947336D-05 0.5312893769307D-05 0.5815120207542D-05 0.6344903164834D-05
 0.6900684693018D-05 0.7480285481673D-05 0.8080912903743D-05 0.8699048329645D-05
 0.9330499128798D-05 0.9970280386095D-05 0.1061273941690D-04 0.1125143696431D-04
 0.1187938357744D-04 0.1248892273667D-04 0.1307214706495D-04 0.1362079917274D-04
 0.1412694166440D-04 0.1458292623375D-04 0.1498243571373D-04 0.1532052757012D-04
 0.1559523592418D-04 0.1580775826742D-04 0.1596472372611D-04 0.1607865093282D-04
 0.1617114337989D-04 0.1627359916453D-04 0.1643163236936D-04 0.1670625883259D-04
 0.1717973359215D-04 0.1795748280742D-04 0.1917581595171D-04 0.2100506790563D-04
 0.2365975628523D-04 0.2740409487539D-04 0.3256576384637D-04 0.3954559450062D-04
 0.4883718754637D-04 0.6104398344867D-04 0.7690736857262D-04 0.9733574388231D-04
 0.1234438703038D-03 0.1565984043825D-03 0.1984698528637D-03 0.2510990663264D-03
 0.3169618685720D-03 0.3990637916537D-03 0.5010237695941D-03 0.6272161715349D-03
 0.7828968913937D-03 0.9744397507663D-03 0.1209540312940D-02 0.1497611665029D-02
 0.1850096352085D-02 0.2281055653896D-02 0.2807599874660D-02 0.3450718545226D-02
 0.4235880295337D-02 0.5194320201806D-02 0.6364120801023D-02 0.7792424719560D-02
 0.9537398103365D-02 0.1167176914818D-01 0.1428584965176D-01 0.1749273256588D-01
 0.3498443368370D-13 0.4544729708806D-13 0.5899349011981D-13 0.7651699778638D-13
 0.9916308324286D-13 0.1284031446792D-12 0.1661173776504D-12 0.2147158108376D-12
 0.2772696916660D-12 0.3577056835949D-12 0.4610136809118D-12 0.5935572909279D-12
 0.7633994296038D-12 0.9807917915632D-12 0.1258686068716D-11 0.1613501073217D-11
 0.2065907692890D-11 0.2642038401766D-11 0.3374678730125D-11 0.4305130617341D-11
 0.5485039074402D-11 0.6979249702520D-11 0.8868515014295D-11 0.1125388861516D-10
 0.1426074715701D-10 0.1804534790240D-10 0.2280076406472D-10 0.2876676176832D-10
 0.3623822523583D-10 0.4557992774315D-10 0.5723853571357D-10 0.7176406360887D-10
 0.8982679909908D-10 0.1122487823706D-09 0.1400262953395D-09 0.1743759806822D-09
 0.2167647173327D-09 0.2689744104537D-09 0.3331416487270D-09 0.4118502594839D-09
 0.5081777260801D-09 0.6258280707485D-09 0.7691858323747D-09 0.9434962398295D-09
 0.1154926588236D-08 0.1410817735715D-08 0.1719728377803D-08 0.2091790257283D-08
 0.2538722533727D-08 0.3074295536624D-08 0.3714293581190D-08 0.4477151067319D-08
 0.5383744957160D-08 0.6458289050596D-08 0.7727877414147D-08 0.9223611688480D-08
 0.1097979784416D-07 0.1303544103235D-07 0.1543271378613D-07 0.1821894758321D-07
 0.2144415201078D-07 0.2516343707763D-07 0.2943291509219D-07 0.3431332074935D-07
 0.3986291798443D-07 0.4614240166370D-07 0.5320473113668D-07 0.6110096962851D-07
 0.6986561160895D-07 0.7952562419987D-07 0.9007884725587D-07 0.1015091628991D-06
 0.1137586437711D-06 0.1267532143616D-06 0.1403712688864D-06 0.1544952428467D-06
 0.1689823311525D-06 0.1837665656337D-06 0.1988592214352D-06 0.2145433375263D-06
 0.2314436030442D-06 0.2509047996442D-06 0.2752022462533D-06 0.3082250281305D-06
 0.3559549551384D-06 0.4276371047545D-06 0.5366816950240D-06 0.7025756007827D-06
 0.9524332460854D-06 0.1323960156771D-05 0.1867965885500D-05 0.2652938556913D-05
 0.3769055296590D-05 0.5335415806913D-05 0.7506886922066D-05 0.1048615336576D-04
 0.1453614094368D-04 0.2000114155181D-04 0.2732981724467D-04 0.3711242427743D-04
 0.5012167646870D-04 0.6737540024586D-04 0.9020491842162D-04 0.1203546411799D-03
 0.1600913493334D-03 0.2123618297842D-03 0.2809693342942D-03 0.3708369012681D-03
 0.4883138425752D-03 0.6416368279881D-03 0.8414813530305D-03 0.1101766042279D-02
 0.1440603928521D-02 0.1881652638037D-02 0.2455715444666D-02 0.3203024210047D-02
 0.4176043343370D-02 0.5443547219230D-02 0.7095753253630D-02 0.9251678525729D-02
    2    2  120    8
-0.8704886860295D-07-0.9800787319700D-07-0.1103430673404D-06-0.1242264517779D-06
-0.1398517679735D-06-0.1574364792571D-06-0.1772255090650D-06-0.1994936984101D-06
-0.2245505552347D-06-0.2527433431765D-06-0.2844630264330D-06-0.3201481898100D-06
-0.3602925403017D-06-0.4054497578021D-06-0.4562430108963D-06-0.5133710396417D-06
-0.5776200460300D-06-0.6498713968354D-06-0.7311166010277D-06-0.8224668127147D-06
-0.9251717958988D-06-0.1040631806829D-05-0.1170421242952D-05-0.1316303649009D-05
-0.1480261444073D-05-0.1664514364477D-05-0.1871557026200D-05-0.2104181903461D-05
-0.2365526055789D-05-0.2659100049839D-05-0.2988846552882D-05-0.3359175712144D-05
-0.3775039011153D-05-0.4241973154414D-05-0.4766191681681D-05-0.5354639974312D-05
-0.6015109808350D-05-0.6756306244914D-05-0.7587991611976D-05-0.8521068017960D-05
-0.9567755352436D-05-0.1074169417928D-04-0.1205816755942D-04-0.1353422525694D-04
-0.1518896160695D-04-0.1704366767714D-04-0.1912217343778D-04-0.2145103627858D-04
-0.2405996576186D-04-0.2698204903994D-04-0.3025428092047D-04-0.3391783758315D-04
-0.3801872553198D-04-0.4260812004203D-04-0.4774316509166D-04-0.5348737288333D-04
-0.5991162031928D-04-0.6709462628262D-04-0.7512416588012D-04-0.8409765456004D-04
-0.9412363741282D-04-0.1053224691972D-03-0.1178281547093D-03-0.1317891552929D-03
-0.1473706161656D-03-0.1647553361102D-03-0.1841464895914D-03-0.2057687294823D-03
-0.2298715340608D-03-0.2567304849749D-03-0.2866512924344D-03-0.3199713172843D-03
-0.3570644442362D-03-0.3983427632582D-03-0.4442625494904D-03-0.4953261447954D-03
-0.5520890905964D-03-0.6151623509717D-03-0.6852209081761D-03-0.7630060756672D-03
-0.8493360291702D-03-0.9451083283484D-03-0.1051312361566D-02-0.1169032292887D-02
-0.1299462025480D-02-0.1443908063681D-02-0.1603807788405D-02-0.1780732416685D-02
-0.1976408795433D-02-0.2192722161486D-02-0.2431743066218D-02-0.2695729225835D-02
-0.2987158011316D-02-0.3308728333458D-02-0.3663399020203D-02-0.4054390122563D-02
-0.4485229672235D-02-0.4959753192021D-02-0.5482159999004D-02-0.6057012361135D-02
-0.6689302257259D-02-0.7384449425735D-02-0.8148383821897D-02-0.8987541869360D-02
-0.9908967686778D-02-0.1092031206529D-01-0.1202995774333D-01-0.1324702201498D-01
-0.1458151714612D-01-0.1604436025523D-01-0.1764757669187D-01-0.1940432273723D-01
-0.2132914271080D-01-0.2343800423000D-01-0.2574862708558D-01-0.2828053535988D-01
-0.3105547568110D-01-0.3409753014715D-01-0.3743368141984D-01-0.4109404935109D-01
 0.4181779588397D-11 0.4996953370074D-11 0.5971173423970D-11 0.7135455649690D-11
 0.8526882997771D-11 0.1018973833548D-10 0.1217696044775D-10 0.1455176054139D-10
 0.1738969812097D-10 0.2078098557936D-10 0.2483344345201D-10 0.2967578564311D-10
 0.3546183387469D-10 0.4237518644077D-10 0.5063522310219D-10 0.6050375772810D-10
 0.7229357527718D-10 0.8637789177842D-10 0.1032025229747D-09 0.1232992981020D-09
 0.1473033823126D-09 0.1759723511008D-09 0.2102107655416D-09 0.2510972754127D-09
 0.2999195509894D-09 0.3582126554603D-09 0.4278086536256D-09 0.5108910883102D-09
 0.6100652033689D-09 0.7284351032284D-09 0.8697033660748D-09 0.1038280144976D-08
 0.1239424021649D-08 0.1479396501824D-08 0.1765661173769D-08 0.2107101476986D-08
 0.2514302329606D-08 0.2999857318517D-08 0.3578765830348D-08 0.4268865749906D-08
 0.5091393372542D-08 0.6071591253631D-08 0.7239496670879D-08 0.8630796046160D-08
 0.1028793149391D-07 0.1226129938875D-07 0.1461080338050D-07 0.1740753295659D-07
 0.2073593722797D-07 0.2469617113468D-07 0.2940714087138D-07 0.3500977092938D-07
 0.4167125436655D-07 0.4958961422592D-07 0.5899962186995D-07 0.7017913232121D-07
 0.8345734050536D-07 0.9922355804621D-07 0.1179386893422D-06 0.1401474161688D-06
 0.1664941226245D-06 0.1977397387898D-06 0.2347838521023D-06 0.2786880400224D-06
 0.3307064529080D-06 0.3923181135998D-06 0.4652693941924D-06 0.5516185786914D-06
 0.6537947904170D-06 0.7746598609082D-06 0.9175900699019D-06 0.1086561878818D-05
 0.1286265996036D-05 0.1522226386333D-05 0.1800959403139D-05 0.2130140225943D-05
 0.2518825219355D-05 0.2977684941894D-05 0.3519316515734D-05 0.4158570956390D-05
 0.4912992162224D-05 0.5803277863681D-05 0.6853898975050D-05 0.8093747564197D-05
 0.9557007424418D-05 0.1128406825128D-04 0.1332274580715D-04 0.1572955852532D-04
 0.1857143426646D-04 0.2192747847306D-04 0.2589133628098D-04 0.3057362243597D-04
 0.3610516101679D-04 0.4264027077425D-04 0.5036116795086D-04 0.5948238736254D-04
 0.7025668679255D-04 0.8298097074257D-04 0.9800425389471D-04 0.1157355945508D-03
 0.1366549159523D-03 0.1613239535786D-03 0.1904012354032D-03 0.2246575410054D-03
 0.2649974147033D-03 0.3124815975336D-03 0.3683584205970D-03 0.4340969735980D-03
 0.5114330709493D-03 0.6024173829776D-03 0.7094816553772D-03 0.8355061769306D-03
 0.9839116551442D-03 0.1158750781395D-02 0.1364832714045D-02 0.1607846566162D-02
 0.1894533806835D-02 0.2232870041001D-02 0.2632324411905D-02 0.3104159258136D-02
-0.7008775574419D-11-0.8374440131240D-11-0.1000644749673D-10-0.1195671926261D-10
-0.1428733304111D-10-0.1707241518515D-10-0.2040058415480D-10-0.2437764648008D-10
-0.2913008530285D-10-0.3480890636417D-10-0.4159459898442D-10-0.4970262697890D-10
-0.5939050807768D-10-0.7096560961386D-10-0.8479524958265D-10-0.1013178073905D-09
-0.1210570986409D-09-0.1446381800553D-09-0.1728078547839D-09-0.2064571058039D-09
-0.2466502988110D-09-0.2946571491217D-09-0.3519941680118D-09-0.4204701283837D-09
-0.5022451352175D-09-0.5998949838523D-09-0.7164952428631D-09-0.8557128310752D-09
-0.1021925176007D-08-0.1220350239911D-08-0.1457215896450D-08-0.1739944353731D-08
-0.2077392089369D-08-0.2480111863247D-08-0.2960693133407D-08-0.3534132401795D-08
-0.4218316137891D-08-0.5034545703994D-08-0.6008220835957D-08-0.7169581749643D-08
-0.8554678291151D-08-0.1020641707312D-07-0.1217593272142D-07-0.1452406978311D-07
-0.1732331725495D-07-0.2065990092981D-07-0.2463651687039D-07-0.2937528361073D-07
-0.3502159426134D-07-0.4174827802893D-07-0.4976104208901D-07-0.5930431542964D-07
-0.7066890993876D-07-0.8420026629764D-07-0.1003092159980D-06-0.1194835570700D-06
-0.1423032258941D-06-0.1694565063158D-06-0.2017613404061D-06-0.2401881098297D-06
-0.2858895128137D-06-0.3402324323828D-06-0.4048398741048D-06-0.4816356271088D-06
-0.5729028383485D-06-0.6813465358663D-06-0.8101757377517D-06-0.9631904840554D-06
-0.1144896610927D-05-0.1360627492582D-05-0.1616703981083D-05-0.1920603806272D-05
-0.2281185252060D-05-0.2708922217854D-05-0.3216215638612D-05-0.3817720864841D-05
-0.4530779875814D-05-0.5375875060217D-05-0.6377229874603D-05-0.7563436952618D-05
-0.8968288758270D-05-0.1063164544251D-04-0.1260058492072D-04-0.1493059431350D-04
-0.1768715309903D-04-0.2094737470976D-04-0.2480217759080D-04-0.2935852569214D-04
-0.3474241134020D-04-0.4110189899902D-04-0.4861119943884D-04-0.5747481096999D-04
-0.6793307548247D-04-0.8026777306732D-04-0.9480971098618D-04-0.1119463361661D-03
-0.1321320475216D-03-0.1558986096582D-03-0.1838693374448D-03-0.2167733468067D-03
-0.2554651542651D-03-0.3009446099256D-03-0.3543840999201D-03-0.4171564681174D-03
-0.4908733921839D-03-0.5774245310738D-03-0.6790314138163D-03-0.7983024667146D-03
-0.9383082114718D-03-0.1102657046173D-02-0.1295599577199D-02-0.1522131351888D-02
-0.1788135926131D-02-0.2100525337374D-02-0.2467438653851D-02-0.2898440564523D-02
-0.3404809784485D-02-0.3999847402431D-02-0.4699323071944D-02-0.5521987654973D-02
 0.4647297365499D-15 0.5909738339164D-15 0.7514290547867D-15 0.9553480285862D-15
 0.1214474695327D-14 0.1543720022365D-14 0.1962018264171D-14 0.2493397524998D-14
 0.3168351265105D-14 0.4025586346978D-14 0.5114200895722D-14 0.6496488930492D-14
 0.8251465715262D-14 0.1047934278505D-13 0.1330719414643D-13 0.1689611046955D-13
 0.2145030674639D-13 0.2722858842218D-13 0.3455886300391D-13 0.4385658010484D-13
 0.5564785071484D-13 0.7059892715171D-13 0.8955311868277D-13 0.1135778559844D-12
 0.1440235189069D-12 0.1825982712299D-12 0.2314619234322D-12 0.2933445342632D-12
 0.3716957738525D-12 0.4708728536078D-12 0.5963773981103D-12 0.7551525474632D-12
 0.9559570839405D-12 0.1209835160293D-11 0.1530704102441D-11 0.1936095036719D-11
 0.2448074330449D-11 0.3094405547379D-11 0.3909989376869D-11 0.4938675824616D-11
 0.6235510980656D-11 0.7869543040732D-11 0.9927311758455D-11 0.1251717206120D-10
 0.1577466831780D-10 0.1986917247317D-10 0.2501208038439D-10 0.3146695559909D-10
 0.3956188855425D-10 0.4970485067413D-10 0.6240218670323D-10 0.7828157541103D-10
 0.9811940237357D-10 0.1228745361418D-09 0.1537283226655D-09 0.1921334565807D-09
 0.2398715478155D-09 0.2991219410194D-09 0.3725427766872D-09 0.4633658824715D-09
 0.5755065654971D-09 0.7136909472349D-09 0.8835968775025D-09 0.1092017463515D-08
 0.1347030449400D-08 0.1658191255145D-08 0.2036716764102D-08 0.2495680562348D-08
 0.3050170894929D-08 0.3717424843120D-08 0.4516872732356D-08 0.5470081799943D-08
 0.6600517562017D-08 0.7933056234601D-08 0.9493158054065D-08 0.1130557137832D-07
 0.1339237938953D-07 0.1577030647620D-07 0.1844680926499D-07 0.2141509077518D-07
 0.2464712666091D-07 0.2808505779447D-07 0.3162976602535D-07 0.3512698129228D-07
 0.3834979027461D-07 0.4097761970255D-07 0.4257099107091D-07 0.4254176853273D-07
 0.4011853331808D-07 0.3430679071894D-07 0.2384333791584D-07 0.7144747512700D-08
-0.1775462452861D-07-0.5327102464081D-07-0.1023636849403D-06-0.1686446034518D-06
-0.2565395166134D-06-0.3715074278376D-06-0.5203708784138D-06-0.7118016491277D-06
-0.9570448186635D-06-0.1270990251683D-05-0.1673713415988D-05-0.2192696973813D-05
-0.2865902538326D-05-0.3745985706817D-05-0.4905921069856D-05-0.6446309025036D-05
-0.8504793320624D-05-0.1126773245716D-04-0.1498484642819D-04-0.1998682900949D-04
-0.2670767801088D-04-0.3571178591545D-04-0.4773021045976D-04-0.6370783579755D-04
-0.8487072616902D-04-0.1128210606558D-03-0.1496751684560D-03-0.1982618331387D-03
-0.1624101858808D-14-0.2064647871693D-14-0.2624494213713D-14-0.3335901133664D-14
-0.4239816682965D-14-0.5388259555338D-14-0.6847246874191D-14-0.8700610744919D-14
-0.1105474705799D-13-0.1404470355171D-13-0.1784187356510D-13-0.2266371600546D-13
-0.2878616798813D-13-0.3655923532150D-13-0.4642691134444D-13-0.5895221674530D-13
-0.7484911488935D-13-0.9502272900621D-13-0.1206203508988D-12-0.1530960424509D-12
-0.1942920755965D-12-0.2465424045604D-12-0.3128027965757D-12-0.3968161489957D-12
-0.5033204050357D-12-0.6383117854028D-12-0.8093767672042D-12-0.1026110643636D-11
-0.1300646079807D-11-0.1648318108454D-11-0.2088503524866D-11-0.2645675129268D-11
-0.3350730777258D-11-0.4242662930095D-11-0.5370653782157D-11-0.6796713414076D-11
-0.8598975195287D-11-0.1087584556914D-10-0.1375117271134D-10-0.1738074191966D-10
-0.2196036532363D-10-0.2773598896091D-10-0.3501629775845D-10-0.4418837367248D-10
-0.5573720038747D-10-0.7026982242929D-10-0.8854528536640D-10-0.1115117278449D-09
-0.1403519185086D-09-0.1765397295990D-09-0.2219088822312D-09-0.2787380534395D-09
-0.3498536687268D-09-0.4387564360076D-09-0.5497732823556D-09-0.6882428642259D-09
-0.8607371541377D-09-0.1075327740391D-08-0.1341903093533D-08-0.1672543925218D-08
-0.2081964361951D-08-0.2588028936106D-08-0.3212342872766D-08-0.3980940208203D-08
-0.4925038547829D-08-0.6081903569914D-08-0.7495754366409D-08-0.9218754477983D-08
-0.1131197990400D-07-0.1384638170037D-07-0.1690358532089D-07-0.2057646732780D-07
-0.2496929714942D-07-0.3019721825174D-07-0.3638480395237D-07-0.4366325256835D-07
-0.5216567899770D-07-0.6202007648594D-07-0.7333867387853D-07-0.8620362726476D-07
-0.1006466824470D-06-0.1166230674895D-06-0.1339765538104D-06-0.1523957570094D-06
-0.1713587581235D-06-0.1900654296150D-06-0.2073557785459D-06-0.2216131276446D-06
-0.2306520656023D-06-0.2315907413493D-06-0.2207086609708D-06-0.1932919358068D-06
-0.1434617893028D-06-0.6400078146809D-07 0.5385112927728D-07 0.2206060061911D-06
 0.4487996923551D-06 0.7533275609191D-06 0.1151934646134D-05 0.1665943424537D-05
 0.2321373771324D-05 0.3150687566037D-05 0.4195403854757D-05 0.5510062246236D-05
 0.7167897762209D-05 0.9268912540801D-05 0.1195092430802D-04 0.1540423161666D-04
 0.1989076717804D-04 0.2576799544174D-04 0.3351881080945D-04 0.4378703238942D-04
 0.5742139717202D-04 0.7552708809950D-04 0.9953246032232D-04 0.1312726258486D-03
 0.1731067950139D-03 0.2280821690843D-03 0.3001734850905D-03 0.3946308706988D-03
 0.2254417446886D-18 0.3024606356059D-18 0.4089230646856D-18 0.5502810872321D-18
 0.7419155166478D-18 0.1001082796573D-17 0.1349793125760D-17 0.1821013363428D-17
 0.2456307370048D-17 0.3312094994873D-17 0.4466463644719D-17 0.6023203583172D-17
 0.8121112560277D-17 0.1095152243120D-16 0.1476627372837D-16 0.1990807127436D-16
 0.2683995742090D-16 0.3618068127877D-16 0.4876997254961D-16 0.6573543028153D-16
 0.8859450284705D-16 0.1193929509161D-15 0.1608824720630D-15 0.2167670695525D-15
 0.2920324792318D-15 0.3933867540096D-15 0.5298515284585D-15 0.7135615598542D-15
 0.9608329334832D-15 0.1293595981115D-14 0.1741326868313D-14 0.2343625121907D-14
 0.3153675957518D-14 0.4242894271697D-14 0.5707132232611D-14 0.7675001450037D-14
 0.1031900113613D-13 0.1387039980760D-13 0.1863912161559D-13 0.2504030291507D-13
 0.3362974454231D-13 0.4515117013991D-13 0.6059919790240D-13 0.8130321734265D-13
 0.1090388750340D-12 0.1461763118280D-12 0.1958768541420D-12 0.2623538077362D-12
 0.3512179552210D-12 0.4699342485870D-12 0.6284253055067D-12 0.8398667994622D-12
 0.1121735254628D-11 0.1497184350460D-11 0.1996851442713D-11 0.2661221032868D-11
 0.3543713324666D-11 0.4714708276177D-11 0.6266775296465D-11 0.8321451391483D-11
 0.1103799822408D-10 0.1462467493711D-10 0.1935320749898D-10 0.2557725497572D-10
 0.3375592418380D-10 0.4448347797797D-10 0.5852677005744D-10 0.7687198241602D-10
 0.1007827073389D-09 0.1318713875864D-09 0.1721864928825D-09 0.2243176426787D-09
 0.2915207345264D-09 0.3778646954970D-09 0.4883999298450D-09 0.6293473035845D-09
 0.8083030650178D-09 0.1034450428511D-08 0.1318764098807D-08 0.1674180835729D-08
 0.2115704907670D-08 0.2660391795292D-08 0.3327146437201D-08 0.4136237562522D-08
 0.5108413890243D-08 0.6263476829797D-08 0.7618137981077D-08 0.9182989498558D-08
 0.1095840092504D-07 0.1292923375933D-07 0.1505833214759D-07 0.1727899259220D-07
 0.1948695929528D-07 0.2153290837785D-07 0.2321748157032D-07 0.2429156528552D-07
 0.2446663824022D-07 0.2344137709442D-07 0.2095354106844D-07 0.1686885673973D-07
 0.1132123317502D-07 0.4922590782658D-08-0.9394370974912D-09-0.3692636014262D-08
 0.9563714035610D-09 0.1970695254913D-07 0.6250633434849D-07 0.1435569752785D-06
 0.2824989152313D-06 0.5057833688304D-06 0.8483175516218D-06 0.1355520825775D-05
 0.2086192937453D-05 0.3116769118946D-05 0.4548224158960D-05 0.6517268797546D-05
 0.9214721531292D-05 0.1291464116069D-04 0.1801920002961D-04 0.2512522326028D-04
-0.8266774582829D-18-0.1116875305637D-17-0.1505653878729D-17-0.2032976436795D-17
-0.2741404884077D-17-0.3700132871727D-17-0.4990314293391D-17-0.6733678062169D-17
-0.9082356701411D-17-0.1225263311990D-16-0.1652650174671D-16-0.2229151986147D-16
-0.3006557816477D-16-0.4054831703763D-16-0.5468419407617D-16-0.7374256966686D-16
-0.9943866343613D-16-0.1340797885080D-15-0.1807770247455D-15-0.2437217694526D-15
-0.3285578344698D-15-0.4428897947733D-15-0.5969566466351D-15-0.8045443769834D-15
-0.1084216237703D-14-0.1460957901497D-14-0.1968395321090D-14-0.2651774705411D-14
-0.3571968660419D-14-0.4810851369031D-14-0.6478520181579D-14-0.8722992889205D-14
-0.1174321319879D-13-0.1580649913209D-13-0.2127194728898D-13-0.2862178312023D-13
-0.3850337568533D-13-0.5178548802543D-13-0.6963355996661D-13-0.9361040579808D-13
-0.1258108204542D-12-0.1690414228803D-12-0.2270607164898D-12-0.3048994038447D-12
-0.4092873486055D-12-0.5492222736492D-12-0.7367266292231D-12-0.9878538013529D-12
-0.1324024764897D-11-0.1773801163391D-11-0.2375235735836D-11-0.3178982467499D-11
-0.4252408966110D-11-0.5685023422597D-11-0.7595628558671D-11-0.1014173302212D-10
-0.1353191428697D-10-0.1804202522251D-10-0.2403639477450D-10-0.3199550326423D-10
-0.4255201721467D-10-0.5653758734565D-10-0.7504346080430D-10-0.9949870759273D-10
-0.1317709032679D-09-0.1742951261418D-09-0.2302386967909D-09-0.3037104481084D-09
-0.4000254122415D-09-0.5260375593074D-09-0.6905556374030D-09-0.9048591389656D-09
-0.1183333384360D-08-0.1544244387463D-08-0.2010673750828D-08-0.2611633394470D-08
-0.3383374709402D-08-0.4370898152260D-08-0.5629656610603D-08-0.7227417690069D-08
-0.9246224439156D-08-0.1178433277373D-07-0.1495794971568D-07-0.1890249324678D-07
-0.2377298779242D-07-0.2974306471004D-07-0.3700185663065D-07-0.4574791257623D-07
-0.5617902757956D-07-0.6847677334952D-07-0.8278435225187D-07-0.9917653771992D-07
-0.1176207431077D-06-0.1379288641044D-06-0.1597011753279D-06-0.1822651033992D-06
-0.2046155488199D-06-0.2253672317315D-06-0.2427357652229D-06-0.2545716289299D-06
-0.2584787705510D-06-0.2520603005915D-06-0.2333377907211D-06-0.2014015135585D-06
-0.1573384023448D-06-0.1054846389571D-06-0.5501553931701D-07-0.2185788274236D-07
-0.3086207359428D-07-0.1181246401188D-06-0.3333606788485D-06-0.7422502170656D-06
-0.1428990358475D-05-0.2499575715162D-05-0.4087405301427D-05-0.6363706416383D-05
-0.9557479981726D-05-0.1399145227991D-04-0.2014324756193D-04-0.2874314315790D-04
 0.1066702711521D-17 0.1437635801667D-17 0.1939913582472D-17 0.2616659271590D-17
 0.3529392402028D-17 0.4762119811512D-17 0.6423941503879D-17 0.8665633158514D-17
 0.1168989584180D-16 0.1576662625311D-16 0.2126532854266D-16 0.2868178808070D-16
 0.3868189283593D-16 0.5216655067963D-16 0.7034793996684D-16 0.9486037319392D-16
 0.1279065554255D-15 0.1724532156105D-15 0.2324986895113D-15 0.3134273221408D-15
 0.4224921788842D-15 0.5694623950300D-15 0.7674893397215D-15 0.1034278513840D-14
 0.1393666184775D-14 0.1877730975672D-14 0.2529634536117D-14 0.3407448905159D-14
 0.4589278719724D-14 0.6180150679081D-14 0.8321275761706D-14 0.1120244497570D-13
 0.1507868093438D-13 0.2029257129434D-13 0.2730417160056D-13 0.3673110214387D-13
 0.4940222067338D-13 0.6642945113413D-13 0.8930387755257D-13 0.1200241968414D-12
 0.1612683270113D-12 0.2166225384163D-12 0.2908871264535D-12 0.3904839372636D-12
 0.5239991855939D-12 0.7029059119869D-12 0.9425245441856D-12 0.1263298835622D-11
 0.1692488999836D-11 0.2266415494696D-11 0.3033429648598D-11 0.4057840093487D-11
 0.5425097167317D-11 0.7248625242078D-11 0.9678815646970D-11 0.1291483756727D-10
 0.1722012597465D-10 0.2294264635280D-10 0.3054134919343D-10 0.4062062770515D-10
 0.5397507579797D-10 0.7164746227019D-10 0.9500360665952D-10 0.1258287143007D-09
 0.1664509466051D-09 0.2198991563716D-09 0.2901035040880D-09 0.3821491498858D-09
 0.5025955236770D-09 0.6598754240277D-09 0.8647906667941D-09 0.1131122682338D-08
 0.1476377977360D-08 0.1922689114591D-08 0.2497889799874D-08 0.3236780006766D-08
 0.4182588117274D-08 0.5388623332129D-08 0.6920092537726D-08 0.8856016702991D-08
 0.1129114669424D-07 0.1433769824195D-07 0.1812665758410D-07 0.2280828047106D-07
 0.2855128220466D-07 0.3554004800450D-07 0.4396899795232D-07 0.5403307913039D-07
 0.6591314150702D-07 0.7975491594847D-07 0.9564026084245D-07 0.1135497016874D-06
 0.1333159012407D-06 0.1545687342337D-06 0.1766750502074D-06 0.1986784528276D-06
 0.2192495669559D-06 0.2366620902297D-06 0.2488176045958D-06 0.2533506322715D-06
 0.2478535091031D-06 0.2302712754699D-06 0.1995182031287D-06 0.1563753596868D-06
 0.1047093244018D-06 0.5304457843319D-07 0.1647413525020D-07 0.1885527202458D-07
 0.9518415313159D-07 0.2940005059581D-06 0.6797215826861D-06 0.1334887073271D-05
 0.2362756176681D-05 0.3891135623176D-05 0.6079722857302D-05 0.9134352979917D-05
 0.1333418158697D-04 0.1907973722062D-04 0.2697265338633D-04 0.3793979598983D-04
