bcc Te -- Hedin-Lundqvist LDA                                                   
INPUT  IT=139 SPIN=1 NTYPE=  2
 -3.800000  3.800000  3.800000
  3.800000 -3.800000  3.800000
  3.800000  3.800000 -3.800000
    1  435  2.200000  0.030000    1
  0.000000  0.000000  0.000000
 0.9851815797483D-04 0.1041541543085D-03 0.1101125492653D-03 0.1164117624973D-03
 0.1230712033083D-03 0.1301115365875D-03 0.1375545419326D-03 0.1454232437462D-03
 0.1537419823243D-03 0.1625364890973D-03 0.1718339660384D-03 0.1816631696447D-03
 0.1920544997097D-03 0.2030400931552D-03 0.2146539232176D-03 0.2269319042883D-03
 0.2399120027346D-03 0.2536343540366D-03 0.2681413866032D-03 0.2834779526451D-03
 0.2996914665073D-03 0.3168320508836D-03 0.3349526913647D-03 0.3541093997880D-03
 0.3743613868954D-03 0.3957712448241D-03 0.4184051399898D-03 0.4423330169525D-03
 0.4676288138891D-03 0.4943706903325D-03 0.5226412678696D-03 0.5525278845368D-03
 0.5841228636915D-03 0.6175237981742D-03 0.6528338506356D-03 0.6901620709376D-03
 0.7296237316029D-03 0.7713406823292D-03 0.8154417246507D-03 0.8620630078871D-03
 0.9113484475834D-03 0.9634501677146D-03 0.1018528967997D-02 0.1076754817727D-02
 0.1138307377645D-02 0.1203376551406D-02 0.1272163068337D-02 0.1344879099229D-02
 0.1421748907051D-02 0.1503009534530D-02 0.1588911530690D-02 0.1679719718557D-02
 0.1775714006302D-02 0.1877190244327D-02 0.1984461130823D-02 0.2097857168579D-02
 0.2217727675856D-02 0.2344441854429D-02 0.2478389917960D-02 0.2619984284102D-02
 0.2769660833911D-02 0.2927880242312D-02 0.3095129383639D-02 0.3271922816403D-02
 0.3458804351739D-02 0.3656348710222D-02 0.3865163271937D-02 0.4085889925061D-02
 0.4319207018395D-02 0.4565831423668D-02 0.4826520713711D-02 0.5102075462934D-02
 0.5393341676884D-02 0.5701213358104D-02 0.6026635215755D-02 0.6370605527043D-02
 0.6734179158799D-02 0.7118470758074D-02 0.7524658121078D-02 0.7953985750285D-02
 0.8407768610068D-02 0.8887396091775D-02 0.9394336199755D-02 0.9930139970436D-02
 0.1049644613723D-01 0.1109498605475D-01 0.1172758889626D-01 0.1239618713979D-01
 0.1310282235791D-01 0.1384965132832D-01 0.1463895248218D-01 0.1547313270887D-01
 0.1635473453603D-01 0.1728644370546D-01 0.1827109716616D-01 0.1931169150663D-01
 0.2041139185043D-01 0.2157354123943D-01 0.2280167053096D-01 0.2409950883622D-01
 0.2547099452864D-01 0.2692028685245D-01 0.2845177816334D-01 0.3007010683404D-01
 0.3178017086052D-01 0.3358714220490D-01 0.3549648191374D-01 0.3751395605248D-01
 0.3964565249777D-01 0.4189799863263D-01 0.4427777999071D-01 0.4679215989849D-01
 0.4944870016641D-01 0.5225538288272D-01 0.5522063336546D-01 0.5835334433169D-01
 0.6166290134481D-01 0.6515920960416D-01 0.6885272214379D-01 0.7275446951006D-01
 0.7687609099137D-01 0.8122986747565D-01 0.8582875601542D-01 0.9068642618272D-01
 0.9581729830042D-01 0.1012365836393D+00 0.1069603266749D+00 0.1130054494992D+00
 0.1193897984918D+00 0.1261321933508D+00 0.1332524785942D+00 0.1407715776461D+00
 0.1487115496194D+00 0.1570956489209D+00 0.1659483877999D+00 0.1752956019701D+00
 0.1851645194377D+00 0.1955838326715D+00 0.2065837742577D+00 0.2181961961793D+00
 0.2304546528742D+00 0.2433944882184D+00 0.2570529265923D+00 0.2714691681869D+00
 0.2866844887107D+00 0.3027423436613D+00 0.3196884773286D+00 0.3375710366912D+00
 0.3564406903827D+00 0.3763507528893D+00 0.3973573141515D+00 0.4195193747379D+00
 0.4428989867543D+00 0.4675614006553D+00 0.4935752181157D+00 0.5210125511177D+00
 0.5499491874029D+00 0.5804647624271D+00 0.6126429379557D+00 0.6465715874108D+00
 0.6823429880883D+00 0.7200540203253D+00 0.7598063737008D+00 0.8017067603208D+00
 0.8458671352141D+00 0.8924049238507D+00 0.9414432567506D+00 0.9931112111283D+00
 0.1047544059470D+01 0.1104883524921D+01 0.1165278043271D+01 0.1228883031335D+01
 0.1295861161402D+01 0.1366382641427D+01 0.1440625500511D+01 0.1518775879194D+01
 0.1601028323954D+01 0.1687586085258D+01 0.1778661418356D+01 0.1874475885979D+01
 0.1975260661908D+01 0.2081256834288D+01 0.2192715707451D+01 0.2309899100784D+01
 0.2433079643130D+01 0.2562541060920D+01 0.2698578458141D+01 0.2841498586001D+01
 0.2991620099953D+01 0.3149273801521D+01 0.3314802862111D+01 0.3488563025764D+01
 0.3670922787516D+01 0.3862263543775D+01 0.4062979710769D+01 0.4273478806888D+01
 0.4494181494321D+01 0.4725521575161D+01 0.4967945936637D+01 0.5221914439955D+01
 0.5487899746651D+01 0.5766387076176D+01 0.6057873887791D+01 0.6362869479736D+01
 0.6681894497901D+01 0.7015480346196D+01 0.7364168489955D+01 0.7728509643854D+01
 0.8109062834882D+01 0.8506394331025D+01 0.8921076425590D+01 0.9353686067146D+01
 0.9804803324396D+01 0.1027500967552D+02 0.1076488611093D+02 0.1127501103867D+02
 0.1180595798127D+02 0.1235829305363D+02 0.1293257221063D+02 0.1352933825493D+02
 0.1414911759422D+02 0.1479241673944D+02 0.1545971853516D+02 0.1615147811470D+02
 0.1686811857398D+02 0.1761002635937D+02 0.1837754636661D+02 0.1917097674971D+02
 0.1999056344190D+02 0.2083649439205D+02 0.2170889352463D+02 0.2260781443330D+02
 0.2353323382364D+02 0.2448504472289D+02 0.2546304948189D+02 0.2646695259687D+02
 0.2749635338730D+02 0.2855073856955D+02 0.2962947477551D+02 0.3073180106986D+02
 0.3185682153003D+02 0.3300349795850D+02 0.3417064280822D+02 0.3535691240770D+02
 0.3656080058591D+02 0.3778063280039D+02 0.3901456088972D+02 0.4026055857087D+02
 0.4151641782303D+02 0.4277974629556D+02 0.4404796590123D+02 0.4531831274599D+02
 0.4658783857425D+02 0.4785341389072D+02 0.4911173295046D+02 0.5035932078079D+02
 0.5159254243384D+02 0.5280761462579D+02 0.5400061995846D+02 0.5516752386010D+02
 0.5630419442471D+02 0.5740642525082D+02 0.5846996142797D+02 0.5949052871442D+02
 0.6046386600616D+02 0.6138576105892D+02 0.6225208949298D+02 0.6305885693649D+02
 0.6380224424274D+02 0.6447865550164D+02 0.6508476866692D+02 0.6561758835366D+02
 0.6607450049243D+02 0.6645332820606D+02 0.6675238844324D+02 0.6697054852483D+02
 0.6710728198299D+02 0.6716272262463D+02 0.6713771605200D+02 0.6703386735495D+02
 0.6685358408203D+02 0.6660011300779D+02 0.6627756973238D+02 0.6589095947168D+02
 0.6544618807809D+02 0.6495006156386D+02 0.6441027327546D+02 0.6383537699473D+02
 0.6323474536751D+02 0.6261851205425D+02 0.6199749741762D+02 0.6138311640540D+02
 0.6078726904247D+02 0.6022221259031D+02 0.5970041660217D+02 0.5923440045739D+02
 0.5883655560911D+02 0.5851895277865D+02 0.5829313749394D+02 0.5816991490185D+02
 0.5815912893297D+02 0.5826943553455D+02 0.5850807981408D+02 0.5888067539428D+02
 0.5939099527982D+02 0.6004077621156D+02 0.6082954508516D+02 0.6175446954815D+02
 0.6281024234992D+02 0.6398900071304D+02 0.6528029082136D+02 0.6667107725511D+02
 0.6814580744105D+02 0.6968652853730D+02 0.7127306649771D+02 0.7288326117443D+02
 0.7449326644420D+02 0.7607790484980D+02 0.7761108436114D+02 0.7906626159903D+02
 0.8041695784358D+02 0.8163730589014D+02 0.8270263339833D+02 0.8359005400334D+02
 0.8427907159404D+02 0.8475216264864D+02 0.8499534289886D+02 0.8499867689769D+02
 0.8475674019142D+02 0.8426898673806D+02 0.8354003736786D+02 0.8257983769843D+02
 0.8140370989707D+02 0.8003224440856D+02 0.7849106843902D+02 0.7681043608140D+02
 0.7502469306532D+02 0.7317156144329D+02 0.7129131589797D+02 0.6942579836197D+02
 0.6761736334456D+02 0.6590770125001D+02 0.6433665335528D+02 0.6294096382506D+02
 0.6175310231633D+02 0.6080009622809D+02 0.6010252245989D+02 0.5967358563551D+02
 0.5951844449554D+02 0.5963368689574D+02 0.6000713436515D+02 0.6061783695356D+02
 0.6143644554049D+02 0.6242578379272D+02 0.6354179023273D+02 0.6473465414692D+02
 0.6595026242924D+02 0.6713177328081D+02 0.6822141177476D+02 0.6916228381617D+02
 0.6990028972366D+02 0.7038592471354D+02 0.7057604080039D+02 0.7043536263954D+02
 0.6993783247690D+02 0.6906759788247D+02 0.6781972477535D+02 0.6620048328073D+02
 0.6422730215414D+02 0.6192828100690D+02 0.5934137100517D+02 0.5651315923942D+02
 0.5349737806402D+02 0.5035312173453D+02 0.4714289304847D+02 0.4393050616358D+02
 0.4077895740354D+02 0.3774832698727D+02 0.3489379686274D+02 0.3226387575167D+02
 0.2989886994674D+02 0.2782971429941D+02 0.2607712209799D+02 0.2465120941435D+02
 0.2355143281236D+02 0.2276706861571D+02 0.2227790619748D+02 0.2205542562580D+02
 0.2206412962552D+02 0.2226321590153D+02 0.2260824198072D+02 0.2305302952596D+02
 0.2355132792760D+02 0.2405862426764D+02 0.2453355636396D+02 0.2493932895267D+02
 0.2524462325802D+02 0.2542446413658D+02 0.2546050414796D+02 0.2534128767516D+02
 0.2506192758605D+02 0.2462383992915D+02 0.2403394056580D+02 0.2330401601453D+02
 0.2244964423420D+02 0.2148939737861D+02 0.2044370168209D+02 0.1933406348562D+02
 0.1818204223740D+02 0.1700864583064D+02 0.1583352212953D+02 0.1467460968530D+02
 0.1354759622095D+02 0.1246583329878D+02 0.1144004981310D+02 0.1047849424266D+02
 0.9586878592150D+01 0.8768668413850D+01 0.8025147408926D+01 0.7355830992971D+01
 0.6758586495174D+01 0.6230086703130D+01 0.5765946427362D+01 0.5361174838766D+01
 0.5010298283371D+01 0.4707769431702D+01 0.4448030606506D+01 0.4225821855740D+01
 0.4036136898608D+01 0.3874416997392D+01 0.3736458354177D+01 0.3618628420122D+01
 0.3517898890618D+01 0.3432185731241D+01 0.3360421164621D+01
    2  435  1.200000  0.030000    3
  0.000000  0.500000  0.500000
  0.500000  0.500000  0.000000
  0.500000  0.000000  0.500000
 0.3121659408065D-10 0.3314686212847D-10 0.3519648750671D-10 0.3737285061055D-10
 0.3968378819623D-10 0.4213762159977D-10 0.4474318676780D-10 0.4750986581263D-10
 0.5044762117286D-10 0.5356703125006D-10 0.5687932861863D-10 0.6039644019018D-10
 0.6413103058657D-10 0.6809654746699D-10 0.7230727008427D-10 0.7677836039684D-10
 0.8152591812767D-10 0.8656703843919D-10 0.9191987363035D-10 0.9760369816350D-10
 0.1036389785817D-09 0.1100474468794D-09 0.1168521789020D-09 0.1240776770706D-09
 0.1317499591766D-09 0.1398966517101D-09 0.1485470894928D-09 0.1577324209032D-09
 0.1674857206610D-09 0.1778421085322D-09 0.1888388759503D-09 0.2005156198522D-09
 0.2129143859480D-09 0.2260798196932D-09 0.2400593272135D-09 0.2549032455197D-09
 0.2706650245198D-09 0.2874014190143D-09 0.3051726932289D-09 0.3240428372798D-09
 0.3440797984257D-09 0.3653557252182D-09 0.3879472274665D-09 0.4119356515065D-09
 0.4374073740324D-09 0.4644541125551D-09 0.4931732558317D-09 0.5236682138939D-09
 0.5560487914156D-09 0.5904315824743D-09 0.6269403905507D-09 0.6657066736007D-09
 0.7068700185166D-09 0.7505786430607D-09 0.7969899297243D-09 0.8462709916325D-09
 0.8985992754946D-09 0.9541631997857D-09 0.1013162833344D-08 0.1075810614880D-08
 0.1142332119257D-08 0.1212966868868D-08 0.1287969196220D-08 0.1367609158736D-08
 0.1452173512607D-08 0.1541966744364D-08 0.1637312167348D-08 0.1738553084750D-08
 0.1846054027332D-08 0.1960202064901D-08 0.2081408200090D-08 0.2210108846975D-08
 0.2346767404178D-08 0.2491875922178D-08 0.2645956875002D-08 0.2809565040030D-08
 0.2983289497378D-08 0.3167755749567D-08 0.3363627973580D-08 0.3571611410671D-08
 0.3792454907583D-08 0.4026953611242D-08 0.4275951831446D-08 0.4540346078958D-08
 0.4821088295476D-08 0.5119189279244D-08 0.5435722323971D-08 0.5771827080993D-08
 0.6128713664684D-08 0.6507667007207D-08 0.6910051484087D-08 0.7337315823920D-08
 0.7790998326512D-08 0.8272732398691D-08 0.8784252434056D-08 0.9327400054224D-08
 0.9904130741341D-08 0.1051652087516D-07 0.1116677520694D-07 0.1185723479328D-07
 0.1259038542632D-07 0.1336886657912D-07 0.1419548090580D-07 0.1507320432682D-07
 0.1600519674416D-07 0.1699481341219D-07 0.1804561701345D-07 0.1916139047838D-07
 0.2034615060486D-07 0.2160416251196D-07 0.2293995498942D-07 0.2435833679312D-07
 0.2586441395582D-07 0.2746360815953D-07 0.2916167624585D-07 0.3096473092903D-07
 0.3287926279827D-07 0.3491216367060D-07 0.3707075138934D-07 0.3936279615232D-07
 0.4179654847641D-07 0.4438076888060D-07 0.4712475940571D-07 0.5003839707833D-07
 0.5313216945371D-07 0.5641721234358D-07 0.5990534987778D-07 0.6360913703760D-07
 0.6754190482914D-07 0.7171780823541D-07 0.7615187713347D-07 0.8086007035368D-07
 0.8585933309191D-07 0.9116765785457D-07 0.9680414917166D-07 0.1027890923028D-06
 0.1091440262024D-06 0.1158918209759D-06 0.1230567601240D-06 0.1306646278621D-06
 0.1387428018464D-06 0.1473203516145D-06 0.1564281431046D-06 0.1660989496251D-06
 0.1763675696959D-06 0.1872709521455D-06 0.1988483289383D-06 0.2111413561936D-06
 0.2241942639357D-06 0.2380540150644D-06 0.2527704741439D-06 0.2683965866052D-06
 0.2849885690345D-06 0.3026061111767D-06 0.3213125904195D-06 0.3411752994990D-06
 0.3622656882890D-06 0.3846596204791D-06 0.4084376461005D-06 0.4336852908519D-06
 0.4604933633112D-06 0.4889582810629D-06 0.5191824169528D-06 0.5512744666877D-06
 0.5853498391420D-06 0.6215310706994D-06 0.6599482651535D-06 0.7007395607184D-06
 0.7440516258763D-06 0.7900401857472D-06 0.8388705809227D-06 0.8907183607219D-06
 0.9457699130647D-06 0.1004223133105D-05 0.1066288133084D-05 0.1132187995895D-05
 0.1202159575131D-05 0.1276454344346D-05 0.1355339298655D-05 0.1439097911822D-05
 0.1528031152346D-05 0.1622458562038D-05 0.1722719401032D-05 0.1829173863199D-05
 0.1942204366491D-05 0.2062216922561D-05 0.2189642590690D-05 0.2324939021113D-05
 0.2468592093361D-05 0.2621117655229D-05 0.2783063368742D-05 0.2955010669501D-05
 0.3137576846600D-05 0.3331417250199D-05 0.3537227634825D-05 0.3755746646488D-05
 0.3987758462724D-05 0.4234095594548D-05 0.4495641860526D-05 0.4773335543242D-05
 0.5068172739636D-05 0.5381210916664D-05 0.5713572685142D-05 0.6066449804845D-05
 0.6441107435311D-05 0.6838888646914D-05 0.7261219208445D-05 0.7709612667745D-05
 0.8185675743670D-05 0.8691114047810D-05 0.9227738156523D-05 0.9797470054154D-05
 0.1040234997060D-04 0.1104454363644D-04 0.1172634998176D-04 0.1245020930488D-04
 0.1321871194022D-04 0.1403460745499D-04 0.1490081440711D-04 0.1582043069795D-04
 0.1679674455677D-04 0.1783324619380D-04 0.1893364016356D-04 0.2010185848041D-04
 0.2134207453260D-04 0.2265871784209D-04 0.2405648972203D-04 0.2554037988471D-04
 0.2711568405901D-04 0.2878802267594D-04 0.3056336068825D-04 0.3244802859060D-04
 0.3444874471392D-04 0.3657263886849D-04 0.3882727741819D-04 0.4122068986958D-04
 0.4376139706847D-04 0.4645844109757D-04 0.4932141697850D-04 0.5236050628359D-04
 0.5558651277343D-04 0.5901090017746D-04 0.6264583224741D-04 0.6650421521551D-04
 0.7059974280237D-04 0.7494694392220D-04 0.7956123324665D-04 0.8445896479330D-04
 0.8965748871924D-04 0.9517521150429D-04 0.1010316597254D-03 0.1072475476295D-03
 0.1138448487290D-03 0.1208468716508D-03 0.1282783404897D-03 0.1361654799228D-03
 0.1445361053668D-03 0.1534197184602D-03 0.1628476081868D-03 0.1728529579565D-03
 0.1834709589910D-03 0.1947389303693D-03 0.2066964461173D-03 0.2193854697380D-03
 0.2328504966082D-03 0.2471387046814D-03 0.2623001139692D-03 0.2783877552911D-03
 0.2954578488133D-03 0.3135699929213D-03 0.3327873640002D-03 0.3531769277281D-03
 0.3748096625157D-03 0.3977607957606D-03 0.4221100536133D-03 0.4479419249981D-03
 0.4753459406498D-03 0.5044169679894D-03 0.5352555226729D-03 0.5679680977219D-03
 0.6026675111442D-03 0.6394732730530D-03 0.6785119732648D-03 0.7199176904955D-03
 0.7638324242097D-03 0.8104065503638D-03 0.8597993021735D-03 0.9121792772727D-03
 0.9677249724802D-03 0.1026625347675D-02 0.1089080420070D-02 0.1155301890546D-02
 0.1225513803393D-02 0.1299953241303D-02 0.1378871056999D-02 0.1462532643565D-02
 0.1551218744852D-02 0.1645226308260D-02 0.1744869381305D-02 0.1850480054450D-02
 0.1962409451635D-02 0.2081028771216D-02 0.2206730378686D-02 0.2339928954191D-02
 0.2481062696057D-02 0.2630594583710D-02 0.2789013700955D-02 0.2956836623406D-02
 0.3134608870683D-02 0.3322906427649D-02 0.3522337334828D-02 0.3733543352764D-02
 0.3957201699889D-02 0.4194026869265D-02 0.4444772522832D-02 0.4710233469390D-02
 0.4991247723760D-02 0.5288698654171D-02 0.5603517213952D-02 0.5936684265652D-02
 0.6289232991609D-02 0.6662251400598D-02 0.7056884922068D-02 0.7474339099191D-02
 0.7915882369073D-02 0.8382848943729D-02 0.8876641775627D-02 0.9398735624538D-02
 0.9950680204273D-02 0.1053410342926D-01 0.1115071473309D-01 0.1180230848405D-01
 0.1249076746020D-01 0.1321806641615D-01 0.1398627569302D-01 0.1479756491077D-01
 0.1565420668223D-01 0.1655858039743D-01 0.1751317599965D-01 0.1852059781658D-01
 0.1958356834621D-01 0.2070493207627D-01 0.2188765921173D-01 0.2313484941178D-01
 0.2444973537386D-01 0.2583568639824D-01 0.2729621172808D-01 0.2883496383181D-01
 0.3045574137379D-01 0.3216249208846D-01 0.3395931523159D-01 0.3585046389142D-01
 0.3784034675078D-01 0.3993352965445D-01 0.4213473647639D-01 0.4444884974446D-01
 0.4688091037549D-01 0.4943611712056D-01 0.5211982491132D-01 0.5493754285939D-01
 0.5789493090977D-01 0.6099779611906D-01 0.6425208727821D-01 0.6766388914871D-01
 0.7123941471259D-01 0.7498499702402D-01 0.7890707868767D-01 0.8301220099939D-01
 0.8730699025085D-01 0.9179814378246D-01 0.9649241271649D-01 0.1013965846080D+00
 0.1065174621453D+00 0.1118618421206D+00 0.1174364897316D+00 0.1232481135600D+00
 0.1293033351734D+00 0.1356086599395D+00 0.1421704416019D+00 0.1489948489710D+00
 0.1560878252332D+00 0.1634550506059D+00 0.1711018964603D+00 0.1790333842176D+00
 0.1872541343262D+00 0.1957683221774D+00 0.2045796223228D+00 0.2136911621727D+00
 0.2231054622158D+00 0.2328243890595D+00 0.2428490923590D+00 0.2531799590397D+00
 0.2638165486315D+00 0.2747575509360D+00 0.2860007212214D+00 0.2975428448809D+00
 0.3093796747481D+00 0.3215059059867D+00 0.3339151187366D+00 0.3465997677809D+00
 0.3595511331168D+00 0.3727593307381D+00 0.3862132740564D+00 0.3999007117762D+00
 0.4138082051818D+00 0.4279211993025D+00 0.4422240202760D+00 0.4566999890364D+00
 0.4713314411325D+00 0.4860998932856D+00 0.5009860903964D+00 0.5159702329975D+00
 0.5310320574170D+00 0.5461511352488D+00 0.5613069884605D+00 0.5764794765109D+00
 0.5916489502122D+00 0.6067967391905D+00 0.6219053516351D+00 0.6369590807536D+00
 0.6519442530121D+00 0.6668499817968D+00 0.6816684705665D+00 0.6963959402244D+00
 0.7110330013370D+00 0.7255857916566D+00 0.7400664247837D+00 0.7544943927065D+00
 0.7688971054271D+00 0.7833116184995D+00 0.7977853039415D+00 0.8123780065598D+00
 0.8271629195923D+00 0.8422293660213D+00 0.8576840482619D+00
  348
 0.1845622835133D+02 0.0000000000000D+00 0.1043048235757D+03-0.6783958825284D-45
 0.4934039966531D+02 0.0000000000000D+00 0.1312600564861D+03-0.3891389180115D-31
 0.6528007265001D+02-0.5309149839409D-32 0.1007425554328D+03-0.1368296241751D-31
 0.3162167772464D+02-0.1345684374612D-45 0.1502904031232D+03-0.2680528750258D-30
 0.1792187042634D+02 0.1623042518687D-31 0.5614179172394D+02 0.3680766476968D-32
 0.2835636277924D+02 0.2635457272427D-45 0.5242533600738D+02-0.5919587363911D-45
 0.4135296066688D+02 0.1002367119004D-30 0.3777723699158D+02 0.2562303775991D-31
 0.5912192414363D+02 0.0000000000000D+00 0.3016023563604D+02 0.2379373339950D-30
 0.4182356779779D+02 0.8632583650354D-31 0.9239528635539D+01-0.4281000425813D-46
 0.1382616080586D+02 0.4838005677944D-31 0.1416202093030D+02 0.7389349655877D-46
 0.1226784860388D+02-0.2425441635672D-45 0.3277836121881D+01 0.0000000000000D+00
 0.1826521458398D+02 0.1816717604630D-30 0.9605471808236D+01-0.4884067623511D-31
 0.8491316093458D+01 0.1147470888635D-31 0.1143269696708D+02-0.6480608528283D-46
 0.5288728287189D+01 0.0000000000000D+00 0.7257044432745D+01 0.9161403755947D-32
 0.9738010952110D+00 0.3761095899437D-32 0.3793948093715D+01 0.3145286123085D-30
 0.1024914746651D+01-0.1189658618729D-45 0.2699753136817D+01-0.5948293093798D-46
 0.1985393584694D+01 0.0000000000000D+00 0.1173730909075D+01 0.5289140290252D-31
 0.1123613849214D+01-0.8216542733202D-32 0.3281838048849D+01 0.1573151517547D-31
 0.2384678773317D+01 0.2985006344553D-32 0.1099614133130D+01 0.4648632508626D-31
 0.1626867206987D+01 0.1522988256886D-31 0.1250214159281D+01 0.1179166750564D-32
 0.3356821788979D+00 0.0000000000000D+00 0.5343898159459D+00 0.5366114783024D-32
 0.1563253491086D+01-0.1061320895934D-30 0.1114609200140D+01 0.3812676521761D-46
 0.7252356344128D+00-0.8444789728985D-46 0.1216780651112D+01 0.2814929910194D-46
 0.1358014875162D+01-0.3501799246180D-31 0.1188989117788D+01-0.1173612781754D-32
 0.4526354164971D+00-0.2812915616547D-31 0.1816408023187D+01-0.6925428683291D-47
 0.2254259205339D+01-0.5198936641640D-31 0.9530168587088D+00 0.2584484603594D-31
 0.9862805377986D+00 0.0000000000000D+00 0.2075912461066D+01-0.9583972398563D-31
 0.1284030433032D+01 0.1656677183499D-31 0.1238401355611D+01-0.1180644095557D-46
 0.1455321185061D+01 0.0000000000000D+00 0.2620740969171D+01-0.1545697761805D-45
 0.1150135279029D+01-0.1867806916270D-31 0.2437241008758D+01 0.2235003826261D-30
 0.2896947961697D+01-0.1431924912611D-33 0.1219882251216D+01 0.1576619208786D-32
 0.2461923455103D+01-0.9763208095993D-32 0.2617966404143D+01-0.3788951007381D-31
 0.1430429446667D+01 0.2059001137574D-32 0.2492127638830D+01 0.1765682620204D-30
 0.2774328824343D+01 0.1058875057442D-30 0.1294186257991D+01 0.9092162702130D-32
 0.2511058591173D+01-0.4037115671290D-31 0.2662782785401D+01 0.4865988838426D-31
 0.6243636107391D+00 0.0000000000000D+00 0.1257182054880D+01 0.4095037645002D-46
 0.3526839272390D+00 0.0000000000000D+00 0.1191023690232D+01-0.3341770760994D-31
 0.1341923139401D+01 0.1239945729825D-32 0.2368004238838D+01-0.6906832362115D-31
 0.1303802104190D+01 0.3496707247267D-32 0.2340104038528D+01 0.1399571011481D-32
 0.1173435612013D+01-0.3949937875539D-31 0.3577658454955D+00 0.1800204215236D-46
 0.1192464744177D+01-0.3600408430239D-46 0.2057223535201D+01 0.1930469254908D-32
 0.2154913348428D+01 0.5286686512026D-32 0.2252929308071D+01 0.6685821401691D-32
 0.9527336289438D+00-0.1475457117289D-46 0.9474512156842D+00 0.2545900844393D-31
 0.1922920249951D+01 0.4895114106948D-30 0.1828589046063D+01-0.2701872361362D-46
 0.9685457935722D+00-0.2701872361362D-46 0.9068268032284D+00-0.9312498773871D-32
 0.1759372545953D+01-0.5892272590518D-31 0.1719126608850D+01 0.6377099633614D-32
 0.1559864943528D+01 0.0000000000000D+00 0.1538626860555D+01 0.6335605354640D-31
 0.8278805274592D+00-0.1913382387574D-32 0.1372131406296D+01-0.3695640629628D-31
 0.1404346329035D+01-0.6916052495734D-31 0.1443331382428D+01 0.9093287976891D-33
 0.3205916030458D+00 0.3298959581611D-31 0.5984571401189D+00-0.8966482347579D-32
 0.6240891262047D+00 0.0000000000000D+00 0.5690814502032D+00 0.0000000000000D+00
 0.5552506935292D+00 0.0000000000000D+00 0.5067333259230D+00 0.0000000000000D+00
 0.1048604365025D+01 0.2554181623344D-32 0.1031411610528D+01 0.1736037925873D-30
 0.1070619480747D+01-0.1196188550855D-31 0.4733488811130D+00 0.1452321917715D-32
 0.4870157528158D+00-0.9392864088001D-32 0.8714786595043D+00 0.5136535407092D-31
 0.9108382015972D+00 0.4039055922311D-31 0.8271088968518D+00-0.3615953591621D-47
 0.7450704976883D+00-0.1812097786128D-31 0.3419382440492D+00 0.2873148014172D-32
 0.8919692503654D-01-0.4379140213947D-33 0.6264351172259D+00 0.1193713917705D-31
 0.6443917434814D+00-0.4538712521857D-32 0.6273883123320D+00-0.4179577760497D-31
 0.3219147911330D+00-0.4400270758622D-32 0.3243207171430D+00 0.5456571709862D-33
 0.2971172580376D+00-0.4329809526993D-46 0.2639365881215D+00-0.2519741235787D-32
 0.5351987306747D+00-0.6353138182351D-31 0.5272445162598D+00-0.4453451424549D-31
 0.4821094735001D+00-0.2378554354595D-32 0.2456051190738D+00 0.5713965416426D-33
 0.4313066006527D+00 0.1337644093370D-30 0.4433124463983D+00 0.1465568956259D-31
 0.3562228085413D+00-0.1453826657067D-30 0.3604377587424D+00-0.1006547104819D-30
 0.1640341095821D+00 0.9382074524426D-34 0.1418955858661D+00-0.8820922834823D-47
 0.2930939633186D+00-0.6224839569339D-32 0.1469763882645D+00 0.4415665031166D-33
 0.7185341994673D-01 0.0000000000000D+00 0.1282739746895D+00-0.1802775673201D-46
 0.2650759594418D+00-0.3605551346047D-46 0.1302022331585D+00-0.1802775673201D-46
 0.2298808307606D+00-0.8424279776445D-33 0.2355661577431D+00-0.9709963461081D-32
 0.1157252148100D+00-0.4316415762005D-32 0.2088043418366D+00 0.1611475928606D-31
 0.1838482277148D+00 0.3356177533039D-31 0.1885480763393D+00-0.1019146631755D-31
 0.9374256667735D-01-0.1348052283687D-31 0.9259981719292D-01-0.3665188904993D-33
 0.8288710168709D-01 0.5482553531439D-46 0.1466569642173D+00-0.1121345659290D-31
 0.1484297301927D+00-0.3605626030379D-32 0.1464939010269D+00 0.3275273252171D-32
 0.6660515961266D-01-0.8358347945175D-33 0.5727786063633D-01 0.1330450718104D-31
 0.1172313896239D+00-0.1191157304350D-31 0.5746731040065D-01 0.7827486101930D-33
 0.1020231659030D+00 0.8378871841979D-46 0.5186590256936D-01 0.3351548736754D-46
 0.9062981745040D-01 0.3069947447649D-32 0.8934449731062D-01 0.9680522157103D-31
 0.8937811703421D-01-0.4409811380007D-32 0.8040896027637D-01-0.9925474654461D-32
 0.6976495714127D-01-0.2947721527821D-46 0.6948248165391D-01-0.3229553997800D-30
 0.6891490068597D-01 0.5668134793827D-32 0.5257019825372D-01 0.4396892423237D-31
 0.7461612904085D-02 0.6094361789529D-47 0.3883365383004D-01-0.5627480422214D-47
 0.2039145889241D-01 0.1095051612408D-32 0.4021271694272D-01-0.2082063149569D-31
 0.3997692827107D-01 0.6812569893548D-33 0.4052299704729D-01 0.1070646645289D-30
 0.1996061349682D-01 0.0000000000000D+00 0.3555977024343D-01 0.1080554332731D-45
 0.4150358617159D-02 0.0000000000000D+00 0.1469075789940D-01-0.5535123247424D-33
 0.1465458781960D-01 0.2521528571338D-32 0.3004248463402D-01 0.2973206656527D-32
 0.1428247471458D-01 0.6260213595610D-33 0.2558465849665D-01 0.1629621926960D-32
 0.6474884473532D-02-0.1415635374820D-31 0.1243153837502D-01-0.3003644491334D-32
 0.2278304605142D-01 0.1178024153528D-31 0.1119914093515D-01 0.3830219901987D-31
 0.9628505118264D-02 0.2505476344287D-46 0.9242087006199D-02-0.2505476344287D-46
 0.1652644108552D-01-0.4652998189633D-32 0.1632975588857D-01 0.2207168147016D-31
 0.1661390112464D-01-0.2435561547277D-30 0.1664082129055D-01-0.1566189842011D-31
 0.1580609006919D-01-0.3462709333985D-32 0.7275346358083D-02-0.3055245622267D-31
 0.1222447242412D-01-0.2583479791151D-46 0.1240547227066D-01 0.1231572960424D-31
 0.1076985041156D-01 0.4486762429342D-47 0.5068691426100D-02 0.0000000000000D+00
 0.9160411413720D-02 0.1131758520905D-32 0.4319762774443D-02-0.1696089872866D-32
 0.3997115320729D-02-0.1109820070872D-32 0.3875570342770D-02 0.2376648500183D-32
 0.7506148115653D-02 0.2999470377660D-32 0.6837506053651D-02-0.1152844068782D-47
 0.6702394701790D-02 0.5779793689705D-32 0.3386619334562D-02-0.2563219969246D-32
 0.5085155761341D-02-0.1164095232202D-31 0.4982722741943D-02 0.1179016064478D-30
 0.4818697432820D-02-0.5834103591965D-32 0.4472094358073D-02 0.3261784806987D-32
 0.1749425828812D-02 0.0000000000000D+00 0.3845276806145D-02 0.6389657788332D-31
 0.1726336385609D-02 0.3513112627908D-32 0.1553708378656D-02 0.4610033944109D-47
 0.1628178119203D-02 0.1844013577130D-46 0.2734128914449D-02 0.1072632624727D-32
 0.3004930948546D-02-0.2667573240344D-32 0.2907611039682D-02-0.8048336980293D-32
 0.2842240462556D-02-0.4049794336206D-32 0.2684689689073D-02-0.7502442989351D-33
 0.1264982804419D-02-0.1162551350085D-32 0.2180373180136D-02 0.1834121339136D-33
 0.2345944535102D-02 0.7026883306704D-33 0.2319277035685D-02-0.1304350190597D-46
 0.2326553736945D-02-0.4790446302563D-31 0.1062906311926D-02-0.1357491001258D-32
 0.9808015922401D-03-0.7064871277886D-47 0.2005918677373D-02-0.4238922768035D-46
 0.1757742573116D-02 0.1856567625294D-32 0.1696563114098D-02-0.3018314336446D-32
 0.7141030627161D-03 0.5669239550290D-32 0.1478653688348D-02-0.4200833783854D-46
 0.3602147882748D-03 0.6721334054898D-46 0.1369005462883D-02-0.6392955813545D-34
 0.1290155400230D-02 0.3499593821521D-46 0.6530585791314D-03-0.1749796910969D-46
 0.1132576848110D-02-0.4398975142584D-32 0.5757363298915D-03 0.6229101265444D-32
 0.5722904718931D-03 0.1444430461751D-32 0.1138351411756D-02-0.1177944820011D-31
 0.1024702235054D-02 0.5580597330146D-32 0.1027500855165D-02 0.3466965671048D-31
 0.8952065283307D-03 0.1003600383734D-31 0.8534111663527D-03-0.1242530505366D-32
 0.4553109706467D-03-0.8849976918116D-31 0.4281569700269D-03-0.3584851300923D-33
 0.6736227676203D-03 0.3929239697336D-32 0.6645618126759D-03 0.6388806439876D-33
 0.6763986290663D-03-0.6241337267125D-33 0.6367096696757D-03 0.1800470793480D-32
 0.6858384729788D-04-0.7086769007709D-33 0.4608261122644D-03-0.1820881078197D-31
 0.2254076931735D-03 0.2546722951280D-31 0.2230699173506D-03-0.1869793850384D-32
 0.3557279606313D-03-0.7859887851334D-46 0.1779622082333D-03-0.5894915889317D-46
 0.1762210871085D-03-0.1964971962893D-46 0.1146828790180D-03 0.4881026292551D-47
 0.2436357518469D-03-0.7330073278128D-32 0.7179930926938D-04 0.9095537161297D-33
 0.1657859766739D-03-0.9563428060682D-32 0.8245638093163D-04-0.1042782150161D-32
 0.5869404446401D-04-0.9921024753934D-32 0.7882760980112D-04-0.3808357928460D-46
 0.6678601216021D-04-0.4028217302002D-32 0.7474938036992D-04 0.9520894822937D-47
 0.7555372570207D-04 0.4512491824496D-32-0.2932763768190D-05 0.9346092341533D-47
-0.9841706993078D-04-0.1096515981877D-45-0.8760029456927D-04 0.2824550578103D-32
-0.9506664457272D-04-0.2055664491723D-32-0.8765997491711D-04-0.9281670243889D-31
-0.8545661707674D-04 0.2598685006026D-32-0.8134565383966D-04 0.1405180938052D-32
-0.2384866275302D-03-0.4476750431994D-33-0.2339009980897D-03 0.5960515998906D-31
-0.1167886027204D-03-0.8453631199727D-34-0.1186657967429D-03-0.3451034410092D-46
-0.2961186389648D-03-0.6664026519388D-46-0.2966380626008D-03-0.4998019889433D-46
-0.1782519329798D-03-0.3729419471197D-32-0.3538377443207D-03-0.1696316162799D-31
-0.3567934259555D-03-0.4560871811685D-32-0.3537703273513D-03-0.2403089792137D-32
-0.4064039514264D-03-0.2077706736470D-32-0.4502478023319D-03 0.9875403438370D-33
-0.4491034376458D-03-0.2444397460723D-32-0.5161418280712D-03 0.9897457834526D-32
-0.5162867137934D-03-0.2969602476929D-33-0.5155542570951D-03 0.7092574474598D-32
-0.2693132458946D-03 0.7511425381933D-33-0.1346475721533D-03 0.2238642696194D-43
-0.5540859002558D-03-0.1186436825254D-31-0.5541791737779D-03 0.3955467900009D-32
-0.5540584552545D-03 0.5594933408018D-32-0.5541590870085D-03-0.2306466076566D-31
-0.2770117719062D-03 0.2105945024094D-42-0.2770775275853D-03 0.6420787432388D-33
-0.2812339686428D-03-0.6784726118824D-34-0.2812280098055D-03-0.7101610577296D-44
-0.2820153464304D-03 0.6728888220055D-32-0.5640306928593D-03 0.4821895884188D-32
-0.5640306928606D-03 0.9267833151563D-31-0.5640306928600D-03 0.2425539451330D-32
-0.5589747428475D-03-0.2911682693033D-33-0.5589747428488D-03 0.4595622894059D-32
-0.2794873714243D-03 0.8164771166654D-33-0.5475864650621D-03-0.1312542484008D-31
-0.2737932325312D-03-0.3262892511191D-32-0.8836926494199D-04 0.3439565774719D-33
-0.5302155896515D-03 0.7385046819819D-31-0.5072658815967D-03-0.8929687255547D-32
-0.5072658815975D-03 0.1608943648340D-32-0.5072658815980D-03 0.3654417936817D-32
-0.2395939938145D-03 0.1773275995419D-32-0.2232360695845D-03-0.1968533221575D-32
-0.2232360695851D-03-0.1971084686185D-32-0.4464721391701D-03 0.9589715399868D-33
-0.2232360695854D-03 0.4792779855477D-32-0.4464721391715D-03 0.5908691795633D-32
-0.2232360695852D-03-0.2813359172848D-32-0.4464721391710D-03-0.1825982317994D-32
-0.4096408017274D-03 0.2591785708277D-31-0.4096408017288D-03 0.4069903144296D-32
-0.3692413559670D-03 0.8919629027291D-32-0.3692413559666D-03-0.4072444936094D-32
-0.3258388895453D-03 0.1728832272787D-32-0.2800091725499D-03-0.1433028258352D-31
-0.2800091725496D-03 0.1518679435288D-33-0.2800091725503D-03-0.2001431626694D-32
-0.2800091725511D-03-0.5468066473349D-32-0.2800091725524D-03-0.2342806280303D-31
-0.2800091725509D-03-0.3508940378472D-32-0.1400045862756D-03 0.2471353516172D-32
-0.1833841378673D-03-0.5212166962101D-32-0.1833841378692D-03-0.2767236721931D-31
-0.1833841378684D-03 0.4243649492645D-32-0.6686719622349D-04 0.3955021341971D-32
-0.8393673453486D-04 0.1632087452705D-31-0.8393673453631D-04-0.4994054966274D-31
-0.1726281464570D-04 0.5012103208507D-32-0.1726281464537D-04-0.4647220106291D-32
-0.3452562929176D-04 0.1140567389172D-31-0.4315703661318D-05-0.4727049725372D-33
 0.1398886572181D-04 0.1403701313289D-31 0.1398886572207D-04 0.2156350928779D-31
 0.1398886572119D-04 0.4387004776687D-31 0.1398886572104D-04-0.9244001086431D-31
 0.1398886572057D-04-0.4916632424250D-32 0.6994432861168D-05 0.4032278972858D-32
 0.3056269400271D-04-0.1160795715189D-33 0.3056269400327D-04 0.2196824318069D-32
    1
    1    1  120    3
 0.9157274294517D-04 0.1032641192773D-03 0.1162653452209D-03 0.1306920941696D-03
 0.1466642534068D-03 0.1643064713851D-03 0.1837456668658D-03 0.2051114542110D-03
 0.2285327570498D-03 0.2541380742920D-03 0.2820510342004D-03 0.3123905109079D-03
 0.3452649724749D-03 0.3807724803156D-03 0.4189937057731D-03 0.4599919364574D-03
 0.5038047351783D-03 0.5504441076724D-03 0.5998868692913D-03 0.6520753133950D-03
 0.7069064141573D-03 0.7642334618759D-03 0.8238544491316D-03 0.8855152283497D-03
 0.9488975652981D-03 0.1013624561643D-02 0.1079248990751D-02 0.1145261822654D-02
 0.1211081563030D-02 0.1276066784884D-02 0.1339507225138D-02 0.1400641169953D-02
 0.1458649118311D-02 0.1512676514154D-02 0.1561830816104D-02 0.1605209555187D-02
 0.1641901499380D-02 0.1671019370982D-02 0.1691705187669D-02 0.1703166560139D-02
 0.1704685233119D-02 0.1695655342120D-02 0.1675593345599D-02 0.1644175828062D-02
 0.1601248373312D-02 0.1546859673083D-02 0.1481266700759D-02 0.1404961356618D-02
 0.1318669206611D-02 0.1223364791176D-02 0.1120261344380D-02 0.1010811789373D-02
 0.8966868832621D-03 0.7797601243429D-03 0.6620728708542D-03 0.5458023862310D-03
 0.4332149082567D-03 0.3266170636729D-03 0.2283000114093D-03 0.1404774126879D-03
 0.6522544694549D-04 0.4413193365376D-05-0.4035379778355D-04-0.6780278880532D-04
-0.7703742609397D-04-0.6759696059553D-04-0.3947738137879D-04 0.6830183326491D-05
 0.7034753879450D-04 0.1496006566171D-03 0.2426638211295D-03 0.3471822587546D-03
 0.4604562173592D-03 0.5794948696245D-03 0.7011371331434D-03 0.8221331044992D-03
 0.9392947734002D-03 0.1049592646911D-02 0.1150326810233D-02 0.1239221833071D-02
 0.1314602848498D-02 0.1375472483321D-02 0.1421675682722D-02 0.1453945476932D-02
 0.1474042363346D-02 0.1484764199754D-02 0.1490051292043D-02 0.1494964441432D-02
 0.1505752297837D-02 0.1529806049729D-02 0.1575701828538D-02 0.1653135061213D-02
 0.1772956715721D-02 0.1947096462677D-02 0.2188611153542D-02 0.2511608165777D-02
 0.2931325299600D-02 0.3464076074884D-02 0.4127381129632D-02 0.4939969526175D-02
 0.5921988792025D-02 0.7095104166951D-02 0.8482821849999D-02 0.1011071742283D-01
 0.1200690358436D-01 0.1420239996645D-01 0.1673177779077D-01 0.1963369942926D-01
 0.2295183057084D-01 0.2673569422960D-01 0.3104206224471D-01 0.3593639314695D-01
 0.4149496628433D-01 0.4780711026445D-01 0.5497823612982D-01 0.6313305218112D-01
 0.7241996918987D-01 0.8301628374191D-01 0.9513554725993D-01 0.1090366419129D+00
 0.9227741510628D-09 0.1122753865441D-08 0.1364749045361D-08 0.1657244827565D-08
 0.2010363613275D-08 0.2436144408626D-08 0.2948900924155D-08 0.3565598961688D-08
 0.4306337910597D-08 0.5194852555487D-08 0.6259159129269D-08 0.7532210810429D-08
 0.9052750374355D-08 0.1086616412567D-07 0.1302558887515D-07 0.1559299865860D-07
 0.1864063943022D-07 0.2225238044496D-07 0.2652553391423D-07 0.3157252877087D-07
 0.3752317053009D-07 0.4452664608022D-07 0.5275432601384D-07 0.6240208057548D-07
 0.7369365752520D-07 0.8688333292534D-07 0.1022598664111D-06 0.1201493583473D-06
 0.1409198664807D-06 0.1649842685493D-06 0.1928054206044D-06 0.2248988746911D-06
 0.2618384208019D-06 0.3042581439482D-06 0.3528583303556D-06 0.4084062352315D-06
 0.4717419126990D-06 0.5437771913283D-06 0.6255009584525D-06 0.7179751417796D-06
 0.8223393139511D-06 0.9398023544379D-06 0.1071645434665D-05 0.1219208399628D-05
 0.1383890238582D-05 0.1567128069679D-05 0.1770394848849D-05 0.1995168601551D-05
 0.2242926757125D-05 0.2515103727937D-05 0.2813080676129D-05 0.3138129934611D-05
 0.3491400435116D-05 0.3873846615674D-05 0.4286211282133D-05 0.4728938093087D-05
 0.5202153925763D-05 0.5705567241700D-05 0.6238453833390D-05 0.6799543642217D-05
 0.7387019020011D-05 0.7998394820834D-05 0.8630538687823D-05 0.9279554626813D-05
 0.9940839069298D-05 0.1060897724839D-04 0.1127785645423D-04 0.1194059100831D-04
 0.1258971662825D-04 0.1321717387788D-04 0.1381462233727D-04 0.1437352582399D-04
 0.1488564496108D-04 0.1534329140838D-04 0.1574007675209D-04 0.1607142183054D-04
 0.1633566124223D-04 0.1653491260362D-04 0.1667666317288D-04 0.1677512995361D-04
 0.1685347599844D-04 0.1694584330364D-04 0.1710039360569D-04 0.1738221735510D-04
 0.1787747778772D-04 0.1869750591456D-04 0.1998443087167D-04 0.2191696549093D-04
 0.2471826257779D-04 0.2866428176629D-04 0.3409522463253D-04 0.4142817027804D-04
 0.5117434449631D-04 0.6395882989778D-04 0.8054686778708D-04 0.1018742559599D-03
 0.1290863966826D-03 0.1635827787143D-03 0.2070719293598D-03 0.2616326295091D-03
 0.3297880610984D-03 0.4145885248555D-03 0.5197140471731D-03 0.6495950661625D-03
 0.8095696724697D-03 0.1006079315160D-02 0.1246927151445D-02 0.1541596925484D-02
 0.1901655703672D-02 0.2341226082237D-02 0.2877554885473D-02 0.3531671158539D-02
 0.4329206916716D-02 0.5301427032371D-02 0.6486618742321D-02 0.7931914893575D-02
 0.9695692291096D-02 0.1185053254708D-01 0.1448687637631D-01 0.1771746883393D-01
 0.4080090775259D-13 0.5296696219876D-13 0.6870625196411D-13 0.8904941299046D-13
 0.1153179632931D-12 0.1492043872216D-12 0.1928734260522D-12 0.2490903996283D-12
 0.3213828734604D-12 0.4142448743129D-12 0.5333932846265D-12 0.6860903722691D-12
 0.8815473867536D-12 0.1131430418334D-11 0.1450490523058D-11 0.1857350703444D-11
 0.2375482250817D-11 0.3034418087985D-11 0.3871252421377D-11 0.4932496022890D-11
 0.6276356904076D-11 0.7975550835961D-11 0.1012073797264D-10 0.1282473476733D-10
 0.1622764020077D-10 0.2050308312061D-10 0.2586578001031D-10 0.3258069683449D-10
 0.4097406588139D-10 0.5144664937813D-10 0.6448959481518D-10 0.8070339081476D-10
 0.1008203599874D-09 0.1257313670665D-09 0.1565172696317D-09 0.1944859172698D-09
 0.2412154303863D-09 0.2986045934565D-09 0.3689312774486D-09 0.4549197729701D-09
 0.5598180857436D-09 0.6874857521186D-09 0.8424937017082D-09 0.1030235841244D-08
 0.1257054079913D-08 0.1530375590154D-08 0.1858863615802D-08 0.2252578389629D-08
 0.2723150603389D-08 0.3283958130317D-08 0.3950310143728D-08 0.4739623170586D-08
 0.5671591643004D-08 0.6768328476396D-08 0.8054481451183D-08 0.9557280342332D-08
 0.1130652723324D-07 0.1333446334240D-07 0.1567552366265D-07 0.1836588005739D-07
 0.2144280820520D-07 0.2494371149250D-07 0.2890486739404D-07 0.3335966379187D-07
 0.3833645469910D-07 0.4385567244451D-07 0.4992646673921D-07 0.5654243043191D-07
 0.6367688610190D-07 0.7127717925208D-07 0.7925913328430D-07 0.8750104215431D-07
 0.9583933001571D-07 0.1040659275628D-06 0.1119312937951D-06 0.1191540972343D-06
 0.1254454060196D-06 0.1305508751838D-06 0.1343237721243D-06 0.1368383824216D-06
 0.1385647745903D-06 0.1406212022224D-06 0.1451386592003D-06 0.1557639969173D-06
 0.1783498810599D-06 0.2218708019471D-06 0.2996326365609D-06 0.4308263656202D-06
 0.6425206227342D-06 0.9721643160313D-06 0.1470754080304D-05 0.2206783380509D-05
 0.3271276328617D-05 0.4784168074376D-05 0.6902627416132D-05 0.9831914818178D-05
 0.1383988656899D-04 0.1927626584766D-04 0.2659848180416D-04 0.3640577939754D-04
 0.4948412961752D-04 0.6686403479265D-04 0.8989461948766D-04 0.1203368832110D-03
 0.1604816078258D-03 0.2132980897575D-03 0.2826254638555D-03 0.3734210300059D-03
 0.4920893884986D-03 0.6469188271127D-03 0.8486624865716D-03 0.1111301304806D-02
 0.1453041230151D-02 0.1897601446417D-02 0.2475890540418D-02 0.3228199809091D-02
 0.4207127584589D-02 0.5481502788318D-02 0.7141686376416D-02 0.9306674486151D-02
    2    2  120    8
-0.8876799981993D-07-0.9994306058476D-07-0.1125214645139D-06-0.1266786125863D-06
-0.1426120825545D-06-0.1605436406545D-06-0.1807230644211D-06-0.2034306388952D-06
-0.2289820126076D-06-0.2577313346819D-06-0.2900773354349D-06-0.3264673061557D-06
-0.3674047722113D-06-0.4134544195922D-06-0.4652518265650D-06-0.5235096408647D-06
-0.5890297446623D-06-0.6627110736617D-06-0.7455649410930D-06-0.8387246879149D-06
-0.9434650830644D-06-0.1061214388740D-05-0.1193578562419D-05-0.1342356487391D-05
-0.1509570396930D-05-0.1697484601157D-05-0.1908643924047D-05-0.2145897033222D-05
-0.2412444276502D-05-0.2711867032570D-05-0.3048187700956D-05-0.3425905622359D-05
-0.3850072683618D-05-0.4326337869611D-05-0.4861041091750D-05-0.5461269004761D-05
-0.6134972342004D-05-0.6891033825254D-05-0.7739415623924D-05-0.8691243119680D-05
-0.9758987303579D-05-0.1095656917849D-04-0.1229958709732D-04-0.1380544286042D-04
-0.1549362646469D-04-0.1738587057254D-04-0.1950650136710D-04-0.2188262983513D-04
-0.2454458739388D-04-0.2752615476549D-04-0.3086510558711D-04-0.3460348431657D-04
-0.3878827219664D-04-0.4347173087968D-04-0.4871222338495D-04-0.5457462009567D-04
-0.6113132173410D-04-0.6846274397142D-04-0.7665856511935D-04-0.8581831944705D-04
-0.9605292755708D-04-0.1074853881027D-03-0.1202526693032D-03-0.1345065295833D-03
-0.1504158089958D-03-0.1681674157617D-03-0.1879691284464D-03-0.2100507196380D-03
-0.2346674024502D-03-0.2621011340977D-03-0.2926647648500D-03-0.3267035923514D-03
-0.3646003900061D-03-0.4067771243475D-03-0.4537011318874D-03-0.5058870465627D-03
-0.5639041722267D-03-0.6283787671068D-03-0.7000029389501D-03-0.7795370301216D-03
-0.8678205261156D-03-0.9657746657341D-03-0.1074415354701D-02-0.1194856231761D-02
-0.1328324202166D-02-0.1476162455297D-02-0.1639849480396D-02-0.1821002170422D-02
-0.2021398566392D-02-0.2242980841663D-02-0.2487883358089D-02-0.2758434847056D-02
-0.3057192306591D-02-0.3386943324160D-02-0.3750746328839D-02-0.4151932303426D-02
-0.4594154031387D-02-0.5081386313639D-02-0.5617985215914D-02-0.6208688284394D-02
-0.6858685187361D-02-0.7573617104321D-02-0.8359664117411D-02-0.9223543245231D-02
-0.1017261595680D-01-0.1121488954201D-01-0.1235914979341D-01-0.1361496688250D-01
-0.1499286567933D-01-0.1650433809731D-01-0.1816205956345D-01-0.1997991605969D-01
-0.2197327574409D-01-0.2415903141076D-01-0.2655594718554D-01-0.2918472030634D-01
-0.3206842401829D-01-0.3523262582346D-01-0.3870598324551D-01-0.4252048273574D-01
 0.4317982943732D-11 0.5159660447855D-11 0.6165548519292D-11 0.7367669269144D-11
 0.8804308999075D-11 0.1052118727096D-10 0.1257296098360D-10 0.1502489249514D-10
 0.1795499432426D-10 0.2145640725780D-10 0.2564045368252D-10 0.3064002816877D-10
 0.3661395182254D-10 0.4375179083046D-10 0.5228006175997D-10 0.6246909753113D-10
 0.7464187094624D-10 0.8918375882655D-10 0.1065551196279D-09 0.1273051416389D-09
 0.1520897489180D-09 0.1816912973049D-09 0.2170439808392D-09 0.2592618225137D-09
 0.3096747983596D-09 0.3698684679877D-09 0.4417352944238D-09 0.5275309178347D-09
 0.6299468178817D-09 0.7521900472358D-09 0.8980863279924D-09 0.1072192840443D-08
 0.1279944042848D-08 0.1527811457277D-08 0.1823509934908D-08 0.2176222975685D-08
 0.2596894535007D-08 0.3098547048594D-08 0.3696693126086D-08 0.4409783739880D-08
 0.5259789089964D-08 0.6272828563655D-08 0.7479989282629D-08 0.8918212309038D-08
 0.1063144222330D-07 0.1267187138743D-07 0.1510155471794D-07 0.1799415396824D-07
 0.2143719992977D-07 0.2553453328949D-07 0.3040947707667D-07 0.3620823963182D-07
 0.4310434710199D-07 0.5130340071711D-07 0.6104925633152D-07 0.7263064111595D-07
 0.8638978599576D-07 0.1027316035861D-06 0.1221357059375D-06 0.1451691638851D-06
 0.1725032062111D-06 0.2049308883031D-06 0.2433903029177D-06 0.2889890995833D-06
 0.3430366236643D-06 0.4070779065647D-06 0.4829383538661D-06 0.5727706910679D-06
 0.6791170162484D-06 0.8049740161922D-06 0.9538791105901D-06 0.1130000820770D-05
 0.1338259021757D-05 0.1584450311682D-05 0.1875415717399D-05 0.2219215894820D-05
 0.2625365145454D-05 0.3105076442992D-05 0.3671589415881D-05 0.4340514048865D-05
 0.5130290509961D-05 0.6062671785165D-05 0.7163371164707D-05 0.8462738334995D-05
 0.9996667720682D-05 0.1180754922713D-04 0.1394553913439D-04 0.1646988402041D-04
 0.1945069612732D-04 0.2297078425081D-04 0.2712810896214D-04 0.3203829956724D-04
 0.3783801866702D-04 0.4468837439432D-04 0.5277949597382D-04 0.6233513657814D-04
 0.7361882760170D-04 0.8694005405123D-04 0.1026625887997D-03 0.1212127629983D-03
 0.1430908171587D-03 0.1688822879627D-03 0.1992737173459D-03 0.2350686312548D-03
 0.2772099842937D-03 0.3268031857044D-03 0.3851485360628D-03 0.4537750738643D-03
 0.5344876238828D-03 0.6294156266286D-03 0.7410805327139D-03 0.8724642802181D-03
 0.1027102273867D-02 0.1209176906490D-02 0.1423643449019D-02 0.1676356424785D-02
 0.1974244637605D-02 0.2325494629489D-02 0.2739813437909D-02 0.3228725157339D-02
-0.7372893786696D-11-0.8809501730599D-11-0.1052629066752D-10-0.1257788068470D-10
-0.1502957624059D-10-0.1795935690602D-10-0.2146044824161D-10-0.2564415788654D-10
-0.3064354602442D-10-0.3661747084709D-10-0.4375580902916D-10-0.5228523129580D-10
-0.6247665168055D-10-0.7465342830155D-10-0.8920199208125D-10-0.1065835345850D-09
-0.1273491340938D-09-0.1521563822984D-09-0.1817909604600D-09-0.2171902407957D-09
-0.2594740152279D-09-0.3099781248480D-09-0.3702980744626D-09-0.4423368646476D-09
-0.5283671506233D-09-0.6310989531354D-09-0.7537681418103D-09-0.9002327754811D-09
-0.1075098505871D-08-0.1283855372380D-08-0.1533056050207D-08-0.1830509878535D-08
-0.2185535372418D-08-0.2609235885302D-08-0.3114857857847D-08-0.3718180476688D-08
-0.4438023911896D-08-0.5296801594605D-08-0.6321239537871D-08-0.7543157145030D-08
-0.9000487154347D-08-0.1073837735305D-07-0.1281063381122D-07-0.1528127988469D-07
-0.1822659233514D-07-0.2173730257949D-07-0.2592147354853D-07-0.3090760560945D-07
-0.3684869049761D-07-0.4392658959573D-07-0.5235776028652D-07-0.6239940451002D-07
-0.7435752981825D-07-0.8859562404590D-07-0.1055459790704D-06-0.1257218675450D-06
-0.1497335057339D-06-0.1783050999515D-06-0.2122972698848D-06-0.2527310003110D-06
-0.3008190741720D-06-0.3579995784658D-06-0.4259800065361D-06-0.5067842186078D-06
-0.6028140195713D-06-0.7169148887413D-06-0.8524622799885D-06-0.1013453091381D-05
-0.1204626276249D-05-0.1431590729480D-05-0.1700993362914D-05-0.2020696944456D-05
-0.2400015140438D-05-0.2849959132076D-05-0.3383564818179D-05-0.4016236206912D-05
-0.4766199299206D-05-0.5654978171216D-05-0.6708025228341D-05-0.7955380425594D-05
-0.9432542599079D-05-0.1118138003151D-04-0.1325133735296D-04-0.1570068509084D-04
-0.1859818219048D-04-0.2202479714606D-04-0.2607599012252D-04-0.3086406194023D-04
-0.3652129224749D-04-0.4320313292401D-04-0.5109249788241D-04-0.6040411392412D-04
-0.7139036878492D-04-0.8434720433854D-04-0.9962210253064D-04-0.1176221087991D-03
-0.1388246940112D-03-0.1637887102968D-03-0.1931693459679D-03-0.2277330690528D-03
-0.2683782809887D-03-0.3161561250259D-03-0.3722991181642D-03-0.4382501315398D-03
-0.5157026532199D-03-0.6066412819789D-03-0.7133979634255D-03-0.8387088682998D-03
-0.9857925271645D-03-0.1158428095193D-02-0.1361063533321D-02-0.1598922115481D-02
-0.1878149966886D-02-0.2205962495380D-02-0.2590848294141D-02-0.3042775232401D-02
-0.3573486108813D-02-0.4196811924031D-02-0.4929126647032D-02-0.5789857314556D-02
 0.4308279992681D-15 0.5476562670060D-15 0.6961534577316D-15 0.8855927474853D-15
 0.1126432383931D-14 0.1431376554198D-14 0.1819592678985D-14 0.2312449541584D-14
 0.2937854776801D-14 0.3734132640051D-14 0.4744852066130D-14 0.6027053621733D-14
 0.7655430214752D-14 0.9723296604731D-14 0.1234829882475D-13 0.1567862610093D-13
 0.1990582253039D-13 0.2526840992123D-13 0.3207008336647D-13 0.4070143981557D-13
 0.5164625633691D-13 0.6552194104092D-13 0.8311447970327D-13 0.1054115897150D-12
 0.1336676538566D-12 0.1694689783499D-12 0.2148194172947D-12 0.2722473911810D-12
 0.3449572288997D-12 0.4369939729919D-12 0.5534527320266D-12 0.7007882400550D-12
 0.8871138055013D-12 0.1122672869063D-11 0.1420383082728D-11 0.1796484703222D-11
 0.2271460073844D-11 0.2871038388282D-11 0.3627587405413D-11 0.4581761083505D-11
 0.5784582389911D-11 0.7300067612214D-11 0.9208412223411D-11 0.1161005426826D-10
 0.1463058545142D-10 0.1842695729934D-10 0.2319502297391D-10 0.2917893037777D-10
 0.3668259978543D-10 0.4608384025602D-10 0.5785157757852D-10 0.7256692615445D-10
 0.9094863412512D-10 0.1138841797932D-09 0.1424667965329D-09 0.1780405358562D-09
 0.2222532622833D-09 0.2771204938160D-09 0.3450994901589D-09 0.4291773424483D-09
 0.5329711667802D-09 0.6608453818123D-09 0.8180413475438D-09 0.1010825313670D-08
 0.1246645436510D-08 0.1534303542404D-08 0.1884124081037D-08 0.2308125360756D-08
 0.2820159212981D-08 0.3436022278639D-08 0.4173477943209D-08 0.5052187994082D-08
 0.6093445946126D-08 0.7319708237902D-08 0.8753739315885D-08 0.1041736078310D-07
 0.1232951305386D-07 0.1450361351286D-07 0.1694376415260D-07 0.1963980291879D-07
 0.2256053970853D-07 0.2564522371180D-07 0.2879229505548D-07 0.3184563095889D-07
 0.3457695248707D-07 0.3666492612952D-07 0.3766910829210D-07 0.3699990588529D-07
 0.3388172581950D-07 0.2731161139468D-07 0.1600865530140D-07-0.1642280438178D-08
-0.2766088616034D-07-0.6455173614245D-07-0.1154107414226D-06-0.1840558800059D-06
-0.2752136387897D-06-0.3947682427270D-06-0.5501350574107D-06-0.7507835875135D-06
-0.1009024917943D-05-0.1341123199230D-05-0.1768925770402D-05-0.2322117185806D-05
-0.3041405471743D-05-0.3982777863379D-05-0.5223268534332D-05-0.6868377105658D-05
-0.9061724543268D-05-0.1199703471877D-04-0.1593331155928D-04-0.2121330975381D-04
-0.2828691493031D-04-0.3774019318428D-04-0.5033369881109D-04-0.6705307755287D-04
-0.8918016309501D-04-0.1183925728573D-03-0.1569078599987D-03-0.2076878680892D-03
-0.1480473179141D-14-0.1881749289446D-14-0.2390835827576D-14-0.3040910464501D-14
-0.3863536353512D-14-0.4912502108154D-14-0.6242879493347D-14-0.7933375045571D-14
-0.1008187845648D-13-0.1280755186526D-13-0.1627323056473D-13-0.2066911962613D-13
-0.2625595964544D-13-0.3334402732178D-13-0.4234651509258D-13-0.5377056599104D-13
-0.6827148141709D-13-0.8667412473803D-13-0.1100227983302D-12-0.1396490132474D-12
-0.1772268872652D-12-0.2248910816039D-12-0.2853339033161D-12-0.3619694236044D-12
-0.4591205425950D-12-0.5822543011960D-12-0.7382894667783D-12-0.9359806159848D-12
-0.1186386819830D-11-0.1503495854569D-11-0.1904975714508D-11-0.2413137330413D-11
-0.3056157130521D-11-0.3869582999406D-11-0.4898252669357D-11-0.6198698199453D-11
-0.7842139964688D-11-0.9918274290028D-11-0.1253998090281D-10-0.1584923881496D-10
-0.2002448359954D-10-0.2528983315803D-10-0.3192652569908D-10-0.4028722136932D-10
-0.5081369865817D-10-0.6405889983050D-10-0.8071410652464D-10-0.1016427060231D-09
-0.1279216217081D-09-0.1608925853785D-09-0.2022247453667D-09-0.2539917784144D-09
-0.3187654970805D-09-0.3997304649043D-09-0.5008221615968D-09-0.6268949912854D-09
-0.7839229623999D-09-0.9792417250979D-09-0.1221834377686D-08-0.1522672533853D-08
-0.1895113131920D-08-0.2355365497353D-08-0.2923024069355D-08-0.3621683160205D-08
-0.4479619496907D-08-0.5530556679967D-08-0.6814477942007D-08-0.8378494944139D-08
-0.1027769924140D-07-0.1257598915508D-07-0.1534672912109D-07-0.1867320445028D-07
-0.2264860617754D-07-0.2737546470080D-07-0.3296406745006D-07-0.3952970433293D-07
-0.4718798654942D-07-0.5604797578689D-07-0.6620195293477D-07-0.7771145567389D-07
-0.9058785834586D-07-0.1047670806497D-06-0.1200759957071D-06-0.1361903265615D-06
-0.1525807815462D-06-0.1684478764680D-06-0.1826413339602D-06-0.1935661221332D-06
-0.1990697303211D-06-0.1963159377201D-06-0.1816373713808D-06-0.1503764701636D-06
-0.9670244506962D-07-0.1341784181287D-07 0.1082695453098D-06 0.2789965481370D-06
 0.5115674106830D-06 0.8213519018613D-06 0.1226868401559D-05 0.1750593542412D-05
 0.2420220418154D-05 0.3270487683260D-05 0.4345978490543D-05 0.5705128270080D-05
 0.7426094727133D-05 0.9614823402868D-05 0.1241624650436D-04 0.1602894882605D-04
 0.2072447626632D-04 0.2687140972083D-04 0.3496573155843D-04 0.4566731397103D-04
 0.5984508461540D-04 0.7863146020373D-04 0.1034918762664D-03 0.1363138976966D-03
 0.1795303103184D-03 0.2362901804096D-03 0.3107076499142D-03 0.4082174728798D-03
 0.9014938123484D-18 0.2850959107306D-18 0.9283898410756D-18 0.5186947127245D-18
 0.5262308704021D-18 0.9436304244817D-18 0.1040812424281D-17 0.1716522603096D-17
 0.2532970180144D-17 0.3122076162733D-17 0.4148239288908D-17 0.5677701681519D-17
 0.7164765525975D-17 0.1032342874601D-16 0.1404734896306D-16 0.1876650341628D-16
 0.2580801672636D-16 0.3410641022772D-16 0.4583043183686D-16 0.6196756615304D-16
 0.8332808700007D-16 0.1125511715588D-15 0.1517939759473D-15 0.2043487204578D-15
 0.2750889456056D-15 0.3708572381475D-15 0.4995221749838D-15 0.6727105696510D-15
 0.9061959131946D-15 0.1219570335044D-14 0.1641529795606D-14 0.2209579503963D-14
 0.2973215574118D-14 0.4000361421692D-14 0.5381111938879D-14 0.7236584298720D-14
 0.9729650532100D-14 0.1307872240485D-13 0.1757591101330D-13 0.2361242786408D-13
 0.3171317056842D-13 0.4257933851458D-13 0.5714932637298D-13 0.7667808446072D-13
 0.1028407676923D-12 0.1378731469691D-12 0.1847597012998D-12 0.2474774631932D-12
 0.3313218274802D-12 0.4433415938483D-12 0.5929049483183D-12 0.7924531510225D-12
 0.1058493614790D-11 0.1412896838680D-11 0.1884609411144D-11 0.2511886451915D-11
 0.3345219866702D-11 0.4451145506887D-11 0.5917196517845D-11 0.7858333808148D-11
 0.1042524010394D-10 0.1381502343161D-10 0.1828495230008D-10 0.2417000326481D-10
 0.3190521171579D-10 0.4205396353190D-10 0.5534364671097D-10 0.7271025595434D-10
 0.9535386778925D-10 0.1248070261125D-09 0.1630183427142D-09 0.2124535391772D-09
 0.2762161927928D-09 0.3581896451984D-09 0.4632010782521D-09 0.5972064381723D-09
 0.7674931545239D-09 0.9828924281768D-09 0.1253988795047D-08 0.1593304588941D-08
 0.2015429038442D-08 0.2537044182038D-08 0.3176787357961D-08 0.3954862632846D-08
 0.4892298990466D-08 0.6009717389207D-08 0.7325463242630D-08 0.8852928026281D-08
 0.1059692238858D-07 0.1254896365299D-07 0.1468150305521D-07 0.1694122672366D-07
 0.1924199759322D-07 0.2145835940862D-07 0.2342147651882D-07 0.2492017290379D-07
 0.2571152435643D-07 0.2554686798371D-07 0.2422200155029D-07 0.2166221877865D-07
 0.1805686256711D-07 0.1405951191665D-07 0.1107422967792D-07 0.1164719125973D-07
 0.1998638450088D-07 0.4262524513647D-07 0.8924956010769D-07 0.1736953226728D-06
 0.3151402373924D-06 0.5395116446394D-06 0.8812044285360D-06 0.1385265562295D-05
 0.2110430378986D-05 0.3133633798340D-05 0.4557163725700D-05 0.6520174993643D-05
 0.9217295158308D-05 0.1292792120304D-04 0.1806121856927D-04 0.2522269375596D-04
-0.1134897798454D-18-0.1020677395365D-17-0.6869502799077D-18-0.1857903112777D-17
-0.1757842639424D-17-0.3381536478909D-17-0.3814405309550D-17-0.6153955744504D-17
-0.7700937690310D-17-0.1119788524622D-16-0.1483062466368D-16-0.2037277609196D-16
-0.2760013988997D-16-0.3705840869458D-16-0.5030667476118D-16-0.6739615323676D-16
-0.9104110835476D-16-0.1225413408632D-15-0.1650444437772D-15-0.2227489739354D-15
-0.3001192355765D-15-0.4047797684867D-15-0.5458739861670D-15-0.7353168873340D-15
-0.9907951902802D-15-0.1335252426018D-14-0.1799221850524D-14-0.2423612559770D-14
-0.3264473943981D-14-0.4396926302167D-14-0.5921009326120D-14-0.7972476502750D-14
-0.1073319564044D-13-0.1444653629410D-13-0.1944162627195D-13-0.2615922569209D-13
-0.3519040568710D-13-0.4732997716608D-13-0.6364258299777D-13-0.8555635137127D-13
-0.1149862964676D-12-0.1544973629729D-12-0.2075247262131D-12-0.2786661559546D-12
-0.3740725905759D-12-0.5019673117377D-12-0.6733384135149D-12-0.9028581939316D-12
-0.1210104014348D-11-0.1621180317222D-11-0.2170865103602D-11-0.2905453811055D-11
-0.3886517170376D-11-0.5195860740498D-11-0.6942064458888D-11-0.9269082433530D-11
-0.1236754356629D-10-0.1648956169220D-10-0.2196811257550D-10-0.2924232641764D-10
-0.3889042094642D-10-0.5167247313244D-10-0.6858580672501D-10-0.9093649470224D-10
-0.1204313568365D-09-0.1592958671381D-09-0.2104246822938D-09-0.2775729065629D-09
-0.3655979441236D-09-0.4807635751940D-09-0.6311199422676D-09-0.8269749686489D-09
-0.1081474720491D-08-0.1411311148517D-08-0.1837576368783D-08-0.2386780684277D-08
-0.3092048309612D-08-0.3994495897913D-08-0.5144786822147D-08-0.6604831290162D-08
-0.8449572843537D-08-0.1076875396775D-07-0.1366849479756D-07-0.1727243122101D-07
-0.2172205865144D-07-0.2717578749622D-07-0.3380607170376D-07-0.4179378282396D-07
-0.5131884976427D-07-0.6254599580128D-07-0.7560437326182D-07-0.9055987512489D-07
-0.1073792861554D-06-0.1258859538964D-06-0.1457080298114D-06-0.1662220202097D-06
-0.1864975948518D-06-0.2052532967980D-06-0.2208387377908D-06-0.2312649210197D-06
-0.2343131587028D-06-0.2277600588730D-06-0.2097651295907D-06-0.1794701334887D-06
-0.1378619067260D-06-0.8893726993347D-07-0.4119582930395D-07-0.9447910298552D-08
-0.1689969667584D-07-0.9743023749968D-07-0.2980002699863D-06-0.6811730706792D-06
-0.1327997508467D-05-0.2341889579682D-05-0.3855025214946D-05-0.6039876891813D-05
-0.9130411807782D-05-0.1345947478626D-04-0.1952163451931D-04-0.2807290466104D-04
 0.1622014847436D-17 0.1320847480514D-17 0.1983864482129D-17 0.2404115959687D-17
 0.2871998592180D-17 0.4375346244301D-17 0.5853024673993D-17 0.7961882885747D-17
 0.1124446676701D-16 0.1448629046394D-16 0.1926177478950D-16 0.2635282654617D-16
 0.3542104851601D-16 0.4793087459226D-16 0.6467429832182D-16 0.8715856100033D-16
 0.1176173483643D-15 0.1584522094861D-15 0.2137301478630D-15 0.2879820871402D-15
 0.3878901759622D-15 0.5232330761218D-15 0.7055586554607D-15 0.9503182905949D-15
 0.1280282575856D-14 0.1725307046721D-14 0.2323830455976D-14 0.3130861567174D-14
 0.4217826832452D-14 0.5678520014839D-14 0.7645637656338D-14 0.1029320581947D-13
 0.1385391670406D-13 0.1864562205951D-13 0.2508886384132D-13 0.3375017268297D-13
 0.4539320711093D-13 0.6103870447949D-13 0.8205690836915D-13 0.1102850132528D-12
 0.1481836857715D-12 0.1990466708154D-12 0.2672866090579D-12 0.3588051650140D-12
 0.4814901966758D-12 0.6458887316856D-12 0.8660768954181D-12 0.1160840376954D-11
 0.1555234368443D-11 0.2082633750421D-11 0.2787475099583D-11 0.3728863592838D-11
 0.4985329385474D-11 0.6661113959160D-11 0.8894446912851D-11 0.1186838151951D-10
 0.1582505359298D-10 0.2108430958810D-10 0.2806800798511D-10 0.3733173257525D-10
 0.4960592519340D-10 0.6584922862326D-10 0.8731730344034D-10 0.1156514830030D-09
 0.1529924047519D-09 0.2021251542976D-09 0.2666638166941D-09 0.3512849618431D-09
 0.4620214730151D-09 0.6066299532745D-09 0.7950471065717D-09 0.1039952061522D-08
 0.1357453274213D-08 0.1767918670092D-08 0.2296967176756D-08 0.2976635634522D-08
 0.3846728768634D-08 0.4956346304395D-08 0.6365563281846D-08 0.8147207667068D-08
 0.1038863987476D-07 0.1319337569862D-07 0.1668232110783D-07 0.2099427765346D-07
 0.2628526134878D-07 0.3272601355257D-07 0.4049693175695D-07 0.4977944902446D-07
 0.6074277348917D-07 0.7352475127223D-07 0.8820572529354D-07 0.1047744037423D-06
 0.1230854889681D-06 0.1428097254499D-06 0.1633791063530D-06 0.1839323835267D-06
 0.2032704025614D-06 0.2198354806176D-06 0.2317364769678D-06 0.2368480451001D-06
 0.2330225059064D-06 0.2184590091601D-06 0.1922828796092D-06 0.1553860076093D-06
 0.1115770353016D-06 0.6906647289549D-07 0.4229134227121D-07 0.5403205833097D-07
 0.1377489942936D-06 0.3400197954677D-06 0.7230234622498D-06 0.1367111341328D-05
 0.2373910104008D-05 0.3870944111219D-05 0.6019913413333D-05 0.9032135409127D-05
 0.1319689143880D-04 0.1893059176506D-04 0.2685758981322D-04 0.3793534506459D-04
