bcc Sb -- Hedin-Lundqvist LDA                                                   
INPUT  IT=218 SPIN=1 NTYPE=  2
 -4.000000  4.000000  4.000000
  4.000000 -4.000000  4.000000
  4.000000  4.000000 -4.000000
    1  435  1.700000  0.030000    1
  0.000000  0.000000  0.000000
 0.1019981874685D+03 0.1019981315055D+03 0.1019980738160D+03 0.1019980143468D+03
 0.1019979530430D+03 0.1019978898479D+03 0.1019978247035D+03 0.1019977575494D+03
 0.1019976883239D+03 0.1019976169631D+03 0.1019975434010D+03 0.1019974675700D+03
 0.1019973893999D+03 0.1019973088189D+03 0.1019972257524D+03 0.1019971401239D+03
 0.1019970518546D+03 0.1019969608628D+03 0.1019968670648D+03 0.1019967703741D+03
 0.1019966707015D+03 0.1019965679551D+03 0.1019964620401D+03 0.1019963528590D+03
 0.1019962403110D+03 0.1019961242924D+03 0.1019960046963D+03 0.1019958814123D+03
 0.1019957543269D+03 0.1019956233229D+03 0.1019954882796D+03 0.1019953490724D+03
 0.1019952055731D+03 0.1019950576494D+03 0.1019949051649D+03 0.1019947479792D+03
 0.1019945859473D+03 0.1019944189199D+03 0.1019942467432D+03 0.1019940692584D+03
 0.1019938863020D+03 0.1019936977054D+03 0.1019935032948D+03 0.1019933028911D+03
 0.1019930963095D+03 0.1019928833599D+03 0.1019926638458D+03 0.1019924375652D+03
 0.1019922043095D+03 0.1019919638638D+03 0.1019917160067D+03 0.1019914605096D+03
 0.1019911971373D+03 0.1019909256471D+03 0.1019906457890D+03 0.1019903573050D+03
 0.1019900599295D+03 0.1019897533885D+03 0.1019894373996D+03 0.1019891116718D+03
 0.1019887759050D+03 0.1019884297898D+03 0.1019880730076D+03 0.1019877052296D+03
 0.1019873261170D+03 0.1019869353208D+03 0.1019865324808D+03 0.1019861172260D+03
 0.1019856891741D+03 0.1019852479306D+03 0.1019847930891D+03 0.1019843242308D+03
 0.1019838409237D+03 0.1019833427227D+03 0.1019828291689D+03 0.1019822997893D+03
 0.1019817540962D+03 0.1019811915871D+03 0.1019806117438D+03 0.1019800140322D+03
 0.1019793979018D+03 0.1019787627850D+03 0.1019781080969D+03 0.1019774332343D+03
 0.1019767375756D+03 0.1019760204800D+03 0.1019752812870D+03 0.1019745193155D+03
 0.1019737338638D+03 0.1019729242081D+03 0.1019720896027D+03 0.1019712292785D+03
 0.1019703424431D+03 0.1019694282794D+03 0.1019684859451D+03 0.1019675145721D+03
 0.1019665132652D+03 0.1019654811019D+03 0.1019644171310D+03 0.1019633203723D+03
 0.1019621898149D+03 0.1019610244171D+03 0.1019598231047D+03 0.1019585847708D+03
 0.1019573082738D+03 0.1019559924373D+03 0.1019546360483D+03 0.1019532378566D+03
 0.1019517965732D+03 0.1019503108694D+03 0.1019487793754D+03 0.1019472006792D+03
 0.1019455733251D+03 0.1019438958125D+03 0.1019421665945D+03 0.1019403840761D+03
 0.1019385466135D+03 0.1019366525118D+03 0.1019347000236D+03 0.1019326873479D+03
 0.1019306126278D+03 0.1019284739489D+03 0.1019262693379D+03 0.1019239967602D+03
 0.1019216541185D+03 0.1019192392504D+03 0.1019167499270D+03 0.1019141838502D+03
 0.1019115386508D+03 0.1019088118863D+03 0.1019060010388D+03 0.1019031035124D+03
 0.1019001166307D+03 0.1018970376347D+03 0.1018938636799D+03 0.1018905918338D+03
 0.1018872190729D+03 0.1018837422804D+03 0.1018801582427D+03 0.1018764636468D+03
 0.1018726550772D+03 0.1018687290124D+03 0.1018646818219D+03 0.1018605097628D+03
 0.1018562089760D+03 0.1018517754830D+03 0.1018472051821D+03 0.1018424938442D+03
 0.1018376371094D+03 0.1018326304825D+03 0.1018274693290D+03 0.1018221488708D+03
 0.1018166641817D+03 0.1018110101826D+03 0.1018051816371D+03 0.1017991731465D+03
 0.1017929791446D+03 0.1017865938928D+03 0.1017800114745D+03 0.1017732257898D+03
 0.1017662305496D+03 0.1017590192699D+03 0.1017515852660D+03 0.1017439216457D+03
 0.1017360213035D+03 0.1017278769138D+03 0.1017194809240D+03 0.1017108255477D+03
 0.1017019027574D+03 0.1016927042772D+03 0.1016832215752D+03 0.1016734458555D+03
 0.1016633680504D+03 0.1016529788117D+03 0.1016422685026D+03 0.1016312271887D+03
 0.1016198446291D+03 0.1016081102669D+03 0.1015960132198D+03 0.1015835422704D+03
 0.1015706858558D+03 0.1015574320579D+03 0.1015437685918D+03 0.1015296827960D+03
 0.1015151616202D+03 0.1015001916145D+03 0.1014847589173D+03 0.1014688492435D+03
 0.1014524478717D+03 0.1014355396319D+03 0.1014181088923D+03 0.1014001395462D+03
 0.1013816149981D+03 0.1013625181503D+03 0.1013428313880D+03 0.1013225365655D+03
 0.1013016149908D+03 0.1012800474108D+03 0.1012578139960D+03 0.1012348943243D+03
 0.1012112673656D+03 0.1011869114651D+03 0.1011618043270D+03 0.1011359229978D+03
 0.1011092438488D+03 0.1010817425596D+03 0.1010533941000D+03 0.1010241727125D+03
 0.1009940518948D+03 0.1009630043813D+03 0.1009310021254D+03 0.1008980162811D+03
 0.1008640171846D+03 0.1008289743365D+03 0.1007928563827D+03 0.1007556310968D+03
 0.1007172653614D+03 0.1006777251504D+03 0.1006369755106D+03 0.1005949805445D+03
 0.1005517033924D+03 0.1005071062156D+03 0.1004611501794D+03 0.1004137954370D+03
 0.1003650011134D+03 0.1003147252907D+03 0.1002629249928D+03 0.1002095561723D+03
 0.1001545736970D+03 0.1000979313377D+03 0.1000395817572D+03 0.9997947649993D+02
 0.9991756598280D+02 0.9985379948748D+02 0.9978812515362D+02 0.9972048997355D+02
 0.9965083978846D+02 0.9957911928592D+02 0.9950527199909D+02 0.9942924030745D+02
 0.9935096543920D+02 0.9927038747541D+02 0.9918744535585D+02 0.9910207688657D+02
 0.9901421874931D+02 0.9892380651255D+02 0.9883077464433D+02 0.9873505652674D+02
 0.9863658447202D+02 0.9853528974008D+02 0.9843110255746D+02 0.9832395213755D+02
 0.9821376670179D+02 0.9810047350173D+02 0.9798399884173D+02 0.9786426810194D+02
 0.9774120576134D+02 0.9761473542042D+02 0.9748477982320D+02 0.9735126087813D+02
 0.9721409967750D+02 0.9707321651484D+02 0.9692853089992D+02 0.9677996157073D+02
 0.9662742650217D+02 0.9647084291075D+02 0.9631012725498D+02 0.9614519523098D+02
 0.9597596176298D+02 0.9580234098825D+02 0.9562424623655D+02 0.9544159000366D+02
 0.9525428391931D+02 0.9506223870958D+02 0.9486536415432D+02 0.9466356904008D+02
 0.9445676110981D+02 0.9424484701016D+02 0.9402773223846D+02 0.9380532109097D+02
 0.9357751661505D+02 0.9334422056788D+02 0.9310533338524D+02 0.9286075416364D+02
 0.9261038066044D+02 0.9235410931575D+02 0.9209183530160D+02 0.9182345260237D+02
 0.9154885413236D+02 0.9126793189394D+02 0.9098057718147D+02 0.9068668083290D+02
 0.9038613353197D+02 0.9007882615931D+02 0.8976465019125D+02 0.8944349813837D+02
 0.8911526401621D+02 0.8877984383111D+02 0.8843713606495D+02 0.8808704213132D+02
 0.8772946677797D+02 0.8736431839894D+02 0.8699150922649D+02 0.8661095536430D+02
 0.8622257663831D+02 0.8582629623896D+02 0.8542204015549D+02 0.8500973640708D+02
 0.8458931411453D+02 0.8416070246427D+02 0.8372382964659D+02 0.8327862188014D+02
 0.8282500262398D+02 0.8236289208292D+02 0.8189220711692D+02 0.8141286160359D+02
 0.8092476730720D+02 0.8042783521957D+02 0.7992197734596D+02 0.7940710881459D+02
 0.7888315022200D+02 0.7835003003972D+02 0.7780768697914D+02 0.7725607213339D+02
 0.7669515082323D+02 0.7612490399386D+02 0.7554532914800D+02 0.7495644070414D+02
 0.7435826983351D+02 0.7375086370564D+02 0.7313428426306D+02 0.7250860648844D+02
 0.7187391634947D+02 0.7123030840772D+02 0.7057788334007D+02 0.6991674537052D+02
 0.6924699992067D+02 0.6856875147235D+02 0.6788210200086D+02 0.6718714993872D+02
 0.6648399005833D+02 0.6577271415214D+02 0.6505341288597D+02 0.6432617855037D+02
 0.6359110900801D+02 0.6284831230849D+02 0.6209791211554D+02 0.6134005307041D+02
 0.6057490605135D+02 0.5980267210557D+02 0.5902358496955D+02 0.5823791085354D+02
 0.5744594581751D+02 0.5664800987636D+02 0.5584443923440D+02 0.5503557676118D+02
 0.5422176337886D+02 0.5340333109303D+02 0.5258060049818D+02 0.5175388278891D+02
 0.5092348752964D+02 0.5008973433151D+02 0.4925296769214D+02 0.4841357173803D+02
 0.4757198385187D+02 0.4672870381979D+02 0.4588429855971D+02 0.4503940026854D+02
 0.4419469935843D+02 0.4335093118979D+02 0.4250885888575D+02 0.4166925193327D+02
 0.4083286325394D+02 0.4000040476713D+02 0.3917252417748D+02 0.3834978312139D+02
 0.3753263924614D+02 0.3672143232825D+02 0.3591637669851D+02 0.3511755990485D+02
 0.3432494938180D+02 0.3353840669838D+02 0.3275771032084D+02 0.3198258578132D+02
 0.3121274274366D+02 0.3044791653750D+02 0.2968791115691D+02 0.2893263902245D+02
 0.2818215097818D+02 0.2743664968275D+02 0.2669647820583D+02 0.2596208024584D+02
 0.2523393199133D+02 0.2451245719446D+02 0.2379794403637D+02 0.2309048782698D+02
 0.2238997769201D+02 0.2169613653495D+02 0.2100859899963D+02 0.2032701177542D+02
 0.1965112544480D+02 0.1898086798918D+02 0.1831638306564D+02 0.1765804201420D+02
 0.1700642554545D+02 0.1636229264273D+02 0.1572653274142D+02 0.1510011950200D+02
 0.1448405761293D+02 0.1387934010927D+02 0.1328690356535D+02 0.1270759805320D+02
 0.1214215665779D+02 0.1159118134239D+02 0.1105512762011D+02 0.1053430567993D+02
 0.1002887817781D+02 0.9538873389898D+01 0.9064192019919D+01 0.8604628225343D+01
 0.8159881497564D+01 0.7729583058755D+01 0.7313310708613D+01 0.6910619463735D+01
 0.6521059273007D+01 0.6144204367113D+01 0.5779658697154D+01 0.5427066076382D+01
 0.5086079785623D+01 0.4756340350769D+01 0.4437433639086D+01 0.4128918296710D+01
 0.3830409089456D+01 0.3541791158340D+01 0.3263460728039D+01
    2  435  1.000000  0.030000    3
  0.000000  0.500000  0.500000
  0.500000  0.500000  0.000000
  0.500000  0.000000  0.500000
 0.1999996481183D+01 0.1999996374017D+01 0.1999996263587D+01 0.1999996149795D+01
 0.1999996032536D+01 0.1999995911707D+01 0.1999995787198D+01 0.1999995658897D+01
 0.1999995526688D+01 0.1999995390453D+01 0.1999995250069D+01 0.1999995105409D+01
 0.1999994956344D+01 0.1999994802739D+01 0.1999994644456D+01 0.1999994481353D+01
 0.1999994313282D+01 0.1999994140092D+01 0.1999993961628D+01 0.1999993777729D+01
 0.1999993588229D+01 0.1999993392958D+01 0.1999993191740D+01 0.1999992984394D+01
 0.1999992770733D+01 0.1999992550565D+01 0.1999992323692D+01 0.1999992089909D+01
 0.1999991849006D+01 0.1999991600767D+01 0.1999991344967D+01 0.1999991081377D+01
 0.1999990809759D+01 0.1999990529869D+01 0.1999990241455D+01 0.1999989944257D+01
 0.1999989638008D+01 0.1999989322432D+01 0.1999988997245D+01 0.1999988662155D+01
 0.1999988316859D+01 0.1999987961047D+01 0.1999987594399D+01 0.1999987216584D+01
 0.1999986827263D+01 0.1999986426085D+01 0.1999986012689D+01 0.1999985586703D+01
 0.1999985147744D+01 0.1999984695415D+01 0.1999984229311D+01 0.1999983749011D+01
 0.1999983254084D+01 0.1999982744084D+01 0.1999982218551D+01 0.1999981677013D+01
 0.1999981118982D+01 0.1999980543956D+01 0.1999979951417D+01 0.1999979340833D+01
 0.1999978711652D+01 0.1999978063310D+01 0.1999977395222D+01 0.1999976706787D+01
 0.1999975997385D+01 0.1999975266379D+01 0.1999974513109D+01 0.1999973736897D+01
 0.1999972937046D+01 0.1999972112834D+01 0.1999971263521D+01 0.1999970388341D+01
 0.1999969486508D+01 0.1999968557208D+01 0.1999967599605D+01 0.1999966612838D+01
 0.1999965596019D+01 0.1999964548231D+01 0.1999963468532D+01 0.1999962355950D+01
 0.1999961209483D+01 0.1999960028099D+01 0.1999958810735D+01 0.1999957556296D+01
 0.1999956263651D+01 0.1999954931637D+01 0.1999953559055D+01 0.1999952144670D+01
 0.1999950687209D+01 0.1999949185358D+01 0.1999947637767D+01 0.1999946043042D+01
 0.1999944399748D+01 0.1999942706405D+01 0.1999940961489D+01 0.1999939163429D+01
 0.1999937310607D+01 0.1999935401354D+01 0.1999933433953D+01 0.1999931406631D+01
 0.1999929317563D+01 0.1999927164870D+01 0.1999924946613D+01 0.1999922660794D+01
 0.1999920305357D+01 0.1999917878181D+01 0.1999915377081D+01 0.1999912799805D+01
 0.1999910144032D+01 0.1999907407372D+01 0.1999904587362D+01 0.1999901681462D+01
 0.1999898687056D+01 0.1999895601448D+01 0.1999892421861D+01 0.1999889145431D+01
 0.1999885769210D+01 0.1999882290156D+01 0.1999878705139D+01 0.1999875010930D+01
 0.1999871204203D+01 0.1999867281530D+01 0.1999863239381D+01 0.1999859074115D+01
 0.1999854781983D+01 0.1999850359119D+01 0.1999845801541D+01 0.1999841105146D+01
 0.1999836265706D+01 0.1999831278861D+01 0.1999826140123D+01 0.1999820844864D+01
 0.1999815388316D+01 0.1999809765566D+01 0.1999803971550D+01 0.1999798001051D+01
 0.1999791848692D+01 0.1999785508934D+01 0.1999778976068D+01 0.1999772244209D+01
 0.1999765307296D+01 0.1999758159082D+01 0.1999750793129D+01 0.1999743202804D+01
 0.1999735381271D+01 0.1999727321484D+01 0.1999719016187D+01 0.1999710457898D+01
 0.1999701638909D+01 0.1999692551277D+01 0.1999683186816D+01 0.1999673537093D+01
 0.1999663593415D+01 0.1999653346825D+01 0.1999642788093D+01 0.1999631907708D+01
 0.1999620695869D+01 0.1999609142475D+01 0.1999597237119D+01 0.1999584969075D+01
 0.1999572327290D+01 0.1999559300375D+01 0.1999545876593D+01 0.1999532043850D+01
 0.1999517789681D+01 0.1999503101244D+01 0.1999487965302D+01 0.1999472368217D+01
 0.1999456295934D+01 0.1999439733968D+01 0.1999422667394D+01 0.1999405080831D+01
 0.1999386958429D+01 0.1999368283853D+01 0.1999349040273D+01 0.1999329210341D+01
 0.1999308776183D+01 0.1999287719378D+01 0.1999266020944D+01 0.1999243661318D+01
 0.1999220620341D+01 0.1999196877239D+01 0.1999172410603D+01 0.1999147198371D+01
 0.1999121217807D+01 0.1999094445481D+01 0.1999066857247D+01 0.1999038428223D+01
 0.1999009132766D+01 0.1998978944451D+01 0.1998947836043D+01 0.1998915779479D+01
 0.1998882745835D+01 0.1998848705306D+01 0.1998813627175D+01 0.1998777479785D+01
 0.1998740230515D+01 0.1998701845744D+01 0.1998662290823D+01 0.1998621530046D+01
 0.1998579526614D+01 0.1998536242602D+01 0.1998491638927D+01 0.1998445675307D+01
 0.1998398310232D+01 0.1998349500919D+01 0.1998299203278D+01 0.1998247371867D+01
 0.1998193959855D+01 0.1998138918978D+01 0.1998082199492D+01 0.1998023750132D+01
 0.1997963518060D+01 0.1997901448822D+01 0.1997837486296D+01 0.1997771572637D+01
 0.1997703648230D+01 0.1997633651632D+01 0.1997561519515D+01 0.1997487186609D+01
 0.1997410585644D+01 0.1997331647284D+01 0.1997250300065D+01 0.1997166470332D+01
 0.1997080082167D+01 0.1996991057320D+01 0.1996899315139D+01 0.1996804772493D+01
 0.1996707343698D+01 0.1996606940435D+01 0.1996503471669D+01 0.1996396843566D+01
 0.1996286959404D+01 0.1996173719487D+01 0.1996057021048D+01 0.1995936758155D+01
 0.1995812821615D+01 0.1995685098870D+01 0.1995553473890D+01 0.1995417827072D+01
 0.1995278035121D+01 0.1995133970937D+01 0.1994985503498D+01 0.1994832497736D+01
 0.1994674814411D+01 0.1994512309980D+01 0.1994344836460D+01 0.1994172241292D+01
 0.1993994367198D+01 0.1993811052030D+01 0.1993622128615D+01 0.1993427424604D+01
 0.1993226762303D+01 0.1993019958507D+01 0.1992806824324D+01 0.1992587164999D+01
 0.1992360779726D+01 0.1992127461456D+01 0.1991886996703D+01 0.1991639165336D+01
 0.1991383740369D+01 0.1991120487746D+01 0.1990849166112D+01 0.1990569526585D+01
 0.1990281312513D+01 0.1989984259226D+01 0.1989678093782D+01 0.1989362534703D+01
 0.1989037291697D+01 0.1988702065381D+01 0.1988356546985D+01 0.1988000418055D+01
 0.1987633350137D+01 0.1987255004456D+01 0.1986865031584D+01 0.1986463071097D+01
 0.1986048751215D+01 0.1985621688439D+01 0.1985181487170D+01 0.1984727739312D+01
 0.1984260023871D+01 0.1983777906531D+01 0.1983280939222D+01 0.1982768659668D+01
 0.1982240590925D+01 0.1981696240900D+01 0.1981135101853D+01 0.1980556649882D+01
 0.1979960344394D+01 0.1979345627553D+01 0.1978711923710D+01 0.1978058638818D+01
 0.1977385159816D+01 0.1976690854008D+01 0.1975975068403D+01 0.1975237129044D+01
 0.1974476340308D+01 0.1973691984185D+01 0.1972883319529D+01 0.1972049581287D+01
 0.1971189979693D+01 0.1970303699443D+01 0.1969389898836D+01 0.1968447708889D+01
 0.1967476232412D+01 0.1966474543064D+01 0.1965441684363D+01 0.1964376668673D+01
 0.1963278476145D+01 0.1962146053628D+01 0.1960978313539D+01 0.1959774132700D+01
 0.1958532351118D+01 0.1957251770746D+01 0.1955931154179D+01 0.1954569223316D+01
 0.1953164657994D+01 0.1951716094519D+01 0.1950222124211D+01 0.1948681291863D+01
 0.1947092094154D+01 0.1945452978013D+01 0.1943762338923D+01 0.1942018519172D+01
 0.1940219806039D+01 0.1938364429931D+01 0.1936450562447D+01 0.1934476314385D+01
 0.1932439733684D+01 0.1930338803302D+01 0.1928171439015D+01 0.1925935487170D+01
 0.1923628722340D+01 0.1921248844931D+01 0.1918793478701D+01 0.1916260168219D+01
 0.1913646376230D+01 0.1910949480972D+01 0.1908166773385D+01 0.1905295454280D+01
 0.1902332631391D+01 0.1899275316395D+01 0.1896120421811D+01 0.1892864757867D+01
 0.1889505029250D+01 0.1886037831829D+01 0.1882459649255D+01 0.1878766849550D+01
 0.1874955681564D+01 0.1871022271445D+01 0.1866962618965D+01 0.1862772593883D+01
 0.1858447932162D+01 0.1853984232246D+01 0.1849376951189D+01 0.1844621400880D+01
 0.1839712744110D+01 0.1834645990783D+01 0.1829415993961D+01 0.1824017446109D+01
 0.1818444875160D+01 0.1812692640851D+01 0.1806754930875D+01 0.1800625757378D+01
 0.1794298953256D+01 0.1787768168908D+01 0.1781026868762D+01 0.1774068328383D+01
 0.1766885631330D+01 0.1759471666735D+01 0.1751819126615D+01 0.1743920504065D+01
 0.1735768091147D+01 0.1727353977875D+01 0.1718670050846D+01 0.1709707993194D+01
 0.1700459284144D+01 0.1690915200177D+01 0.1681066815696D+01 0.1670905005646D+01
 0.1660420447559D+01 0.1649603625897D+01 0.1638444835729D+01 0.1626934189157D+01
 0.1615061620885D+01 0.1602816897108D+01 0.1590189623316D+01 0.1577169256012D+01
 0.1563745113120D+01 0.1549906389018D+01 0.1535642167856D+01 0.1520941442386D+01
 0.1505793130632D+01 0.1490186098974D+01 0.1474109182472D+01 0.1457551212796D+01
 0.1440501042530D+01 0.1422947578298D+01 0.1404879809334D+01 0.1386286846327D+01
 0.1367157954203D+01 0.1347482596984D+01 0.1327250474927D+01 0.1306451575470D+01
 0.1285076214572D+01 0.1263115094135D+01 0.1240559347140D+01 0.1217400602187D+01
 0.1193631032648D+01 0.1169243429085D+01 0.1144231253604D+01 0.1118588722308D+01
 0.1092310866679D+01 0.1065393630337D+01 0.1037833940613D+01 0.1009629824624D+01
 0.9807804957592D+00 0.9512864935379D+00 0.9211497873133D+00 0.8903739420726D+00
 0.8589642348487D+00 0.8269278401604D+00 0.7942739465398D+00 0.7610139454774D+00
 0.7271615276925D+00 0.6927328612020D+00 0.6577466556713D+00 0.6222243393566D+00
 0.5861901231275D+00 0.5496712408230D+00 0.5126981047071D+00 0.4753047294575D+00
 0.4375290861990D+00 0.3994137871196D+00 0.3610066247181D+00
  659
-0.5553278828173D+00-0.2296558615271D-33-0.5303203426786D+01-0.3518328044209D-18
-0.2331984314163D+01 0.3495387396191D-21-0.4332417274628D+01 0.6597544233539D-18
-0.2431066560628D+01-0.5925572753799D-21-0.2430537762636D+01-0.6281671244402D-18
-0.1012612543039D+01-0.3388092369250D-21-0.3140518043902D+01-0.1289609848692D-18
-0.5045009440069D+00 0.1428882091615D-20-0.1057056438208D+01 0.9045638801393D-18
-0.5200312026325D+00-0.3115939470629D-18-0.1445707810495D+01-0.2228604383316D-21
-0.7232196518624D+00-0.2664893211652D-18-0.1065917576187D+01-0.2206406087427D-21
-0.1027459838364D+01 0.8936400846152D-18-0.5120220108035D+00-0.4855711876742D-18
-0.7342534257581D+00-0.4968968110949D-18-0.3107286734375D+00-0.4119901966480D-20
-0.2676615504478D+00 0.1995107338854D-18-0.2669871257109D+00-0.5142994804230D-18
-0.4867102610316D+00-0.1558022120078D-20-0.1216147416841D+00 0.3148593825497D-20
-0.3887200187254D+00-0.6520018672728D-18-0.1933420947231D+00 0.7120904595108D-18
-0.3857508863906D+00 0.4671522159880D-20-0.2819971817967D+00 0.2304043708268D-18
-0.3090826228701D+00 0.2444586248460D-20-0.2035514730344D+00 0.1007900787557D-17
-0.8310606214503D-01 0.2430570425962D-20-0.1447963009900D+00-0.4937668699305D-20
-0.3617903987381D-01-0.2343089798263D-18-0.7241664961495D-01-0.3248959999515D-18
-0.2027466583731D+00-0.1043375196639D-19-0.5030236084139D-01 0.3500709197007D-18
-0.5031736142653D-01-0.3449513983395D-18-0.1008766440081D+00-0.4346992162407D-18
-0.3318592721820D+00-0.6502234957041D-20-0.3358895540264D-01-0.3564652753183D-18
-0.4214533055018D-01-0.5246078843398D-18-0.4232621408228D-01 0.5460613013741D-18
-0.2819748386007D-01 0.5007230931653D-20-0.1171862713968D-01-0.1048003132758D-18
-0.2348579778528D-01-0.2477714104686D-19-0.1183225403965D-01 0.4461238471515D-18
-0.9384476955228D-01 0.8228689527447D-20-0.9373191207633D-01 0.1129448081434D-19
-0.9465321501488D-02 0.3510342905694D-18-0.7828637986681D-01 0.7020988653644D-20
-0.3917995071486D-01-0.1022926769601D-19 0.7870999771109D-03-0.1479278954259D-18
 0.7526403241088D-03 0.7289612805933D-18 0.4332677079774D-03-0.3496206421170D-18
-0.6580429845589D-01-0.9240298762341D-20 0.8166159350918D-02-0.5574875618017D-18
-0.5554010645169D-01-0.7066411593296D-20 0.6577771525449D-02 0.2916980153602D-18
 0.6671803600131D-02-0.1848257902383D-18-0.9433621708111D-01-0.5554619297153D-20
 0.8247528871730D-02 0.6343676665350D-19 0.1652534870243D-01 0.2424808381984D-18
 0.1666801185962D-01-0.2731982630996D-18-0.4033574042329D-01 0.1147520703760D-19
 0.1853415520811D-01-0.2564871356436D-18 0.1855281614625D-01 0.4976449542856D-18
 0.9313355449290D-02-0.2082802804340D-18 0.1954451997426D-01 0.1262747923643D-18
 0.1963179935391D-01-0.3278669133701D-18-0.3001153752020D-01 0.4620141027914D-20
 0.1982912202990D-01 0.3816189656546D-18 0.1991251958700D-01-0.6981368417665D-19
 0.4960281334290D-02-0.1400281905677D-18-0.2615947019991D-01-0.2152872532611D-19
-0.6528740801199D-02 0.6152568374269D-20 0.9788066126456D-02-0.2345712682258D-18
 0.9840448389370D-02 0.2227635783639D-18-0.4589853663867D-01-0.2379226912995D-19
-0.2291614416498D-01 0.1647442602416D-19 0.1897862521416D-01-0.1359449068123D-18
 0.9487237563239D-02-0.2149473613111D-18-0.6756048899366D-02 0.7378066938112D-20
-0.2023470822852D-01 0.1136703221381D-19 0.1804576511317D-01-0.7394295006578D-20
 0.1808200989773D-01-0.3577461257228D-18 0.1810854174479D-01 0.3986074133209D-18
 0.8507435525336D-02 0.1125169291430D-18 0.8512010558062D-02-0.1326303507848D-18
 0.1702959283792D-01 0.2902454174156D-18-0.3210758101233D-01 0.1429263964730D-19
-0.1603770271622D-01-0.1235849450327D-20 0.7964492922477D-02 0.1730374757345D-18
 0.1591991484040D-01 0.9165685282500D-19-0.2876722185433D-01-0.1224613944762D-21
 0.1477280682290D-01-0.1959615668702D-18 0.1476955871754D-01 0.2083484030434D-18
 0.7390881252006D-02-0.8648300741157D-19 0.1364296369164D-01 0.2685074174414D-19
 0.1364077665473D-01 0.3136821952461D-18 0.1363906848154D-01-0.1335953300313D-18
-0.5845549491549D-02-0.1282158781352D-19 0.6279603391582D-02-0.1813657628949D-18
 0.6273260527686D-02-0.1004387341869D-18-0.1058659242615D-01 0.1810432130267D-20
-0.1058353677305D-01-0.1592918763806D-19 0.5760457746077D-02-0.3898361310039D-19
 0.1151144242123D-01 0.2595280911510D-18 0.1151959090942D-01-0.3124038061861D-18
 0.1150368382123D-01-0.1635235515930D-18-0.9597222893095D-02 0.1901250043031D-19
-0.9599580269323D-02-0.1600555584039D-19 0.1055045227768D-01 0.1007815491867D-18
 0.1052607592142D-01-0.4613368155223D-19-0.1743813982646D-01-0.2033433301522D-19
 0.9649361686865D-02-0.4666695914217D-19-0.7922659083572D-02 0.4140750499251D-20
-0.1985940089318D-02 0.5907330937782D-20 0.8818543568120D-02-0.1956065640786D-18
 0.8797723287052D-02-0.7912817307422D-19 0.8815877162832D-02 0.1455974091470D-18
 0.4399925209876D-02-0.1079235653502D-18 0.4385306897010D-02 0.8136715733982D-19
-0.7229512280276D-02 0.1729514842207D-19 0.4025510590113D-02 0.8885408998125D-19
 0.8037599703568D-02-0.1838207568024D-18 0.8047722410160D-02 0.2114330735221D-18
-0.1312645767846D-01 0.3717739435286D-20-0.6581841186402D-02 0.1275985441603D-19
 0.7356431280233D-02 0.9564214688002D-19 0.7313523769139D-02 0.1612867380280D-18
 0.6709493250783D-02 0.1655194694646D-18 0.6698936137588D-02 0.3026174350406D-19
-0.5460582562092D-02 0.3335816447287D-20 0.3067460529527D-02 0.1148537454984D-19
 0.6113974079676D-02-0.1096338615968D-18 0.3045533481964D-02 0.7560948026352D-19
 0.1530833221833D-02-0.6088910021012D-19-0.4955807814723D-02 0.1824325411446D-19
-0.9951773447397D-02 0.5394086532749D-20-0.4963056719738D-02-0.2096476614428D-19
 0.5590750236716D-02-0.8034551461048D-19 0.5572950606625D-02-0.1534062836969D-20
 0.2791783985662D-02-0.1068926129502D-18-0.9050653884502D-02-0.2845340422250D-19
 0.5088460943781D-02 0.3193633990196D-19 0.5058329073731D-02 0.1455080071410D-18
 0.2536922202128D-02-0.9408197498772D-19 0.2521294591192D-02-0.3127266765561D-19
-0.4127689853047D-02 0.1021118585566D-19 0.4621040082652D-02 0.1003721657192D-18
 0.4614118064816D-02-0.1644774416461D-18 0.4587631174469D-02-0.4899756406249D-19
-0.3779743238368D-02 0.1121858256150D-20 0.2097490530118D-02-0.7154964831721D-19
 0.4174230856130D-02 0.1267743527915D-18 0.2082193087621D-02-0.3805126223339D-19
-0.6898449093866D-02 0.8229168981491D-22-0.3456647914368D-02-0.8505103440411D-20
 0.3789469665325D-02-0.3702535445488D-19 0.3787992506639D-02 0.1187525256322D-18
 0.3771398730975D-02-0.6284497782875D-19-0.6329038771254D-02-0.1195544628457D-19
 0.3418277105024D-02-0.1083723621546D-18 0.3414598195665D-02 0.6166286245207D-19
 0.3404571849380D-02-0.1828379643813D-19 0.3069571314052D-02 0.8779418273874D-19
-0.8871082899471D-03 0.6472454627116D-20 0.2750039039157D-02-0.9990350186713D-20
 0.1370555124015D-02 0.4742130607098D-19 0.2744798082142D-02 0.3635712691350D-19
 0.2740294012521D-02-0.3240710390470D-19 0.2740079480838D-02 0.1101043855628D-18
 0.1370085936483D-02-0.4256487097170D-19-0.4907102111660D-02-0.1271019087587D-20
-0.6141504086515D-03 0.4323612391056D-20 0.1222376573580D-02 0.2268120355520D-19
 0.1223151257008D-02-0.3493915889381D-19 0.2440285290670D-02-0.7323540044604D-19
 0.1216922841949D-02 0.1575019928357D-19-0.4523327393313D-02 0.2145579534406D-19
-0.1131538753276D-02-0.8654472318230D-20-0.2264278904483D-02 0.1330213255068D-19
 0.2158381878607D-02 0.8968601549807D-19 0.1080699077985D-02-0.6387522044592D-19
-0.2091579929997D-02-0.1232901313377D-19-0.2091377299002D-02 0.1023081809704D-19
 0.1900197775314D-02-0.5059467901579D-19 0.1898722800496D-02 0.4575092241813D-19
 0.1899586987083D-02-0.1130434565838D-18 0.1898742845084D-02 0.9354416068956D-20
 0.1896565214699D-02 0.4054921398035D-19-0.1936778730326D-02-0.1261985231281D-19
 0.1656361193928D-02 0.5211960435388D-20 0.1657906855497D-02-0.4533623275962D-19
-0.3593028559902D-02-0.1834214127924D-19-0.1794772324935D-02 0.4515426370251D-20
 0.1434253487323D-02-0.3540267997868D-20 0.7169668102406D-03 0.2183885663094D-19
-0.1668903883832D-02 0.3320898103275D-20-0.1669490104742D-02-0.1664446846349D-20
-0.3334064215816D-02 0.6961568769670D-20 0.1226727803849D-02 0.5900082589356D-19
 0.1227723102305D-02-0.7771792546047D-19 0.6149778900783D-03-0.3757338711800D-19
 0.1042925832943D-02-0.6599124836338D-19 0.1039333566802D-02 0.5324347255598D-19
 0.1043012635361D-02 0.4645349213574D-19-0.2891889118107D-02-0.3562902381415D-20
 0.4349895651859D-03-0.1060584820263D-19 0.8704404281736D-03 0.6588187204288D-19
 0.4401058204671D-03-0.7604470889171D-20-0.1348004810371D-02 0.1238874831109D-19
-0.1345113707015D-02 0.1198825576617D-20 0.7177569173524D-03 0.1374828682752D-19
 0.7211706288537D-03-0.1741050850475D-19 0.7185143288219D-03 0.3706841322061D-19
 0.7221787409229D-03 0.4271114087995D-19 0.7275940575970D-03-0.1172130008952D-19
-0.1253451365066D-02-0.2851693032183D-20 0.5832934839085D-03-0.1300993543852D-19
 0.5860213402049D-03-0.4409132014061D-19 0.5837138224401D-03 0.5056757729848D-19
 0.5856216401040D-03 0.2099432316566D-19 0.2959480654992D-03-0.1016896366783D-19
-0.1170220944692D-02 0.6462034845602D-20-0.2335645789504D-02-0.4349984111451D-20
 0.4647533184612D-03-0.4029356633864D-19 0.4719835588960D-03-0.1676875785583D-19
 0.1806235869071D-03 0.1526608247367D-19 0.3630921652370D-03 0.1098254984506D-19
 0.9061358766769D-04-0.1627701830382D-19 0.3674222723664D-03-0.3897338593970D-20
-0.2024714399420D-02 0.7768318040531D-20-0.1012104411977D-02-0.1006100270047D-19
 0.2726968697381D-03 0.1598847040524D-19 0.1375192856878D-03 0.1713410766879D-19
 0.1368567589151D-03-0.2883664137945D-19 0.2750171708725D-03 0.3994543795631D-19
-0.1876661135766D-02-0.1435909027240D-20-0.1878586284701D-02-0.1489082047089D-19
 0.1981395605760D-03 0.2908694710341D-19 0.2021913479475D-03-0.8579924593768D-20
 0.9989943244343D-04-0.2473059135553D-19 0.1011608415753D-03-0.1196045236070D-19
 0.1373783536510D-03-0.2130117643713D-19 0.1377096217791D-03 0.3306545608603D-19
 0.1377097217036D-03-0.4363940445271D-19 0.1395509623990D-03-0.2052885548715D-19
-0.2003898474260D-03 0.2207484796452D-20 0.8724125989975D-04-0.7349303375872D-21
 0.4348358019108D-04-0.1987403616937D-19 0.4434938930628D-04-0.2446759503553D-20
-0.1478258745006D-02-0.3772095919481D-20-0.7386746774891D-03-0.5289449493262D-20
-0.7382131864518D-03 0.6940815125286D-20 0.2360690840276D-04-0.3286548496695D-21
 0.4889086404283D-04 0.2876784452004D-20-0.6777875263171D-03 0.7875633258070D-20
-0.1354736951320D-02-0.8065791153542D-20-0.6772970812358D-03 0.5437419255272D-20
 0.1827763335011D-04-0.1440951448576D-19 0.1873689930860D-04-0.2965927490941D-19
 0.1899752154390D-04-0.1260035402495D-19 0.1838445380227D-04 0.2901406763028D-19
 0.1811548741991D-04 0.1528519461384D-20-0.6184435038560D-03 0.4084791751183D-21
-0.2377008460778D-05 0.1684783053234D-20-0.2504605330228D-05 0.2215660947080D-19
-0.2304740880040D-05-0.1049075201100D-20-0.2287347606325D-05 0.1742387529319D-19
-0.5618600353220D-03 0.4927077945895D-20-0.5624680528712D-03 0.2868997075272D-20
-0.1555561968451D-04 0.1163239398331D-19-0.1559949338276D-04 0.2090533303050D-19
-0.8656728747626D-05 0.2542520192129D-20-0.7953313731528D-05-0.1026959359095D-19
-0.1015428782962D-02-0.2713209462385D-20-0.1016988712966D-02 0.4423053536468D-20
-0.1100956523301D-04-0.1032307842602D-19-0.2237157717804D-04 0.1124671249657D-19
-0.2305250123835D-04-0.1783361115744D-19-0.2293446692666D-04 0.2403886120652D-19
-0.9113676057471D-03 0.4486391564772D-20-0.2358863151743D-04-0.6314463325402D-20
-0.2636017443977D-04 0.7672557891284D-20-0.2060910357118D-04-0.1490730451959D-19
-0.2200680136790D-04-0.4835188030894D-20-0.2148731439596D-04 0.1832945898026D-19
-0.3611371316366D-03 0.8283761101130D-21-0.1799272172986D-03-0.2522915600048D-20
-0.1422409370066D-04 0.1022767974183D-19-0.1581569944754D-04-0.1146033594342D-19
-0.1758435568108D-04 0.7818811541419D-20-0.1607846852308D-04 0.5006870778189D-20
-0.7316931480879D-05-0.1115084497533D-19-0.9861183841476D-05-0.7775539345929D-21
-0.3156714200503D-03-0.3759323724856D-20-0.3172745714482D-03-0.3388594823093D-21
-0.3116471228841D-05 0.5645900675813D-20-0.5472175629644D-05 0.3728992372923D-20
-0.5624220345451D-05-0.1941841497838D-19-0.1103307522366D-04-0.1056679848130D-20
-0.5491873040851D-03 0.1275684901141D-20-0.5518891596373D-03-0.5894967215432D-21
-0.2746984967660D-03-0.3724623729121D-20 0.3240050022509D-05 0.2284511140444D-20
-0.2833267237407D-06-0.1409624684044D-20-0.7837040560844D-04 0.1540960108675D-20
-0.4723103530521D-03-0.5603905982952D-20 0.1763955355320D-04-0.2635393284788D-20
 0.1585337473182D-04 0.1022278806014D-19 0.1109025448914D-04-0.2236293264137D-20
-0.1999980963497D-03-0.1121317606685D-20 0.1457233695060D-04 0.1284214785079D-20
 0.1460928641145D-04-0.3670292399966D-20 0.2827214620485D-04-0.1256575501585D-19
 0.1241311361151D-04 0.3342977807329D-20 0.2483967392579D-04 0.8026337200399D-20
 0.1327463936431D-04-0.5790157834330D-20 0.2309223704578D-04-0.3047475292133D-22
-0.3340168807825D-03 0.5559182406764D-20-0.3379127677001D-03-0.3635124857457D-21
 0.3812934214720D-04-0.5028566770638D-20 0.3808288406775D-04-0.9905973837136D-20
-0.2757458446100D-03-0.1844555171290D-20 0.5074955374872D-04-0.4897339456723D-20
 0.5101912114474D-04 0.2714907702267D-20 0.4894852724684D-04-0.5113117922118D-21
 0.4730362887902D-04 0.6427478930306D-20 0.4989560637340D-04 0.7685921651038D-20
 0.4579028931588D-04-0.9805059256962D-21 0.2283862721579D-04-0.1741295173453D-20
 0.6013868578072D-04-0.4207935944273D-21 0.5899696096249D-04 0.8607204144086D-20
 0.5563393623394D-04-0.2868422383199D-20-0.8796566594262D-04-0.1139391932820D-20
 0.6680007077950D-04-0.5987695002102D-20 0.6729596317041D-04 0.4927205700876D-20
-0.6554426386917D-04 0.9200588219374D-21-0.6526181982632D-04 0.5925292801806D-21
-0.1328761658876D-03-0.1734999611050D-20-0.1692484047577D-04 0.5377736223478D-21
 0.7377296889222D-04 0.3645057612763D-20 0.7419259832058D-04-0.5491843893400D-20
 0.7336630117651D-04 0.5785948621735D-20 0.7293726816147D-04 0.2990786581894D-20
 0.7095164896314D-04 0.5865095463641D-21 0.3487348239453D-04-0.1761478596920D-20
-0.4780378994064D-04-0.6423192891880D-22-0.4883599384090D-04 0.1624245953622D-20
 0.7708787044021D-04 0.3724394524326D-20 0.7598624756163D-04-0.1501969277670D-20
-0.6266365243930D-04 0.5560689232212D-21-0.3252595240686D-04 0.1209366307931D-20
 0.8014935609065D-04 0.1608104127490D-20 0.7905702660239D-04-0.2875360909436D-22
 0.7848978747728D-04-0.1577371974669D-20-0.3640370421028D-04-0.6461742839259D-21
 0.8112545036627D-04-0.1115699900342D-20 0.8053554377126D-04 0.1683374081461D-20
 0.8080895291608D-04 0.3550974452060D-20 0.2036109741381D-04-0.1158126964793D-20
 0.4017300454840D-04-0.1102954984096D-20-0.6915628943520D-05-0.1063146853787D-20
-0.7318160038054D-05 0.5901506716415D-21 0.3953601162527D-04-0.6002055987660D-21
 0.7974026164824D-04-0.2103861891967D-20 0.7938406980801D-04 0.2220277859742D-20
 0.3971136128143D-04-0.1829986463583D-20 0.7956613135451D-04-0.1722852030171D-20
 0.3959801519098D-04-0.2591014131279D-21 0.1430095362546D-05 0.1006285766723D-20
 0.3257684116896D-05-0.1452950122967D-20 0.3676212508235D-05 0.8210771699496D-21
 0.7616920128754D-04 0.6338109934397D-22 0.7658752550129D-04 0.2174126088489D-20
 0.3812772155187D-04-0.1348963094197D-20 0.7124331112353D-04-0.5740332516391D-21
 0.7126755204053D-04 0.2622825011844D-21 0.7267196396165D-04-0.3361877399100D-21
 0.7120410247496D-04-0.1991690270597D-20 0.7247305666355D-04 0.3974032941724D-22
 0.1320216880531D-04 0.4371511512131D-21 0.6497733108321D-04-0.9203520995818D-21
 0.3297229239549D-04 0.4631474013197D-21 0.3230533345491D-04-0.7229372575555D-21
 0.6659814631419D-04-0.6541885788769D-21 0.6677793843360D-04 0.2935782284984D-21
 0.3455830365897D-04-0.9875045777513D-23 0.3318815813384D-04-0.2897706647403D-21
 0.1807448567465D-04 0.9271999936915D-22 0.1692059326341D-04-0.2842199351916D-21
 0.2863406904390D-04 0.1673690238674D-21 0.6003845832287D-04 0.1197600572103D-21
 0.3774657965634D-04 0.2724856126729D-21 0.3836192913092D-04-0.2889805695711D-21
 0.2056094247567D-04 0.1545394792284D-22 0.4846624995578D-04 0.6896543307177D-22
 0.4948926900578D-04 0.3374515357402D-21 0.4938942686995D-04-0.4129751482178D-21
 0.5100457705212D-04 0.5059915532142D-22 0.2635065900554D-04 0.7967154935072D-23
 0.4235102379541D-04 0.7654275873804D-23 0.3952086920431D-04 0.1658637131780D-22
 0.3888527803026D-04 0.3540993863618D-22 0.4403820497911D-04 0.1584196894252D-23
 0.3008359101819D-04 0.1631890594735D-21 0.3058218550848D-04-0.2152820534231D-21
 0.1539900576331D-04 0.1239340447677D-21 0.1729045262603D-04 0.8002700106698D-23
 0.3703781488014D-04 0.1273823180593D-21 0.2007748810248D-04 0.7132857966319D-22
 0.9993257553140D-05 0.2925045447297D-21 0.2098241574527D-04 0.2426088076772D-21
 0.2035106506281D-04-0.5439975352627D-21 0.1132746687601D-04-0.1067769405276D-21
 0.2045774684111D-04 0.4774151724379D-21 0.2167481991773D-04-0.2804763256002D-21
 0.2428667228356D-04 0.2583504712421D-22 0.3266301825740D-04-0.8256072381016D-22
 0.3477539620658D-04 0.3624642286021D-23 0.1010646889333D-04 0.5157431421437D-22
 0.1075714555586D-04-0.5045661686797D-21 0.1059465835096D-04-0.9970395037113D-21
 0.1352758831362D-04-0.6589667661431D-22 0.3282015960439D-06 0.9590963401223D-21
 0.1069178436087D-05-0.5669321445739D-21 0.1142527219957D-04-0.9696202067996D-22
-0.4504365715878D-05 0.1296109243679D-21-0.9702545998734D-05-0.9046359988197D-21
-0.9852093898221D-05 0.9386031316654D-21-0.9716576510197D-05-0.1370148196283D-20
-0.7327566753147D-05 0.1578691854980D-22-0.3497126721924D-05 0.1427040633355D-21
 0.9160270468661D-05-0.6330026538711D-21 0.9533312648488D-05 0.1934474375259D-21
-0.1836817103927D-04 0.7833714463720D-21-0.1675363783359D-04-0.9853923626549D-21
-0.1887756807178D-04-0.5730611121001D-21-0.1739468846098D-04 0.3053386675783D-21
 0.1263296255647D-04-0.9512386532212D-24 0.1069377686550D-04 0.3998788084506D-21
 0.3181880220395D-05 0.3020184001452D-21-0.2787328426813D-04 0.1951500019404D-21
-0.2686921533750D-04-0.5727144033688D-21-0.1400960519874D-04 0.9967699544800D-21
 0.3581714856297D-05-0.6251248724456D-21 0.2004084684170D-05 0.4696079510481D-22
 0.3909388183788D-05 0.5683669478438D-21-0.3634726292399D-04-0.3879567137544D-21
-0.3814294068385D-04-0.1047943328022D-20-0.3628618631755D-04-0.4905488824139D-21
-0.3509472046120D-04 0.2090047244235D-20-0.3664562336511D-04-0.2195699190373D-21
-0.7628444471840D-06 0.6676765247138D-21-0.3967014996039D-06-0.2053283000361D-21
-0.2077232194050D-04 0.7586595927350D-21-0.4439265394611D-04 0.5239171207725D-21
-0.4358672906166D-04-0.1623514523852D-20-0.4535346509702D-04 0.3174526032879D-21
-0.2300362009919D-04 0.9832276600331D-21-0.3766700077132D-05-0.1037619010304D-20
-0.6776131125759D-05 0.3744488575238D-21-0.5600473591287D-05 0.1230756943548D-20
-0.4247581801404D-05-0.7746621674124D-21-0.5035601082756D-04 0.7321968143835D-21
-0.5092317309221D-04 0.1200950296279D-20-0.5124544773127D-04-0.7682077425039D-22
-0.5110397008303D-04-0.1713487400920D-20-0.6163935438446D-05 0.3703540013657D-21
-0.7360667444411D-05-0.7199148515905D-21-0.5672618707265D-04 0.1462616571367D-20
-0.5641865630401D-04 0.2212915267673D-20-0.2650370073461D-04 0.1011784269256D-20
-0.2907537889305D-04 0.4313992890737D-21-0.5986868369794D-04 0.1613989858393D-20
-0.6083037430293D-04-0.7623261334505D-21-0.5838042397279D-04-0.1798979698409D-21
-0.6009940879505D-04-0.1771728619731D-20-0.5818167884732D-04 0.2016466748377D-20
-0.6135184135744D-04 0.8523620201841D-21-0.2056601820622D-04 0.8060801503026D-21
-0.1186996795626D-04-0.5755927502710D-21-0.3096552502351D-04-0.5722845896310D-21
-0.6544143108469D-04-0.1414926498314D-21-0.3370130052343D-04 0.6096477430984D-21
-0.2395674296834D-04-0.6760883217418D-21-0.2538522535842D-04-0.1030310464188D-20
-0.3403674430034D-04-0.7227670578500D-21-0.6765416117772D-04 0.2427201783311D-21
-0.6452575652120D-04-0.1997302149658D-20-0.2614806976890D-04 0.2146580803568D-21
-0.1176245975659D-04 0.6151700388766D-21-0.6963547827177D-04-0.1362938245687D-20
-0.7095568964642D-04 0.1916846461933D-20-0.6720990805898D-04 0.7872733518717D-21
-0.6863035052990D-04-0.2592760915973D-20-0.6885827587873D-04-0.4231971216234D-21
-0.6727818011855D-04 0.7460290831922D-21-0.1678143206785D-04-0.6583780472715D-22
-0.2997272828482D-04 0.1116988848643D-20-0.7382832710922D-04 0.2073122094414D-20
-0.6995033790573D-04-0.1729819677408D-20-0.7388445078455D-04-0.1715260258379D-20
-0.6312906591114D-05-0.4084080810290D-21-0.1329112433309D-04-0.3293065353590D-21
-0.7765796234984D-04 0.7706943360018D-21-0.7353027180791D-04 0.1058816188588D-20
-0.7423720437462D-04-0.2301940858799D-20-0.7011982203589D-04-0.2390334564945D-21
-0.7308286985939D-04-0.1223006931362D-20-0.6497010546735D-04 0.4035059155096D-21
-0.3158395375536D-04 0.9757772977581D-23-0.1451904123309D-04-0.1941459260920D-21
-0.3795024650936D-04 0.2010128271003D-22-0.3801515264754D-04 0.6996021061557D-21
-0.7293912998614D-04 0.3111254577511D-21-0.3509742094884D-04-0.1978944271136D-20
-0.3234075250073D-04 0.7681345257273D-21-0.2613239781693D-04-0.3145781111874D-21
-0.7225672473238D-04-0.9521426367360D-21-0.3237796969001D-04 0.6691543330406D-21
-0.2643715241865D-04-0.1582834695795D-21-0.6881877181409D-04 0.1190630826498D-20
-0.6649532811676D-04-0.1251107239091D-21-0.7240556589244D-04 0.1609594650718D-20
-0.7191831980199D-04-0.1136851518322D-20-0.5791311541563D-04 0.6211881063619D-21
-0.5254211247706D-04 0.1275207035689D-20-0.6867096751997D-04-0.2418807407084D-20
-0.4889650030452D-04-0.3113120259396D-21-0.6423803449386D-04 0.4329615975322D-21
-0.6912403603232D-04-0.1693743676426D-20-0.5281049816672D-04 0.8049418997018D-22
-0.2534283352242D-04-0.8849036226395D-22-0.1705504446155D-04 0.6178951235142D-21
-0.4256461730657D-04-0.3946498037795D-21-0.2119356334783D-04-0.7304642457822D-22
-0.1043878930691D-04-0.1902636645129D-22-0.1231855931872D-04-0.1212994817871D-21
-0.1513591544724D-04 0.8804957762818D-21-0.4967154131969D-04-0.1436831614076D-20
-0.4864713331807D-04-0.2151609893187D-20-0.3091512330552D-04 0.1173536445591D-20
-0.3467807127824D-04-0.1458476080388D-21-0.1328752263416D-04-0.5999421441007D-21
-0.1363812859348D-04-0.5381377311351D-21-0.2621247566900D-04 0.1511663841989D-20
-0.4214821001406D-04-0.7280758626519D-21-0.5852528378593D-04 0.1586198544686D-20
-0.4433077228004D-04-0.4743569073447D-21-0.4421933576576D-04 0.1084818710251D-20
-0.4109499501838D-04-0.5308756228898D-21-0.2048658892195D-04 0.1069817191328D-20
-0.2949129826581D-04-0.2933872610620D-21-0.1036712710714D-04 0.2489947177720D-21
-0.3426923189320D-04 0.2018564011026D-20-0.3749279162167D-04-0.5512759207921D-21
-0.8068078100342D-05-0.7883246637629D-21-0.2682458470089D-05 0.1959968150765D-21
-0.6339234038704D-05 0.9905262143627D-21-0.2384289387075D-04-0.1435306921346D-21
-0.1079638033552D-04 0.6438803929131D-22 0.2163073962717D-04 0.8470089430525D-21
 0.9057383758726D-05 0.3739197190764D-21 0.6170029171746D-05 0.7132762805609D-21
-0.1797254581713D-04 0.6514457610097D-21-0.3807637955030D-05-0.4308864392214D-21
-0.1520538375139D-04-0.1631022447143D-20-0.1716364380602D-04-0.3606689186197D-21
-0.2084569053252D-04 0.1161862896622D-21 0.9968524334875D-05 0.4810784270216D-22
 0.1565853829031D-04 0.1237064075680D-20 0.1015452258926D-05 0.1113039254161D-20
 0.3601720509079D-05-0.9028276330070D-21-0.1887308673820D-05 0.3772653205851D-21
 0.4905518121299D-05 0.1672242208165D-20-0.3542297197946D-05-0.6949518951635D-21
 0.4694602944753D-05 0.7874920033203D-21-0.2852256582728D-05-0.2571767631129D-21
 0.2925445119154D-04 0.3133556338991D-21 0.2046473047643D-04 0.4030121439809D-21
 0.2793800610041D-04 0.1039369616011D-22 0.2441023709832D-04-0.1750305859888D-20
 0.1173124948738D-04 0.8222059718031D-22 0.1216960059000D-04-0.1105197033590D-20
 0.8594600165335D-05 0.6345913830589D-21 0.3436006971020D-04-0.9280614015494D-21
 0.5080882503147D-04 0.7437718277336D-21 0.5665478498308D-05-0.2217086958351D-21
 0.4947192892512D-04 0.3031010976564D-21 0.2181746296900D-04-0.4593251444165D-21
 0.2144258344342D-04 0.7146173720557D-21 0.3090216591831D-04-0.7394600122783D-22
 0.3456645099964D-04 0.1175448132702D-20 0.2563025991928D-04-0.1132825650491D-20
 0.1484570510313D-04-0.1337770841242D-21 0.1327226629563D-04 0.1118281008536D-20
 0.6717662013040D-04-0.2060026507608D-21 0.6969536921418D-04 0.5252492488942D-22
 0.2606344291904D-04-0.7676547646460D-21 0.5705177409064D-04 0.6244979942164D-21
 0.4996332929345D-04-0.1391823489812D-20 0.4546510809741D-04-0.1007903303627D-20
 0.1730116012004D-04 0.1789767025051D-21 0.4052198779032D-04-0.6938290132661D-21
 0.2832317420459D-04-0.6608478711141D-21 0.6508023216497D-04 0.9310405081538D-21
 0.6520147352094D-04-0.9693944081131D-21 0.5195595357082D-04 0.1170012409366D-20
 0.5431785820396D-04-0.8548744545310D-21 0.5454866368121D-04-0.1747757093787D-20
 0.4682813764695D-04 0.3276054719478D-21 0.3822823516937D-04 0.1642065447791D-20
 0.3652128305019D-04-0.8631966126061D-22 0.4116302685975D-04-0.3578448112452D-21
 0.6933038615918D-04 0.9214738038615D-21 0.8888326094069D-04-0.1030447683055D-20
 0.1039631592104D-03 0.2076733419304D-21 0.3748667170560D-04 0.3467503644827D-21
 0.2946215553322D-04-0.4705052420447D-21 0.7460955762853D-04 0.7374792973669D-22
 0.6964032408240D-04-0.1413049855864D-20 0.8509186712807D-04 0.3879353186993D-22
 0.2199590415933D-04 0.5845690573082D-21 0.1016736133163D-03 0.1742854422708D-21
 0.9877744662270D-04 0.6106594347769D-21 0.6093019801085D-04-0.7940747604953D-21
 0.7599662955917D-04-0.2465543683258D-21 0.9112452287384D-04 0.4532627239785D-21
 0.9057490125832D-04-0.8231094576910D-21 0.9304118564093D-04-0.7996500431478D-21
 0.9135460300556D-04 0.2473949808127D-21 0.8384905931731D-04-0.4713014084756D-21
 0.7863052210280D-04-0.1996797622070D-21 0.8272324423464D-04 0.5787028331581D-21
 0.9461156782754D-04 0.1474905249508D-21 0.9539945023224D-04-0.4356857020951D-21
 0.6430188716716D-04 0.7620731286937D-21 0.2410997703786D-04 0.2477144429040D-21
 0.9662109308864D-04 0.2507027820278D-21 0.4650335354828D-04 0.4103231936004D-21
 0.1082623004330D-03-0.3187389395523D-21 0.1026747182629D-03-0.1101517820194D-21
 0.4360286400384D-04 0.5610016211303D-21 0.1079225531009D-03-0.4430521608365D-21
 0.1154425097079D-03 0.3980882837665D-21 0.5245291501388D-04 0.4100502858303D-21
 0.5035768203818D-04-0.2212768047811D-21 0.1026159023418D-03 0.5830738185268D-21
 0.1049815541696D-03-0.8745657844108D-21 0.9446336566262D-04 0.1012189785506D-20
 0.9097969493539D-04 0.4915281491337D-21 0.5047720066350D-04 0.4174499436098D-21
 0.4894056767563D-04-0.1519989288384D-21 0.1009803959881D-03 0.6386673134413D-21
 0.9922147547876D-04-0.9406928674922D-21 0.5580492853032D-04 0.1891737244839D-21
 0.6121322475744D-04-0.1681347193334D-21 0.1116883811231D-03 0.6925238935897D-21
 0.1085910243571D-03-0.2407742683496D-21
    1
    1    1  120    3
 0.4097345623910D-04 0.4500418218160D-04 0.4941312714635D-04 0.5427721461139D-04
 0.5961995533564D-04 0.6547792706245D-04 0.7188440677888D-04 0.7887091662220D-04
 0.8646423684908D-04 0.9468690196605D-04 0.1035560305479D-03 0.1130815279875D-03
 0.1232660487435D-03 0.1341026414295D-03 0.1455747505847D-03 0.1576535414859D-03
 0.1702980370225D-03 0.1834521733250D-03 0.1970452807358D-03 0.2109890682494D-03
 0.2251788020664D-03 0.2394906277037D-03 0.2537840280141D-03 0.2679001195504D-03
 0.2816663300153D-03 0.2948966387623D-03 0.3073996955966D-03 0.3189822785851D-03
 0.3294622361277D-03 0.3386762613577D-03 0.3464984673243D-03 0.3528522882120D-03
 0.3577331994165D-03 0.3612210269859D-03 0.3635004612573D-03 0.3648641023394D-03
 0.3657181606998D-03 0.3665617268082D-03 0.3679639487637D-03 0.3705104950079D-03
 0.3747523639829D-03 0.3811330160953D-03 0.3899359157126D-03 0.4012304907244D-03
 0.4148586879202D-03 0.4304331587810D-03 0.4473787674023D-03 0.4649787060789D-03
 0.4824473160617D-03 0.4989897828995D-03 0.5138696706317D-03 0.5264515544871D-03
 0.5362430349615D-03 0.5429111285069D-03 0.5462983341782D-03 0.5464183243582D-03
 0.5434538787947D-03 0.5377401593897D-03 0.5297515021205D-03 0.5200776977123D-03
 0.5094032018224D-03 0.4984784115380D-03 0.4880925335359D-03 0.4790400156941D-03
 0.4720870940519D-03 0.4679337275116D-03 0.4671742388209D-03 0.4702569646285D-03
 0.4774430326638D-03 0.4887718433613D-03 0.5040314470188D-03 0.5227521983914D-03
 0.5442210418484D-03 0.5675474490189D-03 0.5917713013731D-03 0.6160424813505D-03
 0.6398289591187D-03 0.6631456053500D-03 0.6867037197890D-03 0.7119504972979D-03
 0.7409201834172D-03 0.7759667318532D-03 0.8194134246486D-03 0.8732798263309D-03
 0.9391009021083D-03 0.1017922963241D-02 0.1110374762118D-02 0.1216837073833D-02
 0.1337584704274D-02 0.1472950238470D-02 0.1623409929231D-02 0.1789674061598D-02
 0.1972694532617D-02 0.2173682493390D-02 0.2394050213233D-02 0.2635363946373D-02
 0.2899225564632D-02 0.3187163596924D-02 0.3500449009249D-02 0.3839916705075D-02
 0.4205703939052D-02 0.4596992529405D-02 0.5011655058062D-02 0.5445903099614D-02
 0.5893827658695D-02 0.6346941209932D-02 0.6793604278374D-02 0.7218469180192D-02
 0.7601833824807D-02 0.7919082738865D-02 0.8140143501977D-02 0.8229141344506D-02
 0.8144168745031D-02 0.7837123088550D-02 0.7253348449797D-02 0.6330796772673D-02
 0.4999052499570D-02 0.3179350248229D-02 0.7887203802443D-03-0.2248972937263D-02
 0.2295927170573D-09 0.2709564237715D-09 0.3194816891419D-09 0.3766065060950D-09
 0.4438330230571D-09 0.5228421035538D-09 0.6156677287004D-09 0.7245056880873D-09
 0.8519894529516D-09 0.1001034702922D-08 0.1174962579427D-08 0.1377484605000D-08
 0.1612784371331D-08 0.1885576954989D-08 0.2200986242032D-08 0.2564746230543D-08
 0.2982978532643D-08 0.3462577682586D-08 0.4010665233901D-08 0.4635002711815D-08
 0.5343592766932D-08 0.6144765069808D-08 0.7046865949081D-08 0.8058147761886D-08
 0.9186441158513D-08 0.1043885006617D-07 0.1182134699967D-07 0.1333836926699D-07
 0.1499224989051D-07 0.1678291556123D-07 0.1870733258449D-07 0.2075932410797D-07
 0.2292938094461D-07 0.2520525152701D-07 0.2757248184447D-07 0.3001635854835D-07
 0.3252397055189D-07 0.3508808940905D-07 0.3771068729944D-07 0.4040839809249D-07
 0.4321597185175D-07 0.4619055719078D-07 0.4941143684186D-07 0.5297911412134D-07
 0.5700806305202D-07 0.6161938997888D-07 0.6692783967607D-07 0.7303210843402D-07
 0.8000168599489D-07 0.8787089276611D-07 0.9663058841324D-07 0.1062291504651D-06
 0.1165704998595D-06 0.1275222263186D-06 0.1389194268603D-06 0.1505800081031D-06
 0.1623144008979D-06 0.1739491015662D-06 0.1853434702345D-06 0.1964229307356D-06
 0.2072034056660D-06 0.2178336887341D-06 0.2286234984996D-06 0.2400879235741D-06
 0.2529649693583D-06 0.2682402273801D-06 0.2871204889587D-06 0.3109920624259D-06
 0.3412874242492D-06 0.3793022254061D-06 0.4258707015260D-06 0.4809711674802D-06
 0.5431859926499D-06 0.6091771328207D-06 0.6731915002627D-06 0.7269199973524D-06
 0.7598153414114D-06 0.7602313237828D-06 0.7172468007316D-06 0.6231294235107D-06
 0.4757206776487D-06 0.2804045850283D-06 0.5103391375564D-07-0.1899378110284D-06
-0.4121253945966D-06-0.5781149937118D-06-0.6447673307214D-06-0.5648392644523D-06
-0.2896310808521D-06 0.2270780880769D-06 0.1023039503420D-05 0.2119515378140D-05
 0.3511172753084D-05 0.5155086821855D-05 0.6960337374653D-05 0.8781294246567D-05
 0.1041765589116D-04 0.1162502681690D-04 0.1213752900504D-04 0.1170135796127D-04
 0.1011109609020D-04 0.7233998391083D-05 0.2998047019522D-05-0.2682869084242D-05
-0.1006953988763D-04-0.1984446941599D-04-0.3341025467756D-04-0.5315532855506D-04
-0.8256853380825D-04-0.1260926512281D-03-0.1886994056306D-03-0.2753512963192D-03
-0.3907311276395D-03-0.5397355560262D-03-0.7290202238015D-03-0.9692943692524D-03
-0.1277210877298D-02-0.1675313038723D-02-0.2189106469431D-02-0.2842353863620D-02
 0.1315995616318D-10 0.1635269008895D-10 0.2024932620255D-10 0.2489924586586D-10
 0.3053291114638D-10 0.3722611535627D-10 0.4525521588868D-10 0.5477734620684D-10
 0.6612345580115D-10 0.7961349689375D-10 0.9564870087296D-10 0.1147061302616D-09
 0.1373545142829D-09 0.1643606372670D-09 0.1965345500738D-09 0.2349459734315D-09
 0.2807658054244D-09 0.3356350998011D-09 0.4012789569077D-09 0.4800119740364D-09
 0.5744281308792D-09 0.6877742981865D-09 0.8238739821833D-09 0.9872762303229D-09
 0.1183364908307D-08 0.1418392680096D-08 0.1699574517596D-08 0.2035057555468D-08
 0.2433798991781D-08 0.2905348142231D-08 0.3459402552841D-08 0.4105039951709D-08
 0.4849652043930D-08 0.5697597126013D-08 0.6648348509916D-08 0.7694556799774D-08
 0.8820152485969D-08 0.9998953416741D-08 0.1119405394339D-07 0.1235906260022D-07
 0.1344064265110D-07 0.1438319306910D-07 0.1513406617387D-07 0.1564934549911D-07
 0.1589802711660D-07 0.1586467530419D-07 0.1554908253769D-07 0.1496438337470D-07
 0.1413291198051D-07 0.1308219504949D-07 0.1184066692169D-07 0.1043455139171D-07
 0.8885576065628D-08 0.7210145045545D-08 0.5419178563189D-08 0.3519343287575D-08
 0.1514708337782D-08-0.5904587393669D-09-0.2788068371067D-08-0.5061349823551D-08
-0.7378455867224D-08-0.9684066428063D-08-0.1188857056844D-07-0.1385403023590D-07
-0.1537671944635D-07-0.1616561866822D-07-0.1581732069390D-07-0.1378824025079D-07
-0.9367004921626D-08-0.1652134238927D-08 0.1045602835283D-07 0.2823579273998D-07
 0.5307890772854D-07 0.8635932576336D-07 0.1292193412138D-06 0.1822720409431D-06
 0.2452486189024D-06 0.3166598103256D-06 0.3935727054024D-06 0.4716021588700D-06
 0.5451601237511D-06 0.6079123582608D-06 0.6533077220500D-06 0.6750380787950D-06
 0.6673407080485D-06 0.6251622314903D-06 0.5442659997694D-06 0.4214004382506D-06
 0.2546092455275D-06 0.4371798074928D-07-0.2090512031666D-06-0.4984726325900D-06
-0.8159636714348D-06-0.1149860512162D-05-0.1486806715435D-05-0.1814837377650D-05
-0.2128692051980D-05-0.2437719000939D-05-0.2776231272174D-05-0.3215454267358D-05
-0.3875169080717D-05-0.4932210664025D-05-0.6622505700344D-05-0.9234173131006D-05
-0.1309219450883D-04-0.1854078661625D-04-0.2593735921599D-04-0.3567943483424D-04
-0.4828823498615D-04-0.6456417413813D-04-0.8580499347515D-04-0.1140412386098D-03
-0.1522095877618D-03-0.2041877584015D-03-0.2746804441034D-03-0.3690885368334D-03
-0.4936316028364D-03-0.6560197482086D-03-0.8667346382127D-03-0.1140575954610D-02
    2    2  120    8
 0.1000282720937D-03 0.1062119297930D-03 0.1127789244294D-03 0.1197528897040D-03
 0.1271592149254D-03 0.1350246319393D-03 0.1433777634042D-03 0.1522487715482D-03
 0.1616699630470D-03 0.1716753683510D-03 0.1823014438014D-03 0.1935866040070D-03
 0.2055719848526D-03 0.2183009397154D-03 0.2318199094849D-03 0.2461778182690D-03
 0.2614270857818D-03 0.2776229528907D-03 0.2948245837340D-03 0.3130943387419D-03
 0.3324990313527D-03 0.3531090571247D-03 0.3749998551911D-03 0.3982509369457D-03
 0.4229474780310D-03 0.4491792710983D-03 0.4770425414768D-03 0.5066386939679D-03
 0.5380764235126D-03 0.5714703191136D-03 0.6069431636651D-03 0.6446244297594D-03
 0.6846529033876D-03 0.7271748851740D-03 0.7723472412872D-03 0.8203354007550D-03
 0.8713166829966D-03 0.9254781419788D-03 0.9830203635033D-03 0.1044154892209D-02
 0.1109108647204D-02 0.1178121061056D-02 0.1251448904712D-02 0.1329363210156D-02
 0.1412154783543D-02 0.1500130539481D-02 0.1593619916432D-02 0.1692970810908D-02
 0.1798556603821D-02 0.1910771800573D-02 0.2030040073914D-02 0.2156809084313D-02
 0.2291559855238D-02 0.2434801081213D-02 0.2587079349719D-02 0.2748973174131D-02
 0.2921104700329D-02 0.3104132575424D-02 0.3298765728392D-02 0.3505755556531D-02
 0.3725911037426D-02 0.3960090599424D-02 0.4209219551199D-02 0.4474280396588D-02
 0.4756333418750D-02 0.5056506184660D-02 0.5376016212070D-02 0.5716160382111D-02
 0.6078340968325D-02 0.6464053137975D-02 0.6874915896033D-02 0.7312658498879D-02
 0.7779154730637D-02 0.8276409393393D-02 0.8806597724894D-02 0.9372049280400D-02
 0.9975294337386D-02 0.1061904649744D-01 0.1130625384549D-01 0.1204008107313D-01
 0.1282396786340D-01 0.1366160696572D-01 0.1455701145204D-01 0.1551448989778D-01
 0.1653871979979D-01 0.1763472036640D-01 0.1880793456335D-01 0.2006419509604D-01
 0.2140981770698D-01 0.2285156215633D-01 0.2439673415203D-01 0.2605314364346D-01
 0.2782922239690D-01 0.2973397627009D-01 0.3177712651768D-01 0.3396906522437D-01
 0.3632102192563D-01 0.3884503280454D-01 0.4155414928282D-01 0.4446241916956D-01
 0.4758515183276D-01 0.5093892143865D-01 0.5454188315164D-01 0.5841378761149D-01
 0.6257635129909D-01 0.6705324515355D-01 0.7187047929450D-01 0.7705634079871D-01
 0.8264174036200D-01 0.8866004955415D-01 0.9514741299610D-01 0.1021424841549D+00
 0.1096867566707D+00 0.1178243316936D+00 0.1266024256317D+00 0.1360713534718D+00
 0.1462854363802D+00 0.1573033040667D+00 0.1691891791337D+00 0.1820133060765D+00
 0.2892567998360D-08 0.3267948055097D-08 0.3691781549153D-08 0.4170278072310D-08
 0.4710435517514D-08 0.5320149797438D-08 0.6008298664860D-08 0.6784897004723D-08
 0.7661197849685D-08 0.8649888364534D-08 0.9765219502456D-08 0.1102323270607D-07
 0.1244194575007D-07 0.1404161722274D-07 0.1584497749997D-07 0.1787756588245D-07
 0.2016799634123D-07 0.2274837276238D-07 0.2565463907444D-07 0.2892704868610D-07
 0.3261059121922D-07 0.3675558092359D-07 0.4141813613024D-07 0.4666087924904D-07
 0.5255350942098D-07 0.5917361030120D-07 0.6660726675598D-07 0.7495006626681D-07
 0.8430768657751D-07 0.9479702460719D-07 0.1065468115364D-06 0.1196987532275D-06
 0.1344081457785D-06 0.1508449528418D-06 0.1691941957204D-06 0.1896569393943D-06
 0.2124501244295D-06 0.2378072946076D-06 0.2659775238322D-06 0.2972254779051D-06
 0.3318288754457D-06 0.3700772337329D-06 0.4122672299380D-06 0.4586990618687D-06
 0.5096685096207D-06 0.5654595704105D-06 0.6263313739153D-06 0.6925054677898D-06
 0.7641445104410D-06 0.8413315065007D-06 0.9240370366401D-06 0.1012086140793D-05
 0.1105108949506D-05 0.1202489403420D-05 0.1303293233980D-05 0.1406190511920D-05
 0.1509350580045D-05 0.1610329951585D-05 0.1705921728701D-05 0.1791994424195D-05
 0.1863281043266D-05 0.1913152833984D-05 0.1933327371154D-05 0.1913558408004D-05
 0.1841240011538D-05 0.1700987640503D-05 0.1474115436794D-05 0.1138084995554D-05
 0.6658274819044D-06 0.2504071652959D-07-0.8226630438523D-06-0.1922626984912D-05
-0.3328185583752D-05-0.5101690960418D-05-0.7315720223266D-05-0.1005422586092D-04
-0.1341385739174D-04-0.1750515405796D-04-0.2245388572281D-04-0.2840213751291D-04
-0.3550951333491D-04-0.4395392286178D-04-0.5393242704457D-04-0.6566149861848D-04
-0.7937732519939D-04-0.9533534000674D-04-0.1138099075471D-03-0.1350931983790D-03
-0.1594944942892D-03-0.1873389267747D-03-0.2189674065730D-03-0.2547366149777D-03
-0.2950215670263D-03-0.3402195704364D-03-0.3907588810223D-03-0.4471106268336D-03
-0.5098082861344D-03-0.5794725448088D-03-0.6568463354458D-03-0.7428364855469D-03
-0.8385666371845D-03-0.9454349718207D-03-0.1065180402528D-02-0.1199946603099D-02
-0.1352346242287D-02-0.1525509810991D-02-0.1723122288646D-02-0.1949429873682D-02
-0.2209226022823D-02-0.2507803697097D-02-0.2850900280947D-02-0.3244634159163D-02
-0.3695485607202D-02-0.4210335202277D-02-0.4796630413061D-02-0.5462684881492D-02
-0.6218164600760D-02-0.7074701783440D-02-0.8046623569636D-02-0.9151629966745D-02
-0.2846321053108D-08-0.3220099665854D-08-0.3642486366057D-08-0.4119727702715D-08
-0.4658853595667D-08-0.5267788022906D-08-0.5955440935839D-08-0.6731827123344D-08
-0.7608205952576D-08-0.8597237153309D-08-0.9713102425956D-08-0.1097174414513D-07
-0.1239099241577D-07-0.1399085885888D-07-0.1579368376499D-07-0.1782447305091D-07
-0.2011111731755D-07-0.2268473771829D-07-0.2557994292292D-07-0.2883527959747D-07
-0.3249343184451D-07-0.3660179248869D-07-0.4121265266967D-07-0.4638377521241D-07
-0.5217859596809D-07-0.5866682572143D-07-0.6592451263214D-07-0.7403463578919D-07
-0.8308699444453D-07-0.9317864626272D-07-0.1044134495089D-06-0.1169022668058D-06
-0.1307618555373D-06-0.1461145963450D-06-0.1630863912876D-06-0.1818054879901D-06
-0.2023988526525D-06-0.2249895003726D-06-0.2496904518967D-06-0.2765997341240D-06
-0.3057906479398D-06-0.3373031295828D-06-0.3711286217517D-06-0.4071955008672D-06
-0.4453463613918D-06-0.4853146882809D-06-0.5266902366528D-06-0.5688837290650D-06
-0.6110748822507D-06-0.6521587446573D-06-0.6906700559626D-06-0.7247030486221D-06
-0.7518016912287D-06-0.7688423137097D-06-0.7718768903892D-06-0.7559629489058D-06
-0.7149416137359D-06-0.6411971814603D-06-0.5253455954411D-06-0.3558975602358D-06
-0.1188295198555D-06 0.2028803866742D-06 0.6298378443873D-06 0.1186858263332D-05
 0.1903750173336D-05 0.2816150820635D-05 0.3966549416755D-05 0.5405374154634D-05
 0.7192308346780D-05 0.9397664882450D-05 0.1210402847185D-04 0.1540794565548D-04
 0.1942191175903D-04 0.2427635742076D-04 0.3012195879286D-04 0.3713186769029D-04
 0.4550424531003D-04 0.5546459557154D-04 0.6726836894046D-04 0.8120314594566D-04
 0.9759105379872D-04 0.1167905095879D-03 0.1391981074174D-03 0.1652495836820D-03
 0.1954209539732D-03 0.2302284667834D-03 0.2702290198425D-03 0.3160194542161D-03
 0.3682369158226D-03 0.4275587042966D-03 0.4947047041680D-03 0.5704406167547D-03
 0.6555863562649D-03 0.7510277969864D-03 0.8577374873136D-03 0.9768020011931D-03
 0.1109463095316D-02 0.1257168870376D-02 0.1421642592332D-02 0.1604962759737D-02
 0.1809661340459D-02 0.2038828511287D-02 0.2296228705226D-02 0.2586409387059D-02
 0.2914805183547D-02 0.3287811440039D-02 0.3712832804814D-02 0.4198279955595D-02
 0.4753533121662D-02 0.5388857713922D-02 0.6115322963594D-02 0.6944731818142D-02
 0.7889656004819D-02 0.8963603538854D-02 0.1018142971818D-01 0.1155998667049D-01
 0.1311906978846D-01 0.1488252619630D-01 0.1687945542699D-01 0.1914519812221D-01
 0.2415289595398D-10 0.2893537331844D-10 0.3466647143696D-10 0.4153266861635D-10
 0.4975786440221D-10 0.5961287600535D-10 0.7142075091438D-10 0.8556608389089D-10
 0.1025135929063D-09 0.1228166946728D-09 0.1471408481932D-09 0.1762808646036D-09
 0.2111900365191D-09 0.2530091740575D-09 0.3031056119871D-09 0.3631163691103D-09
 0.4349989584267D-09 0.5211011082337D-09 0.6242305555657D-09 0.7477481370495D-09
 0.8956780761670D-09 0.1072834898073D-08 0.1284980258631D-08 0.1539006517080D-08
 0.1843159505499D-08 0.2207298924148D-08 0.2643216844114D-08 0.3165010326206D-08
 0.3789527646793D-08 0.4536904005178D-08 0.5431194409698D-08 0.6501126566592D-08
 0.7781002163030D-08 0.9311762393846D-08 0.1114225788550D-07 0.1333075115626D-07
 0.1594670613560D-07 0.1907290033875D-07 0.2280793308225D-07 0.2726918561596D-07
 0.3259632381795D-07 0.3895542467794D-07 0.4654384778251D-07 0.5559595650495D-07
 0.6638985050621D-07 0.7925525216648D-07 0.9458274681579D-07 0.1128345714885D-06
 0.1345571960084D-06 0.1603959441102D-06 0.1911119568988D-06 0.2276017955617D-06
 0.2709200368848D-06 0.3223051950768D-06 0.3832093777211D-06 0.4553319998117D-06
 0.5406579589290D-06 0.6415005593352D-06 0.7605494707362D-06 0.9009238386494D-06
 0.1066230592097D-05 0.1260627647547D-05 0.1488891570860D-05 0.1756488623423D-05
 0.2069647858183D-05 0.2435433906835D-05 0.2861816587766D-05 0.3357732970332D-05
 0.3933136637312D-05 0.4599026796966D-05 0.5367448546834D-05 0.6251452820461D-05
 0.7265002742699D-05 0.8422809807801D-05 0.9740081186915D-05 0.1123215608340D-04
 0.1291400739664D-04 0.1479958252367D-04 0.1690095730994D-04 0.1922727814518D-04
 0.2178347148860D-04 0.2456870857560D-04 0.2757462540745D-04 0.3078331976840D-04
 0.3416517253012D-04 0.3767658268746D-04 0.4125774886493D-04 0.4483069874241D-04
 0.4829782965971D-04 0.5154131774484D-04 0.5442382065013D-04 0.5679100048437D-04
 0.5847642871041D-04 0.5930949242332D-04 0.5912684512666D-04 0.5778786464571D-04
 0.5519426623447D-04 0.5131367167320D-04 0.4620624496039D-04 0.4005279335956D-04
 0.3318162677994D-04 0.2609049818635D-04 0.1945871653524D-04 0.1414387452153D-04
 0.1115718593937D-04 0.1161242466683D-04 0.1664538853694D-04 0.2730527092258D-04
 0.4442516914607D-04 0.6848765597852D-04 0.9951005387293D-04 0.1369834771844D-03
 0.1799038821315D-03 0.2269324692630D-03 0.2767078995905D-03 0.3283069506157D-03
 0.3818057092238D-03 0.4388448778509D-03 0.5030502731049D-03 0.5801384232569D-03
-0.1904441654889D-10-0.2281609053179D-10-0.2733419505129D-10-0.3274725965905D-10
-0.3923340149962D-10-0.4700413820701D-10-0.5631276374548D-10-0.6746747350519D-10
-0.8083025714863D-10-0.9683964405508D-10-0.1160207870658D-09-0.1389994694892D-09
-0.1665285592511D-09-0.1995084613004D-09-0.2390162985024D-09-0.2863437119521D-09
-0.3430382958963D-09-0.4109496999790D-09-0.4922941511104D-09-0.5897266316675D-09
-0.7064230427378D-09-0.8461826508113D-09-0.1013556414014D-08-0.1213985898352D-08
-0.1453983539343D-08-0.1741338010371D-08-0.2085366172482D-08-0.2497205426707D-08
-0.2990173015381D-08-0.3580184664324D-08-0.4286257398996D-08-0.5131111617427D-08
-0.6141879150478D-08-0.7350953016210D-08-0.8796995046087D-08-0.1052612946336D-07
-0.1259336650490D-07-0.1506428152426D-07-0.1801701248809D-07-0.2154461828149D-07
-0.2575786987077D-07-0.3078854859466D-07-0.3679333165288D-07-0.4395836953025D-07
-0.5250467675830D-07-0.6269444972746D-07-0.7483848727335D-07-0.8930485855126D-07
-0.1065290336076D-06-0.1270256721483D-06-0.1514023381828D-06-0.1803753623890D-06
-0.2147881939892D-06-0.2556324928655D-06-0.3040723468092D-06-0.3614718746353D-06
-0.4294266363099D-06-0.5097990656025D-06-0.6047583166337D-06-0.7168245852221D-06
-0.8489181955808D-06-0.1004413203141D-05-0.1187195433056D-05-0.1401724217060D-05
-0.1653097054867D-05-0.1947115514397D-05-0.2290350518384D-05-0.2690203736760D-05
-0.3154961542846D-05-0.3693835872562D-05-0.4316985882648D-05-0.5035511516656D-05
-0.5861409333181D-05-0.6807477596820D-05-0.7887156720799D-05-0.9114287493011D-05
-0.1050276903354D-04-0.1206609516952D-04-0.1381674898186D-04-0.1576543424217D-04
-0.1792012686531D-04-0.2028493383456D-04-0.2285875799360D-04-0.2563378163767D-04
-0.2859380302918D-04-0.3171249170902D-04-0.3495166360834D-04-0.3825973210205D-04
-0.4157054182421D-04-0.4480287206696D-04-0.4786095451520D-04-0.5063644440729D-04
-0.5301232128799D-04-0.5486926787955D-04-0.5609503068724D-04-0.5659724567640D-04
-0.5631998099728D-04-0.5526403059608D-04-0.5351045298576D-04-0.5124633709173D-04
-0.4879086093256D-04-0.4661894658055D-04-0.4537869518542D-04-0.4589816937633D-04
-0.4917643582260D-04-0.5635434088578D-04-0.6866159379756D-04-0.8734004942697D-04
-0.1135474347247D-03-0.1482528856747D-03-0.1921430126012D-03-0.2455660625307D-03
-0.3085467983318D-03-0.3809068614365D-03-0.4625162357684D-03-0.5536839161570D-03
-0.6556611681736D-03-0.7711911508672D-03-0.9049897287556D-03-0.1064015135902D-02
 0.1985111651631D-13 0.2431852826054D-13 0.3170063842274D-13 0.4141986873457D-13
 0.5178241919095D-13 0.6597175847492D-13 0.8560728435316D-13 0.1076330512502D-12
 0.1378591651838D-12 0.1759695175598D-12 0.2235100176741D-12 0.2845478978335D-12
 0.3623323838187D-12 0.4608380222348D-12 0.5864160838557D-12 0.7472217869754D-12
 0.9503053212411D-12 0.1209355019017D-11 0.1539110259467D-11 0.1958424500249D-11
 0.2491206717435D-11 0.3170123003307D-11 0.4033395297307D-11 0.5131567479711D-11
 0.6528911233335D-11 0.8306457851137D-11 0.1056775583199D-10 0.1344356641361D-10
 0.1710092063161D-10 0.2175229826439D-10 0.2766756701802D-10 0.3518898207340D-10
 0.4475275728128D-10 0.5691093869665D-10 0.7236639367280D-10 0.9201117456189D-10
 0.1169770360046D-09 0.1487004195542D-09 0.1890042980803D-09 0.2402004534196D-09
 0.3052230382416D-09 0.3877860034519D-09 0.4925990841780D-09 0.6256277596571D-09
 0.7944238966851D-09 0.1008544316487D-08 0.1280077012765D-08 0.1624305856712D-08
 0.2060537810624D-08 0.2613153765272D-08 0.3312916970865D-08 0.4198615971670D-08
 0.5319124274349D-08 0.6735960415112D-08 0.8526498457551D-08 0.1078795324826D-07
 0.1364233758844D-07 0.1724261538967D-07 0.2178030592835D-07 0.2749488821777D-07
 0.3468536650795D-07 0.4372448063849D-07 0.5507609725746D-07 0.6931640964487D-07
 0.8715971125456D-07 0.1094895455040D-06 0.1373962272690D-06 0.1722217351407D-06
 0.2156131423850D-06 0.2695857272551D-06 0.3365969557394D-06 0.4196323418790D-06
 0.5223041019635D-06 0.6489629004130D-06 0.8048225720060D-06 0.9960963973618D-06
 0.1230142433890D-05 0.1515612932270D-05 0.1862600710188D-05 0.2282771147289D-05
 0.2789464674216D-05 0.3397748059815D-05 0.4124387037133D-05 0.4987703521841D-05
 0.6007273267913D-05 0.7203408572406D-05 0.8596363568132D-05 0.1020518974078D-04
 0.1204616806195D-04 0.1413074335785D-04 0.1646290212737D-04 0.1903595828904D-04
 0.2182876170294D-04 0.2480141344885D-04 0.2789068003545D-04 0.3100543610283D-04
 0.3402264584418D-04 0.3678460226522D-04 0.3909837082497D-04 0.4073860400961D-04
 0.4145504726902D-04 0.4098609959627D-04 0.3907959398555D-04 0.3552146888509D-04
 0.3017201799702D-04 0.2300793329359D-04 0.1416623193363D-04 0.3983614415449D-05
-0.6978052485920D-05-0.1793185837130D-04-0.2790460889727D-04-0.3582604654644D-04
-0.4067544569249D-04-0.4168255339970D-04-0.3856454232617D-04-0.3176107131902D-04
-0.2260925205395D-04-0.1338591914495D-04-0.7145404752097D-05-0.7307576170334D-05
-0.9397057378244D-14-0.1201901266034D-13-0.1536269688802D-13-0.1987481653081D-13
-0.2508313411676D-13-0.3174666845396D-13-0.4123016674071D-13-0.5208190187649D-13
-0.6645047987669D-13-0.8473975658554D-13-0.1076045419861D-12-0.1372447456040D-12
-0.1745283264636D-12-0.2219903183518D-12-0.2824727490900D-12-0.3596986344054D-12
-0.4574974477616D-12-0.5823721230383D-12-0.7413368521127D-12-0.9430876540933D-12
-0.1199943976458D-11-0.1527312296752D-11-0.1943355017104D-11-0.2472789462050D-11
-0.3146521712010D-11-0.4003515716798D-11-0.5093698954074D-11-0.6480739218344D-11
-0.8245114402684D-11-0.1048906763198D-10-0.1334381612395D-10-0.1697366106707D-10
-0.2159059160504D-10-0.2746076719528D-10-0.3492454303633D-10-0.4441361410899D-10
-0.5647613341069D-10-0.7180693541910D-10-0.9128935368542D-10-0.1160436377275D-09
-0.1474922697456D-09-0.1874363792191D-09-0.2381615264117D-09-0.3025628492333D-09
-0.3843080745412D-09-0.4880415127571D-09-0.6196401114481D-09-0.7865390595970D-09
-0.9981365723503D-09-0.1266309444489D-08-0.1606052338383D-08-0.2036287466645D-08
-0.2580874123517D-08-0.3269870691295D-08-0.4141117083575D-08-0.5242200216972D-08
-0.6632907571093D-08-0.8388272097740D-08-0.1060234931087D-07-0.1339289077733D-07
-0.1690711179053D-07-0.2132878855807D-07-0.2688697274915D-07-0.3386664161774D-07
-0.4262169277055D-07-0.5359069549699D-07-0.6731595413933D-07-0.8446639800122D-07
-0.1058649803562D-06-0.1325211944827D-06-0.1656694695480D-06-0.2068140135362D-06
-0.2577808242571D-06-0.3207771427066D-06-0.3984586951148D-06-0.4940041872059D-06
-0.6111964132946D-06-0.7545077259979D-06-0.9291871201966D-06-0.1141343514993D-05
-0.1398018661467D-05-0.1707238874594D-05-0.2078032876697D-05-0.2520396769530D-05
-0.3045184565685D-05-0.3663894504284D-05-0.4388318890898D-05-0.5230016206997D-05
-0.6199564489684D-05-0.7305548538704D-05-0.8553241778405D-05-0.9942947274199D-05
-0.1146798767929D-04-0.1311235946522D-04-0.1484812221623D-04-0.1663265548865D-04
-0.1840601214321D-04-0.2008870405914D-04-0.2158038739549D-04-0.2276004904721D-04
-0.2348841186788D-04-0.2361335831653D-04-0.2297913966330D-04-0.2143999036977D-04
-0.1887834938208D-04-0.1522725070793D-04-0.1049537892892D-04-0.4791974489982D-05
 0.1652916203803D-05 0.8478961939376D-05 0.1520432587972D-04 0.2126047426584D-04
 0.2605941273499D-04 0.2909574741263D-04 0.3007885510114D-04 0.2908029620743D-04
 0.2666952710233D-04 0.2399992869192D-04 0.2280144648215D-04 0.2524184974216D-04
 0.4118095554166D-14 0.4933880272742D-14 0.6618256317414D-14 0.8555292229221D-14
 0.1107132528972D-13 0.1410229105039D-13 0.1874755014555D-13 0.2316143657486D-13
 0.2971340784388D-13 0.3810365451221D-13 0.4802636173936D-13 0.6138853654250D-13
 0.7814461770176D-13 0.9951351667595D-13 0.1265875328495D-12 0.1613828717317D-12
 0.2053355248589D-12 0.2611819035737D-12 0.3327282414936D-12 0.4233409503471D-12
 0.5387639445555D-12 0.6858799777403D-12 0.8725775503938D-12 0.1110665042334D-11
 0.1413115255934D-11 0.1798794537134D-11 0.2288742278105D-11 0.2912371840691D-11
 0.3705658820533D-11 0.4714689820030D-11 0.5998403662477D-11 0.7631405247945D-11
 0.9708340802000D-11 0.1234937777508D-10 0.1570810574108D-10 0.1997856312143D-10
 0.2540824796737D-10 0.3230986477976D-10 0.4108253691916D-10 0.5223038904891D-10
 0.6639603448524D-10 0.8439201430944D-10 0.1072492979463D-09 0.1362752299338D-09
 0.1731263783558D-09 0.2199005931554D-09 0.2792537580544D-09 0.3545461082676D-09
 0.4500285234005D-09 0.5710722918135D-09 0.7244638905436D-09 0.9187702102266D-09
 0.1164797263010D-08 0.1476166000489D-08 0.1870031194996D-08 0.2367978389970D-08
 0.2997141258163D-08 0.3791593140083D-08 0.4794071124233D-08 0.6058115078003D-08
 0.7650707843253D-08 0.9655529219115D-08 0.1217695793618D-07 0.1534496402771D-07
 0.1932109793530D-07 0.2430575036570D-07 0.3054696483544D-07 0.3835103149209D-07
 0.4809520630167D-07 0.6024282567147D-07 0.7536122308996D-07 0.9414268550479D-07
 0.1174288688419D-06 0.1462387723401D-06 0.1818005397421D-06 0.2255867997280D-06
 0.2793534108882D-06 0.3451804568789D-06 0.4255144428721D-06 0.5232089486061D-06
 0.6415609329722D-06 0.7843372001116D-06 0.9557853376104D-06 0.1160619348473D-05
 0.1403969959803D-05 0.1691284040102D-05 0.2028157622502D-05 0.2420080364539D-05
 0.2872071143302D-05 0.3388177920234D-05 0.3970821554171D-05 0.4619960357465D-05
 0.5332068170045D-05 0.6098925337340D-05 0.6906254909655D-05 0.7732259909800D-05
 0.8546174145536D-05 0.9306985827947D-05 0.9962572236744D-05 0.1044954732387D-04
 0.1069420244350D-04 0.1061496232431D-04 0.1012678658673D-04 0.9147873226817D-05
 0.7608822022200D-05 0.5464068517872D-05 0.2704817515750D-05-0.6280576737530D-06
-0.4433695247684D-05-0.8547073478588D-05-0.1274550562782D-04-0.1677066774791D-04
-0.2037043413628D-04-0.2336258271165D-04-0.2571828305344D-04-0.2765708744326D-04
-0.2973753631126D-04-0.3292018623265D-04-0.3857556219425D-04-0.4841241513953D-04
