bcc Te -- Hedin-Lundqvist LDA                                                   
INPUT  IT=158 SPIN=1 NTYPE=  2
 -3.100000  3.100000  3.100000
  3.100000 -3.100000  3.100000
  3.100000  3.100000 -3.100000
    1  435  1.900000  0.030000    1
  0.000000  0.000000  0.000000
 0.1039979390611D+03 0.1039978753798D+03 0.1039978097326D+03 0.1039977420588D+03
 0.1039976722957D+03 0.1039976003791D+03 0.1039975262425D+03 0.1039974498175D+03
 0.1039973710333D+03 0.1039972898174D+03 0.1039972060946D+03 0.1039971197876D+03
 0.1039970308168D+03 0.1039969391000D+03 0.1039968445525D+03 0.1039967470869D+03
 0.1039966466134D+03 0.1039965430391D+03 0.1039964362684D+03 0.1039963262027D+03
 0.1039962127405D+03 0.1039960957769D+03 0.1039959752040D+03 0.1039958509105D+03
 0.1039957227817D+03 0.1039955906993D+03 0.1039954545414D+03 0.1039953141823D+03
 0.1039951694925D+03 0.1039950203384D+03 0.1039948665825D+03 0.1039947080827D+03
 0.1039945446928D+03 0.1039943762621D+03 0.1039942026352D+03 0.1039940236517D+03
 0.1039938391466D+03 0.1039936489497D+03 0.1039934528854D+03 0.1039932507729D+03
 0.1039930424256D+03 0.1039928276514D+03 0.1039926062521D+03 0.1039923780235D+03
 0.1039921427550D+03 0.1039919002296D+03 0.1039916502236D+03 0.1039913925063D+03
 0.1039911268401D+03 0.1039908529798D+03 0.1039905706729D+03 0.1039902796590D+03
 0.1039899796697D+03 0.1039896704282D+03 0.1039893516494D+03 0.1039890230392D+03
 0.1039886842946D+03 0.1039883351031D+03 0.1039879751428D+03 0.1039876040816D+03
 0.1039872215773D+03 0.1039868272772D+03 0.1039864208176D+03 0.1039860018238D+03
 0.1039855699093D+03 0.1039851246758D+03 0.1039846657127D+03 0.1039841925967D+03
 0.1039837048917D+03 0.1039832021478D+03 0.1039826839014D+03 0.1039821496746D+03
 0.1039815989748D+03 0.1039810312941D+03 0.1039804461091D+03 0.1039798428800D+03
 0.1039792210507D+03 0.1039785800477D+03 0.1039779192798D+03 0.1039772381377D+03
 0.1039765359933D+03 0.1039758121990D+03 0.1039750660873D+03 0.1039742969702D+03
 0.1039735041383D+03 0.1039726868604D+03 0.1039718443828D+03 0.1039709759285D+03
 0.1039700806965D+03 0.1039691578610D+03 0.1039682065708D+03 0.1039672259486D+03
 0.1039662150898D+03 0.1039651730619D+03 0.1039640989038D+03 0.1039629916244D+03
 0.1039618502023D+03 0.1039606735845D+03 0.1039594606854D+03 0.1039582103860D+03
 0.1039569215326D+03 0.1039555929360D+03 0.1039542233702D+03 0.1039528115715D+03
 0.1039513562368D+03 0.1039498560232D+03 0.1039483095459D+03 0.1039467153777D+03
 0.1039450720469D+03 0.1039433780366D+03 0.1039416317830D+03 0.1039398316738D+03
 0.1039379760471D+03 0.1039360631894D+03 0.1039340913344D+03 0.1039320586611D+03
 0.1039299632922D+03 0.1039278032924D+03 0.1039255766663D+03 0.1039232813572D+03
 0.1039209152445D+03 0.1039184761419D+03 0.1039159617958D+03 0.1039133698826D+03
 0.1039106980067D+03 0.1039079436988D+03 0.1039051044126D+03 0.1039021775234D+03
 0.1038991603251D+03 0.1038960500277D+03 0.1038928437549D+03 0.1038895385415D+03
 0.1038861313301D+03 0.1038826189689D+03 0.1038789982082D+03 0.1038752656979D+03
 0.1038714179839D+03 0.1038674515051D+03 0.1038633625902D+03 0.1038591474537D+03
 0.1038548021933D+03 0.1038503227854D+03 0.1038457050818D+03 0.1038409448056D+03
 0.1038360375475D+03 0.1038309787611D+03 0.1038257637595D+03 0.1038203877102D+03
 0.1038148456310D+03 0.1038091323850D+03 0.1038032426762D+03 0.1037971710444D+03
 0.1037909118599D+03 0.1037844593187D+03 0.1037778074366D+03 0.1037709500440D+03
 0.1037638807801D+03 0.1037565930869D+03 0.1037490802030D+03 0.1037413351576D+03
 0.1037333507639D+03 0.1037251196124D+03 0.1037166340643D+03 0.1037078862440D+03
 0.1036988680323D+03 0.1036895710586D+03 0.1036799866934D+03 0.1036701060404D+03
 0.1036599199280D+03 0.1036494189015D+03 0.1036385932141D+03 0.1036274328179D+03
 0.1036159273554D+03 0.1036040661493D+03 0.1035918381936D+03 0.1035792321434D+03
 0.1035662363046D+03 0.1035528386237D+03 0.1035390266771D+03 0.1035247876598D+03
 0.1035101083746D+03 0.1034949752199D+03 0.1034793741785D+03 0.1034632908050D+03
 0.1034467102133D+03 0.1034296170642D+03 0.1034119955520D+03 0.1033938293913D+03
 0.1033751018032D+03 0.1033557955014D+03 0.1033358926780D+03 0.1033153749887D+03
 0.1032942235380D+03 0.1032724188642D+03 0.1032499409237D+03 0.1032267690752D+03
 0.1032028820641D+03 0.1031782580057D+03 0.1031528743689D+03 0.1031267079596D+03
 0.1030997349031D+03 0.1030719306273D+03 0.1030432698455D+03 0.1030137265379D+03
 0.1029832739349D+03 0.1029518844981D+03 0.1029195299033D+03 0.1028861810216D+03
 0.1028518079017D+03 0.1028163797514D+03 0.1027798649198D+03 0.1027422308789D+03
 0.1027034442056D+03 0.1026634705643D+03 0.1026222746883D+03 0.1025798203636D+03
 0.1025360704107D+03 0.1024909866683D+03 0.1024445299772D+03 0.1023966601639D+03
 0.1023473360256D+03 0.1022965153154D+03 0.1022441547283D+03 0.1021902098880D+03
 0.1021346353343D+03 0.1020773845117D+03 0.1020184097590D+03 0.1019576622996D+03
 0.1018950922334D+03 0.1018306485295D+03 0.1017642790208D+03 0.1016959303994D+03
 0.1016255482135D+03 0.1015530768663D+03 0.1014784596160D+03 0.1014016385777D+03
 0.1013225547269D+03 0.1012411479044D+03 0.1011573568239D+03 0.1010711190801D+03
 0.1009823711595D+03 0.1008910484524D+03 0.1007970852672D+03 0.1007004148455D+03
 0.1006009693795D+03 0.1004986800306D+03 0.1003934769488D+03 0.1002852892945D+03
 0.1001740452601D+03 0.1000596720928D+03 0.9994209611765D+02 0.9982124276164D+02
 0.9969703657653D+02 0.9956940126195D+02 0.9943825968748D+02 0.9930353391347D+02
 0.9916514521015D+02 0.9902301407465D+02 0.9887706024542D+02 0.9872720271349D+02
 0.9857335973029D+02 0.9841544881128D+02 0.9825338673537D+02 0.9808708953923D+02
 0.9791647250670D+02 0.9774145015244D+02 0.9756193620045D+02 0.9737784355652D+02
 0.9718908427571D+02 0.9699556952427D+02 0.9679720953748D+02 0.9659391357321D+02
 0.9638558986349D+02 0.9617214556407D+02 0.9595348670545D+02 0.9572951814574D+02
 0.9550014352980D+02 0.9526526525574D+02 0.9502478445428D+02 0.9477860098262D+02
 0.9452661343952D+02 0.9426871920329D+02 0.9400481450072D+02 0.9373479450806D+02
 0.9345855349281D+02 0.9317598499600D+02 0.9288698206351D+02 0.9259143752316D+02
 0.9228924431426D+02 0.9198029586147D+02 0.9166448649559D+02 0.9134171190562D+02
 0.9101186961835D+02 0.9067485947957D+02 0.9033058412546D+02 0.8997894940668D+02
 0.8961986474694D+02 0.8925324338944D+02 0.8887900251236D+02 0.8849706316616D+02
 0.8810735002614D+02 0.8770979092825D+02 0.8730431621243D+02 0.8689085787454D+02
 0.8646934859893D+02 0.8603972071742D+02 0.8560190520355D+02 0.8515583079915D+02
 0.8470142339256D+02 0.8423860572511D+02 0.8376729754298D+02 0.8328741620117D+02
 0.8279887777255D+02 0.8230159858209D+02 0.8179549714069D+02 0.8128049632120D+02
 0.8075652569915D+02 0.8022352386309D+02 0.7968144061048D+02 0.7913023884312D+02
 0.7856989611007D+02 0.7800040565294D+02 0.7742177695428D+02 0.7683403569677D+02
 0.7623722319084D+02 0.7563139523125D+02 0.7501662049301D+02 0.7439297847573D+02
 0.7376055715382D+02 0.7311945038567D+02 0.7246975527980D+02 0.7181156960955D+02
 0.7114498950498D+02 0.7047010754010D+02 0.6978701145620D+02 0.6909578364110D+02
 0.6839650158122D+02 0.6768923936198D+02 0.6697407034698D+02 0.6625107099195D+02
 0.6552032574366D+02 0.6478193275824D+02 0.6403601010159D+02 0.6328270185838D+02
 0.6252218348268D+02 0.6175466556339D+02 0.6098039520276D+02 0.6019965432450D+02
 0.5941275457218D+02 0.5862002902779D+02 0.5782182163602D+02 0.5701847600497D+02
 0.5621032565291D+02 0.5539768801924D+02 0.5458086383887D+02 0.5376014290432D+02
 0.5293581575270D+02 0.5210818951595D+02 0.5127760570481D+02 0.5044445727051D+02
 0.4960920228204D+02 0.4877237260023D+02 0.4793457618099D+02 0.4709649297205D+02
 0.4625886440618D+02 0.4542247764380D+02 0.4458814534403D+02 0.4375668268933D+02
 0.4292888270612D+02 0.4210549178353D+02 0.4128718641215D+02 0.4047455298759D+02
 0.3966807153694D+02 0.3886810497867D+02 0.3807489443682D+02 0.3728856181894D+02
 0.3650911957445D+02 0.3573648820219D+02 0.3497052042624D+02 0.3421103155730D+02
 0.3345783339224D+02 0.3271076951984D+02 0.3196974722333D+02 0.3123476193479D+02
 0.3050590773363D+02 0.2978336997494D+02 0.2906739564944D+02 0.2835824469051D+02
 0.2765612704401D+02 0.2696114069860D+02 0.2627322538803D+02 0.2559214527804D+02
 0.2491750667700D+02 0.2424880755148D+02 0.2358550332567D+02 0.2292707591878D+02
 0.2227308933714D+02 0.2162322721739D+02 0.2097730670428D+02 0.2033527569113D+02
 0.1969719409454D+02 0.1906321006267D+02 0.1843353110564D+02 0.1780840054137D+02
 0.1718807579723D+02 0.1657281771980D+02 0.1596288390369D+02 0.1535853404395D+02
 0.1476003712494D+02 0.1416768758470D+02 0.1358181695439D+02 0.1300280817759D+02
 0.1243109615547D+02 0.1186716366709D+02 0.1131151674133D+02 0.1076465516928D+02
 0.1022702537825D+02 0.9698982147507D+01 0.9180752202361D+01 0.8672425018815D+01
 0.8173957919878D+01 0.7685217472484D+01 0.7206022402975D+01 0.6736207557081D+01
 0.6275666993397D+01 0.5824401268053D+01 0.5382531001671D+01 0.4950311986051D+01
 0.4528118574189D+01 0.4116437454900D+01 0.3715839812111D+01 0.3326977387299D+01
 0.2950567768471D+01 0.2587409153233D+01 0.2238382522079D+01
    2  435  1.200000  0.030000    3
  0.000000  0.500000  0.500000
  0.500000  0.500000  0.000000
  0.500000  0.000000  0.500000
 0.1999994517065D+01 0.1999994350082D+01 0.1999994178014D+01 0.1999994000705D+01
 0.1999993817997D+01 0.1999993629724D+01 0.1999993435717D+01 0.1999993235802D+01
 0.1999993029798D+01 0.1999992817521D+01 0.1999992598778D+01 0.1999992373374D+01
 0.1999992141105D+01 0.1999991901762D+01 0.1999991655130D+01 0.1999991400987D+01
 0.1999991139104D+01 0.1999990869245D+01 0.1999990591168D+01 0.1999990304621D+01
 0.1999990009348D+01 0.1999989705083D+01 0.1999989391551D+01 0.1999989068470D+01
 0.1999988735550D+01 0.1999988392490D+01 0.1999988038983D+01 0.1999987674710D+01
 0.1999987299342D+01 0.1999986912543D+01 0.1999986513964D+01 0.1999986103246D+01
 0.1999985680020D+01 0.1999985243904D+01 0.1999984794506D+01 0.1999984331421D+01
 0.1999983854233D+01 0.1999983362513D+01 0.1999982855817D+01 0.1999982333689D+01
 0.1999981795660D+01 0.1999981241245D+01 0.1999980669946D+01 0.1999980081247D+01
 0.1999979474619D+01 0.1999978849516D+01 0.1999978205376D+01 0.1999977541618D+01
 0.1999976857645D+01 0.1999976152841D+01 0.1999975426573D+01 0.1999974678185D+01
 0.1999973907006D+01 0.1999973112340D+01 0.1999972293472D+01 0.1999971449665D+01
 0.1999970580159D+01 0.1999969684173D+01 0.1999968760898D+01 0.1999967809505D+01
 0.1999966829137D+01 0.1999965818912D+01 0.1999964777919D+01 0.1999963705223D+01
 0.1999962599857D+01 0.1999961460826D+01 0.1999960287106D+01 0.1999959077640D+01
 0.1999957831338D+01 0.1999956547080D+01 0.1999955223708D+01 0.1999953860033D+01
 0.1999952454826D+01 0.1999951006822D+01 0.1999949514719D+01 0.1999947977172D+01
 0.1999946392798D+01 0.1999944760171D+01 0.1999943077821D+01 0.1999941344234D+01
 0.1999939557848D+01 0.1999937717057D+01 0.1999935820203D+01 0.1999933865578D+01
 0.1999931851424D+01 0.1999929775926D+01 0.1999927637217D+01 0.1999925433371D+01
 0.1999923162405D+01 0.1999920822274D+01 0.1999918410871D+01 0.1999915926026D+01
 0.1999913365503D+01 0.1999910726995D+01 0.1999908008128D+01 0.1999905206454D+01
 0.1999902319451D+01 0.1999899344521D+01 0.1999896278984D+01 0.1999893120082D+01
 0.1999889864970D+01 0.1999886510719D+01 0.1999883054308D+01 0.1999879492627D+01
 0.1999875822468D+01 0.1999872040527D+01 0.1999868143400D+01 0.1999864127579D+01
 0.1999859989447D+01 0.1999855725280D+01 0.1999851331239D+01 0.1999846803367D+01
 0.1999842137588D+01 0.1999837329702D+01 0.1999832375381D+01 0.1999827270162D+01
 0.1999822009452D+01 0.1999816588512D+01 0.1999811002462D+01 0.1999805246273D+01
 0.1999799314763D+01 0.1999793202591D+01 0.1999786904253D+01 0.1999780414079D+01
 0.1999773726226D+01 0.1999766834671D+01 0.1999759733209D+01 0.1999752415447D+01
 0.1999744874795D+01 0.1999737104463D+01 0.1999729097455D+01 0.1999720846560D+01
 0.1999712344350D+01 0.1999703583168D+01 0.1999694555124D+01 0.1999685252090D+01
 0.1999675665687D+01 0.1999665787284D+01 0.1999655607983D+01 0.1999645118619D+01
 0.1999634309745D+01 0.1999623171626D+01 0.1999611694232D+01 0.1999599867227D+01
 0.1999587679958D+01 0.1999575121450D+01 0.1999562180391D+01 0.1999548845126D+01
 0.1999535103644D+01 0.1999520943568D+01 0.1999506352144D+01 0.1999491316229D+01
 0.1999475822279D+01 0.1999459856337D+01 0.1999443404021D+01 0.1999426450510D+01
 0.1999408980532D+01 0.1999390978349D+01 0.1999372427743D+01 0.1999353312001D+01
 0.1999333613901D+01 0.1999313315695D+01 0.1999292399095D+01 0.1999270845256D+01
 0.1999248634754D+01 0.1999225747578D+01 0.1999202163104D+01 0.1999177860077D+01
 0.1999152816598D+01 0.1999127010097D+01 0.1999100417316D+01 0.1999073014288D+01
 0.1999044776314D+01 0.1999015677942D+01 0.1998985692942D+01 0.1998954794287D+01
 0.1998922954122D+01 0.1998890143743D+01 0.1998856333570D+01 0.1998821493119D+01
 0.1998785590978D+01 0.1998748594774D+01 0.1998710471146D+01 0.1998671185715D+01
 0.1998630703052D+01 0.1998588986647D+01 0.1998545998874D+01 0.1998501700957D+01
 0.1998456052939D+01 0.1998409013638D+01 0.1998360540619D+01 0.1998310590146D+01
 0.1998259117149D+01 0.1998206075180D+01 0.1998151416374D+01 0.1998095091398D+01
 0.1998037049417D+01 0.1997977238037D+01 0.1997915603266D+01 0.1997852089458D+01
 0.1997786639267D+01 0.1997719193593D+01 0.1997649691529D+01 0.1997578070303D+01
 0.1997504265224D+01 0.1997428209619D+01 0.1997349834779D+01 0.1997269069887D+01
 0.1997185841961D+01 0.1997100075785D+01 0.1997011693836D+01 0.1996920616220D+01
 0.1996826760596D+01 0.1996730042097D+01 0.1996630373258D+01 0.1996527663932D+01
 0.1996421821210D+01 0.1996312749334D+01 0.1996200349606D+01 0.1996084520306D+01
 0.1995965156590D+01 0.1995842150398D+01 0.1995715390352D+01 0.1995584761656D+01
 0.1995450145988D+01 0.1995311421394D+01 0.1995168462170D+01 0.1995021138751D+01
 0.1994869317591D+01 0.1994712861035D+01 0.1994551627197D+01 0.1994385469825D+01
 0.1994214238166D+01 0.1994037776829D+01 0.1993855925636D+01 0.1993668519477D+01
 0.1993475388154D+01 0.1993276356226D+01 0.1993071242839D+01 0.1992859861565D+01
 0.1992642020223D+01 0.1992417520701D+01 0.1992186158769D+01 0.1991947723892D+01
 0.1991701999026D+01 0.1991448760421D+01 0.1991187777406D+01 0.1990918812176D+01
 0.1990641619563D+01 0.1990355946810D+01 0.1990061533328D+01 0.1989758110454D+01
 0.1989445401192D+01 0.1989123119955D+01 0.1988790972291D+01 0.1988448654604D+01
 0.1988095853866D+01 0.1987732247317D+01 0.1987357502158D+01 0.1986971275235D+01
 0.1986573212705D+01 0.1986162949703D+01 0.1985740109989D+01 0.1985304305584D+01
 0.1984855136402D+01 0.1984392189859D+01 0.1983915040476D+01 0.1983423249468D+01
 0.1982916364316D+01 0.1982393918334D+01 0.1981855430206D+01 0.1981300403524D+01
 0.1980728326299D+01 0.1980138670466D+01 0.1979530891359D+01 0.1978904427181D+01
 0.1978258698453D+01 0.1977593107438D+01 0.1976907037555D+01 0.1976199852769D+01
 0.1975470896958D+01 0.1974719493266D+01 0.1973944943425D+01 0.1973146527064D+01
 0.1972323500984D+01 0.1971475098421D+01 0.1970600528273D+01 0.1969698974308D+01
 0.1968769594340D+01 0.1967811519386D+01 0.1966823852781D+01 0.1965805669276D+01
 0.1964756014100D+01 0.1963673901990D+01 0.1962558316186D+01 0.1961408207404D+01
 0.1960222492754D+01 0.1959000054643D+01 0.1957739739627D+01 0.1956440357230D+01
 0.1955100678721D+01 0.1953719435855D+01 0.1952295319562D+01 0.1950826978608D+01
 0.1949313018194D+01 0.1947751998521D+01 0.1946142433303D+01 0.1944482788235D+01
 0.1942771479399D+01 0.1941006871638D+01 0.1939187276858D+01 0.1937310952288D+01
 0.1935376098673D+01 0.1933380858430D+01 0.1931323313714D+01 0.1929201484305D+01
 0.1927013326144D+01 0.1924756728403D+01 0.1922429511839D+01 0.1920029426466D+01
 0.1917554149229D+01 0.1915001281671D+01 0.1912368347471D+01 0.1909652789981D+01
 0.1906851969617D+01 0.1903963161270D+01 0.1900983551535D+01 0.1897910236004D+01
 0.1894740216342D+01 0.1891470397443D+01 0.1888097584360D+01 0.1884618479341D+01
 0.1881029678603D+01 0.1877327669254D+01 0.1873508825922D+01 0.1869569407576D+01
 0.1865505554009D+01 0.1861313282582D+01 0.1856988484572D+01 0.1852526921860D+01
 0.1847924223164D+01 0.1843175880692D+01 0.1838277246284D+01 0.1833223528085D+01
 0.1828009786604D+01 0.1822630931461D+01 0.1817081717412D+01 0.1811356741211D+01
 0.1805450437660D+01 0.1799357076669D+01 0.1793070759364D+01 0.1786585415461D+01
 0.1779894799498D+01 0.1772992488616D+01 0.1765871879021D+01 0.1758526184315D+01
 0.1750948432264D+01 0.1743131463846D+01 0.1735067930474D+01 0.1726750293936D+01
 0.1718170824191D+01 0.1709321600498D+01 0.1700194509898D+01 0.1690781249794D+01
 0.1681073327389D+01 0.1671062063963D+01 0.1660738595518D+01 0.1650093879174D+01
 0.1639118695184D+01 0.1627803655970D+01 0.1616139209825D+01 0.1604115652993D+01
 0.1591723135459D+01 0.1578951676760D+01 0.1565791174093D+01 0.1552231422546D+01
 0.1538262126128D+01 0.1523872923102D+01 0.1509053400277D+01 0.1493793124601D+01
 0.1478081661241D+01 0.1461908612237D+01 0.1445263639127D+01 0.1428136510094D+01
 0.1410517127436D+01 0.1392395584624D+01 0.1373762199736D+01 0.1354607583822D+01
 0.1334922680761D+01 0.1314698849409D+01 0.1293927910777D+01 0.1272602245556D+01
 0.1250714850040D+01 0.1228259452200D+01 0.1205230576612D+01 0.1181623682261D+01
 0.1157435238845D+01 0.1132662889400D+01 0.1107305538841D+01 0.1081363547387D+01
 0.1054838833256D+01 0.1027735100956D+01 0.1000057961627D+01 0.9718152042158D+00
 0.9430169345265D+00 0.9136758975407D+00 0.8838076413810D+00 0.8534308988951D+00
 0.8225677813346D+00 0.7912442337175D+00 0.7594902604117D+00 0.7273404723208D+00
 0.6948343524567D+00 0.6620169088721D+00 0.6289389944253D+00 0.5956580881836D+00
 0.5622386777331D+00 0.5287532077059D+00 0.4952825389647D+00 0.4619171031590D+00
 0.4287574776006D+00 0.3959157948427D+00 0.3635164771148D+00 0.3316979869812D+00
 0.3006137674908D+00 0.2704344272898D+00 0.2413489688003D+00 0.2135674991249D+00
 0.1873228105431D+00 0.1628737443890D+00 0.1405071762554D+00 0.1205421548496D+00
 0.1033324319317D+00 0.8927158060200D-01 0.7879631649323D-01
  202
-0.1567574225756D+01 0.8123760030666D-34-0.1129881375200D+02-0.1431002439573D-17
-0.3850875328715D+01 0.2514898197340D-19-0.7131563126735D+01 0.2560019251096D-17
-0.3210475523392D+01-0.2082288030035D-19-0.3072452094174D+01-0.2260054874879D-17
-0.1099209990831D+01-0.5375906189820D-19-0.3102158179504D+01-0.7317090187837D-18
-0.4504764935405D+00 0.6669606973166D-19-0.8048117937490D+00 0.2906357439920D-17
-0.3990448650720D+00-0.7313813436800D-18-0.1080169579127D+01 0.6461662151155D-19
-0.4296739782457D+00-0.5213725832715D-18-0.6741935382818D+00-0.8102620097236D-19
-0.4654736555697D+00 0.2127376932977D-17-0.2047847214721D+00-0.1432256367316D-17
-0.2186099034656D+00-0.1643383307761D-17-0.1474417182817D+00-0.2984252421377D-19
-0.6249930690805D-01 0.4383644657908D-18-0.5745059673001D-01-0.8167547775352D-18
-0.2010258770248D+00-0.1525444483354D-18-0.4446891534063D-01 0.7312238812487D-19
-0.5096912585733D-01-0.9618551847498D-18-0.1411172412574D-01 0.1646744550442D-17
-0.1292445954875D+00 0.1609449940378D-18-0.2228935992297D-01-0.1070547357608D-19
-0.9415724389566D-01 0.5739392950944D-19 0.5133541363776D-02 0.1722633618748D-17
-0.2377369546319D-01-0.6734131111130D-19 0.1207836879808D-01 0.6614247986530D-20
 0.1621673953574D-02-0.1637554017666D-18 0.1635104743712D-01-0.6725760025406D-18
-0.5399945933177D-01 0.2464443218116D-20 0.8515678133731D-02 0.4916957334571D-18
 0.6934771231674D-02-0.2023615179813D-18 0.2677349979848D-01-0.9780529787235D-18
-0.7954022627875D-01-0.1097726121039D-18 0.1055139137879D-01-0.3686502295344D-18
 0.1861928554574D-01-0.5282078075644D-18 0.1245134599618D-01 0.4350359053576D-18
-0.4464320782764D-02 0.4337382341533D-19 0.6943285977512D-02-0.6109479325610D-20
 0.1374069176702D-01-0.3602048847326D-18 0.1073381736053D-01 0.6055844374995D-18
-0.1802402282991D-01-0.1054716253211D-18-0.1516369814278D-01 0.1176061923930D-18
 0.1105947512571D-01 0.2748710633956D-18-0.1248746606357D-01 0.7270109084131D-19
-0.7728045195742D-02-0.9095316014585D-20 0.1009366946151D-01-0.1711621627281D-18
 0.1172645867444D-01 0.7107158370273D-18 0.4186514527487D-02-0.1092867434656D-18
-0.1193736511834D-01-0.4522181936919D-19 0.7401867101646D-02-0.1501015581076D-18
-0.8881955028718D-02 0.3253178314216D-19 0.3671470826456D-02 0.2200346164342D-18
 0.5568174696570D-02-0.2057926611428D-18-0.1389081206557D-01 0.1563199704255D-19
 0.2494007271803D-02 0.5266564687298D-19 0.4205735539906D-02-0.2121672400703D-19
 0.7910257078457D-02-0.3203561740936D-18-0.5813476463894D-02-0.6609783647621D-19
 0.4158309476510D-02-0.3027107852760D-19 0.3631462771726D-02 0.2297289367368D-18
 0.2730209732195D-02-0.1101482605481D-18 0.2988785648987D-02 0.4219390053777D-20
 0.4259424492762D-02-0.1697652829183D-18-0.3427886709079D-02-0.2062140028154D-19
 0.2585949590307D-02 0.1447710228283D-18 0.2776436426197D-02-0.1497381761742D-18
 0.5352063469098D-03-0.7888333136654D-20-0.3053805692018D-02 0.4531557262242D-21
-0.3888459068239D-03 0.1289477052382D-19 0.8908900306192D-03-0.9172761222325D-20
 0.1925366266501D-02 0.1234992434542D-18-0.4646024756447D-02-0.1732196770794D-19
-0.1525063935998D-02 0.3703560404183D-19 0.1890081940142D-02-0.7308141314367D-19
 0.6613336899365D-03-0.2697683944244D-19-0.5912644591128D-03-0.1270628443094D-19
-0.1319265468000D-02 0.2559157809502D-19 0.1187025509503D-02 0.1323667525840D-19
 0.1199625022381D-02-0.3833586912330D-19 0.1621521876918D-02 0.1436326115598D-18
 0.5138390560605D-03 0.2617851149495D-19 0.4680400229632D-03 0.1810877684132D-20
 0.8127884104802D-03 0.2472671739142D-19-0.1974607489920D-02-0.3131047783987D-19
-0.1059556576303D-02 0.1286618636795D-19 0.4464662522637D-03 0.4124874179169D-19
 0.5579011540372D-03-0.3549686352230D-19-0.1498451332766D-02 0.1428534956647D-19
 0.7361795950905D-03-0.1310899729776D-19 0.5777308692965D-03 0.1700341864358D-19
 0.7221517540707D-03-0.2800823272782D-19 0.4940486320204D-03-0.1406150314373D-19
 0.1910240950635D-03 0.4096762635973D-19 0.8264885608504D-03-0.4188602829636D-19
-0.1679019750482D-03-0.1823531826707D-21 0.1872426556117D-03-0.9192634375678D-21
 0.1874251082183D-03-0.1280649060386D-19-0.2149427290691D-03-0.2107452757126D-22
-0.2011987860026D-03-0.2060735227936D-20 0.1597330790224D-03 0.2300599908448D-20
 0.2755449891661D-03 0.2076873736673D-19 0.3516403395577D-03-0.6853156588253D-21
 0.2534935609968D-03-0.1791760609914D-19-0.1174787006611D-03-0.6523156803175D-20
-0.2455649255604D-03 0.1520601433396D-20 0.3097723231106D-03 0.5774275185528D-20
 0.1142618688627D-04-0.1450188016227D-19-0.2161293913698D-03 0.5340937674712D-21
 0.3142872778905D-03-0.8492118536803D-21 0.4046073993266D-04-0.1840921659190D-20
 0.3699038880549D-04 0.6486210948827D-21 0.2766819803151D-03 0.3000992109255D-21
 0.7175040627642D-04-0.3931214793100D-20 0.3380880013783D-03-0.1177997497588D-20
-0.6286829485076D-04-0.1288132037764D-20 0.1710587455025D-03 0.3776441116102D-20
 0.5564002598232D-04 0.1134819392833D-20 0.1165379883027D-03 0.7957279564011D-21
-0.2914965033095D-04-0.8884347712841D-21 0.1562227934195D-03 0.1039149106046D-20
 0.1903754882176D-03-0.1243543884436D-21 0.2607986806750D-04 0.1532431880983D-21
 0.2597530023950D-03 0.7444729536551D-22-0.2308080087414D-04-0.9585720167934D-21
 0.1711972676402D-03-0.1509743464989D-20-0.5325097626316D-04 0.2241116249998D-20
-0.3304293429224D-04-0.8856907111522D-21 0.6885275130840D-04-0.8022480573388D-21
 0.7752657898687D-04 0.1613213684496D-20-0.2883814148799D-04-0.2486515134447D-20
 0.7324875071597D-04-0.1746536454451D-21 0.1246266713812D-03 0.2034919035279D-20
 0.5481127942349D-05-0.2009058260423D-20 0.1571387142099D-03-0.1729004312418D-21
 0.1371492760658D-03-0.9208341209499D-21 0.3834338345272D-04 0.3137559923701D-20
 0.1175365548894D-03-0.5001513501766D-21 0.2957159585608D-03 0.3799150929542D-21
 0.1302159618370D-03-0.5712736944425D-21-0.1601924778053D-03-0.6112723699110D-20
 0.4386146455219D-05 0.2357873587951D-21 0.6626107146165D-04 0.2860995991427D-20
 0.1203226991302D-03 0.1746606127854D-20 0.1043544289721D-03-0.3481904645047D-20
 0.2328029384876D-04 0.3552323941932D-21 0.5976386757498D-05 0.6070848801756D-20
 0.3972897153311D-04-0.6505149195169D-21 0.5410791119640D-04-0.7636033178305D-21
-0.6893555852087D-04-0.6284547506154D-20-0.4237132947431D-04 0.2556372506754D-20
 0.2076372380643D-03 0.2601230449373D-20-0.7913808654194D-05-0.1087063569405D-20
 0.3671043459535D-04 0.1744261637441D-20 0.1304194613881D-03-0.2844257391735D-21
-0.9901533625535D-04 0.5039091312646D-20 0.1394256573769D-04-0.1477468617147D-20
 0.1410550606673D-04 0.2962749753260D-22 0.2862319709807D-04 0.3655094029828D-20
-0.1548325713651D-03 0.5883373077849D-20 0.6003024429389D-04-0.8131113763603D-21
 0.1302651929812D-04 0.9733326512893D-21-0.1660224782296D-04-0.1550077961983D-20
-0.1965910992105D-04-0.2297800842459D-20 0.2986546755439D-05 0.2385029127474D-20
-0.1187108066705D-03 0.4171197437327D-20-0.9075188634436D-04-0.3694480446261D-20
-0.9188306813037D-04 0.1373002222690D-20 0.3320916606068D-04 0.1527504348967D-21
 0.1710029730206D-04-0.4341084093243D-21-0.7404677060212D-05-0.1223377936045D-20
-0.7290697017905D-05-0.7786139738763D-21-0.1456974529166D-03 0.2448379192709D-20
 0.4812594916112D-05-0.2676867784886D-20 0.6004652868656D-04 0.3667927888193D-20
 0.3160288806980D-04-0.9606910377961D-22 0.2472096520738D-04-0.1509373339358D-20
-0.6303332913199D-04-0.2969004478859D-20 0.6950204516816D-05-0.5117690896038D-21
 0.4639897314552D-04 0.1027721787730D-21 0.1269378443232D-05-0.1282895460757D-20
-0.2154840653093D-04-0.2448695248868D-21-0.7744469841134D-05-0.1044641041528D-20
 0.3019436506626D-05-0.9852281328428D-21-0.1451523071229D-03 0.3547933702393D-20
-0.8554783861401D-04-0.4064330512072D-20 0.2168279621221D-05-0.4115389905205D-21
-0.2046248286573D-04 0.5263746774139D-21-0.8236969237010D-04 0.1657256341789D-20
-0.2146176944476D-06-0.3352605282470D-21-0.3743012027083D-04-0.8890118797024D-21
-0.8611064686108D-04 0.2168715596476D-20-0.4407051887128D-04-0.1455139842675D-20
 0.3061623553372D-05 0.4447259407068D-21 0.1882107055751D-04 0.5285105621919D-21
-0.6263686768903D-04-0.1334254695496D-20-0.2884663496805D-04-0.1591452759407D-20
-0.8928636702932D-05-0.6866498176566D-21-0.4520594557130D-04 0.1897542264596D-21
    1
    1    1  120    3
 0.2044883170664D-03 0.2236267471006D-03 0.2438390560183D-03 0.2655239484922D-03
 0.2885154745877D-03 0.3127474473897D-03 0.3380975271755D-03 0.3644053202267D-03
 0.3914508062367D-03 0.4189654352919D-03 0.4466269520597D-03 0.4740558643651D-03
 0.5008222497589D-03 0.5264429897725D-03 0.5503939738900D-03 0.5721120737667D-03
 0.5910158413753D-03 0.6065147658544D-03 0.6180424221060D-03 0.6250765955203D-03
 0.6271886157899D-03 0.6240778051210D-03 0.6156402311121D-03 0.6020177455512D-03
 0.5836851630028D-03 0.5615074079683D-03 0.5368329334642D-03 0.5115377627617D-03
 0.4880948412318D-03 0.4695619274494D-03 0.4595769263552D-03 0.4622335691162D-03
 0.4819569065250D-03 0.5232428213849D-03 0.5904357314811D-03 0.6874129129708D-03
 0.8174116273072D-03 0.9828550199964D-03 0.1185431361302D-02 0.1426220035219D-02
 0.1706076404755D-02 0.2025982579072D-02 0.2387545081303D-02 0.2793309224332D-02
 0.3247105195364D-02 0.3754119176265D-02 0.4320965750294D-02 0.4955480118192D-02
 0.5666544692531D-02 0.6463665626252D-02 0.7356622755018D-02 0.8354893015951D-02
 0.9467164327652D-02 0.1070063157053D-01 0.1206038686533D-01 0.1354860157739D-01
 0.1516379774454D-01 0.1689995108901D-01 0.1874569490322D-01 0.2068344390162D-01
 0.2268869861225D-01 0.2472944313590D-01 0.2676594627518D-01 0.2875099872515D-01
 0.3063098538633D-01 0.3234797990160D-01 0.3384327847675D-01 0.3506255169218D-01
 0.3596264375884D-01 0.3651953495275D-01 0.3673617876616D-01 0.3664826500799D-01
 0.3632511221206D-01 0.3586381193149D-01 0.3537563386785D-01 0.3496749128476D-01
 0.3472233586510D-01 0.3468476721399D-01 0.3485474886485D-01 0.3519103931060D-01
 0.3562102710332D-01 0.3605443256682D-01 0.3639631370652D-01 0.3655842001278D-01
 0.3646683059940D-01 0.3606722442455D-01 0.3532705086032D-01 0.3423654075101D-01
 0.3280770212385D-01 0.3107306826746D-01 0.2908288711394D-01 0.2690225215913D-01
 0.2460665517317D-01 0.2227719120890D-01 0.1999404706928D-01 0.1782939825079D-01
 0.1583887810753D-01 0.1405319841184D-01 0.1247008455461D-01 0.1104900067547D-01
 0.9709628396268D-02 0.8336345520241D-02 0.6788116446381D-02 0.4913060314005D-02
 0.2563437334650D-02-0.3921517331820D-03-0.4063470168566D-02-0.8540952750245D-02
-0.1390495790279D-01-0.2023937642517D-01-0.2764666086825D-01-0.3626249314391D-01
-0.4626849372097D-01-0.5790360772452D-01-0.7147376250172D-01-0.8736165090480D-01
-0.1060358236017D+00-0.1280609095749D+00-0.1541069931276D+00-0.1849599159231D+00
 0.3504114680918D-05 0.4139966004019D-05 0.4882620383737D-05 0.5754823640807D-05
 0.6776285893653D-05 0.7971372248924D-05 0.9367283270334D-05 0.1099513366518D-04
 0.1288950423032D-04 0.1508939682205D-04 0.1763810324712D-04 0.2058358741604D-04
 0.2397848502214D-04 0.2788028026680D-04 0.3235098576226D-04 0.3745706371973D-04
 0.4326862111349D-04 0.4985890306465D-04 0.5730284223868D-04 0.6567607229504D-04
 0.7505271918740D-04 0.8550415330556D-04 0.9709640007984D-04 0.1098894126904D-03
 0.1239354289172D-03 0.1392810347551D-03 0.1559692923402D-03 0.1740489266923D-03
 0.1935852961719D-03 0.2146824643714D-03 0.2375084694888D-03 0.2623344685220D-03
 0.2895736679007D-03 0.3198316039107D-03 0.3539438125651D-03 0.3930135564820D-03
 0.4384179974776D-03 0.4918031737311D-03 0.5550339611705D-03 0.6301386564667D-03
 0.7192137908508D-03 0.8243471642780D-03 0.9475162948091D-03 0.1090528007095D-02
 0.1254935022970D-02 0.1442002309800D-02 0.1652634210441D-02 0.1887347180311D-02
 0.2146182183973D-02 0.2428659696074D-02 0.2733652368148D-02 0.3059307157397D-02
 0.3402864032671D-02 0.3760537784698D-02 0.4127280457482D-02 0.4496625828917D-02
 0.4860402788101D-02 0.5208569721496D-02 0.5528914285927D-02 0.5806949676661D-02
 0.6025708071542D-02 0.6165868589893D-02 0.6205890691106D-02 0.6122733924226D-02
 0.5892795065574D-02 0.5493816427853D-02 0.4907265802216D-02 0.4121995088434D-02
 0.3138229518412D-02 0.1972333890452D-02 0.6603713285073D-03-0.7398261647995D-03
-0.2150928264107D-02-0.3482425745795D-02-0.4642299053674D-02-0.5550220382310D-02
-0.6150792827206D-02-0.6421195653331D-02-0.6373483424656D-02-0.6049601571893D-02
-0.5513690580423D-02-0.4841887163449D-02-0.4114425602489D-02-0.3408483271790D-02
-0.2794705006991D-02-0.2334184132499D-02-0.2078167547279D-02-0.2066967223871D-02
-0.2330581475404D-02-0.2887697794363D-02-0.3745938616977D-02-0.4900148821446D-02
-0.6331926461740D-02-0.8007258120330D-02-0.9875915457427D-02-0.1186964580881D-01
-0.1390343423894D-01-0.1587708105317D-01-0.1768179235006D-01-0.1920836619919D-01
-0.2036067638168D-01-0.2106872976562D-01-0.2130261774991D-01-0.2107934392962D-01
-0.2046490201142D-01-0.1956608026789D-01-0.1851887967841D-01-0.1747257610095D-01
-0.1657798348985D-01-0.1597773724135D-01-0.1580437182350D-01-0.1618071938730D-01
-0.1722639722049D-01-0.1906405548815D-01-0.2182947965164D-01-0.2567990585280D-01
-0.3080560287627D-01-0.3743973975083D-01-0.4587219697969D-01-0.5646250987189D-01
 0.1235040947149D-08 0.1481971593964D-08 0.1770513738370D-08 0.2106828100401D-08
 0.2498118789687D-08 0.2952707482611D-08 0.3480291538503D-08 0.4092083036469D-08
 0.4801176518769D-08 0.5622685260312D-08 0.6573970569648D-08 0.7675163289582D-08
 0.8949087480473D-08 0.1042171317548D-07 0.1212225963997D-07 0.1408318271279D-07
 0.1633998690431D-07 0.1893084932023D-07 0.2189549209266D-07 0.2527383630946D-07
 0.2910332593290D-07 0.3341572197456D-07 0.3823168087799D-07 0.4355477651463D-07
 0.4936237520589D-07 0.5559658621448D-07 0.6215227097429D-07 0.6886743538648D-07
 0.7551421329943D-07 0.8179837446375D-07 0.8736679803268D-07 0.9183381022268D-07
 0.9482244116398D-07 0.9602965411695D-07 0.9529949322435D-07 0.9270363124121D-07
 0.8859800108021D-07 0.8365089966755D-07 0.7881559493052D-07 0.7526151240393D-07
 0.7426507245265D-07 0.7709785735083D-07 0.8492880177875D-07 0.9877042619281D-07
 0.1194739576970D-06 0.1477764404576D-06 0.1843959923144D-06 0.2301656827163D-06
 0.2862168376439D-06 0.3542093295820D-06 0.4366517774344D-06 0.5373282857103D-06
 0.6619230842408D-06 0.8188975920375D-06 0.1020791857618D-05 0.1286087390654D-05
 0.1641952189466D-05 0.2128166436226D-05 0.2802819855720D-05 0.3750342066656D-05
 0.5092854958706D-05 0.7005659770953D-05 0.9738079193005D-05 0.1363997109645D-04
 0.1919387306546D-04 0.2704939753172D-04 0.3805364211736D-04 0.5326308232470D-04
 0.7391721524636D-04 0.1013448439999D-03 0.1367819239587D-03 0.1810944465685D-03
 0.2344530919139D-03 0.2960496667244D-03 0.3639953673471D-03 0.4354870897615D-03
 0.5072549210377D-03 0.5761386156368D-03 0.6396192860206D-03 0.6961203455662D-03
 0.7450602897675D-03 0.7866789460732D-03 0.8217813241981D-03 0.8514531345869D-03
 0.8768486282335D-03 0.8990219510238D-03 0.9188438877613D-03 0.9369350909975D-03
 0.9536511431721D-03 0.9690481113002D-03 0.9828767888265D-03 0.9945380294794D-03
 0.1003059518300D-02 0.1007029056683D-02 0.1004555582935D-02 0.9931973126102D-03
 0.9699415714308D-03 0.9311780348009D-03 0.8727573240911D-03 0.7900527861670D-03
 0.6780840671556D-03 0.5315519330029D-03 0.3447806991778D-03 0.1113720022563D-03
-0.1763832317695D-03-0.5284475926885D-03-0.9581965390522D-03-0.1483863930390D-02
-0.2130210267999D-02-0.2930602701881D-02-0.3929568534593D-02-0.5186077675395D-02
-0.6777645833543D-02-0.8805538153308D-02-0.1140127222655D-01-0.1473493281302D-01
-0.1902591262961D-01-0.2455712928886D-01-0.3169390630600D-01-0.4090896160744D-01
    2    2  120    8
 0.7775142492792D-03 0.8256125335892D-03 0.8766929813319D-03 0.9309398745195D-03
 0.9885506281208D-03 0.1049733713615D-02 0.1114711817155D-02 0.1183720227324D-02
 0.1257010306610D-02 0.1334847710164D-02 0.1417516180477D-02 0.1505315638059D-02
 0.1598566505081D-02 0.1697607415022D-02 0.1802800202900D-02 0.1914527365317D-02
 0.2033197543508D-02 0.2159242775519D-02 0.2293124760164D-02 0.2435331563470D-02
 0.2586384847076D-02 0.2746836221429D-02 0.2917275193731D-02 0.3098325226654D-02
 0.3290652821952D-02 0.3494962804029D-02 0.3712008803104D-02 0.3942588041811D-02
 0.4187552873937D-02 0.4447805157914D-02 0.4724309452289D-02 0.5018086294115D-02
 0.5330227431792D-02 0.5661888412377D-02 0.6014305368950D-02 0.6388787037746D-02
 0.6786733974470D-02 0.7209629030158D-02 0.7659059550010D-02 0.8136706900626D-02
 0.8644370953967D-02 0.9183958950670D-02 0.9757513329592D-02 0.1036719866598D-01
 0.1101533388569D-01 0.1170437770466D-01 0.1243696448672D-01 0.1321588873004D-01
 0.1404414592134D-01 0.1492491436790D-01 0.1586160242884D-01 0.1685782873568D-01
 0.1791747440233D-01 0.1904466230064D-01 0.2024381692523D-01 0.2151963979477D-01
 0.2287717894922D-01 0.2432180227805D-01 0.2585927479824D-01 0.2749573091511D-01
 0.2923776280141D-01 0.3109238818122D-01 0.3306715306163D-01 0.3517009652507D-01
 0.3740986579142D-01 0.3979568066279D-01 0.4233746454536D-01 0.4504580346855D-01
 0.4793209956327D-01 0.5100852621889D-01 0.5428820006787D-01 0.5778513780393D-01
 0.6151445253173D-01 0.6549230339609D-01 0.6973612661888D-01 0.7426458195884D-01
 0.7909781143524D-01 0.8425739034584D-01 0.8976662468182D-01 0.9565049347717D-01
 0.1019359980190D+00 0.1086521041636D+00 0.1158301346302D+00 0.1235037190882D+00
 0.1317092469588D+00 0.1404858101179D+00 0.1498757316782D+00 0.1599245125314D+00
 0.1706814275309D+00 0.1821994870496D+00 0.1945361212218D+00 0.2077531360034D+00
 0.2219175103666D+00 0.2371013601845D+00 0.2533828424812D+00 0.2708461204661D+00
 0.2895824292151D+00 0.3096900209025D+00 0.3312753892991D+00 0.3544532514236D+00
 0.3793479256025D+00 0.4060933444348D+00 0.4348346684891D+00 0.4657283164592D+00
 0.4989438398361D+00 0.5346640700530D+00 0.5730872519259D+00 0.6144273328555D+00
 0.6589165073008D+00 0.7068056358608D+00 0.7583672328665D+00 0.8138962079040D+00
 0.8737133307532D+00 0.9381663189266D+00 0.1007634096117D+01 0.1082528349047D+01
 0.1163298767913D+01 0.1250435633615D+01 0.1344476413026D+01 0.1446009938023D+01
-0.8694528675695D-07-0.9801445659228D-07-0.1104948071788D-06-0.1245662603054D-06
-0.1404318873102D-06-0.1583205666966D-06-0.1784905020598D-06-0.2012327452423D-06
-0.2268756387059D-06-0.2557893185403D-06-0.2883913305676D-06-0.3251523771741D-06
-0.3666034853472D-06-0.4133432647995D-06-0.4660470496349D-06-0.5254761615868D-06
-0.5924895008849D-06-0.6680553275404D-06-0.7532660608288D-06-0.8493531935155D-06
-0.9577061480117D-06-0.1079891317235D-05-0.1217675958640D-05-0.1373052427779D-05
-0.1548268728071D-05-0.1745859109851D-05-0.1968683057049D-05-0.2219964366357D-05
-0.2503340545900D-05-0.2822912557162D-05-0.3183307792947D-05-0.3589743465590D-05
-0.4048106323585D-05-0.4565033764192D-05-0.5148015462365D-05-0.5805495860808D-05
-0.6547003925037D-05-0.7383284047247D-05-0.8326460599637D-05-0.9390204474105D-05
-0.1058994354200D-04-0.1194307339302D-04-0.1346922564774D-04-0.1519053758931D-04
-0.1713199202329D-04-0.1932176085166D-04-0.2179163894977D-04-0.2457748165883D-04
-0.2771975538966D-04-0.3126409677329D-04-0.3526201576351D-04-0.3977160391308D-04
-0.4485843112623D-04-0.5059645268269D-04-0.5706914763827D-04-0.6437067525101D-04
-0.7260733185144D-04-0.8189901817240D-04-0.9238110098167D-04-0.1042062910703D-03
-0.1175470132643D-03-0.1325978031227D-03-0.1495783367570D-03-0.1687365031462D-03
-0.1903522589432D-03-0.2147415694703D-03-0.2422613551298D-03-0.2733145150825D-03
-0.3083562611390D-03-0.3479005957319D-03-0.3925284154517D-03-0.4428958029136D-03
-0.4997444946925D-03-0.5639125066737D-03-0.6363475734128D-03-0.7181209121608D-03
-0.8104444785233D-03-0.9146886950343D-03-0.1032404716262D-02-0.1165347398093D-02
-0.1315503850251D-02-0.1485123157866D-02-0.1676753390724D-02-0.1893279688326D-02
-0.2137971913018D-02-0.2414534125957D-02-0.2727165567984D-02-0.3080624135542D-02
-0.3480305059337D-02-0.3932321913228D-02-0.4443607054538D-02-0.5022015739105D-02
-0.5676453782447D-02-0.6417009809507D-02-0.7255118193650D-02-0.8203728112895D-02
-0.9277509362887D-02-0.1049306944734D-01-0.1186921816209D-01-0.1342724462197D-01
-0.1519125975998D-01-0.1718856018913D-01-0.1945007301993D-01-0.2201083679579D-01
-0.2491059381803D-01-0.2819442871326D-01-0.3191355639785D-01-0.3612618186605D-01
-0.4089854161837D-01-0.4630604347057D-01-0.5243463943326D-01-0.5938231063406D-01
-0.6726084374378D-01-0.7619775873644D-01-0.8633858964646D-01-0.9784938395423D-01
-0.1109196978666D+00-0.1257659174069D+00-0.1426353199990D+00-0.1618107094650D+00
 0.1880323695393D-06 0.2119786681308D-06 0.2389783114443D-06 0.2694206301757D-06
 0.3037450256217D-06 0.3424467535033D-06 0.3860845032883D-06 0.4352880521432D-06
 0.4907678484778D-06 0.5533247680448D-06 0.6238622377186D-06 0.7033987080788D-06
 0.7930830931057D-06 0.8942105377749D-06 0.1008242102982D-05 0.1136824877712D-05
 0.1281816952781D-05 0.1445312966181D-05 0.1629676008095D-05 0.1837569941168D-05
 0.2072000031070D-05 0.2336354218281D-05 0.2634454574564D-05 0.2970609810319D-05
 0.3349681036897D-05 0.3777148072730D-05 0.4259193282378D-05 0.4802786268222D-05
 0.5415790037031D-05 0.6107068675409D-05 0.6886622747782D-05 0.7765726351368D-05
 0.8757098398690D-05 0.9875077863550D-05 0.1113584204896D-04 0.1255762782668D-04
 0.1416101000990D-04 0.1596918381656D-04 0.1800831753878D-04 0.2030791144723D-04
 0.2290124856218D-04 0.2582584822001D-04 0.2912404014597D-04 0.3284354410564D-04
 0.3703819613505D-04 0.4176868613913D-04 0.4710348386733D-04 0.5311977675871D-04
 0.5990464335414D-04 0.6755625005230D-04 0.7618534719994D-04 0.8591678250739D-04
 0.9689140641547D-04 0.1092680063899D-03 0.1232257219418D-03 0.1389665064277D-03
 0.1567182124123D-03 0.1767377096707D-03 0.1993148217486D-03 0.2247763094723D-03
 0.2534908746004D-03 0.2858742360481D-03 0.3223955179907D-03 0.3635837475672D-03
 0.4100359750635D-03 0.4624256000230D-03 0.5215127838113D-03 0.5881550590571D-03
 0.6633206607093D-03 0.7481022081777D-03 0.8437337707523D-03 0.9516083958244D-03
 0.1073300179704D-02 0.1210586769598D-02 0.1365477754497D-02 0.1540243887730D-02
 0.1737453643997D-02 0.1960010981398D-02 0.2211202674675D-02 0.2494747433760D-02
 0.2814856836438D-02 0.3176299155958D-02 0.3584478654458D-02 0.4045517707071D-02
 0.4566359274610D-02 0.5154873936325D-02 0.5819991372958D-02 0.6571837974243D-02
 0.7421906675427D-02 0.8383232574786D-02 0.9470609570354D-02 0.1070081553462D-01
 0.1209288677113D-01 0.1366840270002D-01 0.1545183435876D-01 0.1747090594436D-01
 0.1975703233549D-01 0.2234578048145D-01 0.2527742921034D-01 0.2859755599347D-01
 0.3235776148972D-01 0.3661644240981D-01 0.4143973869334D-01 0.4690256597742D-01
 0.5308989403500D-01 0.6009814044262D-01 0.6803690072668D-01 0.7703085674637D-01
 0.8722209699015D-01 0.9877267390487D-01 0.1118676787469D+00 0.1267185684440D+00
 0.1435671146975D+00 0.1626896595208D+00 0.1844020984539D+00 0.2090652962258D+00
 0.2370915488203D+00 0.2689517528028D+00 0.3051842494557D+00 0.3464050409423D+00
 0.5495003249464D-11 0.6566708872367D-11 0.7846621158851D-11 0.9376308610556D-11
 0.1120321263867D-10 0.1338672581952D-10 0.1599483653252D-10 0.1911120528413D-10
 0.2283430447232D-10 0.2728219086729D-10 0.3259573695834D-10 0.3894410184895D-10
 0.4652795121654D-10 0.5558878449805D-10 0.6641328071596D-10 0.7934555614077D-10
 0.9479615812074D-10 0.1132550984838D-09 0.1353097604738D-09 0.1616613043950D-09
 0.1931479048333D-09 0.2307724900380D-09 0.2757338246862D-09 0.3294655772627D-09
 0.3936855790552D-09 0.4704470537558D-09 0.5622072737194D-09 0.6719130777112D-09
 0.8030866307971D-09 0.9599558075643D-09 0.1147582639211D-08 0.1372039944279D-08
 0.1640608024503D-08 0.1962030973602D-08 0.2346800144943D-08 0.2807525189875D-08
 0.3359356331891D-08 0.4020523145009D-08 0.4812956110853D-08 0.5763075868952D-08
 0.6902711302803D-08 0.8270266668556D-08 0.9912079061539D-08 0.1188415017061D-07
 0.1425416252633D-07 0.1710406329523D-07 0.2053307598150D-07 0.2466156319188D-07
 0.2963555709086D-07 0.3563255350050D-07 0.4286834495212D-07 0.5160577265489D-07
 0.6216507051475D-07 0.7493710861334D-07 0.9039912877501D-07 0.1091348678859D-06
 0.1318585280093D-06 0.1594454560699D-06 0.1929687758989D-06 0.2337461771577D-06
 0.2833959929002D-06 0.3439087242679D-06 0.4177328292047D-06 0.5078839772119D-06
 0.6180764059205D-06 0.7528895369114D-06 0.9179684367815D-06 0.1120277699869D-05
 0.1368406371499D-05 0.1672952723144D-05 0.2046986369299D-05 0.2506628598833D-05
 0.3071747279242D-05 0.3766826827217D-05 0.4622005298828D-05 0.5674365339148D-05
 0.6969468129176D-05 0.8563250089474D-05 0.1052426292138D-04 0.1293642636254D-04
 0.1590225796803D-04 0.1954681041460D-04 0.2402225521064D-04 0.2951343348604D-04
 0.3624425618513D-04 0.4448539645112D-04 0.5456308658962D-04 0.6686962367385D-04
 0.8187527691979D-04 0.1001424764247D-03 0.1223418011008D-03 0.1492710470469D-03
 0.1818767460919D-03 0.2212800581865D-03 0.2688062431995D-03 0.3260207609218D-03
 0.3947711823491D-03 0.4772396970277D-03 0.5760055578690D-03 0.6941251822253D-03
 0.8352294086286D-03 0.1003649648063D-02 0.1204572918743D-02 0.1444242560801D-02
 0.1730203710001D-02 0.2071616916956D-02 0.2479635669090D-02 0.2967876938326D-02
 0.3552975140475D-02 0.4255254943146D-02 0.5099503719502D-02 0.6115892892170D-02
 0.7341022545931D-02 0.8819166479056D-02 0.1060370437226D-01 0.1275887843984D-01
 0.1536189429385D-01 0.1850560940262D-01 0.2230187645080D-01 0.2688590127613D-01
-0.1552596847169D-10-0.1857291098752D-10-0.2221999263467D-10-0.2658233104227D-10
-0.3180207776059D-10-0.3804615091528D-10-0.4551867147680D-10-0.5445809088002D-10
-0.6515455614289D-10-0.7795216234007D-10-0.9326492448042D-10-0.1115860513602D-09
-0.1335085257647D-09-0.1597381321992D-09-0.1911232233922D-09-0.2286770988899D-09
-0.2736112422454D-09-0.3273786221767D-09-0.3917151758016D-09-0.4686985791163D-09
-0.5608172550821D-09-0.6710484921694D-09-0.8029546936813D-09-0.9608021286058D-09
-0.1149693651133D-08-0.1375740403106D-08-0.1646257969719D-08-0.1970001054296D-08
-0.2357453395256D-08-0.2821166894247D-08-0.3376167982202D-08-0.4040455140015D-08
-0.4835575926468D-08-0.5787342288763D-08-0.6926664580811D-08-0.8290577195115D-08
-0.9923441393472D-08-0.1187841629562D-07-0.1421919130692D-07-0.1702211277973D-07
-0.2037867368334D-07-0.2439858407239D-07-0.2921336184785D-07-0.3498076292243D-07
-0.4188997715384D-07-0.5016802242128D-07-0.6008726365534D-07-0.7197467124307D-07
-0.8622270459763D-07-0.1033027402090D-06-0.1237808482423D-06-0.1483372861910D-06
-0.1777894363918D-06-0.2131201075219D-06-0.2555109239561D-06-0.3063835557843D-06
-0.3674483095201D-06-0.4407642713691D-06-0.5288102408506D-06-0.6345724229769D-06
-0.7616481176564D-06-0.9143739077388D-06-0.1097977173962D-05-0.1318763546507D-05
-0.1584338780004D-05-0.1903882776366D-05-0.2288474148279D-05-0.2751491418966D-05
-0.3309087529011D-05-0.3980775861086D-05-0.4790124058493D-05-0.5765609036020D-05
-0.6941627902710D-05-0.8359743973261D-05-0.1007015604815D-04-0.1213350535497D-04
-0.1462300525840D-04-0.1762705242868D-04-0.2125229522057D-04-0.2562738886421D-04
-0.3090739664161D-04-0.3727915538740D-04-0.4496754712914D-04-0.5424313029812D-04
-0.6543102155398D-04-0.7892167935842D-04-0.9518343038121D-04-0.1147776527227D-03
-0.1383763714830D-03-0.1667836277683D-03-0.2009602277229D-03-0.2420538713351D-03
-0.2914341951668D-03-0.3507356541125D-03-0.4219076811917D-03-0.5072765933207D-03
-0.6096186649752D-03-0.7322510648506D-03-0.8791402059864D-03-0.1055037739191D-02
-0.1265643715943D-02-0.1517811985566D-02-0.1819797666333D-02-0.2181568123339D-02
-0.2615176425920D-02-0.3135228068565D-02-0.3759437595804D-02-0.4509316826832D-02
-0.5410989800841D-02-0.6496191154608D-02-0.7803440159087D-02-0.9379474951269D-02
-0.1128093984969D-01-0.1357645245488D-01-0.1634906045084D-01-0.1969928144754D-01
-0.2374876166534D-01-0.2864485758702D-01-0.3456621378536D-01-0.4172978620640D-01
-0.9295915504943D-14-0.1168929298646D-13-0.1501792729629D-13-0.1885051361015D-13
-0.2409154849821D-13-0.2987360393776D-13-0.3866558729361D-13-0.4872476109456D-13
-0.6120415132506D-13-0.7771255617535D-13-0.9942957015768D-13-0.1253332999265D-12
-0.1599771170103D-12-0.2035042674749D-12-0.2585396894500D-12-0.3288684992813D-12
-0.4185615257133D-12-0.5324368876422D-12-0.6776366146202D-12-0.8625448855175D-12
-0.1097934571234D-11-0.1396569502366D-11-0.1777038408359D-11-0.2263386398082D-11
-0.2880104454237D-11-0.3664687241246D-11-0.4665570235615D-11-0.5937224119962D-11
-0.7557287708392D-11-0.9618237588707D-11-0.1224024402130D-10-0.1557837157644D-10
-0.1982526794609D-10-0.2522847940931D-10-0.3210335188958D-10-0.4084847137388D-10
-0.5197394823564D-10-0.6612600850388D-10-0.8412336292065D-10-0.1070115417930D-09
-0.1361139056332D-09-0.1731131802982D-09-0.2201463876007D-09-0.2799205867897D-09
-0.3558792012169D-09-0.4523791822027D-09-0.5749529851989D-09-0.7306083201840D-09
-0.9282191019090D-09-0.1179026835753D-08-0.1497255413998D-08-0.1900893308251D-08
-0.2412683373623D-08-0.3061349291214D-08-0.3883154225519D-08-0.4923841076128D-08
-0.6241058878379D-08-0.7907404127717D-08-0.1001420913934D-07-0.1267625501485D-07
-0.1603763335390D-07-0.2027902173448D-07-0.2562667225629D-07-0.3236351578930D-07
-0.4084283438094D-07-0.5150503317101D-07-0.6489817432768D-07-0.8170300122833D-07
-0.1027633525848D-06-0.1291229275859D-06-0.1620695906031D-06-0.2031884120936D-06
-0.2544249138121D-06-0.3181599160388D-06-0.3972976451688D-06-0.4953685310945D-06
-0.6166483329536D-06-0.7662947158923D-06-0.9505024899436D-06-0.1176677768331D-05
-0.1453631273877D-05-0.1791789542643D-05-0.2203422635586D-05-0.2702885506755D-05
-0.3306870177815D-05-0.4034665406553D-05-0.4908422760431D-05-0.5953430954945D-05
-0.7198407927830D-05-0.8675833519292D-05-0.1042236503691D-04-0.1247941222449D-04
-0.1489399294898D-04-0.1772006277386D-04-0.2102059772865D-04-0.2487084272060D-04
-0.2936328667058D-04-0.3461513130312D-04-0.4077924289470D-04-0.4805985325382D-04
-0.5673452968142D-04-0.6718421734898D-04-0.7993336435274D-04-0.9570224375402D-04
-0.1154736035469D-03-0.1405755076940D-03-0.1727819573921D-03-0.2144321799538D-03
-0.2685693588394D-03-0.3390989780367D-03-0.4309685234260D-03-0.5503716939166D-03
-0.7049865452499D-03-0.9042634033101D-03-0.1159793125791D-02-0.1485799220412D-02
-0.1899820847187D-02-0.2423668309621D-02-0.3084756070608D-02-0.3917920313351D-02
 0.1922973856233D-14 0.2124187303330D-14 0.3004018325321D-14 0.3545019427827D-14
 0.4342731477782D-14 0.5339409765700D-14 0.7354063786670D-14 0.9241940649258D-14
 0.1157082976784D-13 0.1431063035215D-13 0.1852166186707D-13 0.2309801091687D-13
 0.2949374250006D-13 0.3750886397367D-13 0.4756128396555D-13 0.6023822825429D-13
 0.7686198433148D-13 0.9774846489023D-13 0.1242260058831D-12 0.1576595040529D-12
 0.2007233189473D-12 0.2552319038791D-12 0.3242238278630D-12 0.4126741714216D-12
 0.5248141035609D-12 0.6672251704458D-12 0.8489081919431D-12 0.1079149181043D-11
 0.1372622492783D-11 0.1745686332370D-11 0.2219977409168D-11 0.2823112836871D-11
 0.3591160019520D-11 0.4567273788041D-11 0.5808955215273D-11 0.7388118267289D-11
 0.9397019702536D-11 0.1195261192581D-10 0.1520362254314D-10 0.1933838699529D-10
 0.2459891959843D-10 0.3129091217758D-10 0.3980432512140D-10 0.5063494107036D-10
 0.6441465555811D-10 0.8194610919813D-10 0.1042512504165D-09 0.1326326255302D-09
 0.1687439949750D-09 0.2146936546098D-09 0.2731628049132D-09 0.3475646750062D-09
 0.4422441116424D-09 0.5627289643425D-09 0.7160557570007D-09 0.9111819950776D-09
 0.1159503741208D-08 0.1475527488793D-08 0.1877713170821D-08 0.2389551507866D-08
 0.3040933198548D-08 0.3869888993968D-08 0.4924803305662D-08 0.6267222815762D-08
 0.7975430571908D-08 0.1014897599025D-07 0.1291443753738D-07 0.1643271978821D-07
 0.2090833047612D-07 0.2660111522670D-07 0.3384116491094D-07 0.4304766380863D-07
 0.5475279284894D-07 0.6963194341793D-07 0.8854199458217D-07 0.1125696554462D-06
 0.1430926502506D-06 0.1818569795623D-06 0.2310746277666D-06 0.2935469155619D-06
 0.3728205035612D-06 0.4733844620915D-06 0.6009194854735D-06 0.7626133371116D-06
 0.9675602293772D-06 0.1227267360091D-05 0.1556297966317D-05 0.1973089821653D-05
 0.2500997421331D-05 0.3169624713477D-05 0.4016529176609D-05 0.5089410924814D-05
 0.6448924271378D-05 0.8172306367964D-05 0.1035805357729D-04 0.1313197478749D-04
 0.1665501166772D-04 0.2113336579691D-04 0.2683157294685D-04 0.3408940457600D-04
 0.4334360597620D-04 0.5515584343549D-04 0.7024844148072D-04 0.8954996322519D-04
 0.1142530192174D-03 0.1458873606400D-03 0.1864118149699D-03 0.2383295399800D-03
 0.3048320763863D-03 0.3899789106711D-03 0.4989212054698D-03 0.6381803792239D-03
 0.8159958987849D-03 0.1042760233857D-02 0.1331566428402D-02 0.1698900720140D-02
 0.2165527927020D-02 0.2757632757942D-02 0.3508310323287D-02 0.4459531192316D-02
-0.1698424001463D-13-0.2123245581961D-13-0.2725500046417D-13-0.3473334336070D-13
-0.4413018622198D-13-0.5585778025780D-13-0.7105651920662D-13-0.9031994402260D-13
-0.1148627721406D-12-0.1460241766972D-12-0.1856600760375D-12-0.2360923436379D-12
-0.3007809722190D-12-0.3827774620501D-12-0.4866775470812D-12-0.6198550067579D-12
-0.7885919450415D-12-0.1004039013122D-11-0.1277578724128D-11-0.1625910546360D-11
-0.2069484044451D-11-0.2633719606386D-11-0.3351854414412D-11-0.4266642459361D-11
-0.5430747663968D-11-0.6911721495834D-11-0.8797188948832D-11-0.1119603596278D-10
-0.1424960243707D-10-0.1813541459645D-10-0.2308008002958D-10-0.2937171933210D-10
-0.3737747238125D-10-0.4756302539706D-10-0.6052139050545D-10-0.7700536716440D-10
-0.9797324070506D-10-0.1246417649497D-09-0.1585565082753D-09-0.2016819296132D-09
-0.2565114621670D-09-0.3262116929629D-09-0.4148015880174D-09-0.5273799819556D-09
-0.6704161013552D-09-0.8521113473199D-09-0.1082860916884D-08-0.1375837719330D-08
-0.1747718341506D-08-0.2219617321743D-08-0.2818242160625D-08-0.3577360662866D-08
-0.4539643104516D-08-0.5758964133810D-08-0.7303303981855D-08-0.9258369675748D-08
-0.1173212383766D-07-0.1486044217794D-07-0.1881415596173D-07-0.2380781647907D-07
-0.3011056814784D-07-0.3805961971649D-07-0.4807688221373D-07-0.6068947498916D-07
-0.7655491847796D-07-0.9649199985950D-07-0.1215184405526D-06-0.1528967227400D-06
-0.1921895771582D-06-0.2413269071727D-06-0.3026860539098D-06-0.3791876075032D-06
-0.4744089646624D-06-0.5927181607597D-06-0.7394302074708D-06-0.9209884051594D-06
-0.1145172291203D-05-0.1421333976685D-05-0.1760662854589D-05-0.2176478611087D-05
-0.2684549367990D-05-0.3303431751518D-05-0.4054824750167D-05-0.4963930727436D-05
-0.6059809895019D-05-0.7375720348179D-05-0.8949429020858D-05-0.1082349500827D-04
-0.1304552450709D-04-0.1566843737677D-04-0.1875079760464D-04-0.2235734705103D-04
-0.2655992884603D-04-0.3143915575179D-04-0.3708728322818D-04-0.4361304432728D-04
-0.5114939480792D-04-0.5986556893844D-04-0.6998512817754D-04-0.8181229186755D-04
-0.9576911782551D-04-0.1124467406978D-03-0.1326739937221D-03-0.1576070836753D-03
-0.1888436538249D-03-0.2285643043199D-03-0.2797036617188D-03-0.3461521377322D-03
-0.4329886789978D-03-0.5467442592031D-03-0.6956977234902D-03-0.8902089625456D-03
-0.1143104150170D-02-0.1470140427835D-02-0.1890601464331D-02-0.2428100700465D-02
-0.3111707943628D-02-0.3977546381275D-02-0.5071047033991D-02-0.6450062968750D-02
