bcc Sb -- Hedin-Lundqvist LDA                                                   
INPUT  IT=171 SPIN=1 NTYPE=  2
 -3.900000  3.900000  3.900000
  3.900000 -3.900000  3.900000
  3.900000  3.900000 -3.900000
    1  435  2.200000  0.030000    1
  0.000000  0.000000  0.000000
 0.1019976467188D+03 0.1019975740744D+03 0.1019974991894D+03 0.1019974219946D+03
 0.1019973424186D+03 0.1019972603882D+03 0.1019971758278D+03 0.1019970886594D+03
 0.1019969988025D+03 0.1019969061743D+03 0.1019968106895D+03 0.1019967122599D+03
 0.1019966107948D+03 0.1019965062007D+03 0.1019963983810D+03 0.1019962872365D+03
 0.1019961726646D+03 0.1019960545598D+03 0.1019959328131D+03 0.1019958073123D+03
 0.1019956779417D+03 0.1019955445821D+03 0.1019954071105D+03 0.1019952654003D+03
 0.1019951193208D+03 0.1019949687373D+03 0.1019948135112D+03 0.1019946534992D+03
 0.1019944885541D+03 0.1019943185237D+03 0.1019941432513D+03 0.1019939625755D+03
 0.1019937763298D+03 0.1019935843424D+03 0.1019933864366D+03 0.1019931824300D+03
 0.1019929721345D+03 0.1019927553564D+03 0.1019925318961D+03 0.1019923015475D+03
 0.1019920640985D+03 0.1019918193303D+03 0.1019915670173D+03 0.1019913069272D+03
 0.1019910388204D+03 0.1019907624498D+03 0.1019904775608D+03 0.1019901838909D+03
 0.1019898811698D+03 0.1019895691184D+03 0.1019892474494D+03 0.1019889158663D+03
 0.1019885740639D+03 0.1019882217271D+03 0.1019878585316D+03 0.1019874841427D+03
 0.1019870982155D+03 0.1019867003946D+03 0.1019862903136D+03 0.1019858675947D+03
 0.1019854318485D+03 0.1019849826737D+03 0.1019845196566D+03 0.1019840423707D+03
 0.1019835503763D+03 0.1019830432204D+03 0.1019825204356D+03 0.1019819815406D+03
 0.1019814260390D+03 0.1019808534190D+03 0.1019802631533D+03 0.1019796546981D+03
 0.1019790274930D+03 0.1019783809602D+03 0.1019777145043D+03 0.1019770275113D+03
 0.1019763193483D+03 0.1019755893631D+03 0.1019748368831D+03 0.1019740612153D+03
 0.1019732616450D+03 0.1019724374356D+03 0.1019715878279D+03 0.1019707120391D+03
 0.1019698092624D+03 0.1019688786660D+03 0.1019679193925D+03 0.1019669305580D+03
 0.1019659112514D+03 0.1019648605335D+03 0.1019637774362D+03 0.1019626609612D+03
 0.1019615100798D+03 0.1019603237313D+03 0.1019591008223D+03 0.1019578402258D+03
 0.1019565407799D+03 0.1019552012867D+03 0.1019538205117D+03 0.1019523971818D+03
 0.1019509299851D+03 0.1019494175687D+03 0.1019478585383D+03 0.1019462514564D+03
 0.1019445948411D+03 0.1019428871646D+03 0.1019411268522D+03 0.1019393122803D+03
 0.1019374417752D+03 0.1019355136115D+03 0.1019335260104D+03 0.1019314771384D+03
 0.1019293651050D+03 0.1019271879614D+03 0.1019249436985D+03 0.1019226302451D+03
 0.1019202454661D+03 0.1019177871602D+03 0.1019152530579D+03 0.1019126408198D+03
 0.1019099480340D+03 0.1019071722138D+03 0.1019043107959D+03 0.1019013611374D+03
 0.1018983205137D+03 0.1018951861159D+03 0.1018919550481D+03 0.1018886243247D+03
 0.1018851908678D+03 0.1018816515040D+03 0.1018780029619D+03 0.1018742418685D+03
 0.1018703647464D+03 0.1018663680106D+03 0.1018622479649D+03 0.1018580007986D+03
 0.1018536225831D+03 0.1018491092677D+03 0.1018444566765D+03 0.1018396605040D+03
 0.1018347163114D+03 0.1018296195222D+03 0.1018243654180D+03 0.1018189491343D+03
 0.1018133656556D+03 0.1018076098110D+03 0.1018016762695D+03 0.1017955595344D+03
 0.1017892539391D+03 0.1017827536410D+03 0.1017760526164D+03 0.1017691446550D+03
 0.1017620233541D+03 0.1017546821124D+03 0.1017471141240D+03 0.1017393123724D+03
 0.1017312696234D+03 0.1017229784190D+03 0.1017144310701D+03 0.1017056196495D+03
 0.1016965359848D+03 0.1016871716505D+03 0.1016775179608D+03 0.1016675659608D+03
 0.1016573064193D+03 0.1016467298196D+03 0.1016358263510D+03 0.1016245859003D+03
 0.1016129980420D+03 0.1016010520293D+03 0.1015887367842D+03 0.1015760408876D+03
 0.1015629525692D+03 0.1015494596968D+03 0.1015355497655D+03 0.1015212098869D+03
 0.1015064267773D+03 0.1014911867465D+03 0.1014754756854D+03 0.1014592790544D+03
 0.1014425818700D+03 0.1014253686926D+03 0.1014076236130D+03 0.1013893302392D+03
 0.1013704716824D+03 0.1013510305429D+03 0.1013309888958D+03 0.1013103282765D+03
 0.1012890296654D+03 0.1012670734726D+03 0.1012444395227D+03 0.1012211070384D+03
 0.1011970546248D+03 0.1011722602528D+03 0.1011467012424D+03 0.1011203542459D+03
 0.1010931952305D+03 0.1010651994614D+03 0.1010363414835D+03 0.1010065951044D+03
 0.1009759333760D+03 0.1009443285765D+03 0.1009117521925D+03 0.1008781749004D+03
 0.1008435665483D+03 0.1008078961377D+03 0.1007711318050D+03 0.1007332408034D+03
 0.1006941894849D+03 0.1006539432820D+03 0.1006124666900D+03 0.1005697232495D+03
 0.1005256755291D+03 0.1004802851085D+03 0.1004335125620D+03 0.1003853174426D+03
 0.1003356582663D+03 0.1002844924974D+03 0.1002317765345D+03 0.1001774656969D+03
 0.1001215142122D+03 0.1000638752045D+03 0.1000045006841D+03 0.9994334153746D+02
 0.9988034751938D+02 0.9981546724540D+02 0.9974864818613D+02 0.9967983666280D+02
 0.9960897784419D+02 0.9953601574523D+02 0.9946089322704D+02 0.9938355199874D+02
 0.9930393262082D+02 0.9922197451035D+02 0.9913761594787D+02 0.9905079408600D+02
 0.9896144495994D+02 0.9886950349950D+02 0.9877490354301D+02 0.9867757785273D+02
 0.9857745813187D+02 0.9847447504298D+02 0.9836855822768D+02 0.9825963632755D+02
 0.9814763700582D+02 0.9803248696992D+02 0.9791411199439D+02 0.9779243694391D+02
 0.9766738579626D+02 0.9753888166460D+02 0.9740684681899D+02 0.9727120270639D+02
 0.9713186996902D+02 0.9698876846038D+02 0.9684181725856D+02 0.9669093467634D+02
 0.9653603826761D+02 0.9637704482958D+02 0.9621387040042D+02 0.9604643025186D+02
 0.9587463887653D+02 0.9569840996961D+02 0.9551765640486D+02 0.9533229020479D+02
 0.9514222250534D+02 0.9494736351528D+02 0.9474762247093D+02 0.9454290758704D+02
 0.9433312600498D+02 0.9411818373965D+02 0.9389798562703D+02 0.9367243527444D+02
 0.9344143501639D+02 0.9320488587877D+02 0.9296268755531D+02 0.9271473839975D+02
 0.9246093543863D+02 0.9220117440863D+02 0.9193534982403D+02 0.9166335507842D+02
 0.9138508258623D+02 0.9110042396735D+02 0.9080927027955D+02 0.9051151229963D+02
 0.9020704085545D+02 0.8989574720533D+02 0.8957752346220D+02 0.8925226305196D+02
 0.8891986119607D+02 0.8858021539847D+02 0.8823322591765D+02 0.8787879619346D+02
 0.8751683320130D+02 0.8714724769554D+02 0.8676995431267D+02 0.8638487149735D+02
 0.8599192123311D+02 0.8559102855843D+02 0.8518212088019D+02 0.8476512710147D+02
 0.8433997662510D+02 0.8390659828368D+02 0.8346491932631D+02 0.8301486453265D+02
 0.8255635559309D+02 0.8208931083862D+02 0.8161364541998D+02 0.8112927196296D+02
 0.8063610172993D+02 0.8013404622542D+02 0.7962301919716D+02 0.7910293889078D+02
 0.7857373046059D+02 0.7803532835532D+02 0.7748767858024D+02 0.7693074066064D+02
 0.7636448924845D+02 0.7578891523118D+02 0.7520402634836D+02 0.7460984721713D+02
 0.7400641884036D+02 0.7339379753886D+02 0.7277205344687D+02 0.7214126854256D+02
 0.7150153441757D+02 0.7085294977662D+02 0.7019561793404D+02 0.6952964430618D+02
 0.6885513422353D+02 0.6817219105051D+02 0.6748091498286D+02 0.6678140246468D+02
 0.6607374661452D+02 0.6535803850368D+02 0.6463436964531D+02 0.6390283535658D+02
 0.6316353925308D+02 0.6241659825185D+02 0.6166214817155D+02 0.6090034894237D+02
 0.6013138934582D+02 0.5935548998955D+02 0.5857290449240D+02 0.5778391762341D+02
 0.5698884097456D+02 0.5618800556366D+02 0.5538175317053D+02 0.5457042679642D+02
 0.5375436317221D+02 0.5293388785853D+02 0.5210931579636D+02 0.5128095631547D+02
 0.5044912388804D+02 0.4961415142337D+02 0.4877640581066D+02 0.4793630182456D+02
 0.4709431372355D+02 0.4625098146831D+02 0.4540691201548D+02 0.4456277391282D+02
 0.4371928689444D+02 0.4287720574197D+02 0.4203730086194D+02 0.4120033540997D+02
 0.4036704168635D+02 0.3953809687647D+02 0.3871410083910D+02 0.3789555607657D+02
 0.3708285239504D+02 0.3627625631613D+02 0.3547590738875D+02 0.3468182124643D+02
 0.3389390097608D+02 0.3311195621337D+02 0.3233573055139D+02 0.3156493585437D+02
 0.3079929235234D+02 0.3003857152137D+02 0.2928263776218D+02 0.2853148341181D+02
 0.2778524955427D+02 0.2704422599985D+02 0.2630882265218D+02 0.2557951320107D+02
 0.2485675429768D+02 0.2414089938736D+02 0.2343212758841D+02 0.2273041177850D+02
 0.2203553534190D+02 0.2134715896210D+02 0.2066491228825D+02 0.1998849470360D+02
 0.1931775479500D+02 0.1865274672872D+02 0.1799374923109D+02 0.1734126250725D+02
 0.1669597758964D+02 0.1605873885161D+02 0.1543049202717D+02 0.1481223827823D+02
 0.1420498187803D+02 0.1360969138051D+02 0.1302725783754D+02 0.1245847008779D+02
 0.1190398785743D+02 0.1136433279733D+02 0.1083987674795D+02 0.1033084730890D+02
 0.9837328785132D+01 0.9359279382985D+01 0.8896540544481D+01 0.8448861964159D+01
 0.8015914755381D+01 0.7597319532880D+01 0.7192658666558D+01 0.6801502686617D+01
 0.6423418772845D+01 0.6057991228400D+01 0.5704820093610D+01 0.5363535943944D+01
 0.5033787479708D+01 0.4715250363798D+01 0.4407607175702D+01 0.4110556109602D+01
 0.3823791058300D+01 0.3547017452492D+01 0.3279937130970D+01 0.3022270252009D+01
 0.2773739572142D+01 0.2534092034905D+01 0.2303084536120D+01 0.2080520956882D+01
 0.1866268287147D+01 0.1660332367485D+01 0.1462896574019D+01
    2  435  1.200000  0.030000    3
  0.000000  0.500000  0.500000
  0.500000  0.500000  0.000000
  0.500000  0.000000  0.500000
 0.1999996070616D+01 0.1999995950946D+01 0.1999995827632D+01 0.1999995700562D+01
 0.1999995569622D+01 0.1999995434695D+01 0.1999995295658D+01 0.1999995152386D+01
 0.1999995004752D+01 0.1999994852621D+01 0.1999994695856D+01 0.1999994534318D+01
 0.1999994367860D+01 0.1999994196332D+01 0.1999994019581D+01 0.1999993837446D+01
 0.1999993649765D+01 0.1999993456368D+01 0.1999993257080D+01 0.1999993051724D+01
 0.1999992840113D+01 0.1999992622057D+01 0.1999992397361D+01 0.1999992165821D+01
 0.1999991927230D+01 0.1999991681372D+01 0.1999991428027D+01 0.1999991166966D+01
 0.1999990897955D+01 0.1999990620750D+01 0.1999990335103D+01 0.1999990040757D+01
 0.1999989737446D+01 0.1999989424898D+01 0.1999989102831D+01 0.1999988770956D+01
 0.1999988428973D+01 0.1999988076575D+01 0.1999987713444D+01 0.1999987339254D+01
 0.1999986953668D+01 0.1999986556339D+01 0.1999986146909D+01 0.1999985725010D+01
 0.1999985290261D+01 0.1999984842272D+01 0.1999984380640D+01 0.1999983904948D+01
 0.1999983414769D+01 0.1999982909661D+01 0.1999982389169D+01 0.1999981852826D+01
 0.1999981300148D+01 0.1999980730638D+01 0.1999980143784D+01 0.1999979539056D+01
 0.1999978915911D+01 0.1999978273788D+01 0.1999977612109D+01 0.1999976930277D+01
 0.1999976227680D+01 0.1999975503685D+01 0.1999974757640D+01 0.1999973988874D+01
 0.1999973196694D+01 0.1999972380388D+01 0.1999971539221D+01 0.1999970672435D+01
 0.1999969779250D+01 0.1999968858863D+01 0.1999967910445D+01 0.1999966933142D+01
 0.1999965926074D+01 0.1999964888334D+01 0.1999963818990D+01 0.1999962717077D+01
 0.1999961581604D+01 0.1999960411550D+01 0.1999959205860D+01 0.1999957963449D+01
 0.1999956683199D+01 0.1999955363958D+01 0.1999954004538D+01 0.1999952603714D+01
 0.1999951160227D+01 0.1999949672776D+01 0.1999948140023D+01 0.1999946560588D+01
 0.1999944933049D+01 0.1999943255940D+01 0.1999941527753D+01 0.1999939746930D+01
 0.1999937911870D+01 0.1999936020920D+01 0.1999934072378D+01 0.1999932064489D+01
 0.1999929995446D+01 0.1999927863386D+01 0.1999925666391D+01 0.1999923402481D+01
 0.1999921069619D+01 0.1999918665705D+01 0.1999916188574D+01 0.1999913635997D+01
 0.1999911005674D+01 0.1999908295239D+01 0.1999905502251D+01 0.1999902624195D+01
 0.1999899658480D+01 0.1999896602436D+01 0.1999893453312D+01 0.1999890208271D+01
 0.1999886864394D+01 0.1999883418668D+01 0.1999879867992D+01 0.1999876209168D+01
 0.1999872438903D+01 0.1999868553801D+01 0.1999864550364D+01 0.1999860424988D+01
 0.1999856173957D+01 0.1999851793446D+01 0.1999847279507D+01 0.1999842628079D+01
 0.1999837834971D+01 0.1999832895868D+01 0.1999827806322D+01 0.1999822561750D+01
 0.1999817157429D+01 0.1999811588493D+01 0.1999805849927D+01 0.1999799936563D+01
 0.1999793843075D+01 0.1999787563976D+01 0.1999781093611D+01 0.1999774426152D+01
 0.1999767555596D+01 0.1999760475753D+01 0.1999753180248D+01 0.1999745662510D+01
 0.1999737915768D+01 0.1999729933043D+01 0.1999721707147D+01 0.1999713230669D+01
 0.1999704495975D+01 0.1999695495196D+01 0.1999686220224D+01 0.1999676662705D+01
 0.1999666814028D+01 0.1999656665321D+01 0.1999646207442D+01 0.1999635430968D+01
 0.1999624326191D+01 0.1999612883106D+01 0.1999601091403D+01 0.1999588940457D+01
 0.1999576419319D+01 0.1999563516708D+01 0.1999550220996D+01 0.1999536520203D+01
 0.1999522401981D+01 0.1999507853608D+01 0.1999492861972D+01 0.1999477413562D+01
 0.1999461494454D+01 0.1999445090299D+01 0.1999428186312D+01 0.1999410767254D+01
 0.1999392817424D+01 0.1999374320639D+01 0.1999355260225D+01 0.1999335618997D+01
 0.1999315379245D+01 0.1999294522721D+01 0.1999273030617D+01 0.1999250883552D+01
 0.1999228061555D+01 0.1999204544042D+01 0.1999180309803D+01 0.1999155336979D+01
 0.1999129603043D+01 0.1999103084781D+01 0.1999075758269D+01 0.1999047598854D+01
 0.1999018581127D+01 0.1998988678904D+01 0.1998957865201D+01 0.1998926112209D+01
 0.1998893391269D+01 0.1998859672846D+01 0.1998824926503D+01 0.1998789120870D+01
 0.1998752223621D+01 0.1998714201438D+01 0.1998675019985D+01 0.1998634643878D+01
 0.1998593036648D+01 0.1998550160709D+01 0.1998505977329D+01 0.1998460446585D+01
 0.1998413527337D+01 0.1998365177183D+01 0.1998315352421D+01 0.1998264008015D+01
 0.1998211097544D+01 0.1998156573169D+01 0.1998100385583D+01 0.1998042483970D+01
 0.1997982815953D+01 0.1997921327551D+01 0.1997857963129D+01 0.1997792665343D+01
 0.1997725375091D+01 0.1997656031457D+01 0.1997584571656D+01 0.1997510930975D+01
 0.1997435042714D+01 0.1997356838125D+01 0.1997276246348D+01 0.1997193194343D+01
 0.1997107606829D+01 0.1997019406207D+01 0.1996928512494D+01 0.1996834843245D+01
 0.1996738313478D+01 0.1996638835597D+01 0.1996536319305D+01 0.1996430671528D+01
 0.1996321796322D+01 0.1996209594787D+01 0.1996093964973D+01 0.1995974801785D+01
 0.1995851996887D+01 0.1995725438599D+01 0.1995595011791D+01 0.1995460597778D+01
 0.1995322074207D+01 0.1995179314943D+01 0.1995032189949D+01 0.1994880565166D+01
 0.1994724302382D+01 0.1994563259109D+01 0.1994397288440D+01 0.1994226238916D+01
 0.1994049954380D+01 0.1993868273831D+01 0.1993681031265D+01 0.1993488055527D+01
 0.1993289170137D+01 0.1993084193129D+01 0.1992872936877D+01 0.1992655207909D+01
 0.1992430806729D+01 0.1992199527619D+01 0.1991961158446D+01 0.1991715480457D+01
 0.1991462268061D+01 0.1991201288622D+01 0.1990932302224D+01 0.1990655061441D+01
 0.1990369311100D+01 0.1990074788027D+01 0.1989771220791D+01 0.1989458329442D+01
 0.1989135825232D+01 0.1988803410333D+01 0.1988460777543D+01 0.1988107609986D+01
 0.1987743580793D+01 0.1987368352783D+01 0.1986981578124D+01 0.1986582897988D+01
 0.1986171942195D+01 0.1985748328839D+01 0.1985311663906D+01 0.1984861540879D+01
 0.1984397540325D+01 0.1983919229478D+01 0.1983426161789D+01 0.1982917876485D+01
 0.1982393898090D+01 0.1981853735945D+01 0.1981296883703D+01 0.1980722818810D+01
 0.1980131001966D+01 0.1979520876572D+01 0.1978891868149D+01 0.1978243383745D+01
 0.1977574811317D+01 0.1976885519094D+01 0.1976174854914D+01 0.1975442145540D+01
 0.1974686695953D+01 0.1973907788619D+01 0.1973104682730D+01 0.1972276613418D+01
 0.1971422790941D+01 0.1970542399844D+01 0.1969634598088D+01 0.1968698516143D+01
 0.1967733256060D+01 0.1966737890500D+01 0.1965711461738D+01 0.1964652980624D+01
 0.1963561425511D+01 0.1962435741148D+01 0.1961274837528D+01 0.1960077588705D+01
 0.1958842831557D+01 0.1957569364520D+01 0.1956255946270D+01 0.1954901294356D+01
 0.1953504083798D+01 0.1952062945625D+01 0.1950576465371D+01 0.1949043181498D+01
 0.1947461583853D+01 0.1945830111905D+01 0.1944147153091D+01 0.1942411041019D+01
 0.1940620053635D+01 0.1938772411329D+01 0.1936866274978D+01 0.1934899743927D+01
 0.1932870853904D+01 0.1930777574882D+01 0.1928617808852D+01 0.1926389387559D+01
 0.1924090070138D+01 0.1921717540713D+01 0.1919269405895D+01 0.1916743192242D+01
 0.1914136343617D+01 0.1911446218511D+01 0.1908670087252D+01 0.1905805129197D+01
 0.1902848429799D+01 0.1899796977660D+01 0.1896647661467D+01 0.1893397266915D+01
 0.1890042473508D+01 0.1886579851372D+01 0.1883005857929D+01 0.1879316834608D+01
 0.1875509003416D+01 0.1871578463564D+01 0.1867521187947D+01 0.1863333019722D+01
 0.1859009668718D+01 0.1854546707998D+01 0.1849939570239D+01 0.1845183544310D+01
 0.1840273771672D+01 0.1835205243026D+01 0.1829972794774D+01 0.1824571105816D+01
 0.1818994694129D+01 0.1813237913783D+01 0.1807294951728D+01 0.1801159825120D+01
 0.1794826378397D+01 0.1788288281040D+01 0.1781539025041D+01 0.1774571923225D+01
 0.1767380107248D+01 0.1759956526627D+01 0.1752293947406D+01 0.1744384952090D+01
 0.1736221939149D+01 0.1727797124039D+01 0.1719102539747D+01 0.1710130039161D+01
 0.1700871296830D+01 0.1691317812973D+01 0.1681460916710D+01 0.1671291771977D+01
 0.1660801382530D+01 0.1649980600090D+01 0.1638820131398D+01 0.1627310549011D+01
 0.1615442300684D+01 0.1603205723223D+01 0.1590591054590D+01 0.1577588451239D+01
 0.1564188003249D+01 0.1550379755714D+01 0.1536153727288D+01 0.1521499936057D+01
 0.1506408421942D+01 0.1490869277710D+01 0.1474872675480D+01 0.1458408903479D+01
 0.1441468397189D+01 0.1424041782413D+01 0.1406119911297D+01 0.1387693912592D+01
 0.1368755232925D+01 0.1349295694768D+01 0.1329307543489D+01 0.1308783513828D+01
 0.1287716882831D+01 0.1266101546061D+01 0.1243932076468D+01 0.1221203811226D+01
 0.1197912917230D+01 0.1174056489357D+01 0.1149632622907D+01 0.1124640525072D+01
 0.1099080593990D+01 0.1072954545552D+01 0.1046265499678D+01 0.1019018123834D+01
 0.9912187277469D+00 0.9628754262555D+00 0.9339982425957D+00 0.9045992949645D+00
 0.8746929097191D+00 0.8442958355257D+00 0.8134273696252D+00 0.7821096062347D+00
 0.7503675786920D+00 0.7182295530779D+00 0.6857271922133D+00 0.6528959067408D+00
 0.6197750518811D+00 0.5864083540195D+00 0.5528441514182D+00 0.5191359220892D+00
 0.4853425837329D+00 0.4515291494784D+00 0.4177671084237D+00 0.3841352454687D+00
 0.3507201276589D+00 0.3176171457030D+00 0.2849311573746D+00
  375
-0.6022459976997D+00 0.2250855506240D-33-0.4130570239587D+01-0.9920978373240D-18
-0.1794769444664D+01 0.3147041481413D-19-0.2478921040023D+01 0.1859256887739D-17
-0.1613039363132D+01-0.2872101854763D-19-0.1069455854020D+01-0.1745089765281D-17
-0.6051851163808D+00-0.7153184158796D-19-0.1140096840860D+01-0.4565898208468D-18
-0.2746448054118D+00 0.9801290474959D-19-0.3139753643028D+00 0.2373679095926D-17
-0.1481802776966D+00-0.6516720980069D-18-0.7398568721226D+00 0.9168343993856D-19
-0.1609952128663D+00-0.4712728716965D-18-0.5136038882558D+00-0.1252067855234D-18
-0.1628458201463D+00 0.2090256792582D-17-0.8083892243342D-01-0.1377682657787D-17
-0.5874397414562D-01-0.1559792088408D-17-0.1324929138301D+00-0.6726274245156D-19
 0.3215975701604D-03 0.5217885552481D-18 0.5334753206569D-03-0.9350688288494D-18
-0.1936529050104D+00-0.2804819115720D-18-0.4894581225564D-01 0.1435855877241D-18
 0.3960538528389D-01-0.1100100896924D-17 0.1897651722150D-01 0.1663450306732D-17
-0.1442336869861D+00 0.3236440381730D-18 0.6045778773456D-01 0.1817547426566D-18
-0.1074584037581D+00 0.1271255508391D-18 0.6976142202410D-01 0.2113992118114D-17
-0.2710015933604D-01-0.1350703807858D-18 0.7293358967897D-01 0.1188857537693D-18
 0.1805713014890D-01-0.2649006518149D-18 0.3486803918560D-01-0.9294164888597D-18
-0.6338164213054D-01-0.3092327157340D-19 0.3513095082045D-01 0.7146306448344D-18
 0.3501804691968D-01-0.3373795528412D-18 0.6818286920658D-01-0.1365405898702D-17
-0.1002095714502D+00-0.2880631639399D-18 0.3146014513775D-01-0.6172162350183D-18
 0.5610609087385D-01-0.8985085424591D-18 0.5607005193940D-01 0.8212209173891D-18
-0.8923789142834D-02 0.1359772235713D-18 0.2392626144641D-01 0.9051366684293D-21
 0.4744025359049D-01-0.4592000703568D-18 0.2302195617849D-01 0.8766993560052D-18
-0.3015623993992D-01-0.2874692733637D-18-0.3082787494443D-01 0.3830387029608D-18
 0.3990577521166D-01 0.6283770274548D-18-0.2725445688045D-01 0.2512097375282D-18
-0.1338818435415D-01-0.5865719530951D-19 0.3194429396162D-01-0.2677576650227D-18
 0.3101418217809D-01 0.1272125959495D-17 0.1591202011760D-01-0.2911677632631D-18
-0.2416650897107D-01-0.1801607257193D-18 0.2508286814717D-01-0.4126938733455D-18
-0.2260299792465D-01 0.9997205853325D-19 0.9288217782642D-02 0.4770730761683D-18
 0.9281292245145D-02-0.5105655603805D-18-0.4149397933617D-01 0.4619011916604D-19
 0.6945419391526D-02 0.1729230019927D-18 0.1404265973908D-01 0.9709961347689D-19
 0.1358109922949D-01-0.8266353307719D-18-0.1905018609267D-01-0.2585881350658D-18
 0.9720229540214D-02-0.8760304974395D-19 0.9713714232490D-02 0.6489549189013D-18
 0.4764546052259D-02-0.3415529668285D-18 0.6516055918991D-02 0.1224340337950D-18
 0.6410581224584D-02-0.5477563371107D-18-0.1622163178361D-01-0.9986491184091D-19
 0.4006877965031D-02 0.5185599390973D-18 0.4056429758154D-02-0.4246471582635D-18
 0.1022466242803D-02-0.5474611679039D-19-0.1478074422760D-01-0.4525849910211D-19
-0.3715301851237D-02 0.8879954097961D-19 0.1100548092450D-02-0.7555892817635D-19
 0.1132241437563D-02 0.3434389644536D-18-0.2689610270724D-01-0.1613860464683D-18
-0.1339871337979D-01 0.2735387128727D-18 0.1003618787108D-02-0.2673922147953D-18
 0.5182826763831D-03-0.1495627143673D-18-0.4081820214658D-02-0.7512809299763D-19
-0.1202043411809D-01 0.2050769815361D-18-0.8319292356729D-04 0.1134415897999D-18
 0.1885787249832D-03-0.2326240992975D-18 0.3809155693356D-03 0.5308593141406D-18
-0.2366817025263D-03 0.1565225389313D-18-0.2449249908304D-03-0.9252347121902D-20
-0.3239705120719D-03 0.2028541461848D-18-0.1928957534952D-01-0.2597739838051D-18
-0.9465222114892D-02 0.1146335887988D-18-0.1439911905631D-03 0.2089104672387D-18
-0.4794159689779D-03-0.1109670513948D-18-0.1660552498552D-01 0.1481690026364D-18
-0.5559043251669D-03-0.9635977282230D-19-0.5994945115090D-03 0.1817915308693D-18
 0.3743603708752D-05-0.2123156431410D-18-0.4015833853795D-03-0.5182217736942D-19
-0.2234414190050D-03 0.3028302387867D-18 0.9356917748921D-04-0.3573999959665D-18
-0.3141421570826D-02-0.2344688631658D-19-0.7299807739258D-04-0.3858580285048D-19
 0.1281998711864D-03-0.1428849774280D-18-0.5286621353643D-02 0.1063413828305D-20
-0.5354082131707D-02-0.6131041792538D-19-0.4479567104432D-04 0.3139429081093D-19
 0.2143264695221D-03 0.2461075246402D-18 0.1116082673140D-03-0.5487696981291D-19
 0.4728960026100D-03-0.2389192061169D-18-0.4564366694244D-02-0.1197777986964D-18
-0.4435685471969D-02 0.1028703359281D-19 0.2791612878268D-03 0.1289786367866D-18
 0.7024514187594D-03-0.2100183998373D-18-0.7354843098808D-02-0.1376371245609D-19
 0.6467529502156D-03 0.3102586468290D-20-0.3060851127067D-02-0.7820368173671D-19
-0.6877893617733D-03 0.3830409023358D-19 0.9554812947530D-03-0.1047808255967D-19
 0.1180416668584D-02-0.1363529245192D-18 0.1002819355114D-02 0.1328471489932D-19
 0.5893094221900D-03-0.6103516044367D-19 0.7430685710280D-03 0.8995419405271D-19
-0.2204094082289D-02 0.1220423488360D-18 0.6326136551963D-03 0.7610752290380D-19
 0.1393161901074D-02-0.9990625172878D-19 0.1291384482623D-02 0.1142293998276D-18
-0.3763085881270D-02-0.6751997337252D-19-0.1722951219646D-02 0.9583737913362D-19
 0.1460628444267D-02 0.2502024805725D-19 0.1755991656523D-02 0.1429279767374D-18
 0.1663065450312D-02 0.9736630214902D-19 0.1727710936483D-02-0.8047653149601D-19
-0.9493482734389D-03 0.5893712338172D-19 0.8796308665116D-03 0.3108357033978D-19
 0.1836282504764D-02-0.5244769264351D-19 0.9668207342866D-03 0.5705583567720D-19
 0.4500066464626D-03-0.1751786803417D-20-0.7158531925411D-03-0.6444281592246D-19
-0.1293370958579D-02 0.8726744524761D-19-0.7005685498233D-03-0.1389963012193D-19
 0.1876686722763D-02 0.1719631019227D-19 0.1914209337211D-02-0.4802101162135D-19
 0.9453851238260D-03-0.1304341330953D-20-0.8588960956695D-03-0.3797266684764D-19
 0.1941093274805D-02 0.2817898682273D-19 0.1994955013903D-02 0.8320873800926D-19
 0.9782694144265D-03-0.1285277479208D-19 0.1050923441010D-02-0.5681031733809D-19
-0.2074738886648D-03-0.3614609082337D-19 0.1959154071042D-02 0.6317289545061D-19
 0.1960038598575D-02-0.1974237580221D-19 0.2048061763504D-02-0.9561483263736D-19
-0.2596603649436D-04 0.1472014499552D-19 0.9710857298541D-03 0.2731329286030D-20
 0.1935297582932D-02 0.6666177789183D-19 0.9873771742079D-03-0.3723870919142D-19
 0.2139114397796D-03-0.4837231365314D-19 0.1018603753256D-03 0.1374272435547D-19
 0.1878383713938D-02-0.1395233361658D-19 0.1878545413691D-02 0.2089545313470D-19
 0.1882812256299D-02-0.6210727205520D-19 0.3913715223190D-03 0.1570381680716D-19
 0.1795055137858D-02-0.7542724731597D-20 0.1789540254641D-02-0.1595133740549D-19
 0.1775743741628D-02-0.5543588860268D-19 0.1697275523278D-02 0.1980239792168D-19
 0.1134733617944D-03-0.1000775147523D-19 0.1614179356299D-02 0.1621724930612D-19
 0.7719789739289D-03 0.1905362449562D-19 0.1564290895466D-02-0.6893976218038D-20
 0.1518448258295D-02-0.3461728092449D-19 0.1541317411195D-02 0.2984797960836D-19
 0.7596743750917D-03-0.1446615001591D-19 0.6472934177195D-03-0.3438159538521D-20
 0.7285987944980D-04 0.8411254270006D-20 0.7328737835758D-03 0.1279390539679D-19
 0.7340220609253D-03 0.3941540980530D-20 0.1375863643856D-02-0.2343208681610D-19
 0.6677900706493D-03 0.1108856414838D-19 0.7083833911147D-03-0.3503908488422D-19
 0.1676080580997D-03-0.2871490932209D-20 0.2882266323741D-03 0.2610758062395D-19
 0.1259128629638D-02 0.2333343397502D-19 0.6356830167777D-03 0.4905949080470D-21
 0.3248575591597D-03-0.6474726005213D-20 0.2741970698214D-03 0.1992442867519D-19
 0.1144030706689D-02 0.4602949705930D-21 0.1150819049155D-02 0.1310061953001D-19
 0.1121129612154D-02 0.1228955622784D-20 0.1075551271262D-02-0.1950156630585D-19
 0.1026416879221D-02 0.1673401201254D-19 0.2901216592253D-03-0.3373622439125D-21
 0.9836366377646D-03 0.4071529394124D-21 0.9234571005202D-03-0.1159435068241D-19
 0.5208034454892D-03-0.2831372686460D-20 0.2226370719955D-03 0.1122516536044D-19
 0.7729816402576D-03-0.1077168532109D-19 0.3626713957823D-03 0.6011135182902D-20
 0.2299296793893D-03-0.3810574212707D-20 0.2372417463467D-03-0.5829764755693D-20
 0.3775244158002D-03 0.1597517438426D-19 0.6590902776297D-03 0.1123915883890D-19
 0.6692110141652D-03 0.1343396231802D-20 0.3121128274569D-03-0.2155560048345D-20
 0.4848627053059D-03-0.3118464765239D-20 0.5108854420680D-03-0.2613493590138D-21
 0.4463237655741D-03 0.7184108825674D-20 0.2899827720856D-03-0.4149682768326D-20
 0.2079912018037D-03 0.1513942501118D-20 0.3674943645586D-03 0.3532435956409D-20
 0.1285008642697D-03-0.4201236039842D-20 0.1196034072514D-03-0.4268441827655D-20
 0.7592319040828D-04 0.2258488433078D-20 0.2784278085325D-03 0.3119043512154D-20
 0.2343210204192D-03-0.2150707854939D-20 0.2520856293691D-03 0.4091358576650D-21
 0.2008695981782D-03 0.3998776961843D-20 0.1451794026541D-03-0.5630916505351D-20
 0.3841501633226D-04 0.1470616191216D-20 0.1531430292804D-03 0.6401138452713D-21
 0.1202311845154D-03-0.7740383193164D-21 0.1305315450842D-03 0.1778538517773D-20
 0.1159804489670D-03-0.1749357463978D-20 0.2213843605368D-04-0.1567037017136D-20
 0.3037378821496D-04-0.1312204546314D-20 0.6551478413078D-05 0.1334130273127D-20
 0.4248939711215D-04 0.2752305175658D-21-0.4549393787179D-04-0.1375461750649D-20
-0.2817464921927D-04-0.1883046454438D-22-0.7272550521499D-04 0.1803911834883D-22
-0.1680901340230D-04-0.2468541792439D-23-0.1240328637872D-03 0.5116771044754D-22
-0.8888563030133D-04 0.5974981038289D-21-0.4960810152678D-04 0.9735664988028D-22
-0.1382510545814D-03-0.3132024920312D-21-0.8121746097916D-04-0.5496047991450D-21
-0.7274453268923D-04-0.1476721731850D-21-0.1641112299508D-03-0.8645794841979D-21
-0.1684588313796D-03-0.4831524653400D-21-0.1545462416030D-03 0.7241033933192D-21
-0.2091706047300D-03-0.1602689143257D-20-0.2482377302906D-03 0.2060874916682D-20
-0.1089701313760D-03-0.3002184827963D-22-0.1240824255148D-03 0.8580450565869D-21
-0.2681650018900D-03 0.4749921331932D-21-0.2775880830196D-03-0.2409706473701D-20
-0.2713282041653D-03-0.9437038480781D-22-0.2944484626073D-03 0.2287839923521D-20
-0.3678279312701D-04-0.8434178626676D-21-0.3127428690599D-03 0.9195357816143D-21
-0.1557083895078D-03-0.4681053804200D-21-0.1785323875725D-03-0.5875176317780D-21
-0.2731318074988D-03 0.2879021389554D-20-0.1392131495569D-03-0.5148231110014D-21
-0.1555940655930D-03-0.3705118550365D-20-0.1721466856132D-03-0.1321944058999D-20
-0.3576511498074D-03 0.3879542533426D-20-0.1484935841255D-03 0.3420399819391D-20
-0.2992343333517D-03-0.6205823765116D-21-0.1611330595340D-03-0.3836995183910D-20
-0.3702308328109D-03-0.1594283689577D-20-0.3693051420645D-03-0.2391393278112D-21
-0.3758185607176D-03 0.3205563148785D-20-0.3685354291228D-03-0.8066295062650D-21
-0.3892536292055D-03-0.1877203443703D-20-0.1567806453448D-03 0.4075082477020D-21
-0.3861215152624D-03-0.2065228008430D-20-0.3836750322764D-03-0.4476832793036D-20
-0.3859535754827D-03 0.3956141248193D-20-0.3820272661972D-03 0.1721696903040D-20
-0.1619988094624D-03 0.3172319238477D-20-0.1638204878127D-03-0.3780855495691D-20
-0.3927862021537D-03-0.4158124486488D-20-0.3891008383970D-03-0.1455877774535D-20
-0.1965017290742D-03-0.1267802343366D-20-0.1938389144787D-03 0.1090232938868D-20
-0.3217233639098D-03 0.9088074696674D-21-0.3232436495232D-03-0.7158732155112D-20
-0.1963377884201D-03-0.7771099055477D-21-0.3870165066362D-03 0.1233760652635D-20
-0.3843604328001D-03 0.2180215830147D-20-0.3843040193135D-03-0.2898600000019D-20
-0.3237117803215D-03 0.5863308226692D-20-0.3838441556138D-03 0.6252641765578D-22
-0.3740732677768D-03-0.2737916530352D-20-0.3709400076413D-03-0.5396866327535D-21
-0.3627025726908D-03 0.3120923151455D-20-0.3640955643212D-03-0.3460199383360D-20
-0.1433700997972D-03-0.2737203410084D-20-0.7349374683737D-04 0.4751097646474D-21
-0.3542570507283D-03-0.2351411443500D-20-0.3443864536236D-03 0.2006414029921D-20
-0.3387587794114D-03-0.3202475619932D-20-0.3426599579269D-03 0.3910710519741D-20
-0.1731533469567D-03-0.8297614211333D-21-0.1660111772825D-03 0.2750899215076D-20
-0.1393922723507D-03 0.1209402819931D-20-0.1337951479961D-03-0.2628112717148D-20
-0.1655096752621D-03-0.2467700785137D-20-0.3327171445768D-03 0.2416683066266D-21
-0.3273414847207D-03-0.1575314964319D-20-0.3077510264243D-03 0.5279131909047D-20
-0.2629283400876D-03 0.2905463748228D-20-0.2472658937120D-03-0.4545186834677D-20
-0.1283426598797D-03 0.2408875893847D-21-0.2989269764053D-03 0.3190438746221D-20
-0.1407542481877D-03 0.2376407425640D-20-0.4273773928171D-04 0.1365370121297D-20
-0.2373447840242D-03 0.9852545847056D-21-0.2958251899475D-03-0.2429274931818D-20
-0.2817214144454D-03-0.3829784877870D-20-0.2541915683591D-03 0.4498971639104D-20
-0.1110355061123D-03 0.1757618910052D-20-0.1340745751534D-03-0.1825118224618D-20
-0.1343667830421D-03-0.8659793244962D-21-0.2575187149305D-03-0.1326057877652D-20
-0.1199140811906D-03-0.1700733503174D-20-0.2381528847223D-03-0.2620374646224D-20
-0.1228772290839D-03 0.1169997309073D-21-0.2265584900430D-03 0.4473384704517D-20
-0.2085132577451D-03 0.6417169243258D-20-0.1800107446023D-03-0.2647609186018D-20
-0.2233589726713D-03 0.1395351601011D-20-0.2199123356262D-03 0.2278880570995D-21
-0.1719322786824D-03 0.2053384135982D-20-0.2115910169777D-03-0.7884285322857D-21
-0.2122985614517D-03-0.2462562652095D-20-0.1961978670122D-03 0.1866787977127D-20
-0.1849217878071D-03-0.2775183206448D-20-0.1994362457533D-03 0.6046375111445D-21
-0.1719759537531D-03 0.3658770312458D-20-0.8590100049868D-04 0.1577320165038D-20
-0.1835064780354D-03-0.6098490910208D-21-0.1703854679915D-03-0.1148717714833D-20
-0.1452631398403D-03 0.2904809775473D-20-0.5502013153616D-04-0.9920698685178D-21
-0.1423976888804D-03 0.2057517760500D-21-0.1483221553740D-03 0.1336048758552D-21
-0.5388852684831D-04 0.1633601604530D-20-0.5524584924360D-04 0.1915450381585D-20
-0.8805498464663D-04-0.1483542160310D-20-0.7074808875184D-05-0.8577903740677D-21
-0.1264629817575D-03-0.3020541982394D-20-0.1284104772243D-03-0.9548286403337D-21
-0.1206632330214D-03-0.1360237369716D-20-0.1153027616480D-03 0.1892058266984D-20
-0.9593850759410D-04 0.2959432552453D-20-0.3851263109439D-04 0.2425536601793D-22
-0.3465389529609D-04-0.2910747940195D-21-0.1821026504501D-04-0.2988380030274D-20
-0.8645264261869D-04-0.2514658468035D-20-0.7357720229359D-04 0.2198075206972D-20
-0.6254881980042D-04 0.2479945504751D-20-0.8743779626308D-05-0.2582759566536D-20
-0.6956557377542D-04 0.1313034202746D-20-0.5192784328025D-04 0.2265497732546D-20
-0.3362533737899D-04-0.2716155385167D-21-0.2980272626480D-04-0.3953897506933D-21
-0.5019362013265D-04 0.5630924722281D-21-0.5463870439075D-04-0.3575939650207D-21
-0.4087909863957D-04-0.1300588389082D-20-0.1237874696758D-04-0.3078113384820D-21
-0.1547534970023D-04 0.6192820173999D-21-0.8893736279591D-05 0.3260663705269D-21
 0.7026577932440D-05-0.1888394307444D-20-0.2004271294907D-04-0.5621470573623D-21
-0.2932513786482D-04 0.9077858836101D-22-0.3201865548175D-04-0.1307151719190D-20
-0.1473397549706D-04-0.5300873875220D-21-0.1279990365375D-04 0.1100822991231D-20
 0.1000288810577D-05-0.2387300927538D-21-0.5877666669710D-05 0.1728773656479D-20
-0.1788119013711D-05 0.7844890829628D-21 0.2737653408441D-04-0.3152908671145D-20
-0.1877253087067D-04-0.1347665306783D-20-0.3259828795032D-05-0.1257697493809D-20
-0.3696859435589D-05-0.2875403666782D-21
    1
    1    1  120    3
 0.9614608202070D-04 0.1056585908227D-03 0.1157619806862D-03 0.1265824174659D-03
 0.1380813515082D-03 0.1502507425101D-03 0.1630669971632D-03 0.1764957377676D-03
 0.1904850454020D-03 0.2049677330379D-03 0.2198594543959D-03 0.2350561008852D-03
 0.2504354117942D-03 0.2658543565425D-03 0.2811523698353D-03 0.2961500251188D-03
 0.3106550014065D-03 0.3244632248113D-03 0.3373689490733D-03 0.3491697475660D-03
 0.3596821608049D-03 0.3687514654081D-03 0.3762732734701D-03 0.3822070802273D-03
 0.3866009740447D-03 0.3896033023779D-03 0.3914816692933D-03 0.3926203525768D-03
 0.3935186518587D-03 0.3947585295933D-03 0.3969699707029D-03 0.4007644673808D-03
 0.4066754658381D-03 0.4150812240895D-03 0.4261567839305D-03 0.4398302393343D-03
 0.4557858814158D-03 0.4734800524952D-03 0.4921994388324D-03 0.5111191576661D-03
 0.5293828737027D-03 0.5461637640581D-03 0.5607300736497D-03 0.5724825144180D-03
 0.5809906514427D-03 0.5860029715058D-03 0.5874576641502D-03 0.5854732499447D-03
 0.5803425441883D-03 0.5725121709645D-03 0.5625661320129D-03 0.5511987240654D-03
 0.5391907473632D-03 0.5273772470031D-03 0.5166168874813D-03 0.5077546433738D-03
 0.5015843775006D-03 0.4988069103145D-03 0.4999867392912D-03 0.5055092744290D-03
 0.5155375351778D-03 0.5299802962229D-03 0.5484677280607D-03 0.5703603994818D-03
 0.5947850728891D-03 0.6207370222169D-03 0.6472265401958D-03 0.6735037300966D-03
 0.6992849431265D-03 0.7249761406322D-03 0.7517574397961D-03 0.7815351628801D-03
 0.8166842877118D-03 0.8597267725840D-03 0.9129663778682D-03 0.9782736508295D-03
 0.1056970210859D-02 0.1149900483262D-02 0.1257538081150D-02 0.1380181293411D-02
 0.1518082528520D-02 0.1671605194976D-02 0.1841279549899D-02 0.2027877018638D-02
 0.2232386150667D-02 0.2456011276565D-02 0.2700079872918D-02 0.2965973475786D-02
 0.3254969983899D-02 0.3568102666963D-02 0.3905928412352D-02 0.4268305862856D-02
 0.4654071898545D-02 0.5060723168328D-02 0.5483983498845D-02 0.5917375259145D-02
 0.6351667626829D-02 0.6774340992623D-02 0.7168936489339D-02 0.7514455608555D-02
 0.7784690498905D-02 0.7947666470724D-02 0.7965100472150D-02 0.7792019806551D-02
 0.7376484511951D-02 0.6659410782847D-02 0.5574459384444D-02 0.4047755770469D-02
 0.1997484227695D-02-0.6671304978114D-03-0.4047091813783D-02-0.8256009475392D-02
-0.1342273857910D-01-0.1969588075392D-01-0.2724863773398D-01-0.3628614247722D-01
-0.4705174143198D-01-0.5983385050700D-01-0.7496759734491D-01-0.9283539627891D-01
 0.1244928531612D-08 0.1470834123734D-08 0.1732937407035D-08 0.2038790661502D-08
 0.2394519073660D-08 0.2807736076422D-08 0.3286778279368D-08 0.3841162192452D-08
 0.4481187048226D-08 0.5218481884178D-08 0.6065656949626D-08 0.7036496455374D-08
 0.8145906223800D-08 0.9409931171365D-08 0.1084551601197D-07 0.1247049159595D-07
 0.1430336749234D-07 0.1636304918711D-07 0.1866854315854D-07 0.2123871711984D-07
 0.2409180208688D-07 0.2724537812114D-07 0.3071598066606D-07 0.3451948033049D-07
 0.3867136178309D-07 0.4318826960680D-07 0.4808960215016D-07 0.5340120444942D-07
 0.5915904877326D-07 0.6541567600897D-07 0.7224573267249D-07 0.7975378408238D-07
 0.8807896210998D-07 0.9739988121463D-07 0.1079328553468D-06 0.1199290491083D-06
 0.1336629352805D-06 0.1494208199054D-06 0.1674821980090D-06 0.1881051759977D-06
 0.2115064684609D-06 0.2378492156794D-06 0.2672249828023D-06 0.2996443227233D-06
 0.3350192429240D-06 0.3731537728268D-06 0.4137230447277D-06 0.4562610989232D-06
 0.5001338218304D-06 0.5445226924239D-06 0.5883915699303D-06 0.6304676819956D-06
 0.6692048710990D-06 0.7027681128861D-06 0.7290013845777D-06 0.7454302958604D-06
 0.7492554716702D-06 0.7374045080222D-06 0.7065953511297D-06 0.6535011772875D-06
 0.5749642678233D-06 0.4683767871119D-06 0.3321549333945D-06 0.1664270799585D-06
-0.2621557925622D-07-0.2398692124632D-06-0.4647188206908D-06-0.6868234012088D-06
-0.8888021983448D-06-0.1051430963847D-05-0.1156256493322D-05-0.1188413720072D-05
-0.1139061563643D-05-0.1006365367158D-05-0.7950463037221D-06-0.5145367275508D-06
-0.1767972672338D-06 0.2058101388577D-06 0.6217974771761D-06 0.1061161706142D-05
 0.1515027475843D-05 0.1974799120075D-05 0.2430511850286D-05 0.2868768162364D-05
 0.3269756159489D-05 0.3603573378366D-05 0.3825133607765D-05 0.3867741828909D-05
 0.3634354888662D-05 0.2986456237415D-05 0.1729196874741D-05-0.4074686025957D-06
-0.3793566114567D-05-0.8930335612722D-05-0.1649060733010D-04-0.2736939089769D-04
-0.4274817989989D-04-0.6417491304317D-04-0.9366376894435D-04-0.1338175042377D-03
-0.1879762769222D-03-0.2603953719639D-03-0.3564535718025D-03-0.4828944540186D-03
-0.6480976453840D-03-0.8623893438894D-03-0.1138389414872D-02-0.1491430350928D-02
-0.1940054176023D-02-0.2506668037877D-02-0.3218357235551D-02-0.4107977669653D-02
-0.5215474398239D-02-0.6589602535077D-02-0.8289943763690D-02-0.1038952340075D-01
-0.1297785269906D-01-0.1616479562918D-01-0.2008484208897D-01-0.2490225746120D-01
 0.8494717247497D-10 0.1021542984063D-09 0.1226194552735D-09 0.1469480784450D-09
 0.1759216551842D-09 0.2104784429679D-09 0.2516708713062D-09 0.3009179273275D-09
 0.3597441447056D-09 0.4302238901961D-09 0.5146884620791D-09 0.6160176716768D-09
 0.7376561419663D-09 0.8837806631211D-09 0.1059325519548D-08 0.1270084296358D-08
 0.1522987660152D-08 0.1825944293454D-08 0.2188028382428D-08 0.2619370647708D-08
 0.3130914602846D-08 0.3734084267952D-08 0.4440045419327D-08 0.5258667013251D-08
 0.6197072714527D-08 0.7257795038999D-08 0.8436553510543D-08 0.9720085030865D-08
 0.1108410117586D-07 0.1249247476849D-07 0.1389741605089D-07 0.1524215383357D-07
 0.1646515099504D-07 0.1750635365403D-07 0.1831346423148D-07 0.1884817995375D-07
 0.1908988873544D-07 0.1903704729596D-07 0.1870558435389D-07 0.1812555730251D-07
 0.1733608807486D-07 0.1638093348738D-07 0.1530392942490D-07 0.1414621609422D-07
 0.1294398840365D-07 0.1172785634383D-07 0.1052240915461D-07 0.9346778093157D-08
 0.8214989574072D-08 0.7136674606704D-08 0.6117464946868D-08 0.5159324301668D-08
 0.4260429361036D-08 0.3414829903197D-08 0.2611567994213D-08 0.1833327435489D-08
 0.1054424794780D-08 0.2381812326659D-09-0.6664811051864D-09-0.1729105711916D-08
-0.3042216940343D-08-0.4725704361450D-08-0.6929923750150D-08-0.9835896310961D-08
-0.1365026219716D-07-0.1859280600896D-07-0.2487603684821D-07-0.3268001515526D-07
-0.4213189825111D-07-0.5330443864195D-07-0.6624712263971D-07-0.8105354470844D-07
-0.9795153204967D-07-0.1173925174610D-06-0.1401176081809D-06-0.1671994315780D-06
-0.2000705319265D-06-0.2405665035966D-06-0.2910012998897D-06-0.3542996134659D-06
-0.4341961859202D-06-0.5355307279028D-06-0.6646583834918D-06-0.8300265534450D-06
-0.1042965059664D-05-0.1318774372136D-05-0.1678199525677D-05-0.2149423594031D-05
-0.2770724394371D-05-0.3593997955117D-05-0.4689383463315D-05-0.6151304668132D-05
-0.8106332477468D-05-0.1072342255023D-04-0.1422729479488D-04-0.1891604607985D-04
-0.2518451913212D-04-0.3355557562300D-04-0.4472203128866D-04-0.5960292657130D-04
-0.7941814389774D-04-0.1057861378096D-03-0.1408488951402D-03-0.1874289375337D-03
-0.2492216781611D-03-0.3310310193188D-03-0.4390574952254D-03-0.5812649676505D-03
-0.7678582677197D-03-0.1011934485994D-02-0.1330365304673D-02-0.1744997222870D-02
-0.2284216907424D-02-0.2984972212270D-02-0.3895301207205D-02-0.5077563135919D-02
-0.6612584678023D-02-0.8605182587514D-02-0.1119148325161D-01-0.1454865795294D-01
    2    2  120    8
 0.1649270352375D-03 0.1751312902030D-03 0.1859686835184D-03 0.1974783096281D-03
 0.2097021922752D-03 0.2226845965039D-03 0.2364729314610D-03 0.2511171661075D-03
 0.2666708328136D-03 0.2831903700306D-03 0.3007362199250D-03 0.3193721249154D-03
 0.3391663674769D-03 0.3601909386821D-03 0.3825229799424D-03 0.4062438447910D-03
 0.4314406833949D-03 0.4582054317854D-03 0.4866366059282D-03 0.5168381078890D-03
 0.5489213115965D-03 0.5830037170455D-03 0.6192112443990D-03 0.6576767850814D-03
 0.6985428002026D-03 0.7419596116354D-03 0.7880884227997D-03 0.8370993942268D-03
 0.8891749695936D-03 0.9445078058310D-03 0.1003304542545D-02 0.1065783364241D-02
 0.1132178383014D-02 0.1202736896976D-02 0.1277724222207D-02 0.1357420748102D-02
 0.1442127418132D-02 0.1532162266928D-02 0.1627866795257D-02 0.1729602081771D-02
 0.1837755823284D-02 0.1952738166514D-02 0.2074989702403D-02 0.2204976573809D-02
 0.2343199777803D-02 0.2490189684529D-02 0.2646516331556D-02 0.2812783563253D-02
 0.2989640736845D-02 0.3177775857816D-02 0.3377929213922D-02 0.3590885703494D-02
 0.3817489915791D-02 0.4058638082065D-02 0.4315295125671D-02 0.4588485248154D-02
 0.4879311952400D-02 0.5188947414375D-02 0.5518654747478D-02 0.5869776905737D-02
 0.6243761915633D-02 0.6642149995287D-02 0.7066602987867D-02 0.7518890146433D-02
 0.8000920873101D-02 0.8514729831283D-02 0.9062514377278D-02 0.9646617241001D-02
 0.1026957025921D-01 0.1093407528499D-01 0.1164305300519D-01 0.1239962342116D-01
 0.1320716143811D-01 0.1406927418664D-01 0.1498986650494D-01 0.1597311589068D-01
 0.1702354554085D-01 0.1814599962242D-01 0.1934572670879D-01 0.2062835066225D-01
 0.2199996928496D-01 0.2346712292423D-01 0.2503690442051D-01 0.2671692920884D-01
 0.2851546119834D-01 0.3044137796197D-01 0.3250431951037D-01 0.3471465080344D-01
 0.3708363119001D-01 0.3962337369907D-01 0.4234704652680D-01 0.4526882321887D-01
 0.4840411531774D-01 0.5176952450240D-01 0.5538310413137D-01 0.5926430737140D-01
 0.6343429279475D-01 0.6791586289276D-01 0.7273381092396D-01 0.7791486156977D-01
 0.8348805751417D-01 0.8948469409235D-01 0.9593876592214D-01 0.1028868872020D+00
 0.1103687986198D+00 0.1184272934591D+00 0.1271087851099D+00 0.1364632332955D+00
 0.1465448090573D+00 0.1574118108237D+00 0.1691274304285D+00 0.1817596850985D+00
 0.1953822718197D+00 0.2100744888593D+00 0.2259221958391D+00 0.2430176765722D+00
 0.2614606685940D+00 0.2813581701490D+00 0.3028255283695D+00 0.3259862002649D+00
-0.1159588634852D-07-0.1307135504829D-07-0.1473493455740D-07-0.1661061773582D-07
-0.1872548806289D-07-0.2111007148445D-07-0.2379881253672D-07-0.2683053209027D-07
-0.3024904167483D-07-0.3410372254203D-07-0.3845029415378D-07-0.4335157125429D-07
-0.4887843115778D-07-0.5511077457131D-07-0.6213876442122D-07-0.7006403848753D-07
-0.7900129729764D-07-0.8907984028880D-07-0.1004455906320D-06-0.1132630416903D-06
-0.1277178449302D-06-0.1440192882410D-06-0.1624035764598D-06-0.1831369955302D-06
-0.2065200979527D-06-0.2328917139702D-06-0.2626342773512D-06-0.2961789588861D-06
-0.3340124301343D-06-0.3766833799579D-06-0.4248111597273D-06-0.4790940847570D-06
-0.5403203895804D-06-0.6093788538346D-06-0.6872727773344D-06-0.7751334263640D-06
-0.8742378688666D-06-0.9860261682060D-06-0.1112124033662D-05-0.1254364690228D-05
-0.1414817880719D-05-0.1595817549523D-05-0.1799998862856D-05-0.2030333646822D-05
-0.2290177322621D-05-0.2583314133596D-05-0.2914017074427D-05-0.3287105563208D-05
-0.3708021601960D-05-0.4182903482941D-05-0.4718683219700D-05-0.5323179993798D-05
-0.6005224486436D-05-0.6774778764214D-05-0.7643094322202D-05-0.8622865061177D-05
-0.9728429859823D-05-0.1097596687899D-04-0.1238375274800D-04-0.1397241161647D-04
-0.1576524577033D-04-0.1778855382143D-04-0.2007205406480D-04-0.2264929333617D-04
-0.2555818657560D-04-0.2884154235222D-04-0.3254775684628D-04-0.3673148522185D-04
-0.4145453259742D-04-0.4678672224126D-04-0.5280703923512D-04-0.5960474550184D-04
-0.6728086231780D-04-0.7594960515666D-04-0.8574029621417D-04-0.9679923274187D-04
-0.1092921558973D-03-0.1234066752138D-03-0.1393554745970D-03-0.1573794779982D-03
-0.1777519999312D-03-0.2007828804710D-03-0.2268239171878D-03-0.2562742323610D-03
-0.2895873490620D-03-0.3272782581502D-03-0.3699326131372D-03-0.4182159358062D-03
-0.4728856573443D-03-0.5348030848205D-03-0.6049490320347D-03-0.6844394528903D-03
-0.7745456802587D-03-0.8767146020732D-03-0.9925948922098D-03-0.1124063148848D-02
-0.1273257491883D-02-0.1442611379591D-02-0.1634897131118D-02-0.1853269243117D-02
-0.2101320812405D-02-0.2383140341308D-02-0.2703385045707D-02-0.3067355697180D-02
-0.3481094349178D-02-0.3951484190249D-02-0.4486380608621D-02-0.5094747638428D-02
-0.5786834984188D-02-0.6574363170361D-02-0.7470763891872D-02-0.8491428157574D-02
-0.9654024734911D-02-0.1097882832577D-01-0.1248913174195D-01-0.1421166680116D-01
-0.1617713394573D-01-0.1842074604584D-01-0.2098291768364D-01-0.2390999976912D-01
 0.2639732024359D-07 0.2975865643361D-07 0.3354863128915D-07 0.3782191454700D-07
 0.4264020824642D-07 0.4807305738790D-07 0.5419892105932D-07 0.6110624010464D-07
 0.6889479311848D-07 0.7767705635440D-07 0.8757992002134D-07 0.9874642663892D-07
 0.1113379566549D-06 0.1255364274166D-06 0.1415470784131D-06 0.1596012742420D-06
 0.1799600445410D-06 0.2029176364671D-06 0.2288060424960D-06 0.2579994938803D-06
 0.2909202225547D-06 0.3280442022158D-06 0.3699084471220D-06 0.4171183135162D-06
 0.4703568225245D-06 0.5303938865580D-06 0.5980981885977D-06 0.6744489630924D-06
 0.7605510385295D-06 0.8576498222461D-06 0.9671504670939D-06 0.1090636932327D-05
 0.1229896257381D-05 0.1386942903635D-05 0.1564049662889D-05 0.1763778404010D-05
 0.1989019463281D-05 0.2243030877174D-05 0.2529488271702D-05 0.2852534683197D-05
 0.3216844283561D-05 0.3627685300931D-05 0.4091001130279D-05 0.4613490665488D-05
 0.5202710871263D-05 0.5867178897427D-05 0.6616502759158D-05 0.7461511029275D-05
 0.8414418341947D-05 0.9488990646557D-05 0.1070075607574D-04 0.1206721362705D-04
 0.1360810139743D-04 0.1534566302726D-04 0.1730498732294D-04 0.1951434670139D-04
 0.2200563084875D-04 0.2481477462537D-04 0.2798231050009D-04 0.3155391474342D-04
 0.3558110887242D-04 0.4012195433986D-04 0.4524194759608D-04 0.5101490823314D-04
 0.5752411560677D-04 0.6486344614389D-04 0.7313883051205D-04 0.8246970136049D-04
 0.9299085975787D-04 0.1048543425683D-03 0.1182318128446D-03 0.1333169554566D-03
 0.1503285729945D-03 0.1695136658832D-03 0.1911514271337D-03 0.2155572547756D-03
 0.2430879127671D-03 0.2741467422339D-03 0.3091903765310D-03 0.3487355550146D-03
 0.3933678272506D-03 0.4437504702135D-03 0.5006358894260D-03 0.5648771949770D-03
 0.6374430557890D-03 0.7194329075478D-03 0.8120961940012D-03 0.9168520878362D-03
 0.1035314533720D-02 0.1169317637905D-02 0.1320947841091D-02 0.1492576630103D-02
 0.1686901544986D-02 0.1906987605016D-02 0.2156319447537D-02 0.2438853747819D-02
 0.2759084536017D-02 0.3122109425349D-02 0.3533712444409D-02 0.4000447111692D-02
 0.4529742224329D-02 0.5130009567995D-02 0.5810780616342D-02 0.6582848636262D-02
 0.7458452088878D-02 0.8451466175613D-02 0.9577651704350D-02 0.1085491967713D-01
 0.1230366898476D-01 0.1394714462892D-01 0.1581189051916D-01 0.1792821652068D-01
 0.2033077657763D-01 0.2305915429695D-01 0.2615856793992D-01 0.2968057263869D-01
 0.3368391686085D-01 0.3823541208054D-01 0.4341103429384D-01 0.4929712976795D-01
 0.2586190963636D-12 0.3079632996322D-12 0.3675607800660D-12 0.4379659627374D-12
 0.5225042442214D-12 0.6226066489189D-12 0.7417540358046D-12 0.8846148975772D-12
 0.1054165553553D-11 0.1255805207671D-11 0.1496940190446D-11 0.1783951576306D-11
 0.2127013295187D-11 0.2534257465914D-11 0.3020311749372D-11 0.3599508338135D-11
 0.4289585896001D-11 0.5112416487374D-11 0.6092848557229D-11 0.7262659277199D-11
 0.8655758997890D-11 0.1031712071465D-10 0.1229764529601D-10 0.1465905768004D-10
 0.1747567004069D-10 0.2083400077424D-10 0.2484007230451D-10 0.2962086086798D-10
 0.3532466979042D-10 0.4213385505132D-10 0.5026427079405D-10 0.5997369734881D-10
 0.7157416637416D-10 0.8543943409486D-10 0.1020179927818D-09 0.1218494497224D-09
 0.1455850358736D-09 0.1740093527757D-09 0.2080680031080D-09 0.2489058444334D-09
 0.2979070589770D-09 0.3567483670736D-09 0.4274646079347D-09 0.5125280144233D-09
 0.6149467555155D-09 0.7383882160099D-09 0.8873263055486D-09 0.1067232114685D-08
 0.1284803262897D-08 0.1548257239398D-08 0.1867685672973D-08 0.2255507849027D-08
 0.2727026518110D-08 0.3301133676156D-08 0.4001179431443D-08 0.4856074748920D-08
 0.5901655002043D-08 0.7182414757770D-08 0.8753643261841D-08 0.1068415512054D-07
 0.1305965146979D-07 0.1598700947306D-07 0.1959957476662D-07 0.2406389319651D-07
 0.2958802976664D-07 0.3643212970215D-07 0.4492143730042D-07 0.5546282047023D-07
 0.6856508204655D-07 0.8486465662457D-07 0.1051571713258D-06 0.1304371521229D-06
 0.1619467013505D-06 0.2012364438649D-06 0.2502399375635D-06 0.3113663451588D-06
 0.3876130707953D-06 0.4827051271943D-06 0.6012635181444D-06 0.7490122228577D-06
 0.9330263887577D-06 0.1162035092097D-05 0.1446781373910D-05 0.1800457690258D-05
 0.2239218768034D-05 0.2782796188306D-05 0.3455214776262D-05 0.4285642927800D-05
 0.5309373282026D-05 0.6568976820286D-05 0.8115620591461D-05 0.1001060963041D-04
 0.1232713644186D-04 0.1515232755257D-04 0.1858956809307D-04 0.2276124817019D-04
 0.2781192240466D-04 0.3391212909444D-04 0.4126289743833D-04 0.5010137888444D-04
 0.6070771087718D-04 0.7341385747090D-04 0.8861468011021D-04 0.1067824283215D-03
 0.1284850623593D-03 0.1544101669916D-03 0.1853949347557D-03 0.2224644938641D-03
 0.2668788437905D-03 0.3201910346246D-03 0.3843160013044D-03 0.4616130703408D-03
 0.5549803603175D-03 0.6679652769583D-03 0.8048892236096D-03 0.9709955208214D-03
 0.1172622203612D-02 0.1417420525545D-02 0.1714631089516D-02 0.2075457540482D-02
-0.9847683317201D-12-0.1177129455652D-11-0.1406788587307D-11-0.1680785768232D-11
-0.2009252423519D-11-0.2401736387770D-11-0.2871108182453D-11-0.3432291507578D-11
-0.4102363509583D-11-0.4904900280333D-11-0.5863100354678D-11-0.7009928527654D-11
-0.8379789202730D-11-0.1001866292911D-10-0.1197818103874D-10-0.1432018979467D-10
-0.1712109675614D-10-0.2046998927306D-10-0.2447441241625D-10-0.2926220161195D-10
-0.3498799238574D-10-0.4183318460299D-10-0.5001973287329D-10-0.5980863715901D-10
-0.7151335137361D-10-0.8551239488478D-10-0.1022529514089D-09-0.1222736531924D-09
-0.1462180659231D-09-0.1748553357103D-09-0.2091079334776D-09-0.2500800230367D-09
-0.2990911469921D-09-0.3577225617862D-09-0.4278681226582D-09-0.5117964860894D-09
-0.6122224952223D-09-0.7324027299775D-09-0.8762381285210D-09-0.1048404506124D-08
-0.1254509374258D-08-0.1501277311475D-08-0.1796776942487D-08-0.2150692110751D-08
-0.2574646794382D-08-0.3082603556273D-08-0.3691336464080D-08-0.4421010980929D-08
-0.5295873829874D-08-0.6345098977129D-08-0.7603802616138D-08-0.9114280980568D-08
-0.1092749841575D-07-0.1310491448492D-07-0.1572066962333D-07-0.1886428639108D-07
-0.2264390233246D-07-0.2719026114423D-07-0.3266151888782D-07-0.3924916357200D-07
-0.4718517189200D-07-0.5675082780971D-07-0.6828739825733D-07-0.8220931049972D-07
-0.9902012648437D-07-0.1193322638018D-06-0.1438909383748D-06-0.1736037424466D-06
-0.2095765717109D-06-0.2531580056507D-06-0.3059932581126D-06-0.3700907343288D-06
-0.4479029724773D-06-0.5424263779675D-06-0.6573223787968D-06-0.7970664675590D-06
-0.9671289624857D-06-0.1174196837380D-05-0.1426442009680D-05-0.1733849681846D-05
-0.2108613956434D-05-0.2565620116960D-05-0.3123023234591D-05-0.3802950282009D-05
-0.4632337860345D-05-0.5643943492079D-05-0.6877545262665D-05-0.8381381309349D-05
-0.1021384741432D-04-0.1244552258293D-04-0.1516154376525D-04-0.1846442767476D-04
-0.2247736595616D-04-0.2734813354428D-04-0.3325365125261D-04-0.4040541571946D-04
-0.4905586988380D-04-0.5950606355911D-04-0.7211474892262D-04-0.8730951023405D-04
-0.1056002147997D-03-0.1275958115793D-03-0.1540250309715D-03-0.1857626661761D-03
-0.2238623887348D-03-0.2695986988289D-03-0.3245194321452D-03-0.3905124516397D-03
-0.4698883378108D-03-0.5654836980040D-03-0.6807867308748D-03-0.8200907504843D-03
-0.9886766553987D-03-0.1193031933446D-02-0.1441107567015D-02-0.1742626518224D-02
-0.2109450182573D-02-0.2556032114197D-02-0.3099981216895D-02-0.3762792403882D-02
-0.1650851735863D-14-0.2535146352927D-14-0.2974318943959D-14-0.3190135704639D-14
-0.3515317594968D-14-0.4171470155336D-14-0.6046218213064D-14-0.6807394153684D-14
-0.8119451358697D-14-0.1175763529284D-13-0.1405680998889D-13-0.1756872574948D-13
-0.2206912022077D-13-0.2844338355062D-13-0.3602187918329D-13-0.4568838909548D-13
-0.5799251187278D-13-0.7326040862420D-13-0.9370388456686D-13-0.1179798736128D-12
-0.1506268135383D-12-0.1912948433602D-12-0.2435157827788D-12-0.3100392414727D-12
-0.3929424834043D-12-0.5009565003799D-12-0.6379180140284D-12-0.8112051702906D-12
-0.1033955621679D-11-0.1314849711639D-11-0.1673539385167D-11-0.2130208473408D-11
-0.2711341837758D-11-0.3450387184652D-11-0.4391636410331D-11-0.5588667065368D-11
-0.7111666357025D-11-0.9048983597820D-11-0.1151390361100D-10-0.1464787228059D-10
-0.1863305570283D-10-0.2370102545616D-10-0.3014379323657D-10-0.3833353168448D-10
-0.4874055741386D-10-0.6196413720323D-10-0.7876204135186D-10-0.1000940874600D-09
-0.1271802757824D-09-0.1615581476737D-09-0.2051804219320D-09-0.2605123950951D-09
-0.3306710145734D-09-0.4195956350893D-09-0.5322524293757D-09-0.6749109488218D-09
-0.8554663068993D-09-0.1083862146400D-08-0.1372597652120D-08-0.1737380607138D-08
-0.2197918021009D-08-0.2778907543492D-08-0.3511252859746D-08-0.4433577224925D-08
-0.5594062363077D-08-0.7052712733462D-08-0.8884117865949D-08-0.1118079794239D-07
-0.1405727262517D-07-0.1765493097324D-07-0.2214788419744D-07-0.2774991988746D-07
-0.3472272049972D-07-0.4338548719311D-07-0.5412613468715D-07-0.6741413337090D-07
-0.8381509437953D-07-0.1040070723792D-06-0.1287984536819D-06-0.1591471451572D-06
-0.1961805745891D-06-0.2412156681725D-06-0.2957777189778D-06-0.3616165058399D-06
-0.4407176615768D-06-0.5353066207653D-06-0.6478421326497D-06-0.7809956937594D-06
-0.9376133721456D-06-0.1120656448887D-05-0.1333118757879D-05-0.1577920291393D-05
-0.1857781169408D-05-0.2175085528101D-05-0.2531755126419D-05-0.2929164665499D-05
-0.3368150106936D-05-0.3849183078550D-05-0.4372815194288D-05-0.4940527639514D-05
-0.5556160773125D-05-0.6228131545979D-05-0.6972680825694D-05-0.7818402435968D-05
-0.8812304819812D-05-0.1002760069759D-04-0.1157334448385D-04-0.1360587793482D-04
-0.1634189638783D-04-0.2007272181164D-04-0.2517930018082D-04-0.3214740678276D-04
-0.4158300206727D-04-0.5422842473400D-04-0.7098186003494D-04-0.9292472581858D-04
-0.1213651621162D-03-0.1579092417948D-03-0.2045756057103D-03-0.2639709556737D-03
 0.1083184121355D-14 0.1373547637011D-14 0.1790416109172D-14 0.1890136737799D-14
 0.2158991880762D-14 0.2805860433086D-14 0.3456950215069D-14 0.4717102221551D-14
 0.5588591729794D-14 0.7544346123592D-14 0.9164292542002D-14 0.1157559399976D-13
 0.1440745748839D-13 0.1867794809350D-13 0.2367872517811D-13 0.2991057766506D-13
 0.3807083580425D-13 0.4822827034949D-13 0.6145453618725D-13 0.7788231135319D-13
 0.9945441802504D-13 0.1261021828982D-12 0.1605493203879D-12 0.2047828181160D-12
 0.2600495697773D-12 0.3312532820347D-12 0.4215133366552D-12 0.5366826482745D-12
 0.6834214581463D-12 0.8701535646338D-12 0.1107366965362D-11 0.1410340828919D-11
 0.1795307347273D-11 0.2285731328269D-11 0.2909752749372D-11 0.3704900400917D-11
 0.4715994500651D-11 0.6003479473114D-11 0.7641813836161D-11 0.9726917364223D-11
 0.1238027973848D-10 0.1575583729129D-10 0.2005073970521D-10 0.2551393159221D-10
 0.3246269744187D-10 0.4129937713866D-10 0.5253480066314D-10 0.6681791552357D-10
 0.8497194858203D-10 0.1080398730466D-09 0.1373454370166D-09 0.1745651990742D-09
 0.2218229560733D-09 0.2818072345768D-09 0.3579179415751D-09 0.4544555739391D-09
 0.5768522651996D-09 0.7319661065305D-09 0.9284486969019D-09 0.1177202952371D-08
 0.1491958261209D-08 0.1889983318698D-08 0.2392973314483D-08 0.3028155711560D-08
 0.3829650443059D-08 0.4840156263633D-08 0.6113025256192D-08 0.7714805592060D-08
 0.9728355889150D-08 0.1225663493655D-07 0.1542730230218D-07 0.1939826921339D-07
 0.2436436804769D-07 0.3056530712819D-07 0.3829511062299D-07 0.4791321847269D-07
 0.5985743656825D-07 0.7465888372464D-07 0.9295905293202D-07 0.1155289945748D-06
 0.1432905574267D-06 0.1773393780320D-06 0.2189691763946D-06 0.2696964944323D-06
 0.3312847711450D-06 0.4057660534945D-06 0.4954583201197D-06 0.6029756896558D-06
 0.7312285858762D-06 0.8834104535515D-06 0.1062968093789D-05 0.1273553242210D-05
 0.1518955447928D-05 0.1803019653738D-05 0.2129558485553D-05 0.2502278513211D-05
 0.2924754171922D-05 0.3400502287231D-05 0.3933236827919D-05 0.4527416959396D-05
 0.5189242312444D-05 0.5928296543335D-05 0.6760089896660D-05 0.7709797286214D-05
 0.8817523472084D-05 0.1014543430006D-04 0.1178706495641D-04 0.1387902442320D-04
 0.1661517815925D-04 0.2026316235838D-04 0.2518287738683D-04 0.3184638428430D-04
 0.4085868036680D-04 0.5297915470551D-04 0.6914470242921D-04 0.9049740459697D-04
 0.1184231935218D-03 0.1546123839558D-03 0.2011589535465D-03 0.2607209042824D-03
-0.1988123494332D-14-0.2651534214497D-14-0.3314236284395D-14-0.3920528859982D-14
-0.4858760435680D-14-0.6073129073786D-14-0.7840827499833D-14-0.9828333824074D-14
-0.1225712555319D-13-0.1584813949718D-13-0.1987884910178D-13-0.2523633686458D-13
-0.3175270957313D-13-0.4042548443132D-13-0.5180769355084D-13-0.6567473081960D-13
-0.8346674030346D-13-0.1061790724281D-12-0.1349727673617D-12-0.1716184851574D-12
-0.2188293946849D-12-0.2779295116634D-12-0.3541825669917D-12-0.4509076268487D-12
-0.5731426567608D-12-0.7299758785753D-12-0.9294942582937D-12-0.1183002550843D-11
-0.1506078523601D-11-0.1916631067339D-11-0.2439786921914D-11-0.3105839614955D-11
-0.3953085006815D-11-0.5031658394108D-11-0.6403877800304D-11-0.8150753838678D-11
-0.1037262224404D-10-0.1319994459829D-10-0.1679690614232D-10-0.2137169382643D-10
-0.2719057540989D-10-0.3459051620940D-10-0.4399961779051D-10-0.5596145637786D-10
-0.7116601156460D-10-0.9048805350230D-10-0.1150380329123D-09-0.1462229860992D-09
-0.1858260373021D-09-0.2361051187444D-09-0.2999203421083D-09-0.3808881327107D-09
-0.4835829632341D-09-0.6137846456401D-09-0.7787914828670D-09-0.9878132725412D-09
-0.1252460234536D-08-0.1587357476593D-08-0.2010909779224D-08-0.2546252226127D-08
-0.3222435086599D-08-0.4075891945861D-08-0.5152252160962D-08-0.6508583233315D-08
-0.8216144469815D-08-0.1036376620336D-07-0.1306197963771D-07-0.1644804140578D-07
-0.2069203006290D-07-0.2600419412844D-07-0.3264377567813D-07-0.4092952999530D-07
-0.5125219486542D-07-0.6408914348251D-07-0.8002146563482D-07-0.9975366455057D-07
-0.1241361008182D-06-0.1541902057593D-06-0.1911363046820D-06-0.2364236517772D-06
-0.2917619667603D-06-0.3591532689719D-06-0.4409223041251D-06-0.5397430963704D-06
-0.6586583932517D-06-0.8010877849232D-06-0.9708193946629D-06-0.1171979070494D-05
-0.1408970480468D-05-0.1686379423663D-05-0.2008836659764D-05-0.2380836105044D-05
-0.2806510229114D-05-0.3289372968451D-05-0.3832053335637D-05-0.4436062498759D-05
-0.5101663219999D-05-0.5827946749605D-05-0.6613266214352D-05-0.7456231153801D-05
-0.8357526331102D-05-0.9322883739869D-05-0.1036758968568D-04-0.1152294878543D-04
-0.1284512327338D-04-0.1442671355216D-04-0.1641130740098D-04-0.1901100367557D-04
-0.2252660739838D-04-0.2736982672590D-04-0.3408649553018D-04-0.4337971695451D-04
-0.5613218609834D-04-0.7342804772741D-04-0.9657701835931D-04-0.1271472512287D-03
-0.1670190385944D-03-0.2184782214341D-03-0.2843756704341D-03-0.3683849125558D-03
