 480 0.000025010  0.000000  1.700000   1I  1
  32  64  96 128 160 192 224 256 288
 0.2499999936845D-04 0.4239350544510D+07
 0.4999999873689D-04 0.2119348459545D+07
 0.7499999810534D-04 0.1412681034504D+07
 0.9999999747379D-04 0.1059451784615D+07
 0.1249999968422D-03 0.8474665820369D+06
 0.1499999962107D-03 0.7061342684807D+06
 0.1749999955791D-03 0.6051810375232D+06
 0.1999999949476D-03 0.5294657632819D+06
 0.2249999943160D-03 0.4705759926763D+06
 0.2499999936845D-03 0.4234640947510D+06
 0.2749999930529D-03 0.3849179291313D+06
 0.2999999924214D-03 0.3527960677139D+06
 0.3249999917898D-03 0.3256159826028D+06
 0.3499999911583D-03 0.3023187247912D+06
 0.3749999905267D-03 0.2821277312412D+06
 0.3999999898952D-03 0.2644605794287D+06
 0.4249999892636D-03 0.2488718871758D+06
 0.4499999886320D-03 0.2350152459555D+06
 0.4749999880005D-03 0.2226171752200D+06
 0.4999999873689D-03 0.2114588904239D+06
 0.5249999867374D-03 0.2013632801525D+06
 0.5499999861058D-03 0.1921854350476D+06
 0.5749999854743D-03 0.1838056472690D+06
 0.5999999848427D-03 0.1761241602757D+06
 0.6249999842112D-03 0.1690571784781D+06
 0.6499999835796D-03 0.1625337979456D+06
 0.6749999829481D-03 0.1564936189622D+06
 0.6999999823165D-03 0.1508848703068D+06
 0.7249999816850D-03 0.1456629216286D+06
 0.7499999810534D-03 0.1407890932567D+06
 0.7749999804219D-03 0.1362296964248D+06
 0.7999999797903D-03 0.1319552534486D+06
 0.8499999785272D-03 0.1241606580807D+06
 0.8999999772641D-03 0.1172321014700D+06
 0.9499999760010D-03 0.1110328421526D+06
 0.9999999747379D-03 0.1054534868527D+06
 0.1049999973475D-02 0.1004054789767D+06
 0.1099999972212D-02 0.9581636310563D+05
 0.1149999970949D-02 0.9162628467569D+05
 0.1199999969685D-02 0.8778536482900D+05
 0.1249999968422D-02 0.8425170527265D+05
 0.1299999967159D-02 0.8098985360204D+05
 0.1349999965896D-02 0.7796960954262D+05
 0.1399999964633D-02 0.7516508712204D+05
 0.1449999963370D-02 0.7255397085876D+05
 0.1499999962107D-02 0.7011692061781D+05
 0.1549999960844D-02 0.6783709174772D+05
 0.1599999959581D-02 0.6569974516210D+05
 0.1649999958317D-02 0.6369192831560D+05
 0.1699999957054D-02 0.6180221247804D+05
 0.1749999955791D-02 0.6002047504769D+05
 0.1799999954528D-02 0.5833771814512D+05
 0.1849999953265D-02 0.5674591662484D+05
 0.1899999952002D-02 0.5523789008490D+05
 0.1949999950739D-02 0.5380719456732D+05
 0.1999999949476D-02 0.5244803050361D+05
 0.2049999948213D-02 0.5115516412787D+05
 0.2099999946950D-02 0.4992386008173D+05
 0.2149999945686D-02 0.4874982356618D+05
 0.2199999944423D-02 0.4762915019022D+05
 0.2249999943160D-02 0.4655828261838D+05
 0.2299999941897D-02 0.4553397279648D+05
 0.2349999940634D-02 0.4455324913655D+05
 0.2399999939371D-02 0.4361338770566D+05
 0.2499999936845D-02 0.4184644517188D+05
 0.2599999934318D-02 0.4021541841048D+05
 0.2699999931792D-02 0.3870520670674D+05
 0.2799999929266D-02 0.3730286663178D+05
 0.2899999926740D-02 0.3599723999672D+05
 0.2999999924214D-02 0.3477865631473D+05
 0.3099999921687D-02 0.3363869287338D+05
 0.3199999919161D-02 0.3256997977055D+05
 0.3299999916635D-02 0.3156604039894D+05
 0.3399999914109D-02 0.3062116007988D+05
 0.3499999911583D-02 0.2973027721782D+05
 0.3599999909056D-02 0.2888889259530D+05
 0.3699999906530D-02 0.2809299337742D+05
 0.3799999904004D-02 0.2733898911533D+05
 0.3899999901478D-02 0.2662365759583D+05
 0.3999999898952D-02 0.2594409881331D+05
 0.4099999896425D-02 0.2529769567779D+05
 0.4199999893899D-02 0.2468208028993D+05
 0.4299999891373D-02 0.2409510502660D+05
 0.4399999888847D-02 0.2353481754073D+05
 0.4499999886320D-02 0.2299943899436D+05
 0.4599999883794D-02 0.2248734519388D+05
 0.4699999881268D-02 0.2199705010566D+05
 0.4799999878742D-02 0.2152719166755D+05
 0.4899999876216D-02 0.2107651895047D+05
 0.4999999873689D-02 0.2064388094333D+05
 0.5099999871163D-02 0.2022821710081D+05
 0.5199999868637D-02 0.1982854841947D+05
 0.5299999866111D-02 0.1944396957826D+05
 0.5399999863585D-02 0.1907364257495D+05
 0.5499999861058D-02 0.1871679022896D+05
 0.5599999858532D-02 0.1837269076822D+05
 0.5799999853480D-02 0.1772011291292D+05
 0.5999999848427D-02 0.1711107285124D+05
 0.6199999843375D-02 0.1654135836772D+05
 0.6399999838322D-02 0.1600728370089D+05
 0.6599999833270D-02 0.1550560978011D+05
 0.6799999828218D-02 0.1503347853880D+05
 0.6999999823165D-02 0.1458835848828D+05
 0.7199999818113D-02 0.1416799936275D+05
 0.7399999813060D-02 0.1377039411924D+05
 0.7599999808008D-02 0.1339374693745D+05
 0.7799999802955D-02 0.1303644614259D+05
 0.7999999797903D-02 0.1269704118953D+05
 0.8199999792851D-02 0.1237422301477D+05
 0.8399999787798D-02 0.1206680719343D+05
 0.8599999782746D-02 0.1177371938432D+05
 0.8799999777693D-02 0.1149398299356D+05
 0.8999999772641D-02 0.1122670816707D+05
 0.9199999767588D-02 0.1097108240388D+05
 0.9399999762536D-02 0.1072636226874D+05
 0.9599999757484D-02 0.1049186635010D+05
 0.9799999752431D-02 0.1026696881502D+05
 0.9999999747379D-02 0.1005109384126D+05
 0.1019999974233D-01 0.9843710780699D+04
 0.1039999973727D-01 0.9644329804253D+04
 0.1059999973222D-01 0.9452497996565D+04
 0.1079999972717D-01 0.9267796009378D+04
 0.1099999972212D-01 0.9089834968466D+04
 0.1119999971706D-01 0.8918253763689D+04
 0.1139999971201D-01 0.8752716617549D+04
 0.1159999970696D-01 0.8592910895068D+04
 0.1179999970191D-01 0.8438545161920D+04
 0.1199999969685D-01 0.8289347368558D+04
 0.1239999968675D-01 0.8005455278660D+04
 0.1279999967664D-01 0.7739390101033D+04
 0.1319999966654D-01 0.7489530776342D+04
 0.1359999965644D-01 0.7254446873662D+04
 0.1399999964633D-01 0.7032871371483D+04
 0.1439999963623D-01 0.6823677984524D+04
 0.1479999962612D-01 0.6625862135675D+04
 0.1519999961602D-01 0.6438524935062D+04
 0.1559999960591D-01 0.6260859658923D+04
 0.1599999959581D-01 0.6092140225067D+04
 0.1639999958570D-01 0.5931711361182D+04
 0.1679999957560D-01 0.5778980176680D+04
 0.1719999956549D-01 0.5633409008967D+04
 0.1759999955539D-01 0.5494509046822D+04
 0.1799999954528D-01 0.5361834797042D+04
 0.1839999953518D-01 0.5234979545525D+04
 0.1879999952507D-01 0.5113571328518D+04
 0.1919999951497D-01 0.4997269156093D+04
 0.1959999950486D-01 0.4885759666239D+04
 0.1999999949476D-01 0.4778754729731D+04
 0.2039999948465D-01 0.4675989037806D+04
 0.2079999947455D-01 0.4577217237462D+04
 0.2119999946444D-01 0.4482212797836D+04
 0.2159999945434D-01 0.4390766101844D+04
 0.2199999944423D-01 0.4302682334747D+04
 0.2239999943413D-01 0.4217781155371D+04
 0.2279999942402D-01 0.4135894494197D+04
 0.2319999941392D-01 0.4056865939233D+04
 0.2359999940381D-01 0.3980550017704D+04
 0.2399999939371D-01 0.3906810357779D+04
 0.2439999938360D-01 0.3835520357436D+04
 0.2479999937350D-01 0.3766560707449D+04
 0.2559999935329D-01 0.3635194989732D+04
 0.2639999933308D-01 0.3511903225902D+04
 0.2719999931287D-01 0.3395970885119D+04
 0.2799999929266D-01 0.3286765229249D+04
 0.2879999927245D-01 0.3183723940490D+04
 0.2959999925224D-01 0.3086345611956D+04
 0.3039999923203D-01 0.2994181767476D+04
 0.3119999921182D-01 0.2906829868430D+04
 0.3199999919161D-01 0.2823927739184D+04
 0.3279999917140D-01 0.2745148574706D+04
 0.3359999915119D-01 0.2670196714071D+04
 0.3439999913098D-01 0.2598804015728D+04
 0.3519999911077D-01 0.2530727029550D+04
 0.3599999909056D-01 0.2465743489228D+04
 0.3679999907035D-01 0.2403650596439D+04
 0.3759999905014D-01 0.2344262840308D+04
 0.3839999902993D-01 0.2287410547610D+04
 0.3919999900972D-01 0.2232937235191D+04
 0.3999999898952D-01 0.2180699102338D+04
 0.4079999896931D-01 0.2130564285061D+04
 0.4159999894910D-01 0.2082410167185D+04
 0.4239999892889D-01 0.2036123613331D+04
 0.4319999890868D-01 0.1991600617392D+04
 0.4399999888847D-01 0.1948743599276D+04
 0.4479999886826D-01 0.1907462697204D+04
 0.4559999884805D-01 0.1867674374514D+04
 0.4639999882784D-01 0.1829300188194D+04
 0.4719999880763D-01 0.1792268264259D+04
 0.4799999878742D-01 0.1756510063082D+04
 0.4879999876721D-01 0.1721962832933D+04
 0.4959999874700D-01 0.1688567026857D+04
 0.5039999872679D-01 0.1656267348103D+04
 0.5199999868637D-01 0.1594751787666D+04
 0.5359999864595D-01 0.1537037798006D+04
 0.5519999860553D-01 0.1482791208520D+04
 0.5679999856511D-01 0.1431715798298D+04
 0.5839999852469D-01 0.1383548077990D+04
 0.5999999848427D-01 0.1338052900381D+04
 0.6159999844385D-01 0.1295019751440D+04
 0.6319999840343D-01 0.1254259602938D+04
 0.6479999836301D-01 0.1215602230575D+04
 0.6639999832259D-01 0.1178894063270D+04
 0.6799999828218D-01 0.1143996064626D+04
 0.6959999824176D-01 0.1110781822998D+04
 0.7119999820134D-01 0.1079136442290D+04
 0.7279999816092D-01 0.1048955173804D+04
 0.7439999812050D-01 0.1020142760199D+04
 0.7599999808008D-01 0.9926112649322D+03
 0.7759999803966D-01 0.9662802265626D+03
 0.7919999799924D-01 0.9410761049782D+03
 0.8079999795882D-01 0.9169308919473D+03
 0.8239999791840D-01 0.8937815538202D+03
 0.8399999787798D-01 0.8715705668154D+03
 0.8559999783756D-01 0.8502442632832D+03
 0.8719999779714D-01 0.8297525745215D+03
 0.8879999775672D-01 0.8100502912701D+03
 0.9039999771630D-01 0.7910938716327D+03
 0.9199999767588D-01 0.7728437525952D+03
 0.9359999763547D-01 0.7552630720041D+03
 0.9519999759505D-01 0.7383167191511D+03
 0.9679999755463D-01 0.7219732425431D+03
 0.9839999751421D-01 0.7062015267129D+03
 0.9999999747379D-01 0.6909743684867D+03
 0.1015999974334D+00 0.6762644352259D+03
 0.1047999973525D+00 0.6483002944163D+03
 0.1079999972717D+00 0.6221287122251D+03
 0.1111999971909D+00 0.5975903453363D+03
 0.1143999971100D+00 0.5745439682677D+03
 0.1175999970292D+00 0.5528640931999D+03
 0.1207999969483D+00 0.5324388166853D+03
 0.1239999968675D+00 0.5131678686888D+03
 0.1271999967867D+00 0.4949613731545D+03
 0.1303999967058D+00 0.4777384597905D+03
 0.1335999966250D+00 0.4614261511827D+03
 0.1367999965441D+00 0.4459584012497D+03
 0.1399999964633D+00 0.4312758403490D+03
 0.1431999963825D+00 0.4173236745684D+03
 0.1463999963016D+00 0.4040521934017D+03
 0.1495999962208D+00 0.3914159630886D+03
 0.1527999961399D+00 0.3793741429056D+03
 0.1559999960591D+00 0.3678880970791D+03
 0.1591999959783D+00 0.3569226377028D+03
 0.1623999958974D+00 0.3464461872887D+03
 0.1655999958166D+00 0.3364286930026D+03
 0.1687999957358D+00 0.3268423491579D+03
 0.1719999956549D+00 0.3176627587919D+03
 0.1751999955741D+00 0.3088656991822D+03
 0.1783999954932D+00 0.3004295267807D+03
 0.1815999954124D+00 0.2923346038442D+03
 0.1847999953316D+00 0.2845614491770D+03
 0.1879999952507D+00 0.2770936108578D+03
 0.1911999951699D+00 0.2699141815702D+03
 0.1943999950890D+00 0.2630084708626D+03
 0.1975999950082D+00 0.2563624197377D+03
 0.2007999949274D+00 0.2499627518701D+03
 0.2039999948465D+00 0.2437975898087D+03
 0.2103999946848D+00 0.2321248841288D+03
 0.2167999945232D+00 0.2212611268293D+03
 0.2231999943615D+00 0.2111330001039D+03
 0.2295999941998D+00 0.2016755721821D+03
 0.2359999940381D+00 0.1928310762926D+03
 0.2423999938765D+00 0.1845478970448D+03
 0.2487999937148D+00 0.1767798762598D+03
 0.2551999935531D+00 0.1694855339586D+03
 0.2615999933914D+00 0.1626271211462D+03
 0.2679999932298D+00 0.1561705781299D+03
 0.2743999930681D+00 0.1500849581443D+03
 0.2807999929064D+00 0.1443421501715D+03
 0.2871999927447D+00 0.1389173174842D+03
 0.2935999925830D+00 0.1337865427637D+03
 0.2999999924214D+00 0.1289283590428D+03
 0.3063999922597D+00 0.1243235168045D+03
 0.3127999920980D+00 0.1199546913408D+03
 0.3191999919363D+00 0.1158048348594D+03
 0.3255999917747D+00 0.1118590532059D+03
 0.3319999916130D+00 0.1081044218227D+03
 0.3383999914513D+00 0.1045274350587D+03
 0.3447999912896D+00 0.1011169022980D+03
 0.3511999911279D+00 0.9786255132293D+02
 0.3575999909663D+00 0.9475383181818D+02
 0.3639999908046D+00 0.9178283523789D+02
 0.3703999906429D+00 0.8894051633547D+02
 0.3767999904812D+00 0.8621954829199D+02
 0.3831999903196D+00 0.8361313437513D+02
 0.3895999901579D+00 0.8111438301169D+02
 0.3959999899962D+00 0.7871798401058D+02
 0.4023999898345D+00 0.7641769369532D+02
 0.4087999896728D+00 0.7420921211887D+02
 0.4215999893495D+00 0.7004740898971D+02
 0.4343999890261D+00 0.6619841120101D+02
 0.4471999887028D+00 0.6263230404263D+02
 0.4599999883794D+00 0.5932262067579D+02
 0.4727999880561D+00 0.5624573220897D+02
 0.4855999877327D+00 0.5338041191308D+02
 0.4983999874094D+00 0.5070754219699D+02
 0.5111999870860D+00 0.4821004354009D+02
 0.5239999867626D+00 0.4587268747105D+02
 0.5367999864393D+00 0.4368144533858D+02
 0.5495999861159D+00 0.4162398222562D+02
 0.5623999857926D+00 0.3968933134687D+02
 0.5751999854692D+00 0.3786793322197D+02
 0.5879999851459D+00 0.3615117722462D+02
 0.6007999848225D+00 0.3453112482475D+02
 0.6135999844992D+00 0.3300083049110D+02
 0.6263999841758D+00 0.3155433595724D+02
 0.6391999838524D+00 0.3018581399619D+02
 0.6519999835291D+00 0.2889008110440D+02
 0.6647999832057D+00 0.2766269501222D+02
 0.6775999828824D+00 0.2649924502361D+02
 0.6903999825590D+00 0.2539570048562D+02
 0.7031999822357D+00 0.2434870599784D+02
 0.7159999819123D+00 0.2335462111126D+02
 0.7287999815890D+00 0.2241041901052D+02
 0.7415999812656D+00 0.2151324115593D+02
 0.7543999809423D+00 0.2066015089055D+02
 0.7671999806189D+00 0.1984894088225D+02
 0.7799999802955D+00 0.1907681562104D+02
 0.7927999799722D+00 0.1834196822470D+02
 0.8055999796488D+00 0.1764191663179D+02
 0.8183999793255D+00 0.1697497132598D+02
 0.8311999790021D+00 0.1633908591561D+02
 0.8439999786788D+00 0.1573266280781D+02
 0.8567999783554D+00 0.1515396622561D+02
 0.8695999780321D+00 0.1460155251070D+02
 0.8823999777087D+00 0.1407388090190D+02
 0.8951999773853D+00 0.1356972704371D+02
 0.9079999770620D+00 0.1308763146442D+02
 0.9207999767386D+00 0.1262666239581D+02
 0.9335999764153D+00 0.1218532379489D+02
 0.9463999760919D+00 0.1176306112281D+02
 0.9591999757686D+00 0.1135832118445D+02
 0.9719999754452D+00 0.1097070894490D+02
 0.9847999751219D+00 0.1059888006474D+02
 0.9975999747985D+00 0.1024234754666D+02
 0.1010399974475D+01 0.9900153808971D+01
 0.1023199974152D+01 0.9571561414963D+01
 0.1035999973828D+01 0.9256113393267D+01
 0.1048799973505D+01 0.8952800607994D+01
 0.1061599973182D+01 0.8661423779742D+01
 0.1074399972858D+01 0.8381081263511D+01
 0.1087199972535D+01 0.8111359421182D+01
 0.1099999972212D+01 0.7851871317574D+01
 0.1112799971888D+01 0.7601869777685D+01
 0.1125599971565D+01 0.7361221646677D+01
 0.1138399971242D+01 0.7129278527475D+01
 0.1151199970918D+01 0.6905619705736D+01
 0.1163999970595D+01 0.6690174554804D+01
 0.1176799970272D+01 0.6482221796028D+01
 0.1189599969948D+01 0.6281597986038D+01
 0.1202399969625D+01 0.6088053203800D+01
 0.1215199969301D+01 0.5901085174853D+01
 0.1227999968978D+01 0.5720597851662D+01
 0.1240799968655D+01 0.5546270542388D+01
 0.1253599968331D+01 0.5377733822902D+01
 0.1266399968008D+01 0.5214929583710D+01
 0.1279199967685D+01 0.5057531312650D+01
 0.1291999967361D+01 0.4905244350363D+01
 0.1304799967038D+01 0.4758029328320D+01
 0.1317599966715D+01 0.4615595990339D+01
 0.1330399966391D+01 0.4477682651358D+01
 0.1343199966068D+01 0.4344252477337D+01
 0.1355999965745D+01 0.4215086626316D+01
 0.1368799965421D+01 0.4089921917787D+01
 0.1381599965098D+01 0.3968705082542D+01
 0.1394399964774D+01 0.3851329180901D+01
 0.1407199964451D+01 0.3737496026513D+01
 0.1419999964128D+01 0.3627110502769D+01
 0.1432799963804D+01 0.3520229767126D+01
 0.1445599963481D+01 0.3416485696051D+01
 0.1458399963158D+01 0.3315795700460D+01
 0.1471199962834D+01 0.3218184039634D+01
 0.1483999962511D+01 0.3123436058488D+01
 0.1496799962188D+01 0.3031395408120D+01
 0.1509599961864D+01 0.2942018324913D+01
 0.1522399961541D+01 0.2855303816489D+01
 0.1535199961218D+01 0.2770994977980D+01
 0.1547999960894D+01 0.2689032133855D+01
 0.1560799960571D+01 0.2609428749323D+01
 0.1573599960248D+01 0.2532050108553D+01
 0.1586399959924D+01 0.2456768628823D+01
 0.1599199959601D+01 0.2383533953091D+01
 0.1611999959277D+01 0.2312372245616D+01
 0.1624799958954D+01 0.2243117823754D+01
 0.1637599958631D+01 0.2175709806766D+01
 0.1650399958307D+01 0.2110271644657D+01
 0.1663199957984D+01 0.2048825572278D+01
 0.1675999957661D+01 0.1987379499899D+01
 0.1688799957337D+01 0.1925933427520D+01
 0.1701599957014D+01 0.1865411790645D+01
 0.1714399956691D+01 0.1805793883298D+01
 0.1727199956367D+01 0.1747059613300D+01
 0.1739999956044D+01 0.1689189479688D+01
 0.1752799955721D+01 0.1632164551131D+01
 0.1765599955397D+01 0.1575966445281D+01
 0.1778399955074D+01 0.1520577309015D+01
 0.1791199954750D+01 0.1465979799530D+01
 0.1803999954427D+01 0.1412157066233D+01
 0.1816799954104D+01 0.1359092733404D+01
 0.1829599953780D+01 0.1306770883589D+01
 0.1842399953457D+01 0.1255176041674D+01
 0.1855199953134D+01 0.1204293159629D+01
 0.1867999952810D+01 0.1154107601879D+01
 0.1880799952487D+01 0.1104605131261D+01
 0.1893599952164D+01 0.1055771895564D+01
 0.1906399951840D+01 0.1007594414606D+01
 0.1919199951517D+01 0.9600595678256D+00
 0.1931999951194D+01 0.9131545823686D+00
 0.1944799950870D+01 0.8668670216482D+00
 0.1957599950547D+01 0.8211847743495D+00
 0.1970399950224D+01 0.7760960438652D+00
 0.1983199949900D+01 0.7315893381390D+00
 0.1995999949577D+01 0.6876534599010D+00
 0.2008799949253D+01 0.6442774972758D+00
 0.2021599948930D+01 0.6014508147472D+00
 0.2034399948607D+01 0.5591630444643D+00
 0.2047199948283D+01 0.5174040778739D+00
 0.2059999947960D+01 0.4761640576644D+00
 0.2072799947637D+01 0.4354333700087D+00
 0.2085599947313D+01 0.3952026370921D+00
 0.2098399946990D+01 0.3554627099145D+00
 0.2111199946667D+01 0.3162046613536D+00
 0.2123999946343D+01 0.2774197794798D+00
 0.2136799946020D+01 0.2390995611102D+00
 0.2149599945697D+01 0.2012357055943D+00
 0.2162399945373D+01 0.1638201088193D+00
 0.2175199945050D+01 0.1268448574274D+00
 0.2187999944726D+01 0.9030222323646D-01
 0.2200799944403D+01 0.5418465785471D-01
 0.2213599944080D+01 0.1848478748279D-01
 0.2226399943756D+01-0.1680459210512D-01
 0.2239199943433D+01-0.5169052040799D-01
 0.2251999943110D+01-0.8617987687936D-01
 0.2264799942786D+01-0.1202793854500D+00
 0.2277599942463D+01-0.1539956188979D+00
 0.2290399942140D+01-0.1873350030722D+00
 0.2303199941816D+01-0.2203038209757D+00
 0.2315999941493D+01-0.2529082167124D+00
 0.2328799941170D+01-0.2851541993047D+00
 0.2341599940846D+01-0.3170476463852D+00
 0.2354399940523D+01-0.3485943077685D+00
 0.2367199940199D+01-0.3797998089071D+00
 0.2379999939876D+01-0.4106696542352D+00
 0.2392799939553D+01-0.4412092304056D+00
 0.2405599939229D+01-0.4714238094235D+00
 0.2418399938906D+01-0.5013185516804D+00
 0.2431199938583D+01-0.5308985088922D+00
 0.2443999938259D+01-0.5601686269449D+00
 0.2456799937936D+01-0.5891337486520D+00
 0.2469599937613D+01-0.6177986164249D+00
 0.2482399937289D+01-0.6461678748621D+00
 0.2495199936966D+01-0.6742460732576D+00
 0.2507999936643D+01-0.7020376680331D+00
 0.2520799936319D+01-0.7295470250959D+00
 0.2533599935996D+01-0.7567784221253D+00
 0.2546399935673D+01-0.7837360507899D+00
 0.2559199935349D+01-0.8104240188989D+00
 0.2571999935026D+01-0.8368463524886D+00
 0.2584799934702D+01-0.8630069978472D+00
 0.2597599934379D+01-0.8889098234795D+00
 0.2610399934056D+01-0.9145586220139D+00
 0.2623199933732D+01-0.9399571120539D+00
 0.2635999933409D+01-0.9651089399751D+00
 0.2648799933086D+01-0.9900176816707D+00
 0.2661599932762D+01-0.1014686844246D+01
 0.2674399932439D+01-0.1039119867663D+01
 0.2687199932116D+01-0.1063320126345D+01
 0.2699999931792D+01-0.1087290930722D+01
 0.2712799931469D+01-0.1111035528746D+01
 0.2725599931146D+01-0.1134557107359D+01
 0.2738399930822D+01-0.1157858793913D+01
 0.2751199930499D+01-0.1180943657563D+01
 0.2763999930175D+01-0.1203814710608D+01
 0.2776799929852D+01-0.1226474909809D+01
 0.2789599929529D+01-0.1248927157654D+01
 0.2802399929205D+01-0.1271174303606D+01
 0.2815199928882D+01-0.1293219145304D+01
 0.2827999928559D+01-0.1315064429737D+01
 0.2840799928235D+01-0.1336712854383D+01
 0.2853599927912D+01-0.1358167068322D+01
 0.2866399927589D+01-0.1379429673318D+01
 400 0.000025010  0.000000  1.000000   2H  1
  32  64  96 128 160 192 224 256 288
 0.2499999936845D-04 0.7999661700780D+05
 0.4999999873689D-04 0.3999661589149D+05
 0.7499999810534D-04 0.2666328217941D+05
 0.9999999747379D-04 0.1999661532176D+05
 0.1249999968422D-03 0.1599661520662D+05
 0.1499999962107D-03 0.1332994846298D+05
 0.1749999955791D-03 0.1142518650314D+05
 0.1999999949476D-03 0.9996615033225D+04
 0.2249999943160D-03 0.8885503889936D+04
 0.2499999936845D-03 0.7996499435329D+04
 0.2749999930529D-03 0.7270550548374D+04
 0.2999999924214D-03 0.6664691252121D+04
 0.3249999917898D-03 0.6151954801621D+04
 0.3499999911583D-03 0.5712434396663D+04
 0.3749999905267D-03 0.5331501754120D+04
 0.3999999898952D-03 0.4998178083422D+04
 0.4249999892636D-03 0.4704065022045D+04
 0.4499999886320D-03 0.4442629150726D+04
 0.4749999880005D-03 0.4208711827520D+04
 0.4999999873689D-03 0.3998185763948D+04
 0.5249999867374D-03 0.3807709614373D+04
 0.5499999861058D-03 0.3634549419627D+04
 0.5749999854743D-03 0.3476446622581D+04
 0.5999999848427D-03 0.3331519056400D+04
 0.6249999842112D-03 0.3198185693548D+04
 0.6499999835796D-03 0.3075108741328D+04
 0.6749999829481D-03 0.2961148598557D+04
 0.6999999823165D-03 0.2855328464218D+04
 0.7249999816850D-03 0.2756806268476D+04
 0.7499999810534D-03 0.2664852217468D+04
 0.7749999804219D-03 0.2578830684287D+04
 0.7999999797903D-03 0.2498185495384D+04
 0.8499999785272D-03 0.2351126617142D+04
 0.8999999772641D-03 0.2220407608772D+04
 0.9499999760010D-03 0.2103448490824D+04
 0.9999999747379D-03 0.1998185279738D+04
 0.1049999973475D-02 0.1902947131681D+04
 0.1099999972212D-02 0.1816366992606D+04
 0.1149999970949D-02 0.1737315556998D+04
 0.1199999969685D-02 0.1664851736924D+04
 0.1249999968422D-02 0.1598185018526D+04
 0.1299999967159D-02 0.1536646505458D+04
 0.1349999965896D-02 0.1479666397130D+04
 0.1399999964633D-02 0.1426756293036D+04
 0.1449999963370D-02 0.1377495158258D+04
 0.1499999962107D-02 0.1331518095867D+04
 0.1549999960844D-02 0.1288507292406D+04
 0.1599999959581D-02 0.1248184661105D+04
 0.1649999958317D-02 0.1210305822676D+04
 0.1699999957054D-02 0.1174655148338D+04
 0.1749999955791D-02 0.1141041652600D+04
 0.1799999954528D-02 0.1109295570579D+04
 0.1849999953265D-02 0.1079265490354D+04
 0.1899999952002D-02 0.1050815938101D+04
 0.1949999950739D-02 0.1023825334745D+04
 0.1999999949476D-02 0.9981842591207D+03
 0.2049999948213D-02 0.9737939652974D+03
 0.2099999946950D-02 0.9505651117187D+03
 0.2149999945686D-02 0.9284166676711D+03
 0.2199999944423D-02 0.9072749688697D+03
 0.2249999943160D-02 0.8870728989655D+03
 0.2299999941897D-02 0.8677491778138D+03
 0.2349999940634D-02 0.8492477406014D+03
 0.2399999939371D-02 0.8315171945832D+03
 0.2499999936845D-02 0.7981837622460D+03
 0.2599999934318D-02 0.7674144326281D+03
 0.2699999931792D-02 0.7389243054334D+03
 0.2799999929266D-02 0.7124691804075D+03
 0.2899999926740D-02 0.6878385400896D+03
 0.2999999924214D-02 0.6648499360144D+03
 0.3099999921687D-02 0.6433444614533D+03
 0.3199999919161D-02 0.6231830730189D+03
 0.3299999916635D-02 0.6042435810676D+03
 0.3399999914109D-02 0.5864181712079D+03
 0.3499999911583D-02 0.5696113506932D+03
 0.3599999909056D-02 0.5537382370819D+03
 0.3699999906530D-02 0.5387231244126D+03
 0.3799999904004D-02 0.5244982757723D+03
 0.3899999901478D-02 0.5110029016240D+03
 0.3999999898952D-02 0.4981822913840D+03
 0.4099999896425D-02 0.4859870720864D+03
 0.4199999893899D-02 0.4743725729529D+03
 0.4299999891373D-02 0.4632982786264D+03
 0.4399999888847D-02 0.4527273569641D+03
 0.4499999886320D-02 0.4426262497911D+03
 0.4599999883794D-02 0.4329643170343D+03
 0.4699999881268D-02 0.4237135262877D+03
 0.4799999878742D-02 0.4148481811784D+03
 0.4899999876216D-02 0.4063446829955D+03
 0.4999999873689D-02 0.3981813209266D+03
 0.5099999871163D-02 0.3903380869681D+03
 0.5199999868637D-02 0.3827965121917D+03
 0.5299999866111D-02 0.3755395215523D+03
 0.5399999863585D-02 0.3685513048232D+03
 0.5499999861058D-02 0.3618172016099D+03
 0.5599999858532D-02 0.3553235986920D+03
 0.5799999853480D-02 0.3430081350672D+03
 0.5999999848427D-02 0.3315136897148D+03
 0.6199999843375D-02 0.3207608092693D+03
 0.6399999838322D-02 0.3106799720359D+03
 0.6599999833270D-02 0.3012100831919D+03
 0.6799999828218D-02 0.2922972355409D+03
 0.6999999823165D-02 0.2838936827086D+03
 0.7199999818113D-02 0.2759569834737D+03
 0.7399999813060D-02 0.2684492848546D+03
 0.7599999808008D-02 0.2613367183946D+03
 0.7799999802955D-02 0.2545888893244D+03
 0.7999999797903D-02 0.2481784423522D+03
 0.8199999792851D-02 0.2420806909934D+03
 0.8399999787798D-02 0.2362732998582D+03
 0.8599999782746D-02 0.2307360112688D+03
 0.8799999777693D-02 0.2254504091533D+03
 0.8999999772641D-02 0.2203997144246D+03
 0.9199999767588D-02 0.2155686070426D+03
 0.9399999762536D-02 0.2109430708063D+03
 0.9599999757484D-02 0.2065102575299D+03
 0.9799999752431D-02 0.2022583678563D+03
 0.9999999747379D-02 0.1981765463776D+03
 0.1019999974233D-01 0.1942547890948D+03
 0.1039999973727D-01 0.1904838615417D+03
 0.1059999973222D-01 0.1868552261943D+03
 0.1079999972717D-01 0.1833609779428D+03
 0.1099999972212D-01 0.1799937865851D+03
 0.1119999971706D-01 0.1767468455133D+03
 0.1139999971201D-01 0.1736138257744D+03
 0.1159999970696D-01 0.1705888348887D+03
 0.1179999970191D-01 0.1676663798788D+03
 0.1199999969685D-01 0.1648413339495D+03
 0.1239999968675D-01 0.1594646160113D+03
 0.1279999967664D-01 0.1544239202249D+03
 0.1319999966654D-01 0.1496886991774D+03
 0.1359999965644D-01 0.1452319992694D+03
 0.1399999964633D-01 0.1410299473124D+03
 0.1439999963623D-01 0.1370613226944D+03
 0.1479999962612D-01 0.1333071989239D+03
 0.1519999961602D-01 0.1297506417713D+03
 0.1559999960591D-01 0.1263764538516D+03
 0.1599999959581D-01 0.1231709575183D+03
 0.1639999958570D-01 0.1201218095292D+03
 0.1679999957560D-01 0.1172178421810D+03
 0.1719999956549D-01 0.1144489266392D+03
 0.1759999955539D-01 0.1118058548686D+03
 0.1799999954528D-01 0.1092802373266D+03
 0.1839999953518D-01 0.1068644139862D+03
 0.1879999952507D-01 0.1045513767455D+03
 0.1919999951497D-01 0.1023347015173D+03
 0.1959999950486D-01 0.1002084886235D+03
 0.1999999949476D-01 0.9816731034544D+02
 0.2039999948465D-01 0.9620616469646D+02
 0.2079999947455D-01 0.9432043444432D+02
 0.2119999946444D-01 0.9250585080981D+02
 0.2159999945434D-01 0.9075846125503D+02
 0.2199999944423D-01 0.8907460067124D+02
 0.2239999943413D-01 0.8745086574792D+02
 0.2279999942402D-01 0.8588409202623D+02
 0.2319999941392D-01 0.8437133323691D+02
 0.2359999940381D-01 0.8290984291776D+02
 0.2399999939371D-01 0.8149705765496D+02
 0.2439999938360D-01 0.8013058215499D+02
 0.2479999937350D-01 0.7880817565335D+02
 0.2559999935329D-01 0.7628730680179D+02
 0.2639999933308D-01 0.7391917738846D+02
 0.2719999931287D-01 0.7169031060824D+02
 0.2799999929266D-01 0.6958876986202D+02
 0.2879999927245D-01 0.6760394483822D+02
 0.2959999925224D-01 0.6572637228733D+02
 0.3039999923203D-01 0.6394758509009D+02
 0.3119999921182D-01 0.6225998455014D+02
 0.3199999919161D-01 0.6065673184162D+02
 0.3279999917140D-01 0.5913165534249D+02
 0.3359999915119D-01 0.5767917118634D+02
 0.3439999913098D-01 0.5629421494143D+02
 0.3519999911077D-01 0.5497218260221D+02
 0.3599999909056D-01 0.5370887939954D+02
 0.3679999907035D-01 0.5250047531511D+02
 0.3759999905014D-01 0.5134346625617D+02
 0.3839999902993D-01 0.5023464021121D+02
 0.3919999900972D-01 0.4917104735343D+02
 0.3999999898952D-01 0.4814997376058D+02
 0.4079999896931D-01 0.4716891847173D+02
 0.4159999894910D-01 0.4622557289785D+02
 0.4239999892889D-01 0.4531780256313D+02
 0.4319999890868D-01 0.4444363125689D+02
 0.4399999888847D-01 0.4360122642908D+02
 0.4479999886826D-01 0.4278888635349D+02
 0.4559999884805D-01 0.4200502888001D+02
 0.4639999882784D-01 0.4124818079647D+02
 0.4719999880763D-01 0.4051696890909D+02
 0.4799999878742D-01 0.3981011151232D+02
 0.4879999876721D-01 0.3912641090991D+02
 0.4959999874700D-01 0.3846474678980D+02
 0.5039999872679D-01 0.3782406979514D+02
 0.5199999868637D-01 0.3660180325484D+02
 0.5359999864595D-01 0.3545244119233D+02
 0.5519999860553D-01 0.3436964482357D+02
 0.5679999856511D-01 0.3334778959108D+02
 0.5839999852469D-01 0.3238186732516D+02
 0.5999999848427D-01 0.3146740405965D+02
 0.6159999844385D-01 0.3060039065607D+02
 0.6319999840343D-01 0.2977722393940D+02
 0.6479999836301D-01 0.2899465656617D+02
 0.6639999832259D-01 0.2824975428093D+02
 0.6799999828218D-01 0.2753985895720D+02
 0.6959999824176D-01 0.2686255690055D+02
 0.7119999820134D-01 0.2621565133459D+02
 0.7279999816092D-01 0.2559713851926D+02
 0.7439999812050D-01 0.2500518728644D+02
 0.7599999808008D-01 0.2443812060783D+02
 0.7759999803966D-01 0.2389439959588D+02
 0.7919999799924D-01 0.2337260984441D+02
 0.8079999795882D-01 0.2287144909677D+02
 0.8239999791840D-01 0.2238971600009D+02
 0.8399999787798D-01 0.2192630080705D+02
 0.8559999783756D-01 0.2148017696837D+02
 0.8719999779714D-01 0.2105039283087D+02
 0.8879999775672D-01 0.2063606572536D+02
 0.9039999771630D-01 0.2023637539852D+02
 0.9199999767588D-01 0.1985055832101D+02
 0.9359999763547D-01 0.1947790377712D+02
 0.9519999759505D-01 0.1911774810928D+02
 0.9679999755463D-01 0.1876947220048D+02
 0.9839999751421D-01 0.1843249676702D+02
 0.9999999747379D-01 0.1810627974400D+02
 0.1015999974334D+00 0.1779031329542D+02
 0.1047999973525D+00 0.1718725518974D+02
 0.1079999972717D+00 0.1661984717959D+02
 0.1111999971909D+00 0.1608501400046D+02
 0.1143999971100D+00 0.1558002444928D+02
 0.1175999970292D+00 0.1510244457473D+02
 0.1207999969483D+00 0.1465009830868D+02
 0.1239999968675D+00 0.1422103419457D+02
 0.1271999967867D+00 0.1381349713928D+02
 0.1303999967058D+00 0.1342590432560D+02
 0.1335999966250D+00 0.1305682438895D+02
 0.1367999965441D+00 0.1270495989452D+02
 0.1399999964633D+00 0.1236913230629D+02
 0.1431999963825D+00 0.1204826830848D+02
 0.1463999963016D+00 0.1174138834885D+02
 0.1495999962208D+00 0.1144759617002D+02
 0.1527999961399D+00 0.1116607148405D+02
 0.1559999960591D+00 0.1089606103605D+02
 0.1591999959783D+00 0.1063687141892D+02
 0.1623999958974D+00 0.1038786460635D+02
 0.1655999958166D+00 0.1014845204711D+02
 0.1687999957358D+00 0.9918088720085D+01
 0.1719999956549D+00 0.9696271231600D+01
 0.1751999955741D+00 0.9482532887619D+01
 0.1783999954932D+00 0.9276439235631D+01
 0.1815999954124D+00 0.9077588275094D+01
 0.1847999953316D+00 0.8885604343575D+01
 0.1879999952507D+00 0.8700137998982D+01
 0.1911999951699D+00 0.8520863451718D+01
 0.1943999950890D+00 0.8347475217483D+01
 0.1975999950082D+00 0.8179689409687D+01
 0.2007999949274D+00 0.8017237874003D+01
 0.2039999948465D+00 0.7859871999874D+01
 0.2103999946848D+00 0.7559469786876D+01
 0.2167999945232D+00 0.7276770603185D+01
 0.2231999943615D+00 0.7010258373447D+01
 0.2295999941998D+00 0.6758585743764D+01
 0.2359999940381D+00 0.6520551557415D+01
 0.2423999938765D+00 0.6295081407647D+01
 0.2487999937148D+00 0.6081211294527D+01
 0.2551999935531D+00 0.5878073828285D+01
 0.2615999933914D+00 0.5684886426950D+01
 0.2679999932298D+00 0.5500941207556D+01
 0.2743999930681D+00 0.5325595729632D+01
 0.2807999929064D+00 0.5158266070036D+01
 0.2871999927447D+00 0.4998421144833D+01
 0.2935999925830D+00 0.4845575769900D+01
 0.2999999924214D+00 0.4699285398571D+01
 0.3063999922597D+00 0.4559142453831D+01
 0.3127999920980D+00 0.4424774095388D+01
 0.3191999919363D+00 0.4295836475765D+01
 0.3255999917747D+00 0.4172011146921D+01
 0.3319999916130D+00 0.4053007062692D+01
 0.3383999914513D+00 0.3938553575347D+01
 0.3447999912896D+00 0.3828398878722D+01
 0.3511999911279D+00 0.3722312441125D+01
 0.3575999909663D+00 0.3620077228050D+01
 0.3639999908046D+00 0.3521492970625D+01
 0.3703999906429D+00 0.3426373739763D+01
 0.3767999904812D+00 0.3334543485169D+01
 0.3831999903196D+00 0.3245842032827D+01
 0.3895999901579D+00 0.3160114819177D+01
 0.3959999899962D+00 0.3077221944531D+01
 0.4023999898345D+00 0.2997028763494D+01
 0.4087999896728D+00 0.2919411214149D+01
 0.4215999893495D+00 0.2771440152396D+01
 0.4343999890261D+00 0.2632452753251D+01
 0.4471999887028D+00 0.2501690445812D+01
 0.4599999883794D+00 0.2378478563297D+01
 0.4727999880561D+00 0.2262215013873D+01
 0.4855999877327D+00 0.2152360139483D+01
 0.4983999874094D+00 0.2048429848695D+01
 0.5111999870860D+00 0.1949988285172D+01
 0.5239999867626D+00 0.1856641657013D+01
 0.5367999864393D+00 0.1768033443441D+01
 0.5495999861159D+00 0.1683840092798D+01
 0.5623999857926D+00 0.1603765700009D+01
 0.5751999854692D+00 0.1527542224596D+01
 0.5879999851459D+00 0.1454924787387D+01
 0.6007999848225D+00 0.1385688975214D+01
 0.6135999844992D+00 0.1319626346866D+01
 0.6263999841758D+00 0.1256548907187D+01
 0.6391999838524D+00 0.1196282749944D+01
 0.6519999835291D+00 0.1138665072330D+01
 0.6647999832057D+00 0.1083547803355D+01
 0.6775999828824D+00 0.1030794603727D+01
 0.6903999825590D+00 0.9802751534794D+00
 0.7031999822357D+00 0.9318731006581D+00
 0.7159999819123D+00 0.8854784024233D+00
 0.7287999815890D+00 0.8409868221600D+00
 0.7415999812656D+00 0.7983055363792D+00
 0.7543999809423D+00 0.7573424528909D+00
 0.7671999806189D+00 0.7180167529492D+00
 0.7799999802955D+00 0.6802494540474D+00
 0.7927999799722D+00 0.6439676692518D+00
 0.8055999796488D+00 0.6091037924326D+00
 0.8183999793255D+00 0.5755922869132D+00
 0.8311999790021D+00 0.5433747012727D+00
 0.8439999786788D+00 0.5123922240203D+00
 0.8567999783554D+00 0.4825938505092D+00
 0.8695999780321D+00 0.4539268979262D+00
 0.8823999777087D+00 0.4263464416035D+00
 0.8951999773853D+00 0.3998054327117D+00
 0.9079999770620D+00 0.3742638436994D+00
 0.9207999767386D+00 0.3496799494997D+00
 0.9335999764153D+00 0.3260174645628D+00
 0.9463999760919D+00 0.3032399648055D+00
 0.9591999757686D+00 0.2813136110890D+00
 0.9719999754452D+00 0.2603101907794D+00
 0.9847999751219D+00 0.2403963750236D+00
 0.9975999747985D+00 0.2204825592677D+00
 0.1010399974475D+01 0.2010732899126D+00
 0.1023199974152D+01 0.1821496316751D+00
 0.1035999973828D+01 0.1636935850697D+00
 0.1048799973505D+01 0.1456880293044D+00
 0.1061599973182D+01 0.1281166693074D+00
 0.1074399972858D+01 0.1109639865404D+00
 0.1087199972535D+01 0.9421519328669D-01
 0.1099999972212D+01 0.7785619013050D-01
 0.1112799971888D+01 0.6187352637115D-01
 0.1125599971565D+01 0.4625436313795D-01
 0.1138399971242D+01 0.3098643899362D-01
 0.1151199970918D+01 0.1605803783235D-01
 0.1163999970595D+01 0.1457958895929D-02
 0.1176799970272D+01-0.1282451125329D-01
 0.1189599969948D+01-0.2679962495008D-01
 0.1202399969625D+01-0.4047719796936D-01
 0.1215199969301D+01-0.5386663251818D-01
 0.1227999968978D+01-0.6697693878976D-01
 0.1240799968655D+01-0.7981675518340D-01
 0.1253599968331D+01-0.9239436728566D-01
 0.1266399968008D+01-0.1047177257004D+00
 0.1279199967685D+01-0.1167944628086D+00
 0.1291999967361D+01-0.1286319085314D+00
 0.1304799967038D+01-0.1402371051657D+00
 0.1317599966715D+01-0.1516168213555D+00
 0.1330399966391D+01-0.1627775652554D+00
 0.1343199966068D+01-0.1737255969427D+00
 0.1355999965745D+01-0.1844669401263D+00
 0.1368799965421D+01-0.1950073931977D+00
 0.1381599965098D+01-0.2053525396690D+00
 0.1394399964774D+01-0.2155077580353D+00
 0.1407199964451D+01-0.2254782310988D+00
 0.1419999964128D+01-0.2352689547887D+00
 0.1432799963804D+01-0.2448847465087D+00
 0.1445599963481D+01-0.2543302530405D+00
 0.1458399963158D+01-0.2636099580315D+00
 0.1471199962834D+01-0.2727281890911D+00
 0.1483999962511D+01-0.2816891245206D+00
 0.1496799962188D+01-0.2904967996969D+00
 0.1509599961864D+01-0.2991551131320D+00
 0.1522399961541D+01-0.3076678322266D+00
 0.1535199961218D+01-0.3160385987360D+00
 0.1547999960894D+01-0.3242709339647D+00
 0.1560799960571D+01-0.3323682437052D+00
 0.1573599960248D+01-0.3403338229364D+00
 0.1586399959924D+01-0.3481708602941D+00
 0.1599199959601D+01-0.3558824423263D+00
 0.1611999959277D+01-0.3634715575471D+00
 0.1624799958954D+01-0.3709411002977D+00
 0.1637599958631D+01-0.3782938744269D+00
 0.1650399958307D+01-0.3855325968003D+00
 0.1663199957984D+01-0.3926599006475D+00
 0.1675999957661D+01-0.3996783387558D+00
 0.1688799957337D+01-0.4065903865185D+00
 0.1701599957014D+01-0.4133984448461D+00
 0.1714399956691D+01-0.4201048429467D+00
 0.1727199956367D+01-0.4267118409829D+00
 0.1739999956044D+01-0.4332216326111D+00
 0.1752799955721D+01-0.4396363474105D+00
 0.1765599955397D+01-0.4459580532050D+00
 0.1778399955074D+01-0.4521887582864D+00
 0.1791199954750D+01-0.4583304135408D+00
 0.1803999954427D+01-0.4643849144856D+00
 0.1816799954104D+01-0.4703541032198D+00
 0.1829599953780D+01-0.4762397702927D+00
 0.1842399953457D+01-0.4820436564944D+00
