bcc Sb -- Hedin-Lundqvist LDA                                                   
INPUT  IT=171 SPIN=1 NTYPE=  2
 -3.700000  3.700000  3.700000
  3.700000 -3.700000  3.700000
  3.700000  3.700000 -3.700000
    1  435  2.200000  0.030000    1
  0.000000  0.000000  0.000000
 0.1019976461972D+03 0.1019975735370D+03 0.1019974986356D+03 0.1019974214239D+03
 0.1019973418306D+03 0.1019972597823D+03 0.1019971752034D+03 0.1019970880160D+03
 0.1019969981395D+03 0.1019969054912D+03 0.1019968099855D+03 0.1019967115345D+03
 0.1019966100473D+03 0.1019965054304D+03 0.1019963975873D+03 0.1019962864186D+03
 0.1019961718219D+03 0.1019960536914D+03 0.1019959319182D+03 0.1019958063901D+03
 0.1019956769915D+03 0.1019955436029D+03 0.1019954061016D+03 0.1019952643606D+03
 0.1019951182494D+03 0.1019949676333D+03 0.1019948123736D+03 0.1019946523270D+03
 0.1019944873462D+03 0.1019943172790D+03 0.1019941419687D+03 0.1019939612539D+03
 0.1019937749679D+03 0.1019935829391D+03 0.1019933849905D+03 0.1019931809399D+03
 0.1019929705990D+03 0.1019927537742D+03 0.1019925302656D+03 0.1019922998674D+03
 0.1019920623672D+03 0.1019918175463D+03 0.1019915651791D+03 0.1019913050330D+03
 0.1019910368685D+03 0.1019907604384D+03 0.1019904754882D+03 0.1019901817552D+03
 0.1019898789691D+03 0.1019895668507D+03 0.1019892451126D+03 0.1019889134584D+03
 0.1019885715826D+03 0.1019882191703D+03 0.1019878558969D+03 0.1019874814278D+03
 0.1019870954179D+03 0.1019866975119D+03 0.1019862873430D+03 0.1019858645337D+03
 0.1019854286943D+03 0.1019849794235D+03 0.1019845163074D+03 0.1019840389195D+03
 0.1019835468201D+03 0.1019830395558D+03 0.1019825166595D+03 0.1019819776495D+03
 0.1019814220294D+03 0.1019808492873D+03 0.1019802588958D+03 0.1019796503110D+03
 0.1019790229723D+03 0.1019783763019D+03 0.1019777097041D+03 0.1019770225648D+03
 0.1019763142513D+03 0.1019755841108D+03 0.1019748314709D+03 0.1019740556383D+03
 0.1019732558982D+03 0.1019724315139D+03 0.1019715817258D+03 0.1019707057513D+03
 0.1019698027831D+03 0.1019688719893D+03 0.1019679125125D+03 0.1019669234685D+03
 0.1019659039461D+03 0.1019648530058D+03 0.1019637696792D+03 0.1019626529680D+03
 0.1019615018432D+03 0.1019603152439D+03 0.1019590920765D+03 0.1019578312137D+03
 0.1019565314934D+03 0.1019551917174D+03 0.1019538106510D+03 0.1019523870209D+03
 0.1019509195148D+03 0.1019494067796D+03 0.1019478474207D+03 0.1019462400002D+03
 0.1019445830361D+03 0.1019428750001D+03 0.1019411143173D+03 0.1019392993637D+03
 0.1019374284653D+03 0.1019354998963D+03 0.1019335118776D+03 0.1019314625753D+03
 0.1019293500984D+03 0.1019271724979D+03 0.1019249277641D+03 0.1019226138256D+03
 0.1019202285466D+03 0.1019177697254D+03 0.1019152350923D+03 0.1019126223071D+03
 0.1019099289576D+03 0.1019071525566D+03 0.1019042905401D+03 0.1019013402648D+03
 0.1018982990056D+03 0.1018951639528D+03 0.1018919322101D+03 0.1018886007914D+03
 0.1018851666179D+03 0.1018816265157D+03 0.1018779772127D+03 0.1018742153352D+03
 0.1018703374052D+03 0.1018663398369D+03 0.1018622189333D+03 0.1018579708830D+03
 0.1018535917566D+03 0.1018490775025D+03 0.1018444239441D+03 0.1018396267750D+03
 0.1018346815553D+03 0.1018295837078D+03 0.1018243285131D+03 0.1018189111056D+03
 0.1018133264689D+03 0.1018075694312D+03 0.1018016346601D+03 0.1017955166581D+03
 0.1017892097572D+03 0.1017827081137D+03 0.1017760057028D+03 0.1017690963130D+03
 0.1017619735401D+03 0.1017546307815D+03 0.1017470612302D+03 0.1017392578679D+03
 0.1017312134593D+03 0.1017229205448D+03 0.1017143714336D+03 0.1017055581971D+03
 0.1016964726612D+03 0.1016871063988D+03 0.1016774507221D+03 0.1016674966748D+03
 0.1016572350236D+03 0.1016466562498D+03 0.1016357505411D+03 0.1016245077820D+03
 0.1016129175451D+03 0.1016009690812D+03 0.1015886513104D+03 0.1015759528112D+03
 0.1015628618109D+03 0.1015493661749D+03 0.1015354533959D+03 0.1015211105828D+03
 0.1015063244494D+03 0.1014910813026D+03 0.1014753670309D+03 0.1014591670913D+03
 0.1014424664975D+03 0.1014252498070D+03 0.1014075011073D+03 0.1013892040032D+03
 0.1013703416024D+03 0.1013508965018D+03 0.1013308507731D+03 0.1013101859479D+03
 0.1012888830027D+03 0.1012669223439D+03 0.1012442837918D+03 0.1012209465653D+03
 0.1011968892650D+03 0.1011720898575D+03 0.1011465256582D+03 0.1011201733148D+03
 0.1010930087897D+03 0.1010650073429D+03 0.1010361435145D+03 0.1010063911066D+03
 0.1009757231657D+03 0.1009441119646D+03 0.1009115289838D+03 0.1008779448940D+03
 0.1008433295371D+03 0.1008076519083D+03 0.1007708801375D+03 0.1007329814711D+03
 0.1006939222543D+03 0.1006536679124D+03 0.1006121829334D+03 0.1005694308503D+03
 0.1005253742239D+03 0.1004799746259D+03 0.1004331926223D+03 0.1003849877575D+03
 0.1003353185387D+03 0.1002841424213D+03 0.1002314157944D+03 0.1001770939676D+03
 0.1001211311587D+03 0.1000634804816D+03 0.1000040939358D+03 0.9994292239723D+02
 0.9987991560925D+02 0.9981502217590D+02 0.9974818955590D+02 0.9967936405820D+02
 0.9960849083894D+02 0.9953551390000D+02 0.9946037608908D+02 0.9938301910143D+02
 0.9930338348329D+02 0.9922140863702D+02 0.9913703282798D+02 0.9905019319318D+02
 0.9896082575169D+02 0.9886886541675D+02 0.9877424600958D+02 0.9867690027480D+02
 0.9857675989745D+02 0.9847375552137D+02 0.9836781676888D+02 0.9825887226166D+02
 0.9814684964247D+02 0.9803167559763D+02 0.9791327587992D+02 0.9779157533162D+02
 0.9766649790741D+02 0.9753796669669D+02 0.9740590394498D+02 0.9727023107403D+02
 0.9713086870007D+02 0.9698773664981D+02 0.9684075397379D+02 0.9668983895641D+02
 0.9653490912233D+02 0.9637588123867D+02 0.9621267131264D+02 0.9604519458410D+02
 0.9587336551290D+02 0.9569709776048D+02 0.9551630416586D+02 0.9533089671587D+02
 0.9514078650975D+02 0.9494588371850D+02 0.9474609753964D+02 0.9454133614805D+02
 0.9433150664411D+02 0.9411651500060D+02 0.9389626601028D+02 0.9367066323602D+02
 0.9343960896675D+02 0.9320300418153D+02 0.9296074852603D+02 0.9271274030468D+02
 0.9245887649341D+02 0.9219905277698D+02 0.9193316361639D+02 0.9166110235059D+02
 0.9138276133793D+02 0.9109803214074D+02 0.9080680575775D+02 0.9050897290512D+02
 0.9020442434843D+02 0.8989305128202D+02 0.8957474575301D+02 0.8924940111957D+02
 0.8891691253346D+02 0.8857717742672D+02 0.8823009598367D+02 0.8787557156754D+02
 0.8751351107452D+02 0.8714382517702D+02 0.8676642842665D+02 0.8638123918012D+02
 0.8598817932987D+02 0.8558717381999D+02 0.8517814995968D+02 0.8476103655103D+02
 0.8433576289260D+02 0.8390225770955D+02 0.8346044814050D+02 0.8301025885169D+02
 0.8255161141736D+02 0.8208442404965D+02 0.8160861177790D+02 0.8112408710377D+02
 0.8063076116289D+02 0.8012854532994D+02 0.7961735321961D+02 0.7909710294072D+02
 0.7856771950663D+02 0.7802913722018D+02 0.7748130193563D+02 0.7692417302098D+02
 0.7635772496437D+02 0.7578194848224D+02 0.7519685113510D+02 0.7460245735253D+02
 0.7399880794099D+02 0.7338595901506D+02 0.7276398049298D+02 0.7213295412636D+02
 0.7149297126953D+02 0.7084413037889D+02 0.7018653450930D+02 0.6952028880617D+02
 0.6884549831804D+02 0.6816226611613D+02 0.6747069209223D+02 0.6677087237625D+02
 0.6606289976296D+02 0.6534686499079D+02 0.6462285923249D+02 0.6389097745784D+02
 0.6315132292956D+02 0.6240401220734D+02 0.6164918074917D+02 0.6088698812196D+02
 0.6011762274154D+02 0.5934130484714D+02 0.5855828768516D+02 0.5776885564599D+02
 0.5697331993357D+02 0.5617201116479D+02 0.5536527070171D+02 0.5455344110801D+02
 0.5373685865498D+02 0.5291584842190D+02 0.5209072484798D+02 0.5126179674502D+02
 0.5042937805487D+02 0.4959380114982D+02 0.4875543237853D+02 0.4791468597535D+02
 0.4707203565848D+02 0.4622802084872D+02 0.4538324795952D+02 0.4453838498979D+02
 0.4369415111289D+02 0.4285130053437D+02 0.4201060306240D+02 0.4117282122842D+02
 0.4033868667631D+02 0.3950887590034D+02 0.3868398802853D+02 0.3786452479203D+02
 0.3705087518300D+02 0.3624330486767D+02 0.3544195249917D+02 0.3464683277939D+02
 0.3385784783226D+02 0.3307480630737D+02 0.3229745079668D+02 0.3152549215924D+02
 0.3075864962580D+02 0.2999669368916D+02 0.2923948778906D+02 0.2848702332449D+02
 0.2773944045542D+02 0.2699702806047D+02 0.2626019506942D+02 0.2552941411048D+02
 0.2480514064470D+02 0.2408772676307D+02 0.2337735006870D+02 0.2267398179566D+02
 0.2197740360338D+02 0.2128727443888D+02 0.2060322224747D+02 0.1992494476419D+02
 0.1925228897601D+02 0.1858530748534D+02 0.1792427744079D+02 0.1726969744579D+02
 0.1662225685815D+02 0.1598279830904D+02 0.1535226570140D+02 0.1473165829640D+02
 0.1412197841151D+02 0.1352419264115D+02 0.1293919011459D+02 0.1236775786522D+02
 0.1181055402557D+02 0.1126809897873D+02 0.1074076376112D+02 0.1022877579305D+02
 0.9732220009810D+01 0.9251056279108D+01 0.8785128947451D+01 0.8334192147679D+01
 0.7897923195800D+01 0.7475951008890D+01 0.7067868592249D+01 0.6673259766680D+01
 0.6291707873278D+01 0.5922816472664D+01 0.5566208113477D+01 0.5221539214985D+01
 0.4888487707633D+01 0.4566761927187D+01 0.4256080595813D+01 0.3956181761851D+01
 0.3666803166012D+01 0.3387698735339D+01 0.3118624271367D+01 0.2859360532196D+01
 0.2609699042928D+01 0.2369465521293D+01 0.2138507969149D+01 0.1916735875088D+01
 0.1704138519925D+01 0.1500861602828D+01 0.1307246973449D+01
    2  435  1.200000  0.030000    3
  0.000000  0.500000  0.500000
  0.500000  0.500000  0.000000
  0.500000  0.000000  0.500000
 0.1999995864450D+01 0.1999995738502D+01 0.1999995608717D+01 0.1999995474980D+01
 0.1999995337170D+01 0.1999995195163D+01 0.1999995048832D+01 0.1999994898043D+01
 0.1999994742663D+01 0.1999994582550D+01 0.1999994417561D+01 0.1999994247547D+01
 0.1999994072355D+01 0.1999993891828D+01 0.1999993705803D+01 0.1999993514112D+01
 0.1999993316584D+01 0.1999993113039D+01 0.1999992903296D+01 0.1999992687165D+01
 0.1999992464452D+01 0.1999992234956D+01 0.1999991998470D+01 0.1999991754782D+01
 0.1999991503673D+01 0.1999991244916D+01 0.1999990978278D+01 0.1999990703521D+01
 0.1999990420395D+01 0.1999990128646D+01 0.1999989828012D+01 0.1999989518223D+01
 0.1999989198998D+01 0.1999988870052D+01 0.1999988531087D+01 0.1999988181799D+01
 0.1999987821874D+01 0.1999987450987D+01 0.1999987068804D+01 0.1999986674982D+01
 0.1999986269165D+01 0.1999985850990D+01 0.1999985420078D+01 0.1999984976044D+01
 0.1999984518485D+01 0.1999984046992D+01 0.1999983561139D+01 0.1999983060490D+01
 0.1999982544593D+01 0.1999982012984D+01 0.1999981465184D+01 0.1999980900701D+01
 0.1999980319026D+01 0.1999979719637D+01 0.1999979101992D+01 0.1999978465537D+01
 0.1999977809698D+01 0.1999977133885D+01 0.1999976437490D+01 0.1999975719886D+01
 0.1999974980426D+01 0.1999974218446D+01 0.1999973433259D+01 0.1999972624159D+01
 0.1999971790417D+01 0.1999970931283D+01 0.1999970045983D+01 0.1999969133721D+01
 0.1999968193675D+01 0.1999967225000D+01 0.1999966226822D+01 0.1999965198244D+01
 0.1999964138340D+01 0.1999963046155D+01 0.1999961920707D+01 0.1999960760982D+01
 0.1999959565936D+01 0.1999958334495D+01 0.1999957065548D+01 0.1999955757954D+01
 0.1999954410536D+01 0.1999953022081D+01 0.1999951591338D+01 0.1999950117021D+01
 0.1999948597801D+01 0.1999947032312D+01 0.1999945419143D+01 0.1999943756843D+01
 0.1999942043916D+01 0.1999940278818D+01 0.1999938459962D+01 0.1999936585710D+01
 0.1999934654374D+01 0.1999932664217D+01 0.1999930613446D+01 0.1999928500214D+01
 0.1999926322621D+01 0.1999924078705D+01 0.1999921766446D+01 0.1999919383763D+01
 0.1999916928510D+01 0.1999914398477D+01 0.1999911791387D+01 0.1999909104892D+01
 0.1999906336574D+01 0.1999903483939D+01 0.1999900544422D+01 0.1999897515373D+01
 0.1999894394067D+01 0.1999891177694D+01 0.1999887863357D+01 0.1999884448072D+01
 0.1999880928765D+01 0.1999877302268D+01 0.1999873565313D+01 0.1999869714539D+01
 0.1999865746476D+01 0.1999861657552D+01 0.1999857444087D+01 0.1999853102285D+01
 0.1999848628237D+01 0.1999844017915D+01 0.1999839267168D+01 0.1999834371718D+01
 0.1999829327157D+01 0.1999824128942D+01 0.1999818772393D+01 0.1999813252686D+01
 0.1999807564850D+01 0.1999801703764D+01 0.1999795664149D+01 0.1999789440567D+01
 0.1999783027414D+01 0.1999776418913D+01 0.1999769609113D+01 0.1999762591882D+01
 0.1999755360899D+01 0.1999747909653D+01 0.1999740231433D+01 0.1999732319322D+01
 0.1999724166196D+01 0.1999715764710D+01 0.1999707107297D+01 0.1999698186160D+01
 0.1999688993263D+01 0.1999679520325D+01 0.1999669758813D+01 0.1999659699934D+01
 0.1999649334627D+01 0.1999638653554D+01 0.1999627647094D+01 0.1999616305329D+01
 0.1999604618044D+01 0.1999592574707D+01 0.1999580164469D+01 0.1999567376148D+01
 0.1999554198221D+01 0.1999540618815D+01 0.1999526625693D+01 0.1999512206247D+01
 0.1999497347482D+01 0.1999482036008D+01 0.1999466258027D+01 0.1999449999319D+01
 0.1999433245231D+01 0.1999415980661D+01 0.1999398190050D+01 0.1999379857360D+01
 0.1999360966067D+01 0.1999341499141D+01 0.1999321439033D+01 0.1999300767657D+01
 0.1999279466377D+01 0.1999257515987D+01 0.1999234896696D+01 0.1999211588106D+01
 0.1999187569198D+01 0.1999162818313D+01 0.1999137313128D+01 0.1999111030639D+01
 0.1999083947140D+01 0.1999056038200D+01 0.1999027278644D+01 0.1998997642525D+01
 0.1998967103105D+01 0.1998935632829D+01 0.1998903203299D+01 0.1998869785251D+01
 0.1998835348526D+01 0.1998799862042D+01 0.1998763293767D+01 0.1998725610692D+01
 0.1998686778796D+01 0.1998646763019D+01 0.1998605527228D+01 0.1998563034186D+01
 0.1998519245517D+01 0.1998474121668D+01 0.1998427621880D+01 0.1998379704143D+01
 0.1998330325163D+01 0.1998279440321D+01 0.1998227003630D+01 0.1998172967696D+01
 0.1998117283675D+01 0.1998059901224D+01 0.1998000768459D+01 0.1997939831906D+01
 0.1997877036453D+01 0.1997812325297D+01 0.1997745639894D+01 0.1997676919905D+01
 0.1997606103141D+01 0.1997533125503D+01 0.1997457920926D+01 0.1997380421320D+01
 0.1997300556500D+01 0.1997218254129D+01 0.1997133439648D+01 0.1997046036207D+01
 0.1996955964593D+01 0.1996863143162D+01 0.1996767487755D+01 0.1996668911628D+01
 0.1996567325369D+01 0.1996462636812D+01 0.1996354750955D+01 0.1996243569873D+01
 0.1996128992621D+01 0.1996010915147D+01 0.1995889230192D+01 0.1995763827186D+01
 0.1995634592155D+01 0.1995501407603D+01 0.1995364152411D+01 0.1995222701718D+01
 0.1995076926809D+01 0.1994926694987D+01 0.1994771869457D+01 0.1994612309191D+01
 0.1994447868799D+01 0.1994278398389D+01 0.1994103743427D+01 0.1993923744593D+01
 0.1993738237626D+01 0.1993547053171D+01 0.1993350016619D+01 0.1993146947939D+01
 0.1992937661508D+01 0.1992721965935D+01 0.1992499663877D+01 0.1992270551848D+01
 0.1992034420029D+01 0.1991791052067D+01 0.1991540224860D+01 0.1991281708351D+01
 0.1991015265301D+01 0.1990740651062D+01 0.1990457613340D+01 0.1990165891950D+01
 0.1989865218564D+01 0.1989555316452D+01 0.1989235900208D+01 0.1988906675475D+01
 0.1988567338655D+01 0.1988217576613D+01 0.1987857066370D+01 0.1987485474780D+01
 0.1987102458209D+01 0.1986707662189D+01 0.1986300721072D+01 0.1985881257661D+01
 0.1985448882841D+01 0.1985003195184D+01 0.1984543780556D+01 0.1984070211695D+01
 0.1983582047782D+01 0.1983078834004D+01 0.1982560101087D+01 0.1982025364825D+01
 0.1981474125589D+01 0.1980905867817D+01 0.1980320059492D+01 0.1979716151593D+01
 0.1979093577536D+01 0.1978451752592D+01 0.1977790073285D+01 0.1977107916765D+01
 0.1976404640168D+01 0.1975679579948D+01 0.1974932051184D+01 0.1974161346867D+01
 0.1973366737161D+01 0.1972547468639D+01 0.1971702763486D+01 0.1970831818688D+01
 0.1969933805174D+01 0.1969007866947D+01 0.1968053120168D+01 0.1967068652222D+01
 0.1966053520741D+01 0.1965006752600D+01 0.1963927342872D+01 0.1962814253752D+01
 0.1961666413440D+01 0.1960482714989D+01 0.1959262015106D+01 0.1958003132921D+01
 0.1956704848707D+01 0.1955365902557D+01 0.1953984993019D+01 0.1952560775679D+01
 0.1951091861702D+01 0.1949576816318D+01 0.1948014157262D+01 0.1946402353129D+01
 0.1944739821815D+01 0.1943024928640D+01 0.1941255984662D+01 0.1939431244825D+01
 0.1937548906050D+01 0.1935607105289D+01 0.1933603917499D+01 0.1931537353563D+01
 0.1929405358137D+01 0.1927205807453D+01 0.1924936507021D+01 0.1922595189305D+01
 0.1920179511290D+01 0.1917687052022D+01 0.1915115310033D+01 0.1912461700753D+01
 0.1909723553788D+01 0.1906898110196D+01 0.1903982519630D+01 0.1900973837478D+01
 0.1897869021871D+01 0.1894664930693D+01 0.1891358318457D+01 0.1887945833201D+01
 0.1884424013234D+01 0.1880789283933D+01 0.1877037954372D+01 0.1873166214035D+01
 0.1869170129353D+01 0.1865045640350D+01 0.1860788557110D+01 0.1856394556395D+01
 0.1851859178064D+01 0.1847177821708D+01 0.1842345743056D+01 0.1837358050674D+01
 0.1832209702417D+01 0.1826895502241D+01 0.1821410096758D+01 0.1815747972249D+01
 0.1809903451380D+01 0.1803870690508D+01 0.1797643676652D+01 0.1791216225189D+01
 0.1784581977181D+01 0.1777734397598D+01 0.1770666773115D+01 0.1763372211003D+01
 0.1755843637551D+01 0.1748073797799D+01 0.1740055254720D+01 0.1731780390029D+01
 0.1723241404311D+01 0.1714430319110D+01 0.1705338978234D+01 0.1695959051407D+01
 0.1686282036951D+01 0.1676299267333D+01 0.1666001913501D+01 0.1655380992624D+01
 0.1644427374422D+01 0.1633131791482D+01 0.1621484847858D+01 0.1609477032462D+01
 0.1597098730251D+01 0.1584340239136D+01 0.1571191784215D+01 0.1557643538688D+01
 0.1543685641464D+01 0.1529308222775D+01 0.1514501425575D+01 0.1499255436359D+01
 0.1483560510864D+01 0.1467407010885D+01 0.1450785434558D+01 0.1433686459909D+01
 0.1416100980353D+01 0.1398020155688D+01 0.1379435453079D+01 0.1360338706629D+01
 0.1340722164315D+01 0.1320578556789D+01 0.1299901150972D+01 0.1278683829157D+01
 0.1256921149390D+01 0.1234608436556D+01 0.1211741849662D+01 0.1188318486161D+01
 0.1164336457149D+01 0.1139795006095D+01 0.1114694592544D+01 0.1089037027828D+01
 0.1062825567083D+01 0.1036065065109D+01 0.1008762077928D+01 0.9809250411283D+00
 0.9525643832437D+00 0.9236927308354D+00 0.8943250347830D+00 0.8644788090121D+00
 0.8341742726605D+00 0.8034346287978D+00 0.7722862279413D+00 0.7407588967055D+00
 0.7088861272614D+00 0.6767054709310D+00 0.6442587615594D+00 0.6115925897141D+00
 0.5787585738080D+00 0.5458139377975D+00 0.5128218449680D+00 0.4798521154362D+00
 0.4469816479950D+00 0.4142953216898D+00 0.3818865495474D+00 0.3498584305280D+00
 0.3183244903856D+00 0.2874101798690D+00 0.2572538769016D+00
  323
-0.6717468318078D+00 0.9461004743227D-33-0.4336043126335D+01-0.4575790489905D-17
-0.1810934962799D+01-0.2942642181966D-18-0.2275541391863D+01 0.8077541055063D-17
-0.1507243002616D+01 0.2567824558631D-18-0.7853853122138D+00-0.7066097083859D-17
-0.5145589685314D+00 0.6733382529453D-18-0.5585972487819D+00-0.1987027489750D-17
-0.2058376069017D+00-0.8832939319899D-18-0.3979455044772D-01 0.1067456007499D-16
-0.1131570355983D-01-0.3628873348134D-17-0.4771154607372D+00-0.8675835834294D-18
 0.8683249983566D-01-0.3706277104030D-17-0.2746893233846D+00 0.1162793511611D-17
 0.2737578316200D+00 0.8417802112361D-17 0.1359626976345D+00-0.3770313745297D-17
 0.3134633713557D+00-0.3886324928198D-17-0.4298149316499D-01 0.4981349955419D-18
 0.1547006754596D+00 0.8048184877485D-18 0.1549490101657D+00-0.4838673741350D-17
-0.4521370325553D-01 0.2487738395454D-17-0.1189410717100D-01-0.1212593828160D-17
 0.2888283400049D+00-0.6792732273138D-17 0.1442301534121D+00 0.7779110870508D-17
-0.2396200805758D-01-0.2772887447334D-17 0.2547882739961D+00 0.1374597004256D-17
-0.1284303725922D-01-0.1060153938547D-17 0.2175205343513D+00 0.8820570324271D-17
-0.3762806759183D-02 0.1237002338346D-17 0.1767276018518D+00-0.1913331636919D-17
 0.4418867578345D-01-0.2063331326841D-17 0.8857802581090D-01-0.1216106206334D-17
-0.1101136384207D-01 0.3144743166766D-19 0.7123379102071D-01 0.2168275131158D-17
 0.7046277829079D-01-0.3317285475256D-17 0.1419197903090D+00-0.1438826150936D-17
-0.2653238488904D-01 0.2321107182937D-17 0.5466932587304D-01-0.2121620916876D-17
 0.8218843237506D-01-0.3307433288096D-17 0.8190058888290D-01 0.3139324163310D-17
-0.4319810459035D-02-0.1038979475093D-17 0.2867773478457D-01-0.1717687107549D-17
 0.5896469810469D-01 0.2371857743519D-18 0.3093302491251D-01 0.4310207756329D-17
-0.2132855093764D-01 0.2526479296333D-17-0.1970925022455D-01-0.2950834749968D-17
 0.4084087372980D-01 0.7370715767962D-18-0.2100171484825D-01-0.1917866045170D-17
-0.1079463219192D-01 0.2917910683311D-18 0.2734451763472D-01-0.1487711372794D-17
 0.2884606925870D-01 0.5512390041388D-17 0.1382492652724D-01-0.2246602426719D-17
-0.2177960589943D-01 0.1288380490965D-17 0.1772150934617D-01-0.3834227442767D-17
-0.2085536230811D-01-0.9066878433991D-18 0.5727609917773D-02 0.1636664829452D-17
 0.6619763500529D-02-0.5478807330474D-19-0.3924979084929D-01-0.4413205945645D-18
 0.2972139188208D-02-0.5087476788698D-18 0.6598161946501D-02 0.9877659725708D-18
 0.8184001220737D-02 0.9868401165061D-19-0.1829194545515D-01 0.2166095929074D-17
 0.3700836598790D-02-0.2371753542771D-17 0.4333214072877D-02 0.2365383406366D-17
 0.2561166744387D-02-0.5535743352220D-18 0.2664314394441D-02-0.2149209595798D-18
 0.3605705358758D-02-0.8699912542221D-18-0.1374313347223D-01 0.8158371983897D-18
 0.2693711709032D-02 0.1098896226341D-17 0.3156648913171D-02 0.4206513152174D-18
 0.6429539397831D-03-0.7027289789945D-18-0.1154290448551D-01 0.6166768472152D-19
-0.2725124215239D-02-0.5834036455000D-18 0.1454171219230D-02-0.1243083583749D-17
 0.2095651160864D-02 0.1788100965508D-17-0.1884960106648D-01 0.8908210892219D-18
-0.8956115880189D-02-0.1804195169005D-17 0.3928810680477D-02-0.3971620690023D-18
 0.1922280616862D-02-0.7868459989820D-18-0.2511546018428D-02 0.6208151197956D-18
-0.7112592932313D-02-0.1344776862949D-17 0.4383699640010D-02-0.1031287056321D-17
 0.4605473749494D-02-0.1371270843191D-17 0.5091570864698D-02 0.2383938628134D-17
 0.2644493668594D-02-0.6171017835148D-20 0.2630507777532D-02-0.8466095788962D-18
 0.5302202750254D-02 0.7882511105653D-18-0.8201864511891D-02 0.1945025093442D-17
-0.3977458842279D-02-0.8059122586388D-18 0.3130531924647D-02 0.7551209836123D-18
 0.6004566798917D-02 0.4617718609959D-18-0.5411700704791D-02-0.1003069738089D-17
 0.6524015585414D-02-0.8974459307948D-18 0.6514426849746D-02 0.1866319739491D-18
 0.3461411773747D-02 0.1451387055227D-18 0.6824421411479D-02-0.6362650309511D-19
 0.6856227641430D-02 0.1070133647765D-17 0.7039855215485D-02 0.3146512203525D-18
-0.4369613572032D-03 0.4545711882337D-19 0.3430982295006D-02-0.5343586525203D-18
 0.3502974599275D-02-0.4366432338578D-19-0.2069209351197D-03 0.1346135472462D-19
-0.2180921681749D-03 0.2677244042303D-18 0.3432976622776D-02-0.4206084319173D-18
 0.6823828258420D-02 0.5874672275100D-18 0.6787667780114D-02-0.9555089634659D-18
 0.6835132443377D-02-0.4499696906591D-19 0.2798030860998D-03 0.8899274370553D-18
 0.2341283748375D-03-0.1794345998799D-18 0.6597906363454D-02-0.2769296746893D-18
 0.6509461853868D-02 0.3105748650242D-18 0.1081047661207D-02-0.4778096913606D-19
 0.6166831035911D-02-0.4186033037958D-18 0.7397124599637D-03 0.4944937581757D-18
 0.1709128901514D-03-0.1961836686443D-18 0.5618272770100D-02-0.6597259968201D-18
 0.5530763448365D-02 0.2238555457441D-19 0.5597822672589D-02 0.2662037590353D-18
 0.2767975821202D-02-0.1580440151508D-18 0.2753992179525D-02 0.4867495916804D-18
 0.7283529250428D-03-0.6221075082090D-18 0.2496948729635D-02 0.6366236621945D-19
 0.4923409214876D-02-0.2711548098398D-18 0.4975931918575D-02 0.3344191847044D-18
 0.1524474577557D-02 0.4093676548735D-18 0.7008061539832D-03-0.4822891916027D-18
 0.4339418415524D-02 0.3473745868328D-19 0.4203407476627D-02 0.6363184973983D-18
 0.3632136933051D-02 0.1320019311084D-18 0.3592031037518D-02 0.2047767819688D-18
 0.5019156600303D-03-0.3023397489255D-18 0.1510082768154D-02-0.1336490494568D-18
 0.2892978437013D-02-0.1665773814548D-18 0.1418318737772D-02 0.1985499256334D-18
 0.7391748851707D-03-0.9471809432500D-19 0.4284116085445D-03 0.4075115136753D-18
 0.7018125763549D-03-0.4295505779427D-18 0.4042177189906D-03-0.1414113132782D-19
 0.2311002726197D-02-0.3154858624656D-18 0.2233170762601D-02 0.3943847453460D-19
 0.1138770131538D-02-0.1680639345258D-18 0.4629257235239D-03 0.8416219875953D-19
 0.1651855533975D-02-0.1195657926414D-18 0.1578128925450D-02 0.2599559237539D-18
 0.8110864770625D-03-0.1065220500174D-18 0.7063102434111D-03 0.5286608621322D-19
 0.5924478295610D-04 0.2081513875817D-18 0.1043393085848D-02-0.2733369041548D-19
 0.1027903399278D-02-0.1849916425510D-18 0.8716368074442D-03 0.1017348623605D-18
-0.1366483537734D-03-0.6209069304915D-19 0.2498909219907D-03-0.1090300218181D-18
 0.4699630489383D-03 0.1426021636966D-18 0.1930275470210D-03 0.1214810440987D-19
-0.5386754613536D-03 0.2114348758565D-18-0.2701616226614D-03-0.8108223743122D-19
 0.1797707746508D-04-0.6492027339860D-19 0.4506938124345D-04 0.7385590955538D-19
-0.4815438172480D-04 0.2647910086641D-19-0.8124715470630D-03-0.8932749744324D-19
-0.3798608821293D-03-0.1111867309023D-18-0.3590232706853D-03 0.6908470181139D-19
-0.4107498626612D-03 0.7438630898029D-19-0.7115684514519D-03 0.1762987882650D-19
-0.2068863655975D-03 0.4585194520305D-19-0.9911693300277D-03-0.7454551329021D-19
-0.4845155171118D-03 0.1661642940181D-19-0.9722308794970D-03 0.1521633944603D-19
-0.9699738421610D-03 0.2154824587849D-19-0.9468383598906D-03 0.5408482391850D-19
-0.4793382750333D-03-0.1029020246723D-19-0.1356652492153D-02 0.1123985567299D-19
-0.1764407893083D-03-0.2180720855009D-19-0.5960448117965D-03-0.1613398779712D-19
-0.5992375496742D-03-0.3750111208155D-19-0.1149375688121D-02-0.1482972149031D-19
-0.5978543341653D-03 0.4443850106999D-19-0.1477240367304D-02 0.1218107093661D-18
-0.3617261706270D-03-0.1434979080409D-20-0.7306639850210D-03-0.6097720902172D-19
-0.1292354305328D-02 0.1983752437626D-19-0.6497941265464D-03-0.2003907594044D-19
-0.7504197333642D-03 0.5151430245648D-20-0.7383976264313D-03-0.3993370326284D-19
-0.1404245725355D-02-0.2784105232602D-19-0.1415677466877D-02-0.9281983103758D-20
-0.1388844590092D-02-0.2894515973208D-19-0.1347021803668D-02 0.2175379540514D-19
-0.1355937193488D-02 0.3902722436612D-19-0.7376514803451D-03-0.6403533459093D-20
-0.1434049102641D-02-0.6656000446539D-20-0.1383898337967D-02-0.3823459654167D-20
-0.1445944181837D-02-0.2321204315958D-20-0.7039084649507D-03-0.1234896639627D-19
-0.1365445855387D-02 0.2959756856181D-20-0.6733116067957D-03 0.4467015506190D-20
-0.6939010220772D-03 0.1930413853301D-20-0.7060389747009D-03 0.2234638705004D-20
-0.1333675823074D-02-0.5959733660194D-20-0.1344930222811D-02-0.3712364655265D-22
-0.1362352226268D-02 0.6574288099327D-21-0.6553030306064D-03 0.1679977741484D-21
-0.1231115495511D-02 0.4551871653571D-20-0.1265255960057D-02-0.4160385640329D-20
-0.1203475509342D-02-0.7765720537006D-20-0.1172631385819D-02-0.7877193644628D-20
-0.5966431007434D-03 0.8316279902574D-20-0.1145970511591D-02-0.6757945217026D-20
-0.5329039477511D-03-0.3313310008748D-20-0.5369906277717D-03-0.2518402755662D-19
-0.4933854126980D-03 0.9166993145492D-20-0.1054473454686D-02 0.1428321341165D-19
-0.1001467604088D-02 0.3117618110521D-20-0.1030805979752D-02-0.4021089528337D-20
-0.9737115022466D-03-0.1525973705453D-19-0.9386731029539D-03-0.1029400051563D-19
-0.4229293962555D-03 0.1432317938163D-19-0.9003377496330D-03 0.2001412265592D-19
-0.8629391632750D-03 0.1407215541128D-19-0.8799109897412D-03-0.5556323639415D-20
-0.8633431566458D-03-0.1699698172765D-19-0.4013336661756D-03-0.2770439658315D-20
-0.3782167210663D-03-0.2894808416177D-19-0.6982228042200D-03 0.2701559687597D-19
-0.7448474052457D-03 0.3020860385122D-19-0.6612502385349D-03-0.7665532055939D-20
-0.2909058863322D-03 0.4017640384776D-20-0.5675378535145D-03-0.1132590058194D-19
-0.1449215006208D-03 0.5386647540942D-20-0.5194183451606D-03-0.1976690349893D-19
-0.4272336969656D-03-0.5052541146705D-19-0.2123855713773D-03 0.5460225442842D-20
-0.4318242434816D-03 0.8319111481816D-20-0.2020683572773D-03-0.7802306572986D-20
-0.2138297088971D-03 0.1237268519983D-19-0.4078811921175D-03-0.2001766227681D-19
-0.2557346401577D-03 0.1323733672005D-19-0.2746821951609D-03 0.6940835565147D-21
-0.2802502009137D-03 0.4296973273205D-20-0.2431612713944D-03-0.1299569090661D-19
-0.1384756168790D-03 0.9910379685869D-20-0.1225329929875D-03 0.1369393413729D-20
-0.1368877636948D-03 0.2035967351339D-19-0.1333283255684D-03-0.1574432208458D-19
-0.1397675968346D-03 0.2164392373283D-19-0.1165142789833D-03 0.1924531446754D-20
 0.7992658147798D-05 0.8898351424215D-20-0.1095629334757D-04 0.4231282207766D-20
-0.5942048051731D-05 0.1552998801404D-19 0.2088020416103D-04-0.1957063106650D-19
 0.1192715156924D-03-0.2740260556362D-19 0.5741999249406D-04 0.1457275975091D-19
 0.8228828411025D-04 0.3366518722922D-19 0.5006956605446D-04 0.1592024893286D-19
 0.1065489456079D-03-0.2637285566520D-19 0.1116363299666D-03-0.4864717393356D-19
 0.2179640168267D-03 0.1978130111242D-19 0.1268109930802D-03 0.3122883087093D-19
 0.2052037788743D-03 0.3577889401275D-19 0.2028583886641D-03 0.2454174459607D-19
 0.2046900589337D-03-0.1207586724275D-21 0.1987297627501D-03-0.1337259773462D-19
 0.2263519261587D-03-0.3365264638176D-19 0.1550587369896D-03-0.5380404491422D-20
 0.2935848303501D-03 0.2229396962061D-19 0.2852968969003D-03-0.6699117756362D-20
 0.2838782456963D-03-0.1598812412667D-19 0.2819403254429D-03-0.1966191725339D-19
 0.1951190512060D-03-0.3606592390028D-19 0.1960048472632D-03 0.2689740024314D-19
 0.3642304342946D-03 0.1466370269094D-19 0.3588418862140D-03-0.5653158017162D-20
 0.1807892214140D-03-0.1380070888155D-19 0.1737467823906D-03 0.4858221269061D-20
 0.4381869151027D-03-0.2739634475756D-20 0.4423275070055D-03 0.4721672225675D-19
 0.2108874080783D-03 0.1552863717791D-19 0.4119015757077D-03-0.9867270724713D-20
 0.4017327931103D-03 0.9382196547600D-20 0.4028215916102D-03-0.1187899815443D-19
 0.4934887243654D-03-0.5088924786527D-19 0.4579901666765D-03 0.1651572826523D-19
 0.4428848811847D-03-0.2219612244380D-19 0.4850724764211D-03 0.2212605489208D-19
 0.4708015113444D-03-0.1686129333975D-20 0.4740130997040D-03-0.6614832178030D-20
 0.2583299365334D-03 0.1506806821370D-19 0.1318966387532D-03 0.2614934418587D-20
 0.5016305078715D-03 0.4130340029453D-20 0.4828507124311D-03 0.8004500497213D-20
 0.4780978219714D-03-0.1668906000995D-19 0.4782929211365D-03-0.1994998441664D-19
 0.2450282328000D-03 0.5891817911718D-20 0.2446877757874D-03-0.4717225002475D-20
 0.2667853797708D-03 0.1375922014684D-20 0.2570758622172D-03 0.1591469275638D-19
 0.2477275408360D-03 0.6156598809804D-21 0.5010867245337D-03 0.2346965261429D-20
 0.4945507305955D-03 0.1228749148058D-19 0.4843526926443D-03-0.1025980062882D-19
 0.5254738099740D-03-0.1946514710290D-19 0.5065530595898D-03 0.2551799955824D-19
 0.2586374586180D-03 0.6786701287909D-20 0.4749675563663D-03-0.1105505407894D-19
 0.2351965127808D-03-0.2246056743360D-20 0.8756688582844D-04-0.1013471256667D-19
 0.5031286529256D-03 0.7103408538978D-20 0.4858931227405D-03 0.1813898728425D-19
 0.4691333148429D-03-0.1268222078791D-21 0.4492023263924D-03-0.5151900359185D-20
 0.2442483940845D-03-0.5699989008856D-20 0.2290707010442D-03 0.5895219810076D-20
 0.2295303609094D-03 0.9309189260490D-20 0.4482110866863D-03 0.1174786166732D-19
 0.2135914749987D-03-0.4165860654667D-20 0.4242873515118D-03-0.9209801338869D-20
 0.2160927627754D-03 0.3167819089853D-20 0.4209803875544D-03-0.1040483461633D-19
 0.4640521912569D-03-0.3964593715026D-19 0.4340402708706D-03 0.1158419117805D-19
 0.4066375860037D-03 0.5035597099025D-20 0.4024512487570D-03 0.6107209423977D-20
 0.4128234850352D-03-0.4601764973317D-20
    1
    1    1  120    3
 0.1168855339783D-03 0.1284498843055D-03 0.1407326477211D-03 0.1538871885944D-03
 0.1678666685670D-03 0.1826613225596D-03 0.1982424920442D-03 0.2145683987188D-03
 0.2315759363777D-03 0.2491834489682D-03 0.2672884017552D-03 0.2857642337029D-03
 0.3044623161958D-03 0.3232087474557D-03 0.3418083031505D-03 0.3600428150222D-03
 0.3776784116105D-03 0.3944669096853D-03 0.4101580738783D-03 0.4245056600408D-03
 0.4372864546389D-03 0.4483121374737D-03 0.4574555467065D-03 0.4646671405501D-03
 0.4700050498179D-03 0.4736492557354D-03 0.4759246990433D-03 0.4772981341483D-03
 0.4783761325691D-03 0.4798657304178D-03 0.4825323119642D-03 0.4871187147545D-03
 0.4942728080995D-03 0.5044536643202D-03 0.5178731350044D-03 0.5344426354752D-03
 0.5537769348760D-03 0.5752133889108D-03 0.5978827764658D-03 0.6207798803538D-03
 0.6428608552492D-03 0.6631173091232D-03 0.6806559607948D-03 0.6947440701634D-03
 0.7048536285688D-03 0.7106735644442D-03 0.7121227983531D-03 0.7093388165261D-03
 0.7026702781169D-03 0.6926520832441D-03 0.6799853422962D-03 0.6655044331511D-03
 0.6501480307574D-03 0.6349198806760D-03 0.6208515581045D-03 0.6089571176970D-03
 0.6001876056234D-03 0.5953801633930D-03 0.5952054301839D-03 0.6001156665245D-03
 0.6102921477164D-03 0.6256064966801D-03 0.6455909637755D-03 0.6694491419079D-03
 0.6960988533364D-03 0.7242955286547D-03 0.7528086124415D-03 0.7806926493202D-03
 0.8075598444933D-03 0.8338490708437D-03 0.8609267504226D-03 0.8910280996040D-03
 0.9269449091498D-03 0.9716366066114D-03 0.1027788186975D-02 0.1097549969660D-02
 0.1182396286963D-02 0.1283210576598D-02 0.1400411008453D-02 0.1534183696764D-02
 0.1684634608884D-02 0.1851974506588D-02 0.2036580077756D-02 0.2239076915097D-02
 0.2460301568471D-02 0.2701289971316D-02 0.2963152987957D-02 0.3246978617765D-02
 0.3553623921961D-02 0.3883524400109D-02 0.4236389594366D-02 0.4610906958471D-02
 0.5004317590147D-02 0.5411993315864D-02 0.5826869338038D-02 0.6238875895422D-02
 0.6634213788716D-02 0.6994643386263D-02 0.7296628258385D-02 0.7510535651954D-02
 0.7599751592334D-02 0.7519936168763D-02 0.7218307129020D-02 0.6633135046471D-02
 0.5693384759753D-02 0.4318499046768D-02 0.2418275223064D-02-0.1074761777175D-03
-0.3369458050486D-02-0.7490222591087D-02-0.1260589502035D-01-0.1886932178443D-01
-0.2645358734374D-01-0.3555780581168D-01-0.4641333460516D-01-0.5929295964859D-01
-0.7451887211749D-01-0.9247142728211D-01-0.1135919861622D+00-0.1383849076698D+00
 0.1940979872837D-08 0.2293183321325D-08 0.2701803505551D-08 0.3178672546926D-08
 0.3733284554465D-08 0.4377559301396D-08 0.5124478008384D-08 0.5988874661366D-08
 0.6986853379117D-08 0.8136451236991D-08 0.9457369435533D-08 0.1097112069611D-07
 0.1270089770336D-07 0.1467164424632D-07 0.1690980409835D-07 0.1944312737553D-07
 0.2230037984931D-07 0.2551105503277D-07 0.2910470367707D-07 0.3311076713280D-07
 0.3755777155693D-07 0.4247333264235D-07 0.4788360212563D-07 0.5381412706624D-07
 0.6029027994822D-07 0.6733993164321D-07 0.7499614027382D-07 0.8330321718658D-07
 0.9232258773080D-07 0.1021430815273D-06 0.1128896209949D-06 0.1247352727603D-06
 0.1379082382530D-06 0.1526991744979D-06 0.1694579999299D-06 0.1885891838917D-06
 0.2105333338347D-06 0.2357496616557D-06 0.2646868979313D-06 0.2977610852765D-06
 0.3353248573803D-06 0.3776488545490D-06 0.4248939204138D-06 0.4770966244486D-06
 0.5341417262048D-06 0.5957471475590D-06 0.6614306070221D-06 0.7304897301881D-06
 0.8019581465233D-06 0.8745784404377D-06 0.9467473247803D-06 0.1016482762536D-05
 0.1081361597969D-05 0.1138489831110D-05 0.1184444324225D-05 0.1215267848065D-05
 0.1226446167357D-05 0.1212975579243D-05 0.1169444028228D-05 0.1090270555119D-05
 0.9700183350937D-06 0.8039716539741D-06 0.5888613424971D-06 0.3239370636191D-06
 0.1215139055533D-07-0.3384759101941D-06-0.7138646401214D-06-0.1093461629737D-05
-0.1451245068556D-05-0.1758194321100D-05-0.1986439349421D-05-0.2113840601525D-05
-0.2128078454960D-05-0.2028533066594D-05-0.1825912063809D-05-0.1539656032749D-05
-0.1194731916202D-05-0.8184803837251D-06-0.4387592765472D-06-0.8316250443794D-07
 0.2202400651071D-06 0.4413191519578D-06 0.5450479550423D-06 0.4879292811560D-06
 0.2129964655420D-06-0.3563702869152D-06-0.1324834080516D-05-0.2835719305338D-05
-0.5085259748875D-05-0.8340782093262D-05-0.1296476600161D-04-0.1944536938591D-04
-0.2843614163499D-04-0.4080579088451D-04-0.5770170607738D-04-0.8062863855101D-04
-0.1115472740953D-03-0.1529951417670D-03-0.2082358457977D-03-0.2814405411800D-03
-0.3779086425842D-03-0.5043324470902D-03-0.6691117022321D-03-0.8827223425439D-03
-0.1158138000445D-02-0.1511312449226D-02-0.1961714860551D-02-0.2532953159952D-02
-0.3253491133839D-02-0.4157567779285D-02-0.5286350736610D-02-0.6689525189298D-02
-0.8427308127206D-02-0.1057312754956D-01-0.1321679600881D-01-0.1646844193420D-01
-0.2046288107263D-01-0.2536491436254D-01-0.3137527726763D-01-0.3873817969159D-01
 0.1254733197374D-09 0.1508969851741D-09 0.1811277255700D-09 0.2170698905000D-09
 0.2598678524122D-09 0.3108850640543D-09 0.3717307292359D-09 0.4444518333400D-09
 0.5313805064592D-09 0.6354628956569D-09 0.7602203168247D-09 0.9098987759164D-09
 0.1089575914232D-08 0.1305420792444D-08 0.1564715727711D-08 0.1876086064081D-08
 0.2249666110303D-08 0.2697224356382D-08 0.3232118315826D-08 0.3869324153689D-08
 0.4625052627323D-08 0.5516150318086D-08 0.6559103216852D-08 0.7768511239947D-08
 0.9154875606154D-08 0.1072193179944D-07 0.1246331319536D-07 0.1435941577143D-07
 0.1637426671889D-07 0.1845436068667D-07 0.2052898309593D-07 0.2251409165386D-07
 0.2431848848513D-07 0.2585313707684D-07 0.2704039785856D-07 0.2782330453540D-07
 0.2817077187557D-07 0.2807997848149D-07 0.2757368265140D-07 0.2669538407023D-07
 0.2550185446085D-07 0.2405641624586D-07 0.2242231458621D-07 0.2065846985537D-07
 0.1881621988949D-07 0.1693819674111D-07 0.1505775236560D-07 0.1319972261740D-07
 0.1138095602191D-07 0.9611468287675D-08 0.7895044452299D-08 0.6230045588061D-08
 0.4609508689973D-08 0.3021246427982D-08 0.1447364619343D-08-0.1365828996903D-09
-0.1762781423371D-08-0.3472869103559D-08-0.5319965299859D-08-0.7371005621308D-08
-0.9709072443243D-08-0.1243524604274D-07-0.1566914410497D-07-0.1954700398679D-07
-0.2421618696138D-07-0.2982555140008D-07-0.3651413906783D-07-0.4440400277829D-07
-0.5361018952363D-07-0.6428177169892D-07-0.7668537347962D-07-0.9132472859227D-07
-0.1090749412808D-06-0.1313009270875D-06-0.1599456478783D-06-0.1975991985079D-06
-0.2475819086353D-06-0.3140800401987D-06-0.4023642073728D-06-0.5191131861160D-06
-0.6728604252034D-06-0.8745884742013D-06-0.1138506361412D-05-0.1483063760190D-05
-0.1932281057843D-05-0.2517500840283D-05-0.3279719790328D-05-0.4272705635015D-05
-0.5567205041105D-05-0.7256632020066D-05-0.9464808633226D-05-0.1235645935344D-04
-0.1615145927149D-04-0.2114400624667D-04-0.2772830047671D-04-0.3643251433505D-04
-0.4796332712007D-04-0.6326354865050D-04-0.8358596529757D-04-0.1105871616256D-03
-0.1464461095266D-03-0.1940141413331D-03-0.2570052252295D-03-0.3402396783723D-03
-0.4499574306053D-03-0.5942246398116D-03-0.7834574214024D-03-0.1031098843329D-02
-0.1354480215720D-02-0.1775926904966D-02-0.2324168722017D-02-0.3036188745233D-02
-0.3959651936092D-02-0.5156168710671D-02-0.6705605510029D-02-0.8711761475934D-02
-0.1130962272309D-01-0.1467463887576D-01-0.1903452581775D-01-0.2468468585662D-01
    2    2  120    8
 0.2260826947635D-03 0.2400696734360D-03 0.2549242607111D-03 0.2707000367650D-03
 0.2874545312888D-03 0.3052483910400D-03 0.3241465124704D-03 0.3442173499896D-03
 0.3655341715441D-03 0.3881742803409D-03 0.4122203911588D-03 0.4377597967237D-03
 0.4648859222101D-03 0.4936973408682D-03 0.5242995779147D-03 0.5568039993993D-03
 0.5913297992675D-03 0.6280028005942D-03 0.6669577053403D-03 0.7083366799121D-03
 0.7522919651532D-03 0.7989842813685D-03 0.8485857054773D-03 0.9012779513633D-03
 0.9572556284674D-03 0.1016724215724D-02 0.1079903841781D-02 0.1147027002793D-02
 0.1218342733777D-02 0.1294114150311D-02 0.1374623175488D-02 0.1460167648044D-02
 0.1551066806715D-02 0.1647658037244D-02 0.1750302931661D-02 0.1859383789262D-02
 0.1975310488707D-02 0.2098516378107D-02 0.2229466251534D-02 0.2368651733524D-02
 0.2516600105971D-02 0.2673869353238D-02 0.2841058183764D-02 0.3018800222390D-02
 0.3207775647599D-02 0.3408704684371D-02 0.3622360508221D-02 0.3849562278471D-02
 0.4091189809908D-02 0.4348175425766D-02 0.4621521012272D-02 0.4912288915204D-02
 0.5221620839088D-02 0.5550728300784D-02 0.5900913991864D-02 0.6273560633683D-02
 0.6670156024617D-02 0.7092280456508D-02 0.7541634619410D-02 0.8020026474873D-02
 0.8529402885800D-02 0.9071834424718D-02 0.9649552210893D-02 0.1026493118434D-01
 0.1092053116839D-01 0.1161907938082D-01 0.1236351739677D-01 0.1315698087896D-01
 0.1400285437727D-01 0.1490474904254D-01 0.1586656394396D-01 0.1689246338214D-01
 0.1798694668481D-01 0.1915482199595D-01 0.2040128835511D-01 0.2173190674215D-01
 0.2315269179782D-01 0.2467008340171D-01 0.2629105128346D-01 0.2802306147114D-01
 0.2987419961867D-01 0.3185313469925D-01 0.3396925618049D-01 0.3623263935353D-01
 0.3865420176715D-01 0.4124566219800D-01 0.4401972432252D-01 0.4699003188670D-01
 0.5017137664964D-01 0.5357964851109D-01 0.5723208137758D-01 0.6114719112998D-01
 0.6534505837335D-01 0.6984726764707D-01 0.7467722462930D-01 0.7986009143134D-01
 0.8542315732441D-01 0.9139576419573D-01 0.9780973110009D-01 0.1046992861787D+00
 0.1121015443616D+00 0.1200564387525D+00 0.1286072761426D+00 0.1378006565544D+00
 0.1476871024548D+00 0.1583209822967D+00 0.1697612031439D+00 0.1820711153643D+00
 0.1953192895508D+00 0.2095793758205D+00 0.2249309523371D+00 0.2414593565832D+00
 0.2592566070673D+00 0.2784212109201D+00 0.2990592395450D+00 0.3212841564056D+00
 0.3452181153757D+00 0.3709919477030D+00 0.3987467615719D+00 0.4286341013510D+00
-0.1517907382296D-07-0.1710902615240D-07-0.1928483099330D-07-0.2173782591417D-07
-0.2450337565401D-07-0.2762133998970D-07-0.3113668436261D-07-0.3510010030309D-07
-0.3956877452992D-07-0.4460717150528D-07-0.5028802230668D-07-0.5669331957285D-07
-0.6391556960909D-07-0.7205906271070D-07-0.8124147108427D-07-0.9159545642859D-07
-0.1032707180289D-06-0.1164360265654D-06-0.1312818368969D-06-0.1480228828429D-06
-0.1669015001534D-06-0.1881909386738D-06-0.2121995841787D-06-0.2392751920677D-06
-0.2698102699982D-06-0.3042474477111D-06-0.3430863738237D-06-0.3868905551601D-06
-0.4362961349402D-06-0.4920206256901D-06-0.5548741188023D-06-0.6257704406108D-06
-0.7057414054091D-06-0.7959511189143D-06-0.8977141883914D-06-0.1012513916494D-05
-0.1142025627237D-05-0.1288139933665D-05-0.1452992526485D-05-0.1638993926430D-05
-0.1848867651375D-05-0.2085688187454D-05-0.2352929900777D-05-0.2654515783480D-05
-0.2994879885468D-05-0.3379029906918D-05-0.3812627242150D-05-0.4302067274402D-05
-0.4854581943242D-05-0.5478342862406D-05-0.6182593228007D-05-0.6977779962903D-05
-0.7875723060780D-05-0.8889786045025D-05-0.1003509323123D-04-0.1132874902502D-04
-0.1279011781618D-04-0.1444110567920D-04-0.1630652093345D-04-0.1841443736077D-04
-0.2079665808480D-04-0.2348918339420D-04-0.2653280792585D-04-0.2997372528740D-04
-0.3386429500250D-04-0.3826382225706D-04-0.4323954717780D-04-0.4886764720004D-04
-0.5523450890432D-04-0.6243802212688D-04-0.7058921457711D-04-0.7981391072680D-04
-0.9025483872160D-04-0.1020737573781D-03-0.1154541551485D-03-0.1306039852173D-03
-0.1477591187772D-03-0.1671868452828D-03-0.1891902898641D-03-0.2141129007932D-03
-0.2423440827792D-03-0.2743249314296D-03-0.3105554661856D-03-0.3516019357458D-03
-0.3981060703290D-03-0.4507945056268D-03-0.5104906526029D-03-0.5781268199343D-03
-0.6547596236067D-03-0.7415857319748D-03-0.8399619335950D-03-0.9514258934395D-03
-0.1077722606505D-02-0.1220831900813D-02-0.1383003740321D-02-0.1566795278211D-02
-0.1775118027630D-02-0.2011288052799D-02-0.2279089736892D-02-0.2582843218336D-02
-0.2927490040666D-02-0.3318683983767D-02-0.3762904328667D-02-0.4267575676339D-02
-0.4841216552372D-02-0.5493594322316D-02-0.6235916041563D-02-0.7081027539022D-02
-0.8043657245759D-02-0.9140671260641D-02-0.1039139211150D-01-0.1181793666461D-01
-0.1344564807551D-01-0.1530357194059D-01-0.1742507279768D-01-0.1984853136414D-01
-0.2261824911045D-01-0.2578547416872D-01-0.2940969166381D-01-0.3356005770346D-01
 0.3525066951880D-07 0.3973685029699D-07 0.4479476252719D-07 0.5049729601479D-07
 0.5692669309214D-07 0.6417565828664D-07 0.7234876265863D-07 0.8156388795029D-07
 0.9195401105188D-07 0.1036690383168D-06 0.1168780684055D-06 0.1317717406633D-06
 0.1485651083868D-06 0.1675006147702D-06 0.1888517643546D-06 0.2129269060427D-06
 0.2400739007830D-06 0.2706849331113D-06 0.3052024683013D-06 0.3441253517911D-06
 0.3880164032602D-06 0.4375101953701D-06 0.4933226929847D-06 0.5562611640431D-06
 0.6272364879629D-06 0.7072757045539D-06 0.7975377313847D-06 0.8993293743997D-06
 0.1014125286110D-05 0.1143588368512D-05 0.1289595226733D-05 0.1454262177296D-05
 0.1639977577164D-05 0.1849435079378D-05 0.2085674860628D-05 0.2352125845770D-05
 0.2652658352707D-05 0.2991638021151D-05 0.3373992839145D-05 0.3805281862242D-05
 0.4291780949038D-05 0.4840570121999D-05 0.5459643094953D-05 0.6158019074624D-05
 0.6945882058896D-05 0.7834723759385D-05 0.8837521694306D-05 0.9968921688274D-05
 0.1124546498402D-04 0.1268582180897D-04 0.1431108214520D-04 0.1614505334799D-04
 0.1821463195144D-04 0.2055018565250D-04 0.2318602767538D-04 0.2616090563814D-04
 0.2951861003392D-04 0.3330859808510D-04 0.3758677376289D-04 0.4241628816430D-04
 0.4786853728803D-04 0.5402418720129D-04 0.6097445290565D-04 0.6882241571951D-04
 0.7768465755489D-04 0.8769295262491D-04 0.9899636713682D-04 0.1117634231604D-03
 0.1261847900860D-03 0.1424760702722D-03 0.1608812470255D-03 0.1816762494277D-03
 0.2051733922348D-03 0.2317259397474D-03 0.2617337940770D-03 0.2956493707588D-03
 0.3339848828914D-03 0.3773198745965D-03 0.4263105682734D-03 0.4816995550117D-03
 0.5443277484842D-03 0.6151468323036D-03 0.6952346652776D-03 0.7858111983387D-03
 0.8882582570106D-03 0.1004140132503D-02 0.1135228980057D-02 0.1283531318750D-02
 0.1451320944442D-02 0.1641173157557D-02 0.1856007330091D-02 0.2099131554702D-02
 0.2374297984958D-02 0.2685760973003D-02 0.3038349566201D-02 0.3437543988242D-02
 0.3889570288510D-02 0.4401501310873D-02 0.4981381610552D-02 0.5638359735792D-02
 0.6382852621273D-02 0.7226720440514D-02 0.8183480995565D-02 0.9268538294371D-02
 0.1049946292625D-01 0.1189628799468D-01 0.1348187153613D-01 0.1528228100539D-01
 0.1732726085862D-01 0.1965073029876D-01 0.2229139664163D-01 0.2529341048618D-01
 0.2870718306340D-01 0.3259028090091D-01 0.3700854624814D-01 0.4203734466705D-01
 0.4776313550317D-01 0.5428522992763D-01 0.6171796431907D-01 0.7019311971006D-01
 0.2479580734051D-11 0.2969454724746D-11 0.3556000338129D-11 0.4258690620804D-11
 0.5099420874200D-11 0.6106978191687D-11 0.7313950640718D-11 0.8759187364029D-11
 0.1049017288606D-10 0.1256289754316D-10 0.1504569714650D-10 0.1801921645344D-10
 0.2158053624348D-10 0.2584563462580D-10 0.3095424508964D-10 0.3707308217013D-10
 0.4440085965178D-10 0.5317676851189D-10 0.6368821994410D-10 0.7627712723761D-10
 0.9135391330134D-10 0.1094107054368D-09 0.1310357720507D-09 0.1569337535808D-09
 0.1879487563805D-09 0.2250912321503D-09 0.2695699933095D-09 0.3228334927953D-09
 0.3866130864780D-09 0.4629843631376D-09 0.5544299596851D-09 0.6639189328846D-09
 0.7950066041463D-09 0.9519455857761D-09 0.1139822970031D-08 0.1364724935080D-08
 0.1633928935993D-08 0.1956138554827D-08 0.2341759375079D-08 0.2803229122902D-08
 0.3355415959467D-08 0.4016083814626D-08 0.4806456015580D-08 0.5751881332279D-08
 0.6882627910958D-08 0.8234829654767D-08 0.9851608287226D-08 0.1178441182400D-07
 0.1409459554115D-07 0.1685531221251D-07 0.2015373657971D-07 0.2409372182860D-07
 0.2879892140484D-07 0.3441651396050D-07 0.4112156880646D-07 0.4912224249370D-07
 0.5866587078974D-07 0.7004618706420D-07 0.8361178070725D-07 0.9977608954002D-07
 0.1190290796552D-06 0.1419510207344D-06 0.1692285309912D-06 0.2016734675285D-06
 0.2402448527483D-06 0.2860746488819D-06 0.3404975616114D-06 0.4050860185859D-06
 0.4816904892462D-06 0.5724867287848D-06 0.6800300965029D-06 0.8073191564330D-06
 0.9578686546878D-06 0.1135795042498D-05 0.1345914545268D-05 0.1593858398437D-05
 0.1886205245420D-05 0.2230637524683D-05 0.2636122018247D-05 0.3113125005612D-05
 0.3673862736778D-05 0.4332603552442D-05 0.5106023825784D-05 0.6013643584561D-05
 0.7078347212457D-05 0.8327030188483D-05 0.9791383395200D-05 0.1150888011111D-04
 0.1352398690540D-04 0.1588970077097D-04 0.1866944817527D-04 0.2193950232283D-04
 0.2579197365828D-04 0.3033860383244D-04 0.3571543707373D-04 0.4208869420844D-04
 0.4966193278129D-04 0.5868493045034D-04 0.6946435155789D-04 0.8237676873479D-04
 0.9788401822312D-04 0.1165516154568D-03 0.1390700882204D-03 0.1662801981127D-03
 0.1992017797986D-03 0.2390677215440D-03 0.2873629304017D-03 0.3458710129062D-03
 0.4167293203115D-03 0.5024976803779D-03 0.6062433568403D-03 0.7316522282847D-03
 0.8831719716446D-03 0.1066203679436D-02 0.1287351165765D-02 0.1554751188573D-02
 0.1878494008619D-02 0.2271161603018D-02 0.2748487566836D-02 0.3330167555997D-02
-0.3790098517903D-11-0.4538268561727D-11-0.5433396178857D-11-0.6506623136897D-11
-0.7790577356843D-11-0.9328958675647D-11-0.1117032731749D-10-0.1337609043469D-10
-0.1601824704055D-10-0.1918204466448D-10-0.2297103509260D-10-0.2750924719105D-10
-0.3294375790469D-10-0.3945251101160D-10-0.4724799850142D-10-0.5658381643410D-10
-0.6776454057169D-10-0.8115653866387D-10-0.9719440283928D-10-0.1164029312527D-09
-0.1394075808084D-09-0.1669598326353D-09-0.1999568996276D-09-0.2394750134510D-09
-0.2868028566802D-09-0.3434827346473D-09-0.4113626424772D-09-0.4926530199999D-09
-0.5900033586779D-09-0.7065816581131D-09-0.8461823197344D-09-0.1013349866726D-08
-0.1213518826348D-08-0.1453196138641D-08-0.1740169369225D-08-0.2083756127472D-08
-0.2495105039238D-08-0.2987552982538D-08-0.3577055446535D-08-0.4282695011236D-08
-0.5127291934620D-08-0.6138131347710D-08-0.7347833863601D-08-0.8795388401679D-08
-0.1052738949545D-07-0.1259950718738D-07-0.1507823809783D-07-0.1804299637182D-07
-0.2158859214380D-07-0.2582819192454D-07-0.3089682015880D-07-0.3695554476116D-07
-0.4419641867583D-07-0.5284836462813D-07-0.6318414071326D-07-0.7552860845078D-07
-0.9026848790510D-07-0.1078639548300D-06-0.1288622724680D-06-0.1539139739188D-06
-0.1837918543797D-06-0.2194134741289D-06-0.2618675101168D-06-0.3124449138284D-06
-0.3726753380202D-06-0.4443700998983D-06-0.5296722986605D-06-0.6311158536090D-06
-0.7516941759375D-06-0.8949409535999D-06-0.1065023967613D-05-0.1266855321070D-05
-0.1506219263979D-05-0.1789922424754D-05-0.2125967897202D-05-0.2523760156114D-05
-0.2994342809512D-05-0.3550679334205D-05-0.4207979894268D-05-0.4984089506944D-05
-0.5899942638636D-05-0.6980107729594D-05-0.8253430641556D-05-0.9753813894461D-05
-0.1152114803137D-04-0.1360245357148D-04-0.1605326293234D-04-0.1893933581373D-04
-0.2233875882953D-04-0.2634457804170D-04-0.3106804881553D-04-0.3664273380106D-04
-0.4322958397937D-04-0.5102334959769D-04-0.6026052067641D-04-0.7122930005694D-04
-0.8428187947331D-04-0.9984971371366D-04-0.1184621146149D-03-0.1407690885881D-03
-0.1675687346881D-03-0.1998403821366D-03-0.2387837313596D-03-0.2858655257195D-03
-0.3428739707192D-03-0.4119831495313D-03-0.4958279693810D-03-0.5975935406153D-03
-0.7211209938844D-03-0.8710374134501D-03-0.1052915530647D-02-0.1273478205568D-02
-0.1540860077412D-02-0.1864952529071D-02-0.2257853035519D-02-0.2734457534159D-02
-0.3313221641204D-02-0.4017136523209D-02-0.4874938829320D-02-0.5922597683975D-02
-0.5001031392644D-15-0.1013129186339D-15-0.6029840528695D-15-0.6761802762120D-15
 0.7932019350233D-17-0.9985192439006D-15 0.1834063627731D-15 0.5474120856176D-15
 0.5265358064015D-15 0.8838865264805D-15 0.9354757879011D-15 0.8806541407239D-15
 0.1245688215453D-14 0.1993915611482D-14 0.2301582109328D-14 0.4107863417394D-14
 0.5339083692026D-14 0.5677527748490D-14 0.8110228492715D-14 0.9707095076305D-14
 0.1271422161737D-13 0.1599383325715D-13 0.2122712989800D-13 0.2734486724343D-13
 0.3516703657195D-13 0.4515286923363D-13 0.5769636024555D-13 0.7463288243722D-13
 0.9451565237317D-13 0.1206433762900D-12 0.1551892970735D-12 0.1981887906927D-12
 0.2530437095500D-12 0.3235464001342D-12 0.4131810535911D-12 0.5280200515810D-12
 0.6742039610455D-12 0.8608618308565D-12 0.1099338094460D-11 0.1403018044259D-11
 0.1790812404438D-11 0.2285469211416D-11 0.2915961449352D-11 0.3720077460270D-11
 0.4744980120530D-11 0.6050239709130D-11 0.7712473959133D-11 0.9828565660705D-11
 0.1252224273099D-10 0.1594728414911D-10 0.2030226632263D-10 0.2583487771777D-10
 0.3285917355624D-10 0.4177383746426D-10 0.5307523133804D-10 0.6739207681829D-10
 0.8551442704025D-10 0.1084266543333D-09 0.1373655605198D-09 0.1738700698877D-09
 0.2198583110262D-09 0.2777043732703D-09 0.3503497938544D-09 0.4414142193584D-09
 0.5553340142975D-09 0.6975278779523D-09 0.8745673808352D-09 0.1094369326120D-08
 0.1366400974814D-08 0.1701866741907D-08 0.2113879074919D-08 0.2617547304296D-08
 0.3229964734917D-08 0.3969965895982D-08 0.4857583846509D-08 0.5912979013095D-08
 0.7154638252794D-08 0.8596450487505D-08 0.1024321437258D-07 0.1208386479292D-07
 0.1408153331228D-07 0.1615918736180D-07 0.1817918020239D-07 0.1991452064693D-07
 0.2100888424272D-07 0.2092162171123D-07 0.1885270446509D-07 0.1364137013597D-07
 0.3630199839973D-08-0.1351530649252D-07-0.4104465707290D-07-0.8343285296362D-07
-0.1467829465557D-06-0.2393422966392D-06-0.3721603600436D-06-0.5599171533853D-06
-0.8219602799147D-06-0.1183587493401D-05-0.1677624786426D-05-0.2346346130902D-05
-0.3243802906143D-05-0.4438626560931D-05-0.6017412317754D-05-0.8088796845858D-05
-0.1078844054771D-04-0.1428516897874D-04-0.1878873757843D-04-0.2455982076687D-04
-0.3192324235870D-04-0.4128575692631D-04-0.5316041360361D-04-0.6819999735566D-04
-0.8724307090822D-04-0.1113765969814D-03-0.1420202267037D-03-0.1810372595358D-03
-0.2308779835848D-03-0.2947598474517D-03-0.3768890411302D-03-0.4827259640673D-03
 0.1357349521051D-15 0.3781269045782D-15-0.1158375557649D-15 0.2533250569301D-15
 0.1906531852579D-16-0.1051340850161D-15-0.1744582024619D-15-0.2421222841210D-15
-0.5253715354651D-15-0.3986626183170D-15-0.6756972768245D-15-0.1117263049051D-14
-0.1061279164008D-14-0.1336160226333D-14-0.1913219175945D-14-0.2729534913663D-14
-0.3788399936396D-14-0.4495504734444D-14-0.6102495034442D-14-0.7626378267283D-14
-0.1007276492551D-13-0.1266987481015D-13-0.1646838525206D-13-0.2118558903851D-13
-0.2744968218522D-13-0.3541525516252D-13-0.4552133659148D-13-0.5879454292090D-13
-0.7511928345412D-13-0.9653510368349D-13-0.1241766675256D-12-0.1596056779323D-12
-0.2050801021679D-12-0.2636531043976D-12-0.3388535055151D-12-0.4355628467545D-12
-0.5599668129327D-12-0.7200963661101D-12-0.9267740929061D-12-0.1191622438307D-11
-0.1532907209493D-11-0.1972525672519D-11-0.2537788725790D-11-0.3265956420139D-11
-0.4203587652968D-11-0.5410381735196D-11-0.6964265728081D-11-0.8965215171524D-11
-0.1154156536654D-10-0.1485828035185D-10-0.1912902821111D-10-0.2462644326790D-10
-0.3170308763208D-10-0.4081094239236D-10-0.5253022572859D-10-0.6760686833607D-10
-0.8699714405032D-10-0.1119261814552D-09-0.1439649711340D-09-0.1851209189903D-09
-0.2379621149010D-09-0.3057636825816D-09-0.3927028331780D-09-0.5040923970703D-09
-0.6466804251597D-09-0.8290204198327D-09-0.1061926703895D-08-0.1359034103569D-08
-0.1737483779570D-08-0.2218745227757D-08-0.2829602675953D-08-0.3603309179295D-08
-0.4580931590709D-08-0.5812853213161D-08-0.7360431590692D-08-0.9297703360802D-08
-0.1171303774623D-07-0.1471047262205D-07-0.1841040550581D-07-0.2294904006183D-07
-0.2847578157023D-07-0.3514730576234D-07-0.4311656673565D-07-0.5251417557225D-07
-0.6341869231646D-07-0.7581094901995D-07-0.8950592349498D-07-0.1040533651377D-06
-0.1185957058706D-06-0.1316683149248D-06-0.1409230022679D-06-0.1427510598408D-06
-0.1317762731182D-06-0.1001832783101D-06-0.3683956622461D-07 0.7383390665598D-07
 0.2532952736174D-06 0.5306663023079D-06 0.9449213388190D-06 0.1547517766930D-05
 0.2405503260643D-05 0.3605103658557D-05 0.5255796617244D-05 0.7494838395040D-05
 0.1049225397475D-04 0.1445630968426D-04 0.1963966998779D-04 0.2634662156438D-04
 0.3494226062524D-04 0.4586508479685D-04 0.5964549906737D-04 0.7693378915676D-04
 0.9854273381654D-04 0.1255112345704D-03 0.1591967886605D-03 0.2014046155725D-03
 0.2545606844547D-03 0.3219324503416D-03 0.4078968108555D-03 0.5182478113267D-03
 0.4758911907826D-15 0.5607433172962D-15 0.1178567881422D-14 0.8245600265783D-15
 0.1545006597073D-14 0.2053457479248D-14 0.2726171456302D-14 0.3436469046631D-14
 0.4608541676972D-14 0.5828523475720D-14 0.7563878254099D-14 0.9662744189100D-14
 0.1246180106866D-13 0.1556203188797D-13 0.2026741085769D-13 0.2586082526056D-13
 0.3303962958730D-13 0.4196495891279D-13 0.5391715994115D-13 0.6811907580370D-13
 0.8716016086843D-13 0.1109809829276D-12 0.1412328310605D-12 0.1804678291604D-12
 0.2299324378962D-12 0.2931784145916D-12 0.3737198465282D-12 0.4768354548148D-12
 0.6069625893391D-12 0.7732777782642D-12 0.9859699961713D-12 0.1256352872013D-11
 0.1600581211244D-11 0.2039239831070D-11 0.2598058047566D-11 0.3310057252949D-11
 0.4216490081070D-11 0.5371248459065D-11 0.6841916057272D-11 0.8713838409342D-11
 0.1109623892463D-10 0.1412960882078D-10 0.1798896345993D-10 0.2289983749797D-10
 0.2914643180802D-10 0.3709073678306D-10 0.4719096479636D-10 0.6002879479463D-10
 0.7634149500326D-10 0.9706145126393D-10 0.1233706090765D-09 0.1567620643503D-09
 0.1991227309757D-09 0.2528371594613D-09 0.3209105117479D-09 0.4071301012324D-09
 0.5162651385442D-09 0.6543082365321D-09 0.8287852224017D-09 0.1049128045475D-08
 0.1327145823236D-08 0.1677587307198D-08 0.2118847230623D-08 0.2673810921979D-08
 0.3370886581626D-08 0.4245242587127D-08 0.5340292536369D-08 0.6709446102409D-08
 0.8418177269505D-08 0.1054641242076D-07 0.1319126834134D-07 0.1647011695636D-07
 0.2052394789191D-07 0.2552091061712D-07 0.3165989196740D-07 0.3917379641822D-07
 0.4833212701827D-07 0.5944213450886D-07 0.7284759576612D-07 0.8892376342932D-07
 0.1080665544818D-06 0.1306732181784D-06 0.1571108458096D-06 0.1876677469243D-06
 0.2224812426539D-06 0.2614333805043D-06 0.3040037448451D-06 0.3490656112242D-06
 0.3946082930325D-06 0.4373647404470D-06 0.4723189195221D-06 0.4920633733599D-06
 0.4859720178194D-06 0.4391501589848D-06 0.3311185611913D-06 0.1341890423020D-06
-0.1885146803765D-06-0.6854289527891D-06-0.1419355258953D-05-0.2470721424561D-05
-0.3941327876701D-05-0.5958588580720D-05-0.8680310259435D-05-0.1230006008253D-04
-0.1705329377502D-04-0.2322452311662D-04-0.3115612181494D-04-0.4125970116846D-04
-0.5403166827467D-04-0.7007526254867D-04-0.9013251203792D-04-0.1151305607087D-03
-0.1462482025884D-03-0.1850092656507D-03-0.2334102600595D-03-0.2940890112656D-03
-0.3705396870396D-03-0.4673761289691D-03-0.5906415422705D-03-0.7481578108072D-03
