     0.000000    -0.128260     1.925640     1.925640     2.312030     2.312030     2.312030     2.520050     2.520050     2.520050
     0.020000    -0.127730     1.921940     1.923400     2.311680     2.311680     2.316680     2.516730     2.516730     2.520140
     0.040000    -0.126140     1.911340     1.916770     2.310480     2.310480     2.330130     2.507480     2.507480     2.520420
     0.060000    -0.123480     1.895080     1.905990     2.307910     2.307910     2.351140     2.494190     2.494190     2.520930
     0.080000    -0.119750     1.874630     1.891440     2.303080     2.303080     2.378220     2.479370     2.479370     2.521710
     0.100000    -0.114920     1.851310     1.873560     2.294770     2.294770     2.410060     2.465640     2.465640     2.522810
     0.120000    -0.109000     1.826150     1.852870     2.281790     2.281790     2.445620     2.455300     2.455300     2.524270
     0.140000    -0.101950     1.799890     1.829870     2.263590     2.263590     2.449690     2.449690     2.484130     2.526110
     0.160000    -0.093770     1.773070     1.805060     2.240540     2.240540     2.449010     2.449010     2.525050     2.528360
     0.180000    -0.084440     1.746070     1.778900     2.213630     2.213630     2.452680     2.452680     2.531010     2.567980
     0.200000    -0.073940     1.719150     1.751790     2.183940     2.183940     2.459890     2.459890     2.534050     2.612620
     0.220000    -0.062250     1.692510     1.724110     2.152370     2.152370     2.469980     2.469980     2.537470     2.658770
     0.240000    -0.049360     1.666290     1.696170     2.119570     2.119570     2.482440     2.482440     2.541230     2.706250
     0.260000    -0.035260     1.640580     1.668240     2.086010     2.086010     2.496920     2.496920     2.545290     2.754940
     0.280000    -0.019940     1.615480     1.640560     2.052020     2.052020     2.513170     2.513170     2.549600     2.804700
     0.300000    -0.003400     1.591030     1.613340     2.017850     2.017850     2.531020     2.531020     2.554060     2.855470
     0.320000     0.014370     1.567270     1.586730     1.983690     1.983690     2.550320     2.550320     2.558590     2.891360
     0.340000     0.033370     1.544240     1.560890     1.949680     1.949680     2.563030     2.570990     2.570990     2.893820
     0.360000     0.053590     1.521960     1.535920     1.915930     1.915930     2.567170     2.592910     2.592910     2.896570
     0.380000     0.075030     1.500430     1.511930     1.882530     1.882530     2.570720     2.616030     2.616030     2.899610
     0.400000     0.097670     1.479680     1.488990     1.849570     1.849570     2.573250     2.640280     2.640280     2.902970
     0.420000     0.121510     1.459710     1.467160     1.817110     1.817110     2.574130     2.665580     2.665580     2.906650
     0.440000     0.146530     1.440520     1.446490     1.785210     1.785210     2.572480     2.691880     2.691880     2.910670
     0.460000     0.172720     1.422110     1.427010     1.753930     1.753930     2.567040     2.719110     2.719110     2.915040
     0.480000     0.200060     1.404480     1.408740     1.723330     1.723330     2.556260     2.747230     2.747230     2.904170
     0.500000     0.228530     1.387620     1.391690     1.693440     1.693440     2.538590     2.776150     2.776150     2.876200
     0.520000     0.258120     1.371520     1.375850     1.664310     1.664310     2.513040     2.805840     2.805840     2.856360
     0.540000     0.288800     1.356190     1.361200     1.635980     1.635980     2.479690     2.836200     2.836200     2.844790
     0.560000     0.320550     1.341620     1.347740     1.608500     1.608500     2.439620     2.840560     2.867180     2.867180
     0.580000     0.353360     1.327780     1.335420     1.581900     1.581900     2.394340     2.842340     2.898700     2.898700
     0.600000     0.387200     1.314680     1.324220     1.556220     1.556220     2.345280     2.848840     2.930680     2.930680
     0.620000     0.422050     1.302310     1.314080     1.531500     1.531500     2.293570     2.859030     2.962580     2.963030
     0.640000     0.457890     1.290650     1.304960     1.507780     1.507780     2.240040     2.872200     2.969960     2.995660
     0.660000     0.494700     1.279690     1.296800     1.485090     1.485090     2.185300     2.887850     2.977590     3.028450
     0.680000     0.532450     1.269430     1.289560     1.463470     1.463470     2.129780     2.905640     2.985420     3.061310
     0.700000     0.571130     1.259850     1.283170     1.442950     1.442950     2.073780     2.925360     2.993420     3.094080
     0.720000     0.610700     1.250940     1.277560     1.423570     1.423570     2.017540     2.946840     3.001520     3.126640
     0.740000     0.651140     1.242690     1.272690     1.405360     1.405360     1.961230     2.969990     3.009670     3.158810
     0.760000     0.692440     1.235100     1.268480     1.388350     1.388350     1.904990     2.994750     3.017800     3.190410
     0.780000     0.734560     1.228160     1.264880     1.372570     1.372570     1.848920     3.021080     3.025810     3.221230
     0.800000     0.777470     1.221840     1.261830     1.358060     1.358060     1.793130     3.033640     3.048950     3.251020
     0.820000     0.821150     1.216160     1.259290     1.344840     1.344840     1.737690     3.041180     3.078360     3.279530
     0.840000     0.865530     1.211100     1.257190     1.332930     1.332930     1.682670     3.048340     3.109280     3.306450
     0.860000     0.910580     1.206640     1.255520     1.322360     1.322360     1.628150     3.055000     3.141720     3.331460
     0.880000     0.956210     1.202800     1.254230     1.313150     1.313150     1.574210     3.061060     3.175680     3.354200
     0.900000     1.002280     1.199550     1.253350     1.305330     1.305330     1.520940     3.066410     3.211150     3.374300
     0.920000     1.048550     1.196910     1.252940     1.298910     1.298910     1.468510     3.070950     3.248120     3.391400
     0.940000     1.094460     1.194850     1.253240     1.293890     1.293890     1.417190     3.074590     3.286560     3.405120
     0.960000     1.138530     1.193380     1.255130     1.290310     1.290310     1.367600     3.077250     3.326390     3.415190
     0.980000     1.175820     1.192510     1.261840     1.288150     1.288150     1.321440     3.078870     3.367250     3.421320
     1.000000     1.192210     1.192210     1.278730     1.287430     1.287430     1.287430     3.079410     3.400300     3.423390
     1.000000     1.192210     1.192210     1.278730     1.287430     1.287430     1.287430     3.079410     3.400300     3.423390
     1.014142     1.185970     1.190030     1.263210     1.287790     1.293920     1.305740     3.079140     3.378680     3.422360
     1.028284     1.170660     1.183010     1.248320     1.288870     1.309990     1.329510     3.078300     3.348080     3.419320
     1.042426     1.151040     1.170700     1.238570     1.290660     1.330870     1.354640     3.076860     3.316370     3.414460
     1.056569     1.129560     1.154220     1.233260     1.293170     1.354120     1.380720     3.074730     3.284150     3.408020
     1.070711     1.107280     1.135400     1.230760     1.296390     1.378670     1.407550     3.071810     3.251610     3.400330
     1.084853     1.084670     1.115560     1.229830     1.300320     1.404060     1.435020     3.067970     3.218880     3.391800
     1.098995     1.061990     1.095400     1.229860     1.304940     1.430040     1.463050     3.063060     3.186070     3.382810
     1.113137     1.039350     1.075290     1.230500     1.310250     1.456470     1.491580     3.056910     3.153250     3.373790
     1.127279     1.016850     1.055430     1.231590     1.316250     1.483290     1.520560     3.049360     3.120500     3.365140
     1.141421     0.994540     1.035940     1.233040     1.322920     1.510440     1.549940     3.040250     3.087910     3.357210
     1.155563     0.972460     1.016890     1.234790     1.330250     1.537890     1.579680     3.029480     3.055540     3.350310
     1.169706     0.950630     0.998310     1.236810     1.338240     1.565610     1.609730     3.016970     3.023480     3.344660
     1.183848     0.929080     0.980250     1.239080     1.346860     1.593570     1.640050     2.991780     3.002710     3.340410
     1.197990     0.907830     0.962710     1.241580     1.356120     1.621780     1.670590     2.960530     2.986760     3.337610
     1.212132     0.886890     0.945710     1.244310     1.365980     1.650210     1.701280     2.929820     2.969220     3.336290
     1.226274     0.866290     0.929250     1.247260     1.376450     1.678860     1.732060     2.899730     2.950220     3.336380
     1.240416     0.846020     0.913350     1.250420     1.387510     1.707710     1.762860     2.870360     2.929900     3.337810
     1.254558     0.826110     0.898010     1.253790     1.399140     1.736750     1.793580     2.841810     2.908440     3.340460
     1.268701     0.806580     0.883220     1.257360     1.411320     1.765990     1.824120     2.814210     2.886000     3.344230
     1.282843     0.787420     0.868990     1.261130     1.424050     1.795400     1.854350     2.787700     2.862710     3.349010
     1.296985     0.768670     0.855320     1.265100     1.437300     1.824980     1.884130     2.762440     2.838710     3.354690
     1.311127     0.750320     0.842200     1.269260     1.451050     1.854720     1.913270     2.738620     2.814120     3.361170
     1.325269     0.732400     0.829620     1.273610     1.465300     1.884600     1.941570     2.716470     2.789060     3.368360
     1.339411     0.714920     0.817590     1.278130     1.480010     1.914620     1.968770     2.696240     2.763610     3.376170
     1.353553     0.697890     0.806100     1.282830     1.495180     1.944760     1.994570     2.678250     2.737870     3.384520
     1.367696     0.681320     0.795140     1.287690     1.510780     1.975010     2.018640     2.662830     2.711890     3.393340
     1.381838     0.665240     0.784700     1.292700     1.526790     2.005340     2.040590     2.650370     2.685760     3.402540
     1.395980     0.649660     0.774790     1.297850     1.543190     2.035740     2.060030     2.641280     2.659530     3.412060
     1.410122     0.634600     0.765390     1.303130     1.559970     2.066170     2.076580     2.633250     2.635920     3.421830
     1.424264     0.620060     0.756490     1.308510     1.577080     2.089940     2.096620     2.606980     2.634600     3.431770
     1.438406     0.606080     0.748090     1.313990     1.594510     2.099910     2.127050     2.580760     2.637510     3.441830
     1.452548     0.592660     0.740180     1.319550     1.612230     2.106470     2.157410     2.554650     2.644680     3.451920
     1.466690     0.579820     0.732760     1.325150     1.630200     2.109760     2.187660     2.528680     2.655930     3.461980
     1.480833     0.567590     0.725800     1.330770     1.648400     2.110090     2.217750     2.502920     2.670940     3.471940
     1.494975     0.555970     0.719320     1.336380     1.666770     2.107890     2.247600     2.477400     2.689280     3.481720
     1.509117     0.545000     0.713290     1.341950     1.685270     2.103630     2.277140     2.452200     2.710420     3.491260
     1.523259     0.534680     0.707720     1.347440     1.703840     2.097790     2.306270     2.427360     2.733840     3.491450
     1.537401     0.525030     0.702590     1.352810     1.722420     2.090830     2.334870     2.402970     2.759040     3.481790
     1.551543     0.516080     0.697900     1.358020     1.740910     2.083140     2.362800     2.379110     2.785520     3.471800
     1.565685     0.507840     0.693640     1.363020     1.759230     2.075100     2.355890     2.389890     2.812820     3.445170
     1.579828     0.500330     0.689800     1.367760     1.777240     2.067010     2.333430     2.415950     2.840490     3.416940
     1.593970     0.493550     0.686390     1.372190     1.794780     2.059130     2.311910     2.440730     2.868070     3.389880
     1.608112     0.487540     0.683390     1.376260     1.811640     2.051690     2.291530     2.463950     2.895080     3.364400
     1.622254     0.482300     0.680800     1.379910     1.827580     2.044870     2.272550     2.485280     2.920980     3.340940
     1.636396     0.477840     0.678610     1.383100     1.842260     2.038840     2.255290     2.504360     2.945160     3.319960
     1.650538     0.474180     0.676830     1.385790     1.855280     2.033730     2.240150     2.520770     2.966880     3.301910
     1.664680     0.471320     0.675450     1.387920     1.866200     2.029650     2.227590     2.534110     2.985280     3.287260
     1.678823     0.469270     0.674460     1.389470     1.874490     2.026670     2.218120     2.543980     2.999420     3.276430
     1.692965     0.468040     0.673870     1.390410     1.879710     2.024860     2.212200     2.550050     3.008380     3.269780
     1.707107     0.467630     0.673670     1.390730     1.881490     2.024250     2.210180     2.552100     3.011450     3.267530
     1.707107     0.467630     0.673670     1.390730     1.881490     2.024250     2.210180     2.552100     3.011450     3.267530
     1.721249     0.464390     0.677340     1.391050     1.881880     2.024340     2.210250     2.552290     3.008590     3.270610
     1.735391     0.455300     0.687710     1.392000     1.883070     2.024610     2.210450     2.552870     3.000390     3.279450
     1.749533     0.441750     0.703380     1.393580     1.885060     2.025070     2.210770     2.553840     2.987820     3.293070
     1.763675     0.425200     0.722910     1.395800     1.887830     2.025720     2.211230     2.555170     2.971980     3.310330
     1.777817     0.406750     0.745170     1.398640     1.891380     2.026570     2.211820     2.556850     2.953850     3.330190
     1.791960     0.387170     0.769420     1.402120     1.895720     2.027620     2.212530     2.558870     2.934170     3.350740
     1.806102     0.366950     0.795130     1.406220     1.900830     2.028890     2.213380     2.561190     2.913490     3.345120
     1.820244     0.346430     0.821980     1.410940     1.906700     2.030400     2.214360     2.563800     2.892180     3.338470
     1.834386     0.325820     0.849740     1.416270     1.913340     2.032150     2.215460     2.566660     2.870530     3.330730
     1.848528     0.305290     0.878250     1.422220     1.920710     2.034170     2.216700     2.569720     2.848720     3.321850
     1.862670     0.284930     0.907390     1.428770     1.928830     2.036470     2.218060     2.572950     2.826900     3.311800
     1.876812     0.264830     0.937080     1.435920     1.937670     2.039080     2.219550     2.576300     2.805180     3.300550
     1.890955     0.245040     0.967240     1.443670     1.947230     2.042010     2.221170     2.579720     2.783650     3.288120
     1.905097     0.225620     0.997820     1.452000     1.957480     2.045280     2.222910     2.583140     2.762360     3.274530
     1.919239     0.206590     1.028760     1.460920     1.968420     2.048930     2.224770     2.586500     2.741380     3.259840
     1.933381     0.187990     1.060040     1.470400     1.980020     2.052970     2.226760     2.589720     2.720730     3.244150
     1.947523     0.169830     1.091600     1.480440     1.992280     2.057440     2.228860     2.592740     2.700460     3.227580
     1.961665     0.152140     1.123400     1.491030     2.005170     2.062350     2.231080     2.595460     2.680600     3.210260
     1.975807     0.134930     1.155420     1.502170     2.018680     2.067750     2.233420     2.597780     2.661160     3.192390
     1.989949     0.118220     1.187600     1.513830     2.032790     2.073650     2.235870     2.599610     2.642180     3.174140
     2.004092     0.102010     1.219920     1.526010     2.047480     2.080090     2.238430     2.600830     2.623650     3.155710
     2.018234     0.086330     1.252330     1.538690     2.062720     2.087110     2.241090     2.601340     2.605610     3.137330
     2.032376     0.071170     1.284800     1.551850     2.078490     2.094730     2.243860     2.588060     2.601000     3.119200
     2.046518     0.056550     1.317270     1.565490     2.094770     2.102990     2.246710     2.571010     2.599700     3.091690
     2.060660     0.042470     1.349700     1.579580     2.111540     2.111930     2.249660     2.554470     2.597310     3.060130
     2.074802     0.028930     1.382050     1.594100     2.121580     2.128770     2.252680     2.538450     2.593720     3.028680
     2.088944     0.015950     1.414250     1.609040     2.131980     2.146430     2.255780     2.522960     2.588850     2.997410
     2.103087     0.003530     1.446250     1.624370     2.143170     2.164500     2.258940     2.507980     2.582610     2.966360
     2.117229    -0.008330     1.478000     1.640060     2.155170     2.182930     2.262160     2.493530     2.574970     2.935600
     2.131371    -0.019630     1.509420     1.656080     2.168040     2.201700     2.265420     2.479610     2.565920     2.905200
     2.145513    -0.030370     1.540450     1.672410     2.181790     2.220770     2.268710     2.466210     2.555500     2.875210
     2.159655    -0.040540     1.571020     1.689000     2.196460     2.240100     2.272020     2.453330     2.543780     2.845710
     2.173797    -0.050140     1.601060     1.705810     2.212060     2.259650     2.275330     2.440960     2.530880     2.816760
     2.187939    -0.059170     1.630480     1.722790     2.228610     2.278630     2.279360     2.429090     2.516940     2.788460
     2.202082    -0.067640     1.659210     1.739890     2.246110     2.281900     2.299180     2.417720     2.502130     2.760870
     2.216224    -0.075550     1.687150     1.757040     2.264530     2.285110     2.319050     2.406820     2.486630     2.734100
     2.230366    -0.082880     1.714240     1.774160     2.283820     2.288250     2.338890     2.396380     2.470640     2.708260
     2.244508    -0.089660     1.740360     1.791170     2.291300     2.303890     2.358630     2.386390     2.454410     2.683450
     2.258650    -0.095880     1.765430     1.807960     2.294230     2.324560     2.376830     2.378150     2.438210     2.659820
     2.272792    -0.101540     1.789340     1.824400     2.297010     2.345450     2.367690     2.397340     2.422530     2.637500
     2.286934    -0.106650     1.811970     1.840350     2.299630     2.358990     2.365180     2.408760     2.416060     2.616650
     2.301076    -0.111210     1.833160     1.855640     2.302070     2.350720     2.375890     2.404780     2.434120     2.597430
     2.315219    -0.115230     1.852780     1.870070     2.304280     2.342930     2.368310     2.419770     2.451320     2.580020
     2.329361    -0.118700     1.870600     1.883400     2.306260     2.335700     2.356040     2.440020     2.467390     2.564560
     2.343503    -0.121630     1.886410     1.895390     2.307970     2.329140     2.343990     2.460350     2.482010     2.551220
     2.357645    -0.124020     1.899940     1.905750     2.309410     2.323380     2.333240     2.479310     2.494830     2.540130
     2.371787    -0.125880     1.910890     1.914200     2.310540     2.318610     2.324310     2.495830     2.505430     2.531400
     2.385929    -0.127200     1.918980     1.920470     2.311370     2.315020     2.317600     2.508810     2.513400     2.525120
     2.400071    -0.128000     1.923960     1.924330     2.311860     2.312790     2.313440     2.517160     2.518370     2.521320
     2.414214    -0.128260     1.925640     1.925640     2.312030     2.312030     2.312030     2.520050     2.520050     2.520050
     2.414214    -0.128260     1.925640     1.925640     2.312030     2.312030     2.312030     2.520050     2.520050     2.520050
     2.431534    -0.127870     1.923400     1.923400     2.312380     2.313360     2.313360     2.514280     2.520470     2.520470
     2.448855    -0.126670     1.916810     1.916810     2.313440     2.317250     2.317250     2.497860     2.521720     2.521720
     2.466175    -0.124680     1.906190     1.906190     2.315200     2.323440     2.323440     2.472960     2.523760     2.523760
     2.483496    -0.121890     1.891990     1.891990     2.317660     2.331600     2.331600     2.441900     2.526540     2.526540
     2.500816    -0.118300     1.874730     1.874730     2.320830     2.341360     2.341360     2.406620     2.530010     2.530010
     2.518137    -0.113900     1.854930     1.854930     2.324700     2.352370     2.352370     2.368490     2.534100     2.534100
     2.535457    -0.108680     1.833040     1.833040     2.328480     2.329280     2.364340     2.364340     2.538780     2.538780
     2.552778    -0.102650     1.809460     1.809460     2.287260     2.334550     2.377060     2.377060     2.544040     2.544040
     2.570098    -0.095790     1.784550     1.784550     2.245290     2.340530     2.390320     2.390320     2.549900     2.549900
     2.587419    -0.088100     1.758580     1.758580     2.202900     2.347220     2.403970     2.403970     2.556410     2.556410
     2.604739    -0.079560     1.731800     1.731800     2.160340     2.354600     2.417860     2.417860     2.563660     2.563660
     2.622060    -0.070190     1.704390     1.704390     2.117790     2.362690     2.431840     2.431840     2.571780     2.571780
     2.639380    -0.059970     1.676520     1.676520     2.075400     2.371470     2.445740     2.445740     2.580950     2.580950
     2.656701    -0.048890     1.648340     1.648340     2.033290     2.380960     2.459380     2.459380     2.591340     2.591340
     2.674021    -0.036960     1.619940     1.619940     1.991540     2.391140     2.472590     2.472590     2.603180     2.603180
     2.691342    -0.024170     1.591430     1.591430     1.950230     2.402030     2.485200     2.485200     2.616620     2.616620
     2.708662    -0.010520     1.562890     1.562890     1.909440     2.413610     2.497120     2.497120     2.631800     2.631800
     2.725983     0.003990     1.534380     1.534380     1.869220     2.425890     2.508300     2.508300     2.648790     2.648790
     2.743303     0.019360     1.505980     1.505980     1.829620     2.438860     2.518770     2.518770     2.667570     2.667570
     2.760624     0.035570     1.477720     1.477720     1.790690     2.452530     2.528620     2.528620     2.688080     2.688080
     2.777944     0.052640     1.449660     1.449660     1.752460     2.466900     2.537970     2.537970     2.710210     2.710210
     2.795265     0.070550     1.421830     1.421830     1.714980     2.481950     2.546920     2.546920     2.733840     2.733840
     2.812585     0.089290     1.394270     1.394270     1.678270     2.497700     2.555620     2.555620     2.758860     2.758860
     2.829906     0.108860     1.367010     1.367010     1.642370     2.514130     2.564160     2.564160     2.785160     2.785160
     2.847226     0.129240     1.340080     1.340080     1.607300     2.531260     2.572630     2.572630     2.779790     2.812640
     2.864547     0.150420     1.313500     1.313500     1.573090     2.549070     2.581120     2.581120     2.773010     2.841220
     2.881867     0.172400     1.287290     1.287290     1.539760     2.567560     2.589680     2.589680     2.766830     2.870820
     2.899188     0.195140     1.261480     1.261480     1.507340     2.586740     2.598380     2.598380     2.761270     2.901370
     2.916508     0.218650     1.236080     1.236080     1.475840     2.606590     2.607240     2.607240     2.756370     2.932820
     2.933829     0.242910     1.211120     1.211120     1.445290     2.616310     2.616310     2.627120     2.752150     2.965090
     2.951149     0.267890     1.186610     1.186610     1.415690     2.625600     2.625600     2.648330     2.748620     2.998130
     2.968470     0.293580     1.162570     1.162570     1.387070     2.635150     2.635150     2.670210     2.745800     3.031890
     2.985790     0.319960     1.139000     1.139000     1.359440     2.644940     2.644940     2.692760     2.743700     3.066300
     3.003111     0.347000     1.115940     1.115940     1.332810     2.655010     2.655010     2.715970     2.742310     3.101290
     3.020431     0.374690     1.093390     1.093390     1.307190     2.665320     2.665320     2.739840     2.741630     3.136790
     3.037752     0.403000     1.071370     1.071370     1.282600     2.675890     2.675890     2.741650     2.764380     3.172690
     3.055072     0.431900     1.049900     1.049900     1.259060     2.686690     2.686690     2.742360     2.789560     3.208860
     3.072393     0.461360     1.028980     1.028980     1.236570     2.697680     2.697680     2.743720     2.815390     3.245040
     3.089713     0.491330     1.008640     1.008640     1.215160     2.708830     2.708830     2.745730     2.841870     3.280760
     3.107034     0.521790     0.988880     0.988880     1.194840     2.720070     2.720070     2.748330     2.868980     3.314800
     3.124354     0.552680     0.969740     0.969740     1.175660     2.731320     2.731320     2.751490     2.896720     3.343060
     3.141675     0.583920     0.951210     0.951210     1.157650     2.742470     2.742470     2.755180     2.925090     3.353240
     3.158995     0.615450     0.933320     0.933320     1.140860     2.753380     2.753380     2.759340     2.954070     3.339880
     3.176316     0.647160     0.916080     0.916080     1.125380     2.763850     2.763850     2.763920     2.983650     3.316530
     3.193636     0.678890     0.899510     0.899510     1.111330     2.768850     2.773630     2.773630     3.013830     3.290400
     3.210957     0.710460     0.883620     0.883620     1.098870     2.774080     2.782380     2.782380     3.044600     3.263810
     3.228277     0.741580     0.868450     0.868450     1.088260     2.779540     2.789650     2.789650     3.075940     3.237930
     3.245598     0.771850     0.853990     0.853990     1.079870     2.785160     2.794900     2.794900     3.107840     3.213650
     3.262918     0.800690     0.840270     0.840270     1.074240     2.790860     2.797450     2.797450     3.140290     3.191800
     3.280239     0.827300     0.827300     0.827300     1.072150     2.796570     2.796570     2.796570     3.173260     3.173260
     3.280239     0.827300     0.827300     0.827300     1.072150     2.796570     2.796570     2.796570     3.173260     3.173260
     3.290239     0.814790     0.826880     0.839950     1.072900     2.793190     2.796320     2.798810     3.157370     3.173340
     3.300239     0.802420     0.825640     0.852730     1.075150     2.788850     2.795540     2.799720     3.143020     3.173570
     3.310239     0.790200     0.823610     0.865640     1.078830     2.783730     2.794250     2.799100     3.130390     3.173950
     3.320239     0.778130     0.820880     0.878670     1.083890     2.777960     2.792410     2.796790     3.119630     3.174490
     3.330239     0.766210     0.817520     0.891820     1.090230     2.771680     2.790000     2.792670     3.110840     3.175170
     3.340239     0.754460     0.813640     0.905070     1.097750     2.764990     2.786680     2.787010     3.104030     3.176010
     3.350239     0.742880     0.809310     0.918430     1.106370     2.757990     2.778830     2.783390     3.099170     3.176990
     3.360239     0.731460     0.804650     0.931890     1.115980     2.750760     2.769210     2.779100     3.096110     3.178120
     3.370239     0.720220     0.799710     0.945440     1.126500     2.743350     2.757970     2.774120     3.094670     3.179390
     3.380239     0.709160     0.794590     0.959080     1.137860     2.735830     2.745300     2.768380     3.094610     3.180800
     3.390239     0.698290     0.789340     0.972790     1.149980     2.728230     2.731400     2.761850     3.095670     3.182340
     3.400239     0.687600     0.784020     0.986570     1.162810     2.716460     2.720610     2.754480     3.097590     3.184020
     3.410239     0.677110     0.778670     1.000410     1.176280     2.700670     2.713000     2.746230     3.100100     3.185820
     3.420239     0.666820     0.773330     1.014310     1.190370     2.684190     2.705420     2.737040     3.102960     3.187760
     3.430239     0.656730     0.768030     1.028250     1.205020     2.667180     2.697900     2.726890     3.105940     3.189810
     3.440239     0.646840     0.762800     1.042230     1.220210     2.649750     2.690460     2.715760     3.108820     3.191970
     3.450239     0.637170     0.757670     1.056230     1.235910     2.632010     2.683120     2.703610     3.111410     3.194250
     3.460239     0.627720     0.752640     1.070240     1.252090     2.614060     2.675900     2.690440     3.113550     3.196620
     3.470239     0.618490     0.747730     1.084260     1.268720     2.595960     2.668800     2.676260     3.115080     3.199090
     3.480239     0.609480     0.742950     1.098260     1.285800     2.577790     2.661080     2.661850     3.115890     3.201660
     3.490239     0.600710     0.738320     1.112240     1.303290     2.559600     2.644910     2.655060     3.115910     3.204300
     3.500239     0.592170     0.733840     1.126180     1.321180     2.541440     2.627800     2.648440     3.115100     3.207020
     3.510239     0.583880     0.729510     1.140070     1.339470     2.523370     2.609790     2.641990     3.113450     3.209800
     3.520239     0.575830     0.725350     1.153890     1.358120     2.505410     2.590920     2.635720     3.111010     3.212640
     3.530239     0.568030     0.721340     1.167620     1.377140     2.487620     2.571250     2.629650     3.107830     3.215520
     3.540239     0.560490     0.717500     1.181230     1.396500     2.470020     2.550840     2.623770     3.104000     3.218440
     3.550239     0.553200     0.713830     1.194720     1.416200     2.452660     2.529750     2.618100     3.099620     3.221390
     3.560239     0.546190     0.710320     1.208060     1.436220     2.435560     2.508040     2.612630     3.094790     3.224350
     3.570239     0.539440     0.706990     1.221210     1.456550     2.418770     2.485780     2.607380     3.089610     3.227320
     3.580239     0.532970     0.703810     1.234160     1.477190     2.402320     2.463010     2.602350     3.084190     3.230280
     3.590239     0.526770     0.700810     1.246880     1.498100     2.386240     2.439800     2.597540     3.078610     3.233220
     3.600239     0.520860     0.697970     1.259330     1.519290     2.370580     2.416210     2.592960     3.072960     3.236120
     3.610239     0.515250     0.695290     1.271480     1.540740     2.355370     2.392280     2.588610     3.067310     3.238980
     3.620239     0.509920     0.692780     1.283290     1.562440     2.340650     2.368080     2.584500     3.061730     3.241780
     3.630239     0.504890     0.690430     1.294730     1.584360     2.326460     2.343650     2.580620     3.056270     3.244510
     3.640239     0.500170     0.688240     1.305760     1.606490     2.312860     2.319040     2.576980     3.050990     3.247150
     3.650239     0.495750     0.686210     1.316330     1.628820     2.294300     2.299880     2.573580     3.045930     3.249680
     3.660239     0.491640     0.684330     1.326390     1.651300     2.269480     2.287580     2.570420     3.041120     3.252100
     3.670239     0.487840     0.682610     1.335900     1.673920     2.244640     2.276000     2.567510     3.036600     3.254390
     3.680239     0.484360     0.681050     1.344810     1.696630     2.219840     2.265190     2.564850     3.032400     3.256530
     3.690239     0.481210     0.679640     1.353070     1.719390     2.195140     2.255210     2.562430     3.028530     3.258520
     3.700239     0.478370     0.678380     1.360640     1.742120     2.170640     2.246110     2.560270     3.025030     3.260340
     3.710239     0.475870     0.677270     1.367450     1.764720     2.146440     2.237930     2.558360     3.021900     3.261970
     3.720239     0.473690     0.676310     1.373470     1.787030     2.122720     2.230730     2.556700     3.019160     3.263410
     3.730239     0.471840     0.675510     1.378650     1.808830     2.099710     2.224550     2.555300     3.016820     3.264650
     3.740239     0.470330     0.674850     1.382950     1.829720     2.077820     2.219430     2.554150     3.014900     3.265680
     3.750239     0.469150     0.674330     1.386330     1.849010     2.057740     2.215410     2.553250     3.013400     3.266480
     3.760239     0.468310     0.673970     1.388770     1.865490     2.040700     2.212510     2.552610     3.012320     3.267070
     3.770239     0.467800     0.673750     1.390240     1.877160     2.028690     2.210770     2.552230     3.011670     3.267410
     3.780239     0.467630     0.673670     1.390730     1.881490     2.024250     2.210180     2.552100     3.011450     3.267530
     3.780239     0.467630     0.673670     1.390730     1.881490     2.024250     2.210180     2.552100     3.011450     3.267530
     3.790239     0.467800     0.673750     1.390240     1.877160     2.028690     2.210770     2.552230     3.011670     3.267410
     3.800239     0.468310     0.673970     1.388770     1.865490     2.040700     2.212510     2.552610     3.012320     3.267070
     3.810239     0.469150     0.674330     1.386330     1.849010     2.057740     2.215410     2.553250     3.013400     3.266480
     3.820239     0.470330     0.674850     1.382950     1.829720     2.077820     2.219430     2.554150     3.014900     3.265680
     3.830239     0.471840     0.675510     1.378650     1.808830     2.099710     2.224550     2.555300     3.016820     3.264650
     3.840239     0.473690     0.676310     1.373470     1.787030     2.122720     2.230730     2.556700     3.019160     3.263410
     3.850239     0.475870     0.677270     1.367450     1.764720     2.146440     2.237930     2.558360     3.021900     3.261970
     3.860239     0.478370     0.678380     1.360640     1.742120     2.170640     2.246110     2.560270     3.025030     3.260340
     3.870239     0.481210     0.679640     1.353070     1.719390     2.195140     2.255210     2.562430     3.028530     3.258520
     3.880239     0.484360     0.681050     1.344810     1.696630     2.219840     2.265190     2.564850     3.032400     3.256530
     3.890239     0.487840     0.682610     1.335900     1.673920     2.244640     2.276000     2.567510     3.036600     3.254390
     3.900239     0.491640     0.684330     1.326390     1.651300     2.269480     2.287580     2.570420     3.041120     3.252100
     3.910239     0.495750     0.686210     1.316330     1.628820     2.294300     2.299880     2.573580     3.045930     3.249680
     3.920239     0.500170     0.688240     1.305760     1.606490     2.312860     2.319040     2.576980     3.050990     3.247150
     3.930239     0.504890     0.690430     1.294730     1.584360     2.326460     2.343650     2.580620     3.056270     3.244510
     3.940239     0.509920     0.692780     1.283290     1.562440     2.340650     2.368080     2.584500     3.061730     3.241780
     3.950239     0.515250     0.695290     1.271480     1.540740     2.355370     2.392280     2.588610     3.067310     3.238980
     3.960239     0.520860     0.697970     1.259330     1.519290     2.370580     2.416210     2.592960     3.072960     3.236120
     3.970239     0.526770     0.700810     1.246880     1.498100     2.386240     2.439800     2.597540     3.078610     3.233220
     3.980239     0.532970     0.703810     1.234160     1.477190     2.402320     2.463010     2.602350     3.084190     3.230280
     3.990239     0.539440     0.706990     1.221210     1.456550     2.418770     2.485780     2.607380     3.089610     3.227320
     4.000239     0.546190     0.710320     1.208060     1.436220     2.435560     2.508040     2.612630     3.094790     3.224350
     4.010239     0.553200     0.713830     1.194720     1.416200     2.452660     2.529750     2.618100     3.099620     3.221390
     4.020239     0.560490     0.717500     1.181230     1.396500     2.470020     2.550840     2.623770     3.104000     3.218440
     4.030239     0.568030     0.721340     1.167620     1.377140     2.487620     2.571250     2.629650     3.107830     3.215520
     4.040239     0.575830     0.725350     1.153890     1.358120     2.505410     2.590920     2.635720     3.111010     3.212640
     4.050239     0.583880     0.729510     1.140070     1.339470     2.523370     2.609790     2.641990     3.113450     3.209800
     4.060239     0.592170     0.733840     1.126180     1.321180     2.541440     2.627800     2.648440     3.115100     3.207020
     4.070239     0.600710     0.738320     1.112240     1.303290     2.559600     2.644910     2.655060     3.115910     3.204300
     4.080239     0.609480     0.742950     1.098260     1.285800     2.577790     2.661080     2.661850     3.115890     3.201660
     4.090239     0.618490     0.747730     1.084260     1.268720     2.595960     2.668800     2.676260     3.115080     3.199090
     4.100239     0.627720     0.752640     1.070240     1.252090     2.614060     2.675900     2.690440     3.113550     3.196620
     4.110239     0.637170     0.757670     1.056230     1.235910     2.632010     2.683120     2.703610     3.111410     3.194250
     4.120239     0.646840     0.762800     1.042230     1.220210     2.649750     2.690460     2.715760     3.108820     3.191970
     4.130239     0.656730     0.768030     1.028250     1.205020     2.667180     2.697900     2.726890     3.105940     3.189810
     4.140239     0.666820     0.773330     1.014310     1.190370     2.684190     2.705420     2.737040     3.102960     3.187760
     4.150239     0.677110     0.778670     1.000410     1.176280     2.700670     2.713000     2.746230     3.100100     3.185820
     4.160239     0.687600     0.784020     0.986570     1.162810     2.716460     2.720610     2.754480     3.097590     3.184020
     4.170239     0.698290     0.789340     0.972790     1.149980     2.728230     2.731400     2.761850     3.095670     3.182340
     4.180239     0.709160     0.794590     0.959080     1.137860     2.735830     2.745300     2.768380     3.094610     3.180800
     4.190239     0.720220     0.799710     0.945440     1.126500     2.743350     2.757970     2.774120     3.094670     3.179390
     4.200239     0.731460     0.804650     0.931890     1.115980     2.750760     2.769210     2.779100     3.096110     3.178120
     4.210239     0.742880     0.809310     0.918430     1.106370     2.757990     2.778830     2.783390     3.099170     3.176990
     4.220239     0.754460     0.813640     0.905070     1.097750     2.764990     2.786680     2.787010     3.104030     3.176010
     4.230239     0.766210     0.817520     0.891820     1.090230     2.771680     2.790000     2.792670     3.110840     3.175170
     4.240239     0.778130     0.820880     0.878670     1.083890     2.777960     2.792410     2.796790     3.119630     3.174490
     4.250239     0.790200     0.823610     0.865640     1.078830     2.783730     2.794250     2.799100     3.130390     3.173950
     4.260239     0.802420     0.825640     0.852730     1.075150     2.788850     2.795540     2.799720     3.143020     3.173570
     4.270239     0.814790     0.826880     0.839950     1.072900     2.793190     2.796320     2.798810     3.157370     3.173340
     4.280239     0.827300     0.827300     0.827300     1.072150     2.796570     2.796570     2.796570     3.173260     3.173260
     4.280239     0.827300     0.827300     0.827300     1.072150     2.796570     2.796570     2.796570     3.173260     3.173260
     4.297559     0.815110     0.815110     0.850650     1.074590     2.791560     2.791560     2.802210     3.158810     3.158810
     4.314880     0.803710     0.803710     0.869690     1.082590     2.781900     2.781900     2.807670     3.148980     3.148980
     4.332200     0.793110     0.793110     0.883740     1.096780     2.767450     2.767450     2.812870     3.143990     3.143990
     4.349521     0.783340     0.783340     0.892900     1.117020     2.748430     2.748430     2.817700     3.143610     3.143610
     4.366842     0.774400     0.774400     0.898010     1.142450     2.725360     2.725360     2.822020     3.147340     3.147340
     4.384162     0.766310     0.766310     0.900170     1.171910     2.698890     2.698890     2.825700     3.154490     3.154490
     4.401483     0.759090     0.759090     0.900400     1.204360     2.669700     2.669700     2.828550     3.164370     3.164370
     4.418803     0.752750     0.752750     0.899450     1.238980     2.638370     2.638370     2.830350     3.176350     3.176350
     4.436124     0.747300     0.747300     0.897870     1.275190     2.605380     2.605380     2.830820     3.189850     3.189850
     4.453444     0.742750     0.742750     0.896020     1.312550     2.571140     2.571140     2.829580     3.204400     3.204400
     4.470765     0.739110     0.739110     0.894140     1.350770     2.535940     2.535940     2.826200     3.219560     3.219560
     4.488085     0.736380     0.736380     0.892410     1.389600     2.500040     2.500040     2.820110     3.182910     3.234970
     4.505406     0.734570     0.734570     0.890940     1.428840     2.463600     2.463600     2.810730     3.149180     3.250270
     4.522726     0.733680     0.733680     0.889820     1.468290     2.426800     2.426800     2.797510     3.119940     3.265130
     4.540047     0.733720     0.733720     0.889110     1.507780     2.389740     2.389740     2.780170     3.095670     3.279270
     4.557367     0.734670     0.734670     0.888850     1.547110     2.352540     2.352540     2.758790     3.076430     3.292450
     4.574688     0.736550     0.736550     0.889090     1.586050     2.315260     2.315260     2.733940     3.061900     3.304460
     4.592008     0.739340     0.739340     0.889840     1.624350     2.277980     2.277980     2.706490     3.051440     3.315250
     4.609329     0.743050     0.743050     0.891140     1.661700     2.240760     2.240760     2.677540     3.044300     3.324760
     4.626649     0.747650     0.747650     0.892990     1.697690     2.203650     2.203650     2.648200     3.039760     3.333080
     4.643970     0.753140     0.753140     0.895430     1.731860     2.166680     2.166680     2.619560     3.037220     3.340330
     4.661290     0.759520     0.759520     0.898460     1.763600     2.129890     2.129890     2.592710     3.036190     3.346660
     4.678611     0.766760     0.766760     0.902100     1.792200     2.093320     2.093320     2.568730     3.036320     3.352270
     4.695931     0.774850     0.774850     0.906370     1.816840     2.056990     2.056990     2.548750     3.037330     3.357310
     4.713252     0.783790     0.783790     0.911270     1.836600     2.020930     2.020930     2.533850     3.039010     3.361900
     4.730572     0.793540     0.793540     0.916830     1.850660     1.985160     1.985160     2.525050     3.041220     3.366180
     4.747893     0.804110     0.804110     0.923060     1.858350     1.949700     1.949700     2.523100     3.043840     3.370220
     4.765213     0.815460     0.815460     0.929980     1.859390     1.914570     1.914570     2.528390     3.046780     3.374090
     4.782534     0.827590     0.827590     0.937590     1.853940     1.879790     1.879790     2.540810     3.049960     3.377840
     4.799854     0.840470     0.840470     0.945910     1.842560     1.845360     1.845360     2.559840     3.053340     3.381500
     4.817175     0.854090     0.854090     0.954960     1.811300     1.811300     1.826070     2.584690     3.056880     3.385070
     4.834495     0.868430     0.868430     0.964760     1.777640     1.777640     1.805400     2.614440     3.060530     3.388560
     4.851816     0.883470     0.883470     0.975310     1.744370     1.744370     1.781430     2.648180     3.064290     3.391960
     4.869136     0.899190     0.899190     0.986650     1.711510     1.711510     1.754960     2.685100     3.068150     3.395260
     4.886457     0.915570     0.915570     0.998770     1.679080     1.679080     1.726630     2.724500     3.072120     3.398450
     4.903777     0.932590     0.932590     1.011700     1.647080     1.647080     1.697000     2.765730     3.076240     3.401500
     4.921098     0.950230     0.950230     1.025450     1.615540     1.615540     1.666480     2.808250     3.080570     3.404410
     4.938418     0.968480     0.968480     1.040030     1.584450     1.584450     1.635430     2.851470     3.085290     3.407140
     4.955739     0.987290     0.987290     1.055460     1.553850     1.553850     1.604100     2.894750     3.090700     3.409690
     4.973059     1.006660     1.006660     1.071750     1.523760     1.523760     1.572730     2.937170     3.097390     3.412050
     4.990380     1.026540     1.026540     1.088900     1.494190     1.494190     1.541490     2.977200     3.106630     3.414190
     5.007700     1.046890     1.046890     1.106930     1.465180     1.465180     1.510520     3.012150     3.120820     3.416130
     5.025021     1.067650     1.067650     1.125840     1.436800     1.436800     1.479940     3.038590     3.143140     3.417830
     5.042341     1.088740     1.088740     1.145640     1.409110     1.409110     1.449850     3.055500     3.174360     3.419320
     5.059662     1.110020     1.110020     1.166330     1.382260     1.382260     1.420330     3.065510     3.211590     3.420570
     5.076982     1.131250     1.131250     1.187890     1.356480     1.356480     1.391450     3.071570     3.251600     3.421590
     5.094303     1.151930     1.151930     1.210330     1.332260     1.332260     1.363270     3.075360     3.292420     3.422390
     5.111623     1.171020     1.171020     1.233620     1.310640     1.310640     1.335860     3.077710     3.332820     3.422940
     5.128944     1.186050     1.186050     1.257650     1.294100     1.294100     1.309340     3.079000     3.371740     3.423280
     5.146264     1.192210     1.192210     1.278730     1.287430     1.287430     1.287430     3.079410     3.400300     3.423390
