 -4.997430785596859E-019  9.238758349813431E-021  2.499999936845000E-005
 -5.401304473550285E-019  2.499999936845000E-005  0.000000000000000E+000
  1.331283340022320E-005  0.994490000000000        4159493.21424600     
  9.999999999999999E-021
 -6.134578683046575E-019  8.906297481117546E-021  2.499999936845000E-005
 -7.900019866348715E-019  3.749999905267500E-005  0.000000000000000E+000
  1.331283340022320E-005  0.994490000000000        3119490.94714700     
  1.461937917490672E-020
 -5.625890762070795E-019  8.735024596371806E-021  2.499999936845000E-005
 -8.468593815073572E-019  3.749999905267500E-005  0.000000000000000E+000
  1.331283340022320E-005  0.994490000000000        3119490.94714700     
  1.445314874055877E-020
 -4.226224686234721E-019  8.576754915790260E-021  2.499999936845000E-005
 -1.102719523562108E-018  4.999999873690000E-005  0.000000000000000E+000
  1.331283340022320E-005  0.994490000000000        2079488.68004800     
  1.873502459637181E-020
 -4.370066759056590E-019  8.646169176326534E-021  2.499999936845000E-005
 -1.085873686722800E-018  4.999999873690000E-005  0.000000000000000E+000
  1.331283340022320E-005  0.994490000000000        2079488.68004800     
  1.884969290343040E-020
 -4.821064591092210E-019  8.484242360561510E-021  2.499999936845000E-005
 -1.304377024675630E-018  6.249999842112500E-005  0.000000000000000E+000
  1.331283340022320E-005  0.994490000000000        1732820.70925800     
  2.317277749159366E-020
 -4.695791237974066E-019  8.438288295775210E-021  2.499999936845000E-005
 -1.326926916277411E-018  6.249999842112500E-005  0.000000000000000E+000
  1.331283340022320E-005  0.994490000000000        1732820.70925800     
  2.309181408371115E-020
 -4.271491310421706E-019  8.339513521298211E-021  2.499999936845000E-005
 -1.555452810520207E-018  7.499999810535000E-005  0.000000000000000E+000
  1.331283340022320E-005  0.994490000000000        1386152.73846800     
  2.728798119920561E-020
 -4.310849930965822E-019  8.354729585493808E-021  2.499999936845000E-005
 -1.547128182182981E-018  7.499999810535000E-005  0.000000000000000E+000
  1.331283340022320E-005  0.994490000000000        1386152.73846800     
  2.732148357181343E-020
 -4.514402031379960E-019  8.244099388569310E-021  2.499999936845000E-005
 -1.762670678731272E-018  8.749999778957500E-005  0.000000000000000E+000
  1.331283340022320E-005  0.994490000000000        1212818.48403100     
  3.149884836456034E-020
 -4.468551353098084E-019  8.223932428242842E-021  2.499999936845000E-005
 -1.772848283751979E-018  8.749999778957500E-005  0.000000000000000E+000
  1.331283340022320E-005  0.994490000000000        1212818.48403100     
  3.144353326609809E-020
 -4.252275151911402E-019  8.146661300812438E-021  2.499999936845000E-005
 -1.993983317492789E-018  9.999999747380000E-005  0.000000000000000E+000
  1.331283340022320E-005  0.994490000000000        1039484.22959400     
  3.554541600005627E-020
 -4.268101914242275E-019  8.152317363113315E-021  2.499999936845000E-005
 -1.989278713046870E-018  9.999999747380000E-005  0.000000000000000E+000
  1.331283340022320E-005  0.994490000000000        1039484.22959400     
  3.556105932513519E-020
 -4.375147718020348E-019  8.067400772946895E-021  2.499999936845000E-005
 -2.202683808758983E-018  1.124999971580250E-004  0.000000000000000E+000
  1.331283340022320E-005  0.994490000000000        935483.514941250     
  3.963721800669185E-020
 -4.353323970736829E-019  8.056165360269807E-021  2.499999936845000E-005
 -2.208036098947887E-018  1.124999971580250E-004  0.000000000000000E+000
  1.331283340022320E-005  0.994490000000000        935483.514941250     
  3.959475971160864E-020
 -4.217531425496312E-019  7.991854604937016E-021  2.499999936845000E-005
 -2.424611110120553E-018  1.249999968422500E-004  0.000000000000000E+000
  1.331283340022320E-005  0.994490000000000        831482.800288500     
  4.361722468540500E-020
 -4.225325312706379E-019  7.994556972131543E-021  2.499999936845000E-005
 -2.421654991667752E-018  1.249999968422500E-004  0.000000000000000E+000
  1.331283340022320E-005  0.994490000000000        831482.800288500     
  4.362627669754915E-020
 -4.286941880861060E-019  7.925140086218426E-021  2.499999936845000E-005
 -2.632921257303071E-018  1.374999965264750E-004  0.000000000000000E+000
  1.331283340022320E-005  0.994490000000000        762148.881455850     
  4.762355518361492E-020
 -4.274727115958840E-019  7.917970958581459E-021  2.499999936845000E-005
 -2.636002085710805E-018  1.374999965264750E-004  0.000000000000000E+000
  1.331283340022320E-005  0.994490000000000        762148.881455850     
  4.758884674065836E-020
 -4.179122920753644E-019  7.862517687559270E-021  2.499999936845000E-005
 -2.849127703263636E-018  1.499999962107000E-004  0.000000000000000E+000
  1.331283340022320E-005  0.994490000000000        692814.962623200     
  5.154424765613061E-020
  8.166791062335442E-018  1.702443719254527E-020  2.499999936845000E-005
  4.984110370599006E-018  2.499999936845000E-005   2.00000000000000     
  1.331283340022320E-005  0.994490000000000        4159493.21424600     
  9.999999999999999E-021
  7.987963595696049E-018  2.198234046497487E-020  2.499999936845000E-005
  9.067505901766727E-018  3.749999905267500E-005   2.00000000000000     
  1.331283340022320E-005  0.994490000000000        3119490.94714700     
  1.851221859627263E-020
  9.926712609009777E-018  2.353990735681078E-020  2.499999936845000E-005
  8.978092168447029E-018  3.749999905267500E-005   2.00000000000000     
  1.331283340022320E-005  0.994490000000000        3119490.94714700     
  2.099117023248743E-020
  1.418681884604461E-017  2.746246713879319E-020  2.499999936845000E-005
  1.491082297960878E-017  4.999999873690000E-005   2.00000000000000     
  1.331283340022320E-005  0.994490000000000        2079488.68004800     
  3.353990735681078E-020
  1.368772521067040E-017  2.682218547308953E-020  2.499999936845000E-005
  1.468127075689762E-017  4.999999873690000E-005   2.00000000000000     
  1.331283340022320E-005  0.994490000000000        2079488.68004800     
  3.258856666248496E-020
  1.386027535410451E-017  3.135194873486662E-020  2.499999936845000E-005
  2.152513336223282E-017  6.249999842112500E-005   2.00000000000000     
  1.331283340022320E-005  0.994490000000000        1732820.70925800     
  4.599965939902973E-020
  1.493213514152683E-017  3.230981475014159E-020  2.499999936845000E-005
  2.161140843394988E-017  6.249999842112500E-005   2.00000000000000     
  1.331283340022320E-005  0.994490000000000        1732820.70925800     
  4.826454102991827E-020
  1.753370454059054E-017  3.603500222465497E-020  2.499999936845000E-005
  2.961340589842445E-017  7.499999810535000E-005   2.00000000000000     
  1.331283340022320E-005  0.994490000000000        1386152.73846800     
  6.489838141262656E-020
  1.731853668798133E-017  3.576690318466950E-020  2.499999936845000E-005
  2.948231254731822E-017  7.499999810535000E-005   2.00000000000000     
  1.331283340022320E-005  0.994490000000000        1386152.73846800     
  6.428535244044511E-020
  1.790755577407993E-017  3.982625009258685E-020  2.499999936845000E-005
  3.814158089130889E-017  8.749999778957500E-005   2.00000000000000     
  1.331283340022320E-005  0.994490000000000        1212818.48403100     
  8.216880403277986E-020
  1.853493385944638E-017  4.053239877488422E-020  2.499999936845000E-005
  3.843609043435819E-017  8.749999778957500E-005   2.00000000000000     
  1.331283340022320E-005  0.994490000000000        1212818.48403100     
  8.419847748673853E-020
  2.059131592472624E-017  4.401702745353384E-020  2.499999936845000E-005
  4.801724640676460E-017  9.999999747380000E-005   2.00000000000000     
  1.331283340022320E-005  0.994490000000000        1039484.22959400     
  1.048177512153293E-019
  2.046901391227683E-017  4.387916818874895E-020  2.499999936845000E-005
  4.794811786061159E-017  9.999999747380000E-005   2.00000000000000     
  1.331283340022320E-005  0.994490000000000        1039484.22959400     
  1.043688905026360E-019
  2.120575479068714E-017  4.763820170496889E-020  2.499999936845000E-005
  5.818262481675000E-017  1.124999971580250E-004   2.00000000000000     
  1.331283340022320E-005  0.994490000000000        935483.514941250     
  1.263084745970105E-019
  2.163183947937852E-017  4.817977302397570E-020  2.499999936845000E-005
  5.855099525595516E-017  1.124999971580250E-004   2.00000000000000     
  1.331283340022320E-005  0.994490000000000        935483.514941250     
  1.281879913551205E-019
  2.335868100475727E-017  5.150444970898917E-020  2.499999936845000E-005
  6.957995733999010E-017  1.249999968422500E-004   2.00000000000000     
  1.331283340022320E-005  0.994490000000000        831482.800288500     
  1.525486635266117E-019
  2.328443179594389E-017  5.142132301481018E-020  2.499999936845000E-005
  6.953193177013915E-017  1.249999968422500E-004   2.00000000000000     
  1.331283340022320E-005  0.994490000000000        831482.800288500     
  1.522054850619072E-019
  2.406410865022191E-017  5.496832559836462E-020  2.499999936845000E-005
  8.117414766811109E-017  1.374999965264750E-004   2.00000000000000     
  1.331283340022320E-005  0.994490000000000        762148.881455850     
  1.779161465693123E-019
  2.438022427674629E-017  5.539941250181733E-020  2.499999936845000E-005
  8.156398609525010E-017  1.374999965264750E-004   2.00000000000000     
  1.331283340022320E-005  0.994490000000000        762148.881455850     
  1.796896478610896E-019
  2.587872548650824E-017  5.860322120483440E-020  2.499999936845000E-005
  9.391215604688544E-017  1.499999962107000E-004   2.00000000000000     
  1.331283340022320E-005  0.994490000000000        692814.962623200     
  2.076048975637246E-019
  2.984186667605625E-017  2.647631606938625E-020  2.499999936845000E-005
  1.169058467457652E-017  2.499999936845000E-005   6.00000000000000     
  1.331283340022320E-005  0.994490000000000        4159493.21424600     
  9.999999999999999E-021
  3.872977968214252E-017  4.378631984098121E-020  2.499999936845000E-005
  2.661151801260465E-017  3.749999905267500E-005   6.00000000000000     
  1.331283340022320E-005  0.994490000000000        3119490.94714700     
  2.323815803469312E-020
  5.679956669377106E-017  5.428127735198735E-020  2.499999936845000E-005
  3.105547451564778E-017  3.749999905267500E-005   6.00000000000000     
  1.331283340022320E-005  0.994490000000000        3119490.94714700     
  3.189315992049060E-020
  9.687449861993027E-017  8.125475306200382E-020  2.499999936845000E-005
  6.849015136834758E-017  4.999999873690000E-005   6.00000000000000     
  1.331283340022320E-005  0.994490000000000        2079488.68004800     
  6.428127735198735E-020
  9.137455611546897E-017  7.668475912507183E-020  2.499999936845000E-005
  6.465309434921213E-017  4.999999873690000E-005   6.00000000000000     
  1.331283340022320E-005  0.994490000000000        2079488.68004800     
  6.064437725288787E-020
  1.095020033648415E-016  1.059886179491774E-019  2.499999936845000E-005
  1.103403724069466E-016  6.249999842112500E-005   6.00000000000000     
  1.331283340022320E-005  0.994490000000000        1732820.70925800     
  9.898675681542379E-020
  1.286178930178305E-016  1.173032057997625E-019  2.499999936845000E-005
  1.194040960316329E-016  6.249999842112500E-005   6.00000000000000     
  1.331283340022320E-005  0.994490000000000        1732820.70925800     
  1.136386862274766E-019
  1.733368980508404E-016  1.533114335374153E-019  2.499999936845000E-005
  1.932709873670426E-016  7.499999810535000E-005   6.00000000000000     
  1.331283340022320E-005  0.994490000000000        1386152.73846800     
  1.779475830526504E-019
  1.689796893705122E-016  1.493051417263084E-019  2.499999936845000E-005
  1.881449688378211E-016  7.499999810535000E-005   6.00000000000000     
  1.331283340022320E-005  0.994490000000000        1386152.73846800     
  1.734076839462824E-019
  1.980274552745052E-016  1.877397022939859E-019  2.499999936845000E-005
  2.726348135230771E-016  8.749999778957500E-005   6.00000000000000     
  1.331283340022320E-005  0.994490000000000        1212818.48403100     
  2.480602548094365E-019
  2.152535964725310E-016  1.994560391892748E-019  2.499999936845000E-005
  2.871586964750737E-016  8.749999778957500E-005   6.00000000000000     
  1.331283340022320E-005  0.994490000000000        1212818.48403100     
  2.672775350932753E-019
  2.663827882417390E-016  2.428616028468196E-019  2.499999936845000E-005
  4.033985653103521E-016  9.999999747380000E-005   6.00000000000000     
  1.331283340022320E-005  0.994490000000000        1039484.22959400     
  3.728637231355571E-019
  2.626622907154842E-016  2.397742906528734E-019  2.499999936845000E-005
  3.984657323555416E-016  9.999999747380000E-005   6.00000000000000     
  1.331283340022320E-005  0.994490000000000        1039484.22959400     
  3.678340552028906E-019
  3.005042947554859E-016  2.865789944293729E-019  2.499999936845000E-005
  5.297968777132838E-016  1.124999971580250E-004   6.00000000000000     
  1.331283340022320E-005  0.994490000000000        935483.514941250     
  4.877212005293272E-019
  3.163679123429450E-016  2.981435720154628E-019  2.499999936845000E-005
  5.487178797332846E-016  1.124999971580250E-004   6.00000000000000     
  1.331283340022320E-005  0.994490000000000        935483.514941250     
  5.111235524175770E-019
  3.729078776720644E-016  3.488859433295547E-019  2.499999936845000E-005
  7.148336446984867E-016  1.249999968422500E-004   6.00000000000000     
  1.331283340022320E-005  0.994490000000000        831482.800288500     
  6.659776272183533E-019
  3.699003018681867E-016  3.464077411272464E-019  2.499999936845000E-005
  7.100181627862767E-016  1.249999968422500E-004   6.00000000000000     
  1.331283340022320E-005  0.994490000000000        831482.800288500     
  6.608516163482404E-019
  4.150594643542210E-016  4.010377416972966E-019  2.499999936845000E-005
  8.949683137203701E-016  1.374999965264750E-004   6.00000000000000     
  1.331283340022320E-005  0.994490000000000        762148.881455850     
  8.340554869118637E-019
  4.298761933722619E-016  4.122961168421443E-019  2.499999936845000E-005
  9.175478949633873E-016  1.374999965264750E-004   6.00000000000000     
  1.331283340022320E-005  0.994490000000000        762148.881455850     
  8.613704871968888E-019
  4.912324794635525E-016  4.701962346410019E-019  2.499999936845000E-005
  1.139894356158539E-015  1.499999962107000E-004   6.00000000000000     
  1.331283340022320E-005  0.994490000000000        692814.962623200     
  1.073147733190385E-018
  6.542812149403656E-017  3.632224778041061E-020  2.499999936845000E-005
  1.867665473314369E-017  2.499999936845000E-005   12.0000000000000     
  1.331283340022320E-005  0.994490000000000        4159493.21424600     
  9.999999999999999E-021
  1.048038064361362E-016  7.341432993373387E-020  2.499999936845000E-005
  5.139071548016197E-017  3.749999905267500E-005   12.0000000000000     
  1.331283340022320E-005  0.994490000000000        3119490.94714700     
  2.816112389020531E-020
  1.832619937099607E-016  1.067110991989447E-019  2.499999936845000E-005
  7.107855795121180E-017  3.749999905267500E-005   12.0000000000000     
  1.331283340022320E-005  0.994490000000000        3119490.94714700     
  4.670716496686694E-020
  3.812277702073316E-016  2.031652438466148E-019  2.499999936845000E-005
  2.019386484431044E-016  4.999999873690000E-005   12.0000000000000     
  1.331283340022320E-005  0.994490000000000        2079488.68004800     
  1.167110991989447E-019
  3.597191015561774E-016  1.906108984885828E-019  2.499999936845000E-005
  1.891412367320707E-016  4.999999873690000E-005   12.0000000000000     
  1.331283340022320E-005  0.994490000000000        2079488.68004800     
  1.099563916487304E-019
  4.984688927389680E-016  3.041395769939282E-019  2.499999936845000E-005
  3.690007875101594E-016  6.249999842112500E-005   12.0000000000000     
  1.331283340022320E-005  0.994490000000000        1732820.70925800     
  2.052618408930219E-019
  6.493867839647190E-016  3.685895159818274E-019  2.499999936845000E-005
  4.383756831015547E-016  6.249999842112500E-005   12.0000000000000     
  1.331283340022320E-005  0.994490000000000        1732820.70925800     
  2.620261801456945E-019
  1.015870277422806E-015  5.673257165797464E-019  2.499999936845000E-005
  8.385280206967898E-016  7.499999810535000E-005   12.0000000000000     
  1.331283340022320E-005  0.994490000000000        1386152.73846800     
  4.785459076305578E-019
  9.795828512481445E-016  5.430784113449709E-019  2.499999936845000E-005
  8.010246921297968E-016  7.499999810535000E-005   12.0000000000000     
  1.331283340022320E-005  0.994490000000000        1386152.73846800     
  4.605221918187038E-019
  1.281969249961750E-015  7.624707685821449E-019  2.499999936845000E-005
  1.290816117753869E-015  8.749999778957500E-005   12.0000000000000     
  1.331283340022320E-005  0.994490000000000        1212818.48403100     
  7.320613974911893E-019
  1.486132390139019E-015  8.586217378007224E-019  2.499999936845000E-005
  1.442009317110672E-015  8.749999778957500E-005   12.0000000000000     
  1.331283340022320E-005  0.994490000000000        1212818.48403100     
  8.417575761097763E-019
  2.060933767652834E-015  1.178235104741942E-018  2.499999936845000E-005
  2.287157082268816E-015  9.999999747380000E-005   12.0000000000000     
  1.331283340022320E-005  0.994490000000000        1039484.22959400     
  1.319143929619426E-018
  2.012491913078423E-015  1.149366307730798E-018  2.499999936845000E-005
  2.230478008646883E-015  9.999999747380000E-005   12.0000000000000     
  1.331283340022320E-005  0.994490000000000        1039484.22959400     
  1.287771946627478E-018
  2.518518186007442E-015  1.502546896777756E-018  2.499999936845000E-005
  3.236723965186094E-015  1.124999971580250E-004   12.0000000000000     
  1.331283340022320E-005  0.994490000000000        935483.514941250     
  1.862455100492877E-018
  2.769286926482345E-015  1.626889830830670E-018  2.499999936845000E-005
  3.489737101650604E-015  1.124999971580250E-004   12.0000000000000     
  1.331283340022320E-005  0.994490000000000        935483.514941250     
  2.039045395016356E-018
  3.576101358213283E-015  2.091537044410655E-018  2.499999936845000E-005
  4.999764935129228E-015  1.249999968422500E-004   12.0000000000000     
  1.331283340022320E-005  0.994490000000000        831482.800288500     
  2.914661777458148E-018
  3.522709328367033E-015  2.060111828777331E-018  2.499999936845000E-005
  4.924511924692096E-015  1.249999968422500E-004   12.0000000000000     
  1.331283340022320E-005  0.994490000000000        831482.800288500     
  2.871068081187196E-018
  4.263623665343833E-015  2.572374516934294E-018  2.499999936845000E-005
  6.685866588875613E-015  1.374999965264750E-004   12.0000000000000     
  1.331283340022320E-005  0.994490000000000        762148.881455850     
  3.901123995575861E-018
  4.556011322374375E-015  2.722175206392314E-018  2.499999936845000E-005
  7.056323757364013E-015  1.374999965264750E-004   12.0000000000000     
  1.331283340022320E-005  0.994490000000000        762148.881455850     
  4.157255339654343E-018
  5.617770397069463E-015  3.355273275879579E-018  2.499999936845000E-005
  9.480523247066471E-015  1.499999962107000E-004   12.0000000000000     
  1.331283340022320E-005  0.994490000000000        692814.962623200     
  5.593243287579511E-018
  1.151027112270861E-016  4.631255503692414E-020  2.499999936845000E-005
  2.576516483549075E-017  2.499999936845000E-005   20.0000000000000     
  1.331283340022320E-005  0.994490000000000        4159493.21424600     
  9.999999999999999E-021
  2.190647944880414E-016  1.106889661800793E-019  2.499999936845000E-005
  8.331652044903383E-017  3.749999905267500E-005   20.0000000000000     
  1.331283340022320E-005  0.994490000000000        3119490.94714700     
  3.315627751846207E-020
  4.510020778981961E-016  1.874156708208535E-019  2.499999936845000E-005
  1.352975620795115E-016  3.749999905267500E-005   20.0000000000000     
  1.331283340022320E-005  0.994490000000000        3119490.94714700     
  6.534448309003967E-020
  1.127844475272518E-015  4.405964197879255E-019  2.499999936845000E-005
  4.767672427336869E-016  4.999999873690000E-005   20.0000000000000     
  1.331283340022320E-005  0.994490000000000        2079488.68004800     
  1.974156708208535E-019
  1.090364807956416E-015  4.224561228217412E-019  2.499999936845000E-005
  4.562786533808372E-016  4.999999873690000E-005   20.0000000000000     
  1.331283340022320E-005  0.994490000000000        2079488.68004800     
  1.905197081377859E-019
  1.718544711575372E-015  7.632974051699096E-019  2.499999936845000E-005
  1.001461057359045E-015  6.249999842112500E-005   20.0000000000000     
  1.331283340022320E-005  0.994490000000000        1732820.70925800     
  4.017477695486564E-019
  2.491839286809949E-015  1.020459600829151E-018  2.499999936845000E-005
  1.315551009168523E-015  6.249999842112500E-005   20.0000000000000     
  1.331283340022320E-005  0.994490000000000        1732820.70925800     
  5.721684107227406E-019
  4.508619502677790E-015  1.837449897286423E-018  2.499999936845000E-005
  2.948117940190787E-015  7.499999810535000E-005   20.0000000000000     
  1.331283340022320E-005  0.994490000000000        1386152.73846800     
  1.210979308966937E-018
  4.337150416663435E-015  1.745555396217711E-018  2.499999936845000E-005
  2.792904037948312E-015  7.499999810535000E-005   20.0000000000000     
  1.331283340022320E-005  0.994490000000000        1386152.73846800     
  1.161756380155500E-018
  6.269903190678044E-015  2.708041372578909E-018  2.499999936845000E-005
  4.961479246280029E-015  8.749999778957500E-005   20.0000000000000     
  1.331283340022320E-005  0.994490000000000        1212818.48403100     
  2.034534078264356E-018
  7.812167947804126E-015  3.259778135066768E-018  2.499999936845000E-005
  5.927855633287333E-015  8.749999778957500E-005   20.0000000000000     
  1.331283340022320E-005  0.994490000000000        1212818.48403100     
  2.515777066444955E-018
  1.213269524105151E-014  5.039465851836599E-018  2.499999936845000E-005
  1.060507198575244E-014  9.999999747380000E-005   20.0000000000000     
  1.331283340022320E-005  0.994490000000000        1039484.22959400     
  4.421534515222268E-018
  1.175898969683239E-014  4.866116831350645E-018  2.499999936845000E-005
  1.023190202706153E-014  9.999999747380000E-005   20.0000000000000     
  1.331283340022320E-005  0.994490000000000        1039484.22959400     
  4.281866424046444E-018
  1.598035056179347E-014  6.911253350273960E-018  2.499999936845000E-005
  1.611139687547772E-014  1.124999971580250E-004   20.0000000000000     
  1.331283340022320E-005  0.994490000000000        935483.514941250     
  6.714924839721766E-018
  1.849006473743233E-014  7.848415417975183E-018  2.499999936845000E-005
  1.822207730795826E-014  1.124999971580250E-004   20.0000000000000     
  1.331283340022320E-005  0.994490000000000        935483.514941250     
  7.737493099183424E-018
  2.616485824146259E-014  1.109248255005278E-017  2.499999936845000E-005
  2.872196676449385E-014  1.249999968422500E-004   20.0000000000000     
  1.331283340022320E-005  0.994490000000000        831482.800288500     
  1.213028184202163E-017
  2.559373191148167E-014  1.083376655949809E-017  2.499999936845000E-005
  2.804268178318595E-014  1.249999968422500E-004   20.0000000000000     
  1.331283340022320E-005  0.994490000000000        831482.800288500     
  1.186152257703006E-017
  3.324076571311810E-014  1.452185020860784E-017  2.499999936845000E-005
  4.083954773892679E-014  1.374999965264750E-004   20.0000000000000     
  1.331283340022320E-005  0.994490000000000        762148.881455850     
  1.727840585677911E-017
  3.688568372221896E-014  1.592258927874070E-017  2.499999936845000E-005
  4.466306463974500E-014  1.374999965264750E-004   20.0000000000000     
  1.331283340022320E-005  0.994490000000000        762148.881455850     
  1.912244768133398E-017
  4.909099446894984E-014  2.122530933697260E-017  2.499999936845000E-005
  6.492836550540491E-014  1.499999962107000E-004   20.0000000000000     
  1.331283340022320E-005  0.994490000000000        692814.962623200     
  2.778411185577077E-017
  1.789198900621753E-016  5.637077381616889E-020  2.499999936845000E-005
  3.290186079464740E-017  2.499999936845000E-005   30.0000000000000     
  1.331283340022320E-005  0.994490000000000        4159493.21424600     
  9.999999999999999E-021
  3.943068022340481E-016  1.555558981816650E-019  2.499999936845000E-005
  1.223618058257351E-016  3.749999905267500E-005   30.0000000000000     
  1.331283340022320E-005  0.994490000000000        3119490.94714700     
  3.818538690808445E-020
  9.405532178191079E-016  3.031207227221604E-019  2.499999936845000E-005
  2.300552619116714E-016  3.749999905267500E-005   30.0000000000000     
  1.331283340022320E-005  0.994490000000000        3119490.94714700     
  8.777794909083253E-020
  2.771870346428612E-015  8.546225370971064E-019  2.499999936845000E-005
  9.734550786137554E-016  4.999999873690000E-005   30.0000000000000     
  1.331283340022320E-005  0.994490000000000        2079488.68004800     
  3.131207227221604E-019
  2.790460579881856E-015  8.526983388004733E-019  2.499999936845000E-005
  9.696535735608308E-016  4.999999873690000E-005   30.0000000000000     
  1.331283340022320E-005  0.994490000000000        2079488.68004800     
  3.147244254534878E-019
  4.933593136330512E-015  1.719425348871641E-018  2.499999936845000E-005
  2.364883863501759E-015  6.249999842112500E-005   30.0000000000000     
  1.331283340022320E-005  0.994490000000000        1732820.70925800     
  7.410735948537244E-019
  7.943195939523783E-015  2.537552702227024E-018  2.499999936845000E-005
  3.436450141726087E-015  6.249999842112500E-005   30.0000000000000     
  1.331283340022320E-005  0.994490000000000        1732820.70925800     
  1.174437099889308E-018
  1.647944123499835E-014  5.285441677438918E-018  2.499999936845000E-005
  8.912849513084613E-015  7.499999810535000E-005   30.0000000000000     
  1.331283340022320E-005  0.994490000000000        1386152.73846800     
  2.852277127680511E-018
  1.597438024116248E-014  5.039955046354873E-018  2.499999936845000E-005
  8.473566901325629E-015  7.499999810535000E-005   30.0000000000000     
  1.331283340022320E-005  0.994490000000000        1386152.73846800     
  2.756740445192941E-018
  2.528396986623892E-014  8.563563222599363E-018  2.499999936845000E-005
  1.646075702190687E-014  8.749999778957500E-005   30.0000000000000     
  1.331283340022320E-005  0.994490000000000        1212818.48403100     
  5.276717968370378E-018
  3.396617918702100E-014  1.106222097354515E-017  2.499999936845000E-005
  2.111555183444509E-014  8.749999778957500E-005   30.0000000000000     
  1.331283340022320E-005  0.994490000000000        1212818.48403100     
  7.038522056492622E-018
  5.887780474541239E-014  1.919828748575750E-017  2.499999936845000E-005
  4.243974608834663E-014  9.999999747380000E-005   30.0000000000000     
  1.331283340022320E-005  0.994490000000000        1039484.22959400     
  1.381896141873809E-017
  5.689640180280144E-014  1.843238266351702E-017  2.499999936845000E-005
  4.069898075017475E-014  9.999999747380000E-005   30.0000000000000     
  1.331283340022320E-005  0.994490000000000        1039484.22959400     
  1.333837559925984E-017
  8.345031078646767E-014  2.826969251343854E-017  2.499999936845000E-005
  6.914718165157546E-014  1.124999971580250E-004   30.0000000000000     
  1.331283340022320E-005  0.994490000000000        935483.514941250     
  2.255456693101835E-017
  1.020495490225614E-013  3.382841368386020E-017  2.499999936845000E-005
  8.242413614340858E-014  1.124999971580250E-004   30.0000000000000     
  1.331283340022320E-005  0.994490000000000        935483.514941250     
  2.747322185597911E-017
  1.580520630539053E-013  5.250560308126487E-017  2.499999936845000E-005
  1.427485297727361E-013  1.249999968422500E-004   30.0000000000000     
  1.331283340022320E-005  0.994490000000000        831482.800288500     
  4.716678928312004E-017
  1.537633679504606E-013  5.091931830731331E-017  2.499999936845000E-005
  1.383570114959689E-013  1.249999968422500E-004   30.0000000000000     
  1.331283340022320E-005  0.994490000000000        831482.800288500     
  4.586074195582307E-017
  2.133327273356396E-013  7.294562086190119E-017  2.499999936845000E-005
  2.152386954711992E-013  1.374999965264750E-004   30.0000000000000     
  1.331283340022320E-005  0.994490000000000        762148.881455850     
  7.132040110947972E-017
  2.469027771607510E-013  8.324779151825782E-017  2.499999936845000E-005
  2.450233751637887E-013  1.374999965264750E-004   30.0000000000000     
  1.331283340022320E-005  0.994490000000000        762148.881455850     
  8.233355238677366E-017
  3.545137503796197E-013  1.199841645015829E-016  2.499999936845000E-005
  3.852597886567199E-013  1.499999962107000E-004   30.0000000000000     
  1.331283340022320E-005  0.994490000000000        692814.962623200     
  1.291085334740809E-016
  2.569014693604130E-016  6.646616392083757E-020  2.499999936845000E-005
  4.006493124950469E-017  2.499999936845000E-005   42.0000000000000     
  1.331283340022320E-005  0.994490000000000        4159493.21424600     
  9.999999999999999E-021
  6.433076612774959E-016  2.079932839387517E-019  2.499999936845000E-005
  1.685156659297112E-016  3.749999905267500E-005   42.0000000000000     
  1.331283340022320E-005  0.994490000000000        3119490.94714700     
  4.323308196041879E-020
  1.751349779906598E-015  4.605886826986603E-019  2.499999936845000E-005
  3.617187618882526E-016  3.749999905267500E-005   42.0000000000000     
  1.331283340022320E-005  0.994490000000000        3119490.94714700     
  1.139966419693759E-019
  5.970357376821271E-015  1.519913301574953E-018  2.499999936845000E-005
  1.791414711156102E-015  4.999999873690000E-005   42.0000000000000     
  1.331283340022320E-005  0.994490000000000        2079488.68004800     
  4.705886826986604E-019
  6.317088572463761E-015  1.594018605483989E-018  2.499999936845000E-005
  1.876160552674483E-015  4.999999873690000E-005   42.0000000000000     
  1.331283340022320E-005  0.994490000000000        2079488.68004800     
  4.972572331284357E-019
  1.238441952810216E-014  3.547184936338791E-018  2.499999936845000E-005
  5.034704838906364E-015  6.249999842112500E-005   42.0000000000000     
  1.331283340022320E-005  0.994490000000000        1732820.70925800     
  1.294266535870430E-018
  2.203512886068695E-014  5.763232818716115E-018  2.499999936845000E-005
  8.068370316725564E-015  6.249999842112500E-005   42.0000000000000     
  1.331283340022320E-005  0.994490000000000        1732820.70925800     
  2.270849701297831E-018
  5.188493653929821E-014  1.371586637041374E-017  2.499999936845000E-005
  2.391128941336144E-014  7.499999810535000E-005   42.0000000000000     
  1.331283340022320E-005  0.994490000000000        1386152.73846800     
  6.260490051844551E-018
  5.113849386354369E-014  1.326079337539220E-017  2.499999936845000E-005
  2.304968086756451E-014  7.499999810535000E-005   42.0000000000000     
  1.331283340022320E-005  0.994490000000000        1386152.73846800     
  6.152377314129694E-018
  8.796436819185271E-014  2.449280139766037E-017  2.499999936845000E-005
  4.861892779933636E-014  8.749999778957500E-005   42.0000000000000     
  1.331283340022320E-005  0.994490000000000        1212818.48403100     
  1.278277400182579E-017
  1.274528801737854E-013  3.399010859345285E-017  2.499999936845000E-005
  6.703186496349087E-014  8.749999778957500E-005   42.0000000000000     
  1.331283340022320E-005  0.994490000000000        1212818.48403100     
  1.839877801295988E-017
  2.453870360024369E-013  6.586640232485877E-017  2.499999936845000E-005
  1.505025610413499E-013  9.999999747380000E-005   42.0000000000000     
  1.331283340022320E-005  0.994490000000000        1039484.22959400     
  4.014248590758254E-017
  2.377223505473317E-013  6.322972846584446E-017  2.499999936845000E-005
  1.442763519671073E-013  9.999999747380000E-005   42.0000000000000     
  1.331283340022320E-005  0.994490000000000        1039484.22959400     
  3.883454659454259E-017
  3.742994148743881E-013  1.041613969592787E-016  2.499999936845000E-005
  2.631375272407731E-013  1.124999971580250E-004   42.0000000000000     
  1.331283340022320E-005  0.994490000000000        935483.514941250     
  7.044941082746482E-017
  4.848468773043788E-013  1.316781209916824E-016  2.499999936845000E-005
  3.314260594043014E-013  1.124999971580250E-004   42.0000000000000     
  1.331283340022320E-005  0.994490000000000        935483.514941250     
  9.091524507418194E-017
  8.200108588728213E-013  2.239311086405095E-016  2.499999936845000E-005
  6.291232292714861E-013  1.249999968422500E-004   42.0000000000000     
  1.331283340022320E-005  0.994490000000000        831482.800288500     
  1.705126675862250E-016
  7.955749136229405E-013  2.161988954334304E-016  2.499999936845000E-005
  6.069473175967218E-013  1.249999968422500E-004   42.0000000000000     
  1.331283340022320E-005  0.994490000000000        831482.800288500     
  1.653078587625886E-016
  1.174372776785379E-012  3.296891595961377E-016  2.499999936845000E-005
  1.004734774408192E-012  1.374999965264750E-004   42.0000000000000     
  1.331283340022320E-005  0.994490000000000        762148.881455850     
  2.734073064793038E-016
  1.421589962387458E-012  3.927842397063934E-016  2.499999936845000E-005
  1.194133705989411E-012  1.374999965264750E-004   42.0000000000000     
  1.331283340022320E-005  0.994490000000000        762148.881455850     
  3.301524385606575E-016
  2.199776476072867E-012  6.114761676852225E-016  2.499999936845000E-005
  2.028537279984179E-012  1.499999962107000E-004   42.0000000000000     
  1.331283340022320E-005  0.994490000000000        692814.962623200     
  5.580920984689821E-016
  3.490578537307265E-016  7.658406144574188E-020  2.499999936845000E-005
  4.724397159113538E-017  2.499999936845000E-005   56.0000000000000     
  1.331283340022320E-005  0.994490000000000        4159493.21424600     
  9.999999999999999E-021
  9.788394698107375E-016  2.679907042269572E-019  2.499999936845000E-005
  2.217728984564986E-016  3.749999905267500E-005   56.0000000000000     
  1.331283340022320E-005  0.994490000000000        3119490.94714700     
  4.829203072287094E-020
  3.001740098350764E-015  6.665948661878803E-019  2.499999936845000E-005
  5.366637064965041E-016  3.749999905267500E-005   56.0000000000000     
  1.331283340022320E-005  0.994490000000000        3119490.94714700     
  1.439953521134786E-019
  1.164959530622529E-014  2.524716201055003E-018  2.499999936845000E-005
  3.048984069941899E-015  4.999999873690000E-005   56.0000000000000     
  1.331283340022320E-005  0.994490000000000        2079488.68004800     
  6.765948661878803E-019
  1.301531641605653E-014  2.796939638571678E-018  2.499999936845000E-005
  3.373879354304305E-015  4.999999873690000E-005   56.0000000000000     
  1.331283340022320E-005  0.994490000000000        2079488.68004800     
  7.550785672217367E-019
  2.802186574771908E-014  6.807329748731559E-018  2.499999936845000E-005
  9.881537562332571E-015  6.249999842112500E-005   56.0000000000000     
  1.331283340022320E-005  0.994490000000000        1732820.70925800     
  2.153548386507576E-018
  5.479238322260852E-014  1.212427183358214E-017  2.499999936845000E-005
  1.738481222816384E-014  6.249999842112500E-005   56.0000000000000     
  1.331283340022320E-005  0.994490000000000        1732820.70925800     
  4.158743441587517E-018
  1.449427436090658E-013  3.258174525268329E-017  2.499999936845000E-005
  5.816626257691282E-014  7.499999810535000E-005   56.0000000000000     
  1.331283340022320E-005  0.994490000000000        1386152.73846800     
  1.287935040080387E-017
  1.462851558051848E-013  3.219043448404488E-017  2.499999936845000E-005
  5.730497234860056E-014  7.499999810535000E-005   56.0000000000000     
  1.331283340022320E-005  0.994490000000000        1386152.73846800     
  1.296205990986880E-017
  2.717345747406003E-013  6.421862780297514E-017  2.499999936845000E-005
  1.304475502511930E-013  8.749999778957500E-005   56.0000000000000     
  1.331283340022320E-005  0.994490000000000        1212818.48403100     
  2.905727715189123E-017
  4.241127644999111E-013  9.568112985516745E-017  2.499999936845000E-005
  1.931722597189007E-013  8.749999778957500E-005   56.0000000000000     
  1.331283340022320E-005  0.994490000000000        1212818.48403100     
  4.507137381135637E-017
  9.018620699966343E-013  2.057486432316509E-016  2.499999936845000E-005
  4.814177368485116E-013  9.999999747380000E-005   56.0000000000000     
  1.331283340022320E-005  0.994490000000000        1039484.22959400     
  1.086431897650362E-016
  8.805936835593478E-013  1.985858491011782E-016  2.499999936845000E-005
  4.639452897290742E-013  9.999999747380000E-005   56.0000000000000     
  1.331283340022320E-005  0.994490000000000        1039484.22959400     
  1.059184920818656E-016
  1.481489713666683E-012  3.497432269226189E-016  2.499999936845000E-005
  9.042421315087481E-013  1.124999971580250E-004   56.0000000000000     
  1.331283340022320E-005  0.994490000000000        935483.514941250     
  2.052114166324547E-016
  2.034357803684113E-012  4.675937985380648E-016  2.499999936845000E-005
  1.204690146562416E-012  1.124999971580250E-004   56.0000000000000     
  1.331283340022320E-005  0.994490000000000        935483.514941250     
  2.807901055431751E-016
  3.746017960018808E-012  8.685282499292609E-016  2.499999936845000E-005
  2.498303093413187E-012  1.249999968422500E-004   56.0000000000000     
  1.331283340022320E-005  0.994490000000000        831482.800288500     
  5.735122906199304E-016
  3.636239679034813E-012  8.375186596670481E-016  2.499999936845000E-005
  2.406996402775699E-012  1.249999968422500E-004   56.0000000000000     
  1.331283340022320E-005  0.994490000000000        831482.800288500     
  5.562165170738333E-016
  5.690354130412968E-012  1.354636486083365E-015  2.499999936845000E-005
  4.225116242293106E-012  1.374999965264750E-004   56.0000000000000     
  1.331283340022320E-005  0.994490000000000        762148.881455850     
  9.749758469073575E-016
  7.216394780513431E-012  1.687846297600294E-015  2.499999936845000E-005
  5.252173467982183E-012  1.374999965264750E-004   56.0000000000000     
  1.331283340022320E-005  0.994490000000000        762148.881455850     
  1.233534760115516E-015
  1.201524850147886E-011  2.833591228844487E-015  2.499999936845000E-005
  9.623391183289130E-012  1.499999962107000E-004   56.0000000000000     
  1.331283340022320E-005  0.994490000000000        692814.962623200     
  2.244062814674127E-015
  4.553946212945459E-016  8.671660477451964E-020  2.499999936845000E-005
  5.443340369810908E-017  2.499999936845000E-005   72.0000000000000     
  1.331283340022320E-005  0.994490000000000        4159493.21424600     
  9.999999999999999E-021
  1.413671894064557E-015  3.355425730892097E-019  2.499999936845000E-005
  2.821307143453821E-016  3.749999905267500E-005   72.0000000000000     
  1.331283340022320E-005  0.994490000000000        3119490.94714700     
  5.335830238725982E-020
  4.828990548750945E-015  9.279200385223120E-019  2.499999936845000E-005
  7.612693507303877E-016  3.749999905267500E-005   72.0000000000000     
  1.331283340022320E-005  0.994490000000000        3119490.94714700     
  1.777712865446049E-019
  2.105243738878162E-014  3.970850989045287E-018  2.499999936845000E-005
  4.883423952449054E-015  4.999999873690000E-005   72.0000000000000     
  1.331283340022320E-005  0.994490000000000        2079488.68004800     
  9.379200385223122E-019
  2.487989503278355E-014  4.655476268709119E-018  2.499999936845000E-005
  5.719959552982637E-015  4.999999873690000E-005   72.0000000000000     
  1.331283340022320E-005  0.994490000000000        2079488.68004800     
  1.107415469507142E-018
  5.835373602809321E-014  1.230122530841087E-017  2.499999936845000E-005
  1.815990706937441E-014  6.249999842112500E-005   72.0000000000000     
  1.331283340022320E-005  0.994490000000000        1732820.70925800     
  3.435153603861701E-018
  1.246828433044259E-013  2.390130071117511E-017  2.499999936845000E-005
  3.489682756702925E-014  6.249999842112500E-005   72.0000000000000     
  1.331283340022320E-005  0.994490000000000        1732820.70925800     
  7.258028123712576E-018
  3.670433628348818E-013  7.175644617634072E-017  2.499999936845000E-005
  1.304028028574086E-013  7.499999810535000E-005   72.0000000000000     
  1.331283340022320E-005  0.994490000000000        1386152.73846800     
  2.500871618068225E-017
  3.812917303703513E-013  7.285936585993520E-017  2.499999936845000E-005
  1.320526956417666E-013  7.499999810535000E-005   72.0000000000000     
  1.331283340022320E-005  0.994490000000000        1386152.73846800     
  2.591024455021077E-017
  7.606979473109283E-013  1.561366560472419E-016  2.499999936845000E-005
  3.226985608269422E-013  8.749999778957500E-005   72.0000000000000     
  1.331283340022320E-005  0.994490000000000        1212818.48403100     
  6.233992748017837E-017
  1.276172053087754E-012  2.493499491022924E-016  2.499999936845000E-005
  5.124016692972307E-013  8.749999778957500E-005   72.0000000000000     
  1.331283340022320E-005  0.994490000000000        1212818.48403100     
  1.039785725738317E-016
  2.979865122528349E-012  5.912133836108548E-016  2.499999936845000E-005
  1.408224748729521E-012  9.999999747380000E-005   72.0000000000000     
  1.331283340022320E-005  0.994490000000000        1039484.22959400     
  2.752601936525031E-016
  2.946646174133377E-012  5.766021630247616E-016  2.499999936845000E-005
  1.371202171257777E-012  9.999999747380000E-005   72.0000000000000     
  1.331283340022320E-005  0.994490000000000        1039484.22959400     
  2.717512378451872E-016
  5.275120252980446E-012  1.081208520715291E-015  2.499999936845000E-005
  2.844525258324466E-012  1.124999971580250E-004   72.0000000000000     
  1.331283340022320E-005  0.994490000000000        935483.514941250     
  5.600523193575679E-016
  7.677607044649501E-012  1.528865540006203E-015  2.499999936845000E-005
  4.008762297748000E-012  1.124999971580250E-004   72.0000000000000     
  1.331283340022320E-005  0.994490000000000        935483.514941250     
  8.123554982028327E-016
  1.533932720645743E-011  3.090466919591967E-015  2.499999936845000E-005
  9.048809215907279E-012  1.249999968422500E-004   72.0000000000000     
  1.331283340022320E-005  0.994490000000000        831482.800288500     
  1.800616777851390E-015
  1.494786132847291E-011  2.986681671658334E-015  2.499999936845000E-005
  8.736440167232893E-012  1.249999968422500E-004   72.0000000000000     
  1.331283340022320E-005  0.994490000000000        831482.800288500     
  1.752954105188473E-015
  2.471899255817844E-011  5.107406860358427E-015  2.499999936845000E-005
  1.621037083146935E-011  1.374999965264750E-004   72.0000000000000     
  1.331283340022320E-005  0.994490000000000        762148.881455850     
  3.246294941017640E-015
  3.286757758186376E-011  6.661608603186707E-015  2.499999936845000E-005
  2.109593644632211E-011  1.374999965264750E-004   72.0000000000000     
  1.331283340022320E-005  0.994490000000000        762148.881455850     
  4.306657535367687E-015
  5.876613248778299E-011  1.203573087078995E-014  2.499999936845000E-005
  4.160401774909665E-011  1.499999962107000E-004   72.0000000000000     
  1.331283340022320E-005  0.994490000000000        692814.962623200     
  8.414562708375180E-015
  5.759150271861753E-016  9.685920623058104E-020  2.499999936845000E-005
  6.162997243612223E-017  2.499999936845000E-005   90.0000000000000     
  1.331283340022320E-005  0.994490000000000        4159493.21424600     
  9.999999999999999E-021
  1.960573428083673E-015  4.106456308186872E-019  2.499999936845000E-005
  3.495874860292098E-016  3.749999905267500E-005   90.0000000000000     
  1.331283340022320E-005  0.994490000000000        3119490.94714700     
  5.842960311529052E-020
  7.389287099364034E-015  1.251347587172380E-018  2.499999936845000E-005
  1.041916686477959E-015  3.749999905267500E-005   90.0000000000000     
  1.331283340022320E-005  0.994490000000000        3119490.94714700     
  2.153228154093436E-019
  3.578562453438031E-014  5.973707587992267E-018  2.499999936845000E-005
  7.450917071800157E-015  4.999999873690000E-005   90.0000000000000     
  1.331283340022320E-005  0.994490000000000        2079488.68004800     
  1.261347587172380E-018
  4.474060612512079E-014  7.412789263172922E-018  2.499999936845000E-005
  9.238506741846439E-015  4.999999873690000E-005   90.0000000000000     
  1.331283340022320E-005  0.994490000000000        2079488.68004800     
  1.575758871700831E-018
  1.135371393749267E-013  2.113248760589211E-017  2.499999936845000E-005
  3.160880980440683E-014  6.249999842112500E-005   90.0000000000000     
  1.331283340022320E-005  0.994490000000000        1732820.70925800     
  5.282153503287292E-018
  2.636466634998975E-013  4.457452306922998E-017  2.499999936845000E-005
  6.600707642930981E-014  6.249999842112500E-005   90.0000000000000     
  1.331283340022320E-005  0.994490000000000        1732820.70925800     
  1.214200267464688E-017
  8.563677892560071E-013  1.480986276574047E-016  2.499999936845000E-005
  2.728851702417439E-013  7.499999810535000E-005   90.0000000000000     
  1.331283340022320E-005  0.994490000000000        1386152.73846800     
  4.615028194093081E-017
  9.189178198480859E-013  1.551462136866265E-016  2.499999936845000E-005
  2.851511735969758E-013  7.499999810535000E-005   90.0000000000000     
  1.331283340022320E-005  0.994490000000000        1386152.73846800     
  4.939666525017113E-017
  1.959622141185723E-012  3.554553670651570E-016  2.499999936845000E-005
  7.446100835210188E-013  8.749999778957500E-005   90.0000000000000     
  1.331283340022320E-005  0.994490000000000        1212818.48403100     
  1.269697720934844E-016
  3.524527916054252E-012  6.071207366086782E-016  2.499999936845000E-005
  1.264962244189838E-012  8.749999778957500E-005   90.0000000000000     
  1.331283340022320E-005  0.994490000000000        1212818.48403100     
  2.271243487827496E-016
  8.985466339136254E-012  1.577376785483094E-015  2.499999936845000E-005
  3.809679089651227E-012  9.999999747380000E-005   90.0000000000000     
  1.331283340022320E-005  0.994490000000000        1039484.22959400     
  6.565174018588493E-016
  9.034622175086946E-012  1.561029245578942E-015  2.499999936845000E-005
  3.763931885841024E-012  9.999999747380000E-005   90.0000000000000     
  1.331283340022320E-005  0.994490000000000        1039484.22959400     
  6.590091996697364E-016
  1.714763580052337E-011  3.105279715397903E-015  2.499999936845000E-005
  8.281242973384497E-012  1.124999971580250E-004   90.0000000000000     
  1.331283340022320E-005  0.994490000000000        935483.514941250     
  1.439523822459207E-015
  2.643083965320896E-011  4.641264003729128E-015  2.499999936845000E-005
  1.233774978610271E-011  1.124999971580250E-004   90.0000000000000     
  1.331283340022320E-005  0.994490000000000        935483.514941250     
  2.211649057368688E-015
  5.708839716594342E-011  1.017087775250116E-014  2.499999936845000E-005
  3.019477153904999E-011  1.249999968422500E-004   90.0000000000000     
  1.331283340022320E-005  0.994490000000000        831482.800288500     
  5.300273203398864E-015
  5.602937093823945E-011  9.883337225052712E-015  2.499999936845000E-005
  2.931059359392353E-011  1.249999968422500E-004   90.0000000000000     
  1.331283340022320E-005  0.994490000000000        831482.800288500     
  5.196508272392097E-015
  9.762793725969719E-011  1.781752995190764E-014  2.499999936845000E-005
  5.732527906304325E-011  1.374999965264750E-004   90.0000000000000     
  1.331283340022320E-005  0.994490000000000        762148.881455850     
  1.013817688491845E-014
  1.361267900345028E-010  2.433473494813928E-014  2.499999936845000E-005
  7.812456222377212E-011  1.374999965264750E-004   90.0000000000000     
  1.331283340022320E-005  0.994490000000000        762148.881455850     
  1.410527324834592E-014
  2.607765310598362E-010  4.720495246087556E-014  2.499999936845000E-005
  1.654373836284263E-010  1.499999962107000E-004   90.0000000000000     
  1.331283340022320E-005  0.994490000000000        692814.962623200     
  2.953124322053137E-014
 -9.999903794479198E-021  9.999483749722002E-021  2.499999936845000E-005
 -9.999921418865203E-021  2.499999936845000E-005  0.000000000000000E+000
  1.331283340022320E-005  0.994490000000000        79998.3083843200     
  9.999999999999999E-021
 -1.249943508454319E-020  9.999153387019287E-021  2.499999936845000E-005
 -1.499987331610480E-020  3.749999905267500E-005  0.000000000000000E+000
  1.331283340022320E-005  0.994490000000000        59998.3078571950     
  1.499974187486100E-020
 -1.166601021871540E-020  9.998987065386131E-021  2.499999936845000E-005
 -1.624963896113680E-020  3.749999905267500E-005  0.000000000000000E+000
  1.331283340022320E-005  0.994490000000000        59998.3078571950     
  1.499957669350964E-020
 -9.165671669105501E-021  9.998663454519230E-021  2.499999936845000E-005
 -2.166593163758060E-020  4.999999873690000E-005  0.000000000000000E+000
  1.331283340022320E-005  0.994490000000000        39998.3073300700     
  1.999898706538613E-020
 -9.374055557270621E-021  9.998721558579310E-021  2.499999936845000E-005
 -2.124933243054885E-020  4.999999873690000E-005  0.000000000000000E+000
  1.331283340022320E-005  0.994490000000000        39998.3073300700     
  1.999907135150868E-020
 -1.045704571413120E-020  9.998436710664101E-021  2.499999936845000E-005
 -2.593636020918416E-020  6.249999842112500E-005  0.000000000000000E+000
  1.331283340022320E-005  0.994490000000000        33331.6404769550     
  2.499843213079833E-020
 -1.024032899861734E-020  9.998360196468980E-021  2.499999936845000E-005
 -2.647785528761445E-020  6.249999842112500E-005  0.000000000000000E+000
  1.331283340022320E-005  0.994490000000000        33331.6404769550     
  2.499828970684073E-020
 -9.501209513981181E-021  9.998077137393936E-021  2.499999936845000E-005
 -3.148966142916620E-020  7.499999810535000E-005  0.000000000000000E+000
  1.331283340022320E-005  0.994490000000000        26664.9736238400     
  2.999743154797765E-020
 -9.566344077629783E-021  9.998096605825618E-021  2.499999936845000E-005
 -3.129433484667366E-020  7.499999810535000E-005  0.000000000000000E+000
  1.331283340022320E-005  0.994490000000000        26664.9736238400     
  2.999747010321525E-020
 -1.010616485008213E-020  9.997823158234542E-021  2.499999936845000E-005
 -3.607750688548856E-020  8.749999778957500E-005  0.000000000000000E+000
  1.331283340022320E-005  0.994490000000000        23331.6401898500     
  3.499651840612805E-020
 -1.002896784371734E-020  9.997775250520953E-021  2.499999936845000E-005
 -3.634741727171473E-020  8.749999778957500E-005  0.000000000000000E+000
  1.331283340022320E-005  0.994490000000000        23331.6401898500     
  3.499638168233252E-020
 -9.666097828026275E-021  9.997503200387850E-021  2.499999936845000E-005
 -4.132330269039100E-020  9.999999747380000E-005  0.000000000000000E+000
  1.331283340022320E-005  0.994490000000000        19998.3067558600     
  3.999524535373620E-020
 -9.694072411363729E-021  9.997512787822351E-021  2.499999936845000E-005
 -4.121145272888283E-020  9.999999747380000E-005  0.000000000000000E+000
  1.331283340022320E-005  0.994490000000000        19998.3067558600     
  3.999526954050266E-020
 -1.001130532736497E-020  9.997245052349373E-021  2.499999936845000E-005
 -4.605848893456469E-020  1.124999971580250E-004  0.000000000000000E+000
  1.331283340022320E-005  0.994490000000000        17998.3066897450     
  4.499402593441383E-020
 -9.975996987445897E-021  9.997210388353537E-021  2.499999936845000E-005
 -4.621710539256532E-020  1.124999971580250E-004  0.000000000000000E+000
  1.331283340022320E-005  0.994490000000000        17998.3066897450     
  4.499389206667734E-020
 -9.758628046564168E-021  9.996943731477842E-021  2.499999936845000E-005
 -5.118744971632873E-020  1.249999968422500E-004  0.000000000000000E+000
  1.331283340022320E-005  0.994490000000000        15998.3066236300     
  4.999247992885619E-020
 -9.772924278867868E-021  9.996949400427706E-021  2.499999936845000E-005
 -5.111600357680777E-020  1.249999968422500E-004  0.000000000000000E+000
  1.331283340022320E-005  0.994490000000000        15998.3066236300     
  4.999249744062033E-020
 -9.980128570423910E-021  9.996685153605533E-021  2.499999936845000E-005
 -5.600246571624170E-020  1.374999965264750E-004  0.000000000000000E+000
  1.331283340022320E-005  0.994490000000000        14664.9732415700     
  5.499097214083418E-020
 -9.961243373705224E-021  9.996658035417049E-021  2.499999936845000E-005
 -5.610606786201973E-020  1.374999965264750E-004  0.000000000000000E+000
  1.331283340022320E-005  0.994490000000000        14664.9732415700     
  5.499084001742310E-020
 -9.815795208906766E-021  9.996394625348943E-021  2.499999936845000E-005
 -6.107724695051299E-020  1.499999962107000E-004  0.000000000000000E+000
  1.331283340022320E-005  0.994490000000000        13331.6398595100     
  5.998915547603738E-020
  1.124441264240683E-016  2.419399073161878E-020  2.499999936845000E-005
  2.749418217975011E-016  2.499999936845000E-005   2.00000000000000     
  1.331283340022320E-005  0.994490000000000        79998.3083843200     
  9.999999999999999E-021
  2.159755238995545E-016  2.962344454279582E-020  2.499999936845000E-005
  3.311638850095352E-016  3.749999905267500E-005   2.00000000000000     
  1.331283340022320E-005  0.994490000000000        59998.3078571950     
  2.209699536580939E-020
  2.351221677966342E-016  3.376111505455175E-020  2.499999936845000E-005
  3.829295837472783E-016  3.749999905267500E-005   2.00000000000000     
  1.331283340022320E-005  0.994490000000000        59998.3078571950     
  2.481172227139791E-020
  3.160302906702734E-016  4.142243516741113E-020  2.499999936845000E-005
  5.100639895941353E-016  4.999999873690000E-005   2.00000000000000     
  1.331283340022320E-005  0.994490000000000        39998.3073300700     
  4.376111505455175E-020
  3.005590194683237E-016  4.006276813086035E-020  2.499999936845000E-005
  4.967201218786210E-016  4.999999873690000E-005   2.00000000000000     
  1.331283340022320E-005  0.994490000000000        39998.3073300700     
  4.206425751562084E-020
  2.916753163589840E-016  4.819092837149924E-020  2.499999936845000E-005
  6.469996316127828E-016  6.249999842112500E-005   2.00000000000000     
  1.331283340022320E-005  0.994490000000000        33331.6404769550     
  6.209564158105102E-020
  3.294799509540375E-016  4.965623714245396E-020  2.499999936845000E-005
  6.425577800581130E-016  6.249999842112500E-005   2.00000000000000     
  1.331283340022320E-005  0.994490000000000        33331.6404769550     
  6.615972170137046E-020
  3.262314890487065E-016  5.856101653072310E-020  2.499999936845000E-005
  8.262000728326584E-016  7.499999810535000E-005   2.00000000000000     
  1.331283340022320E-005  0.994490000000000        26664.9736238400     
  9.172049465807481E-020
  3.282624446267809E-016  5.775144374367442E-020  2.499999936845000E-005
  8.082369624024665E-016  7.499999810535000E-005   2.00000000000000     
  1.331283340022320E-005  0.994490000000000        26664.9736238400     
  9.111727679720247E-020
  3.200150940655999E-016  6.614392741114189E-020  2.499999936845000E-005
  9.723681847158568E-016  8.749999778957500E-005   2.00000000000000     
  1.331283340022320E-005  0.994490000000000        23331.6401898500     
  1.199929986690397E-019
  3.420999939177017E-016  6.720773901177605E-020  2.499999936845000E-005
  9.682445094352664E-016  8.749999778957500E-005   2.00000000000000     
  1.331283340022320E-005  0.994490000000000        23331.6401898500     
  1.241892405027734E-019
  3.375107342477500E-016  7.599653154484185E-020  2.499999936845000E-005
  1.150336956320168E-015  9.999999747380000E-005   2.00000000000000     
  1.331283340022320E-005  0.994490000000000        19998.3067558600     
  1.583250158089785E-019
  3.382796515787516E-016  7.554980634409689E-020  2.499999936845000E-005
  1.139904188209322E-015  9.999999747380000E-005   2.00000000000000     
  1.331283340022320E-005  0.994490000000000        19998.3067558600     
  1.578591614862612E-019
  3.324900719016152E-016  8.404221964824299E-020  2.499999936845000E-005
  1.309044013998698E-015  1.124999971580250E-004   2.00000000000000     
  1.331283340022320E-005  0.994490000000000        17998.3066897450     
  1.956340646583096E-019
  3.466639132768925E-016  8.489611002137708E-020  2.499999936845000E-005
  1.306149224160130E-015  1.124999971580250E-004   2.00000000000000     
  1.331283340022320E-005  0.994490000000000        17998.3066897450     
  1.998802713103827E-019
  3.430010136810808E-016  9.363108330753485E-020  2.499999936845000E-005
  1.486568101486215E-015  1.249999968422500E-004   2.00000000000000     
  1.331283340022320E-005  0.994490000000000        15998.3066236300     
  2.427552715076383E-019
  3.433279900804365E-016  9.334961800199442E-020  2.499999936845000E-005
  1.479835627478797E-015  1.249999968422500E-004   2.00000000000000     
  1.331283340022320E-005  0.994490000000000        15998.3066236300     
  2.423687529847398E-019
  3.391658680799907E-016  1.019020644735958E-019  2.499999936845000E-005
  1.651499622519015E-015  1.374999965264750E-004   2.00000000000000     
  1.331283340022320E-005  0.994490000000000        14664.9732415700     
  2.890435619857370E-019
  3.490043458694172E-016  1.026173751346295E-019  2.499999936845000E-005
  1.649418561518792E-015  1.374999965264750E-004   2.00000000000000     
  1.331283340022320E-005  0.994490000000000        14664.9732415700     
  2.933197852215377E-019
  3.461518294723013E-016  1.113339411658294E-019  2.499999936845000E-005
  1.828839973348214E-015  1.499999962107000E-004   2.00000000000000     
  1.331283340022320E-005  0.994490000000000        13331.6398595100     
  3.449861281193693E-019
  5.440814598193514E-016  4.191052628965522E-020  2.499999936845000E-005
  6.181163844957834E-016  2.499999936845000E-005   6.00000000000000     
  1.331283340022320E-005  0.994490000000000        79998.3083843200     
  9.999999999999999E-021
  1.242165330168033E-015  6.066633230302094E-020  2.499999936845000E-005
  8.901571144054592E-016  3.749999905267500E-005   6.00000000000000     
  1.331283340022320E-005  0.994490000000000        59998.3078571950     
  3.095526314482761E-020
  1.565567116682015E-015  8.261434027742522E-020  2.499999936845000E-005
  1.239199049579800E-015  3.749999905267500E-005   6.00000000000000     
  1.331283340022320E-005  0.994490000000000        59998.3078571950     
  4.033316615151047E-020
  2.534066226201529E-015  1.299697627846949E-019  2.499999936845000E-005
  2.183683501177799E-015  4.999999873690000E-005   6.00000000000000     
  1.331283340022320E-005  0.994490000000000        39998.3073300700     
  9.261434027742521E-020
  2.349358520541166E-015  1.223975989972196E-019  2.499999936845000E-005
  2.067051814449280E-015  4.999999873690000E-005   6.00000000000000     
  1.331283340022320E-005  0.994490000000000        39998.3073300700     
  8.640693903920707E-020
  2.629108982210163E-015  1.760486706206246E-019  2.499999936845000E-005
  3.241731074719863E-015  6.249999842112500E-005   6.00000000000000     
  1.331283340022320E-005  0.994490000000000        33331.6404769550     
  1.476057385378169E-019
  3.286625232127610E-015  1.918275127814044E-019  2.499999936845000E-005
  3.381606305554361E-015  6.249999842112500E-005   6.00000000000000     
  1.331283340022320E-005  0.994490000000000        33331.6404769550     
  1.744312743495194E-019
  3.690966059945158E-015  2.741005678975784E-019  2.499999936845000E-005
  5.353677046576890E-015  7.499999810535000E-005   6.00000000000000     
  1.331283340022320E-005  0.994490000000000        26664.9736238400     
  2.782344518206114E-019
  3.732248158998741E-015  2.626276094372004E-019  2.499999936845000E-005
  5.045683982642924E-015  7.499999810535000E-005   6.00000000000000     
  1.331283340022320E-005  0.994490000000000        26664.9736238400     
  2.751153613223497E-019
  4.100461477675997E-015  3.425920612381810E-019  2.499999936845000E-005
  6.911808062142295E-015  8.749999778957500E-005   6.00000000000000     
  1.331283340022320E-005  0.994490000000000        23331.6401898500     
  4.064291660409499E-019
  4.645510012521798E-015  3.600479169561450E-019  2.499999936845000E-005
  7.095914721480923E-015  8.749999778957500E-005   6.00000000000000     
  1.331283340022320E-005  0.994490000000000        23331.6401898500     
  4.464113919414403E-019
  5.101045223038616E-015  4.655770334686853E-019  2.499999936845000E-005
  9.691193995164722E-015  9.999999747380000E-005   6.00000000000000     
  1.331283340022320E-005  0.994490000000000        19998.3067558600     
  6.351632782784948E-019
  5.112622127258846E-015  4.562938806622714E-019  2.499999936845000E-005
  9.433223376381748E-015  9.999999747380000E-005   6.00000000000000     
  1.331283340022320E-005  0.994490000000000        19998.3067558600     
  6.306961278714394E-019
  5.546552718142355E-015  5.624161817665624E-019  2.499999936845000E-005
  1.198953444001117E-014  1.124999971580250E-004   6.00000000000000     
  1.331283340022320E-005  0.994490000000000        17998.3066897450     
  8.588430682025750E-019
  6.005624676514470E-015  5.809314205842348E-019  2.499999936845000E-005
  1.220649973545293E-014  1.124999971580250E-004   6.00000000000000     
  1.331283340022320E-005  0.994490000000000        17998.3066897450     
  9.119042187547206E-019
  6.500915442732226E-015  7.105070328571983E-019  2.499999936845000E-005
  1.543884805289622E-014  1.249999968422500E-004   6.00000000000000     
  1.331283340022320E-005  0.994490000000000        15998.3066236300     
  1.211627548455674E-018
  6.502448014391600E-015  7.027867539315095E-019  2.499999936845000E-005
  1.521953876959920E-014  1.249999968422500E-004   6.00000000000000     
  1.331283340022320E-005  0.994490000000000        15998.3066236300     
  1.206278814241617E-018
  6.980733474816294E-015  8.351405532742355E-019  2.499999936845000E-005
  1.847076277679500E-014  1.374999965264750E-004   6.00000000000000     
  1.331283340022320E-005  0.994490000000000        14664.9732415700     
  1.557672191207372E-018
  7.376502354356422E-015  8.543185739824865E-019  2.499999936845000E-005
  1.870990550700735E-014  1.374999965264750E-004   6.00000000000000     
  1.331283340022320E-005  0.994490000000000        14664.9732415700     
  1.623849090878735E-018
  7.899865101280279E-015  1.008601096334163E-018  2.499999936845000E-005
  2.259604112395563E-014  1.499999962107000E-004   6.00000000000000     
  1.331283340022320E-005  0.994490000000000        13331.6398595100     
  2.060597388224104E-018
  1.345811444516685E-015  6.052086829707747E-020  2.499999936845000E-005
  9.786042439387975E-016  2.499999936845000E-005   12.0000000000000     
  1.331283340022320E-005  0.994490000000000        79998.3083843200     
  9.999999999999999E-021
  3.673827568411902E-015  1.011070687996502E-019  2.499999936845000E-005
  1.651509966197140E-015  3.749999905267500E-005   12.0000000000000     
  1.331283340022320E-005  0.994490000000000        59998.3078571950     
  4.026043414853873E-020
  5.304557029299335E-015  1.669801003597372E-019  2.499999936845000E-005
  2.815518028144748E-015  3.749999905267500E-005   12.0000000000000     
  1.331283340022320E-005  0.994490000000000        59998.3078571950     
  6.055353439982510E-020
  1.071635434428423E-014  3.292142951761827E-019  2.499999936845000E-005
  6.283161273238132E-015  4.999999873690000E-005   12.0000000000000     
  1.331283340022320E-005  0.994490000000000        39998.3073300700     
  1.769801003597373E-019
  9.875603958259190E-015  3.113359065651909E-019  2.499999936845000E-005
  5.981760074642696E-015  4.999999873690000E-005   12.0000000000000     
  1.331283340022320E-005  0.994490000000000        39998.3073300700     
  1.643182502986725E-019
  1.265349131185026E-014  5.221229101313029E-019  2.499999936845000E-005
  1.091956205377229E-014  6.249999842112500E-005   12.0000000000000     
  1.331283340022320E-005  0.994490000000000        33331.6404769550     
  3.199862035812679E-019
  1.770420590051934E-014  6.144125584741302E-019  2.499999936845000E-005
  1.230850573056782E-014  6.249999842112500E-005   12.0000000000000     
  1.331283340022320E-005  0.994490000000000        33331.6404769550     
  4.253797053643239E-019
  2.275532004005127E-014  1.061938771181429E-018  2.499999936845000E-005
  2.368596597516203E-014  7.499999810535000E-005   12.0000000000000     
  1.331283340022320E-005  0.994490000000000        26664.9736238400     
  7.787308087728027E-019
  2.320756610049683E-014  9.869971464137006E-019  2.499999936845000E-005
  2.153947981181764E-014  7.499999810535000E-005   12.0000000000000     
  1.331283340022320E-005  0.994490000000000        26664.9736238400     
  7.720425194582534E-019
  2.836560571842332E-014  1.447541603246061E-018  2.499999936845000E-005
  3.314326286206605E-014  8.749999778957500E-005   12.0000000000000     
  1.331283340022320E-005  0.994490000000000        23331.6401898500     
  1.265541092665104E-018
  3.451305114011577E-014  1.597836764187591E-018  2.499999936845000E-005
  3.572228267102930E-014  8.749999778957500E-005   12.0000000000000     
  1.331283340022320E-005  0.994490000000000        23331.6401898500     
  1.495813321081284E-018
  4.213298994089017E-014  2.366879017423612E-018  2.499999936845000E-005
  5.605253095193341E-014  9.999999747380000E-005   12.0000000000000     
  1.331283340022320E-005  0.994490000000000        19998.3067558600     
  2.369879283645845E-018
  4.223661056245604E-014  2.276632922800072E-018  2.499999936845000E-005
  5.338912477156184E-014  9.999999747380000E-005   12.0000000000000     
  1.331283340022320E-005  0.994490000000000        19998.3067558600     
  2.346148002575690E-018
  5.007019407003559E-014  3.083351051862714E-018  2.499999936845000E-005
  7.450743005278985E-014  1.124999971580250E-004   12.0000000000000     
  1.331283340022320E-005  0.994490000000000        17998.3066897450     
  3.484464463975725E-018
  5.691253521035650E-014  3.294369897576374E-018  2.499999936845000E-005
  7.842422180657963E-014  1.124999971580250E-004   12.0000000000000     
  1.331283340022320E-005  0.994490000000000        17998.3066897450     
  3.887823528507046E-018
  6.721878109855758E-014  4.472990387721498E-018  2.499999936845000E-005
  1.103016599819183E-013  1.249999968422500E-004   12.0000000000000     
  1.331283340022320E-005  0.994490000000000        15998.3066236300     
  5.640517900152064E-018
  6.713166073281087E-014  4.373035799697368E-018  2.499999936845000E-005
  1.072925998085281E-013  1.249999968422500E-004   12.0000000000000     
  1.331283340022320E-005  0.994490000000000        15998.3066236300     
  5.596992204142314E-018
  7.771837485546935E-014  5.624193968581976E-018  2.499999936845000E-005
  1.408584301749336E-013  1.374999965264750E-004   12.0000000000000     
  1.331283340022320E-005  0.994490000000000        14664.9732415700     
  7.783510103990997E-018
  8.506074187684033E-014  5.896107157745982E-018  2.499999936845000E-005
  1.461517872362628E-013  1.374999965264750E-004   12.0000000000000     
  1.331283340022320E-005  0.994490000000000        14664.9732415700     
  8.409089188433300E-018
  9.807907183888868E-014  7.577894541632064E-018  2.499999936845000E-005
  1.923533416853685E-013  1.499999962107000E-004   12.0000000000000     
  1.331283340022320E-005  0.994490000000000        13331.6398595100     
  1.149309936188829E-017
  2.528478538225077E-015  7.946516692382060E-020  2.499999936845000E-005
  1.345560942417537E-015  2.499999936845000E-005   20.0000000000000     
  1.331283340022320E-005  0.994490000000000        79998.3083843200     
  9.999999999999999E-021
  8.090547235010855E-015  1.505152051223680E-019  2.499999936845000E-005
  2.609800211530075E-015  3.749999905267500E-005   20.0000000000000     
  1.331283340022320E-005  0.994490000000000        59998.3078571950     
  4.973258346191030E-020
  1.325859361764428E-014  2.992589314419859E-019  2.499999936845000E-005
  5.390834559922964E-015  3.749999905267500E-005   20.0000000000000     
  1.331283340022320E-005  0.994490000000000        59998.3078571950     
  8.525760256118399E-020
  3.305756436106654E-014  7.141525986468088E-019  2.499999936845000E-005
  1.460415456006182E-014  4.999999873690000E-005   20.0000000000000     
  1.331283340022320E-005  0.994490000000000        39998.3073300700     
  3.092589314419858E-019
  3.093616368971994E-014  6.975284447763600E-019  2.499999936845000E-005
  1.439294837651785E-014  4.999999873690000E-005   20.0000000000000     
  1.331283340022320E-005  0.994490000000000        39998.3073300700     
  2.921943397832228E-019
  4.488109349851259E-014  1.334181312963636E-018  2.499999936845000E-005
  2.986103022137782E-014  6.249999842112500E-005   20.0000000000000     
  1.331283340022320E-005  0.994490000000000        33331.6404769550     
  6.409585621714028E-019
  7.031399523229712E-014  1.713174601954943E-018  2.499999936845000E-005
  3.683349512577414E-014  6.249999842112500E-005   20.0000000000000     
  1.331283340022320E-005  0.994490000000000        33331.6404769550     
  9.592849962650408E-019
  1.033165764024673E-013  3.537903089950027E-018  2.499999936845000E-005
  8.470694360881497E-014  7.499999810535000E-005   20.0000000000000     
  1.331283340022320E-005  0.994490000000000        26664.9736238400     
  2.005368941738166E-018
  1.070552819389086E-013  3.217568398803360E-018  2.499999936845000E-005
  7.516676796881896E-014  7.499999810535000E-005   20.0000000000000     
  1.331283340022320E-005  0.994490000000000        26664.9736238400     
  2.013884900543814E-018
  1.437394548540570E-013  5.251796054696950E-018  2.499999936845000E-005
  1.286944089382733E-013  8.749999778957500E-005   20.0000000000000     
  1.331283340022320E-005  0.994490000000000        23331.6401898500     
  3.622669099945494E-018
  1.891793061440060E-013  6.143389219155671E-018  2.499999936845000E-005
  1.470364953958475E-013  8.749999778957500E-005   20.0000000000000     
  1.331283340022320E-005  0.994490000000000        23331.6401898500     
  4.639782927892289E-018
  2.560136989992320E-013  1.040750631737571E-017  2.499999936845000E-005
  2.643460741128250E-013  9.999999747380000E-005   20.0000000000000     
  1.331283340022320E-005  0.994490000000000        19998.3067558600     
  8.157274119699485E-018
  2.575095808076956E-013  9.828816581912458E-018  2.499999936845000E-005
  2.466511851245301E-013  9.999999747380000E-005   20.0000000000000     
  1.331283340022320E-005  0.994490000000000        19998.3067558600     
  8.083125777857866E-018
  3.307960388997642E-013  1.452237543018690E-017  2.499999936845000E-005
  3.754059755283779E-013  1.124999971580250E-004   20.0000000000000     
  1.331283340022320E-005  0.994490000000000        17998.3066897450     
  1.299753406881409E-017
  3.974428248730824E-013  1.617947548538546E-017  2.499999936845000E-005
  4.120492045744122E-013  1.124999971580250E-004   20.0000000000000     
  1.331283340022320E-005  0.994490000000000        17998.3066897450     
  1.534431349295131E-017
  5.112422278942747E-013  2.438460669003353E-017  2.499999936845000E-005
  6.440940099976125E-013  1.249999968422500E-004   20.0000000000000     
  1.331283340022320E-005  0.994490000000000        15998.3066236300     
  2.426260126324332E-017
  5.101384019357797E-013  2.353017903728887E-017  2.499999936845000E-005
  6.175227744991407E-013  1.249999968422500E-004   20.0000000000000     
  1.331283340022320E-005  0.994490000000000        15998.3066236300     
  2.401931329503965E-017
  6.331078082649087E-013  3.258029705431987E-017  2.499999936845000E-005
  8.725919754670305E-013  1.374999965264750E-004   20.0000000000000     
  1.331283340022320E-005  0.994490000000000        14664.9732415700     
  3.578440281368409E-017
  7.220496197264568E-013  3.524026800961550E-017  2.499999936845000E-005
  9.340766786315950E-013  1.374999965264750E-004   20.0000000000000     
  1.331283340022320E-005  0.994490000000000        14664.9732415700     
  4.030946182219959E-017
  8.950919003920379E-013  4.931009548092903E-017  2.499999936845000E-005
  1.339572394225597E-012  1.499999962107000E-004   20.0000000000000     
  1.331283340022320E-005  0.994490000000000        13331.6398595100     
  5.925958130465515E-017
  4.095485412680552E-015  9.856775776652783E-020  2.499999936845000E-005
  1.715583808195976E-015  2.499999936845000E-005   30.0000000000000     
  1.331283340022320E-005  0.994490000000000        79998.3083843200     
  9.999999999999999E-021
  1.506872300404898E-014  2.087556790688737E-019  2.499999936845000E-005
  3.763326514536252E-015  3.749999905267500E-005   30.0000000000000     
  1.331283340022320E-005  0.994490000000000        59998.3078571950     
  5.928387888326392E-020
  2.774627816582727E-014  4.922128388085246E-019  2.499999936845000E-005
  9.249945310220467E-015  3.749999905267500E-005   30.0000000000000     
  1.331283340022320E-005  0.994490000000000        59998.3078571950     
  1.143778395344368E-019
  8.358077440686937E-014  1.379866954342320E-018  2.499999936845000E-005
  2.946186197402325E-014  4.999999873690000E-005   30.0000000000000     
  1.331283340022320E-005  0.994490000000000        39998.3073300700     
  5.022128388085246E-019
  8.063310435145146E-014  1.417395040410354E-018  2.499999936845000E-005
  3.059996083474638E-014  4.999999873690000E-005   30.0000000000000     
  1.331283340022320E-005  0.994490000000000        39998.3073300700     
  4.900619579772741E-019
  1.310516416363038E-013  3.039149837879707E-018  2.499999936845000E-005
  7.091651301047211E-014  6.249999842112500E-005   30.0000000000000     
  1.331283340022320E-005  0.994490000000000        33331.6404769550     
  1.198759478182451E-018
  2.288032886950343E-013  4.273398959017602E-018  2.499999936845000E-005
  9.612578165289830E-014  6.249999842112500E-005   30.0000000000000     
  1.331283340022320E-005  0.994490000000000        33331.6404769550     
  2.009636876917128E-018
  3.822584694642712E-013  1.037510250881330E-017  2.499999936845000E-005
  2.594032495297807E-013  7.499999810535000E-005   30.0000000000000     
  1.331283340022320E-005  0.994490000000000        26664.9736238400     
  4.763460916994877E-018
  4.055723007261999E-013  9.344339909363624E-018  2.499999936845000E-005
  2.277001999144795E-013  7.499999810535000E-005   30.0000000000000     
  1.331283340022320E-005  0.994490000000000        26664.9736238400     
  4.892994481813653E-018
  5.919219724714457E-013  1.683804171222257E-017  2.499999936845000E-005
  4.304863502775795E-013  8.749999778957500E-005   30.0000000000000     
  1.331283340022320E-005  0.994490000000000        23331.6401898500     
  9.565164436495465E-018
  8.453471537532641E-013  2.096149865107057E-017  2.499999936845000E-005
  5.236611861502024E-013  8.749999778957500E-005   30.0000000000000     
  1.331283340022320E-005  0.994490000000000        23331.6401898500     
  1.331201533792494E-017
  1.263090342918019E-012  4.043220704394054E-017  2.499999936845000E-005
  1.073047353667744E-012  9.999999747380000E-005   30.0000000000000     
  1.331283340022320E-005  0.994490000000000        19998.3067558600     
  2.585449313288422E-017
  1.281243957451281E-012  3.762541913549788E-017  2.499999936845000E-005
  9.849003492634193E-013  9.999999747380000E-005   30.0000000000000     
  1.331283340022320E-005  0.994490000000000        19998.3067558600     
  2.578893242846206E-017
  1.770903496253887E-012  6.028729343254033E-017  2.499999936845000E-005
  1.625522327989060E-012  1.124999971580250E-004   30.0000000000000     
  1.331283340022320E-005  0.994490000000000        17998.3066897450     
  4.460164199621101E-017
  2.258159421695126E-012  7.039268663507617E-017  2.499999936845000E-005
  1.870352097390363E-012  1.124999971580250E-004   30.0000000000000     
  1.331283340022320E-005  0.994490000000000        17998.3066897450     
  5.593257914473222E-017
  3.157394868116495E-012  1.175817870288656E-016  2.499999936845000E-005
  3.243059770958545E-012  1.249999968422500E-004   30.0000000000000     
  1.331283340022320E-005  0.994490000000000        15998.3066236300     
  9.618161906353824E-017
  3.154288777309148E-012  1.120708863803620E-016  2.499999936845000E-005
  3.067694459507720E-012  1.249999968422500E-004   30.0000000000000     
  1.331283340022320E-005  0.994490000000000        15998.3066236300     
  9.521679347839480E-017
  4.175391611820295E-012  1.662934813257515E-016  2.499999936845000E-005
  4.644838848162293E-012  1.374999965264750E-004   30.0000000000000     
  1.331283340022320E-005  0.994490000000000        14664.9732415700     
  1.512522366685758E-016
  4.982360446263875E-012  1.864786659391404E-016  2.499999936845000E-005
  5.155390265417867E-012  1.374999965264750E-004   30.0000000000000     
  1.331283340022320E-005  0.994490000000000        14664.9732415700     
  1.783635341412706E-016
  6.632657160249416E-012  2.839217504329117E-016  2.499999936845000E-005
  8.050054905771595E-012  1.499999962107000E-004   30.0000000000000     
  1.331283340022320E-005  0.994490000000000        13331.6398595100     
  2.816954594175352E-016
  6.048213664333212E-015  1.177573153095704E-019  2.499999936845000E-005
  2.087291244824011E-015  2.499999936845000E-005   42.0000000000000     
  1.331283340022320E-005  0.994490000000000        79998.3083843200     
  9.999999999999999E-021
  2.518387134648212E-014  2.757736509503233E-019  2.499999936845000E-005
  5.111398076990618E-015  3.749999905267500E-005   42.0000000000000     
  1.331283340022320E-005  0.994490000000000        59998.3078571950     
  6.887865765478520E-020
  5.160153958912581E-014  7.587016184463190E-019  2.499999936845000E-005
  1.467922691806507E-014  3.749999905267500E-005   42.0000000000000     
  1.331283340022320E-005  0.994490000000000        59998.3078571950     
  1.478868254751616E-019
  1.838261610998063E-013  2.441309512843494E-018  2.499999936845000E-005
  5.368883083394983E-014  4.999999873690000E-005   42.0000000000000     
  1.331283340022320E-005  0.994490000000000        39998.3073300700     
  7.687016184463189E-019
  1.844691423550676E-013  2.663684078997148E-018  2.499999936845000E-005
  5.932815735071657E-014  4.999999873690000E-005   42.0000000000000     
  1.331283340022320E-005  0.994490000000000        39998.3073300700     
  7.813362278243915E-019
  3.328080346300840E-013  6.315745282898326E-018  2.499999936845000E-005
  1.515627285282504E-013  6.249999842112500E-005   42.0000000000000     
  1.331283340022320E-005  0.994490000000000        33331.6404769550     
  2.113178267322966E-018
  6.431120129747409E-013  9.723214270064964E-018  2.499999936845000E-005
  2.257321746657586E-013  6.249999842112500E-005   42.0000000000000     
  1.331283340022320E-005  0.994490000000000        33331.6404769550     
  3.939208869273555E-018
  1.212968094922380E-012  2.729666981805429E-017  2.499999936845000E-005
  7.024401703254574E-013  7.499999810535000E-005   42.0000000000000     
  1.331283340022320E-005  0.994490000000000        26664.9736238400     
  1.050455049788936E-017
  1.326197019394294E-012  2.462621222474204E-017  2.499999936845000E-005
  6.175410460985660E-013  7.499999810535000E-005   42.0000000000000     
  1.331283340022320E-005  0.994490000000000        26664.9736238400     
  1.112104839498739E-017
  2.086225292811130E-012  4.865637838240562E-017  2.499999936845000E-005
  1.280639555795713E-012  8.749999778957500E-005   42.0000000000000     
  1.331283340022320E-005  0.994490000000000        23331.6401898500     
  2.343415450735841E-017
  3.234893957878431E-012  6.454064518874447E-017  2.499999936845000E-005
  1.660653692504131E-012  8.749999778957500E-005   42.0000000000000     
  1.331283340022320E-005  0.994490000000000        23331.6401898500     
  3.544923758619021E-017
  5.310886631923383E-012  1.408688121890990E-016  2.499999936845000E-005
  3.852435003976997E-012  9.999999747380000E-005   42.0000000000000     
  1.331283340022320E-005  0.994490000000000        19998.3067558600     
  7.566169358373186E-017
  5.463836342083587E-012  1.298241976666406E-016  2.499999936845000E-005
  3.497428071548033E-012  9.999999747380000E-005   42.0000000000000     
  1.331283340022320E-005  0.994490000000000        19998.3067558600     
  7.643589365434426E-017
  8.075497913753088E-012  2.244614792756729E-016  2.499999936845000E-005
  6.229346242589827E-012  1.124999971580250E-004   42.0000000000000     
  1.331283340022320E-005  0.994490000000000        17998.3066897450     
  1.413479924876645E-016
  1.095214100956922E-011  2.754451361640002E-016  2.499999936845000E-005
  7.535177028424577E-012  1.124999971580250E-004   42.0000000000000     
  1.331283340022320E-005  0.994490000000000        17998.3066897450     
  1.886666332921807E-016
  1.660416076182970E-011  5.085579432482497E-016  2.499999936845000E-005
  1.444956908111725E-011  1.249999968422500E-004   42.0000000000000     
  1.331283340022320E-005  0.994490000000000        15998.3066236300     
  3.518810298183445E-016
  1.665682411012215E-011  4.798248976081123E-016  2.499999936845000E-005
  1.351797389664102E-011  1.249999968422500E-004   42.0000000000000     
  1.331283340022320E-005  0.994490000000000        15998.3066236300     
  3.494684556200504E-016
  2.341334941620369E-011  7.599550569089391E-016  2.499999936845000E-005
  2.184638595170209E-011  1.374999965264750E-004   42.0000000000000     
  1.331283340022320E-005  0.994490000000000        14664.9732415700     
  5.893809044241065E-016
  2.930720476259857E-011  8.863677705078818E-016  2.499999936845000E-005
  2.522464860474286E-011  1.374999965264750E-004   42.0000000000000     
  1.331283340022320E-005  0.994490000000000        14664.9732415700     
  7.294459840745198E-016
  4.184090901665088E-011  1.466633665902719E-015  2.499999936845000E-005
  4.282517865923958E-011  1.499999962107000E-004   42.0000000000000     
  1.331283340022320E-005  0.994490000000000        13331.6398595100     
  1.235836226127932E-015
  8.387325685272481E-015  1.369996432741993E-019  2.499999936845000E-005
  2.460020860212220E-015  2.499999936845000E-005   56.0000000000000     
  1.331283340022320E-005  0.994490000000000        79998.3083843200     
  9.999999999999999E-021
  3.901119244871947E-014  3.515428284466448E-019  2.499999936845000E-005
  6.653683702848460E-015  3.749999905267500E-005   56.0000000000000     
  1.331283340022320E-005  0.994490000000000        59998.3078571950     
  7.849982163709964E-020
  8.817441516906123E-014  1.111619812542341E-018  2.499999936845000E-005
  2.196561708457195E-014  3.749999905267500E-005   56.0000000000000     
  1.331283340022320E-005  0.994490000000000        59998.3078571950     
  1.857714142233224E-019
  3.645384007146891E-013  4.033250805845495E-018  2.499999936845000E-005
  9.063443602927345E-014  4.999999873690000E-005   56.0000000000000     
  1.331283340022320E-005  0.994490000000000        39998.3073300700     
  1.121619812542341E-018
  3.823474440013847E-013  4.696193913950999E-018  2.499999936845000E-005
  1.070095111327994E-013  4.999999873690000E-005   56.0000000000000     
  1.331283340022320E-005  0.994490000000000        39998.3073300700     
  1.192762621849611E-018
  7.597142383571451E-013  1.217890816886354E-017  2.499999936845000E-005
  2.981832331334917E-013  6.249999842112500E-005   56.0000000000000     
  1.331283340022320E-005  0.994490000000000        33331.6404769550     
  3.540859578825111E-018
  1.613000180194405E-012  2.048575078141737E-017  2.499999936845000E-005
  4.868666303113719E-013  6.249999842112500E-005   56.0000000000000     
  1.331283340022320E-005  0.994490000000000        33331.6404769550     
  7.282216706281381E-018
  3.408599448320165E-012  6.549148036720829E-017  2.499999936845000E-005
  1.720009691327205E-012  7.499999810535000E-005   56.0000000000000     
  1.331283340022320E-005  0.994490000000000        26664.9736238400     
  2.167851340326698E-017
  3.857829813485210E-012  5.974619420479096E-017  2.499999936845000E-005
  1.529738799370241E-012  7.499999810535000E-005   56.0000000000000     
  1.331283340022320E-005  0.994490000000000        26664.9736238400     
  2.377892798546980E-017
  6.497269888563702E-012  1.286539659241798E-016  2.499999936845000E-005
  3.458653706112846E-012  8.749999778957500E-005   56.0000000000000     
  1.331283340022320E-005  0.994490000000000        23331.6401898500     
  5.365202508786527E-017
  1.092716573304354E-011  1.817393338692239E-016  2.499999936845000E-005
  4.778373743652092E-012  8.749999778957500E-005   56.0000000000000     
  1.331283340022320E-005  0.994490000000000        23331.6401898500     
  8.810591094755971E-017
  1.960836982569416E-011  4.457176191965798E-016  2.499999936845000E-005
  1.245690453241378E-011  9.999999747380000E-005   56.0000000000000     
  1.331283340022320E-005  0.994490000000000        19998.3067558600     
  2.055182618546937E-016
  2.057032126237379E-011  4.089696203277727E-016  2.499999936845000E-005
  1.124891727976922E-011  9.999999747380000E-005   56.0000000000000     
  1.331283340022320E-005  0.994490000000000        19998.3067558600     
  2.114873301501662E-016
  3.233361683118929E-011  7.597909921259200E-016  2.499999936845000E-005
  2.153407791095611E-011  1.124999971580250E-004   56.0000000000000     
  1.331283340022320E-005  0.994490000000000        17998.3066897450     
  4.159721403140525E-016
  4.667922731453829E-011  9.810465952711061E-016  2.499999936845000E-005
  2.741572569536386E-011  1.124999971580250E-004   56.0000000000000     
  1.331283340022320E-005  0.994490000000000        17998.3066897450     
  5.913828262131261E-016
  7.650242838919921E-011  1.995171976517314E-015  2.499999936845000E-005
  5.792814459430750E-011  1.249999968422500E-004   56.0000000000000     
  1.331283340022320E-005  0.994490000000000        15998.3066236300     
  1.192533925421272E-015
  7.732929503428971E-011  1.868919419631488E-015  2.499999936845000E-005
  5.376532360360724E-011  1.249999968422500E-004   56.0000000000000     
  1.331283340022320E-005  0.994490000000000        15998.3066236300     
  1.192456792090023E-015
  1.149635879064453E-010  3.148624894224658E-015  2.499999936845000E-005
  9.242997112075210E-011  1.374999965264750E-004   56.0000000000000     
  1.331283340022320E-005  0.994490000000000        14664.9732415700     
  2.126916501905767E-015
  1.511831390854844E-010  3.827239521377404E-015  2.499999936845000E-005
  1.112471175568299E-010  1.374999965264750E-004   56.0000000000000     
  1.331283340022320E-005  0.994490000000000        14664.9732415700     
  2.766769239202351E-015
  2.310954145531403E-010  6.869761368398059E-015  2.499999936845000E-005
  2.049484626890916E-010  1.499999962107000E-004   56.0000000000000     
  1.331283340022320E-005  0.994490000000000        13331.6398595100     
  5.019696313467427E-015
  1.111317763778843E-014  1.562763546278010E-019  2.499999936845000E-005
  2.833416492070533E-015  2.499999936845000E-005   72.0000000000000     
  1.331283340022320E-005  0.994490000000000        79998.3083843200     
  9.999999999999999E-021
  5.712575132067698E-014  4.360490744129693E-019  2.499999936845000E-005
  8.390005310964749E-015  3.749999905267500E-005   72.0000000000000     
  1.331283340022320E-005  0.994490000000000        59998.3078571950     
  8.813817731390050E-020
  1.413312989075009E-013  1.563876746484618E-018  2.499999936845000E-005
  3.139629215240902E-014  3.749999905267500E-005   72.0000000000000     
  1.331283340022320E-005  0.994490000000000        59998.3078571950     
  2.280245372064847E-019
  6.673537831906999E-013  6.310263457620586E-018  2.499999936845000E-005
  1.441647153995714E-013  4.999999873690000E-005   72.0000000000000     
  1.331283340022320E-005  0.994490000000000        39998.3073300700     
  1.573876746484618E-018
  7.332168080900417E-013  7.852528926863547E-018  2.499999936845000E-005
  1.820635933728779E-013  4.999999873690000E-005   72.0000000000000     
  1.331283340022320E-005  0.994490000000000        39998.3073300700     
  1.754398575673927E-018
  1.593614814804510E-012  2.207591953332079E-017  2.499999936845000E-005
  5.486719974178987E-013  6.249999842112500E-005   72.0000000000000     
  1.331283340022320E-005  0.994490000000000        33331.6404769550     
  5.680663039105700E-018
  3.691357966837014E-012  4.044811207195102E-017  2.499999936845000E-005
  9.788710007751327E-013  6.249999842112500E-005   72.0000000000000     
  1.331283340022320E-005  0.994490000000000        33331.6404769550     
  1.279235834233432E-017
  8.675479187139373E-012  1.452796159765658E-016  2.499999936845000E-005
  3.873421560209892E-012  7.499999810535000E-005   72.0000000000000     
  1.331283340022320E-005  0.994490000000000        26664.9736238400     
  4.220251064762494E-017
  1.019296463938684E-011  1.350027013051092E-016  2.499999936845000E-005
  3.511837186458288E-012  7.499999810535000E-005   72.0000000000000     
  1.331283340022320E-005  0.994490000000000        26664.9736238400     
  4.811776659466942E-017
  1.828038230801052E-011  3.150906677065847E-016  2.499999936845000E-005
  8.608319506151707E-012  8.749999778957500E-005   72.0000000000000     
  1.331283340022320E-005  0.994490000000000        23331.6401898500     
  1.156191172472240E-016
  3.327723949297759E-011  4.733120101421229E-016  2.499999936845000E-005
  1.265202834046355E-011  8.749999778957500E-005   72.0000000000000     
  1.331283340022320E-005  0.994490000000000        23331.6401898500     
  2.056631004479617E-016
  6.492492418266666E-011  1.294959200475277E-015  2.499999936845000E-005
  3.678907667943588E-011  9.999999747380000E-005   72.0000000000000     
  1.331283340022320E-005  0.994490000000000        19998.3067558600     
  5.214297767367923E-016
  6.977192961449790E-011  1.188846225440429E-015  2.499999936845000E-005
  3.321735925712991E-011  9.999999747380000E-005   72.0000000000000     
  1.331283340022320E-005  0.994490000000000        19998.3067558600     
  5.492456428409696E-016
  1.160789249309923E-010  2.364707514307895E-015  2.499999936845000E-005
  6.810332406437886E-011  1.124999971580250E-004   72.0000000000000     
  1.331283340022320E-005  0.994490000000000        17998.3066897450     
  1.143668755561184E-015
  1.783869246947379E-010  3.212898202501295E-015  2.499999936845000E-005
  9.125682172262604E-011  1.124999971580250E-004   72.0000000000000     
  1.331283340022320E-005  0.994490000000000        17998.3066897450     
  1.731599399994917E-015
  3.149739288633803E-010  7.169307517380571E-015  2.499999936845000E-005
  2.116042839518678E-010  1.249999968422500E-004   72.0000000000000     
  1.331283340022320E-005  0.994490000000000        15998.3066236300     
  3.762143845342264E-015
  3.219305430430633E-010  6.688720158643747E-015  2.499999936845000E-005
  1.954969522120197E-010  1.249999968422500E-004   72.0000000000000     
  1.331283340022320E-005  0.994490000000000        15998.3066236300     
  3.801473172247533E-015
  5.043833900558226E-010  1.195073961928372E-014  2.499999936845000E-005
  3.564622237335513E-010  1.374999965264750E-004   72.0000000000000     
  1.331283340022320E-005  0.994490000000000        14664.9732415700     
  7.145833251569406E-015
  6.973674013573513E-010  1.515505445436170E-014  2.499999936845000E-005
  4.476886472399310E-010  1.374999965264750E-004   72.0000000000000     
  1.331283340022320E-005  0.994490000000000        14664.9732415700     
  9.776842981889390E-015
  1.139105255592161E-009  2.944300652965139E-014  2.499999936845000E-005
  8.928643535693710E-010  1.499999962107000E-004   72.0000000000000     
  1.331283340022320E-005  0.994490000000000        13331.6398595100     
  1.895652762660924E-014
  1.422597774721465E-014  1.755766996472676E-019  2.499999936845000E-005
  3.207269915065356E-015  2.499999936845000E-005   90.0000000000000     
  1.331283340022320E-005  0.994490000000000        79998.3083843200     
  9.999999999999999E-021
  8.010254752739853E-014  5.292841237640019E-019  2.499999936845000E-005
  1.032025878867268E-014  3.749999905267500E-005   90.0000000000000     
  1.331283340022320E-005  0.994490000000000        59998.3078571950     
  9.778834982363382E-020
  2.154550368569396E-013  2.128388884098070E-018  2.499999936845000E-005
  4.325854367876463E-014  3.749999905267500E-005   90.0000000000000     
  1.331283340022320E-005  0.994490000000000        59998.3078571950     
  2.746420618820009E-019
  1.146487242823132E-012  9.446715950376607E-018  2.499999936845000E-005
  2.186623067720049E-013  4.999999873690000E-005   90.0000000000000     
  1.331283340022320E-005  0.994490000000000        39998.3073300700     
  2.138388884098070E-018
  1.320362439982473E-012  1.255886548181518E-017  2.499999936845000E-005
  2.951786681382359E-013  4.999999873690000E-005   90.0000000000000     
  1.331283340022320E-005  0.994490000000000        39998.3073300700     
  2.499606444291336E-018
  3.120339006109735E-012  3.799417914101348E-017  2.499999936845000E-005
  9.553598881294723E-013  6.249999842112500E-005   90.0000000000000     
  1.331283340022320E-005  0.994490000000000        33331.6404769550     
  8.779039185198924E-018
  7.834176422690551E-012  7.556523400591280E-017  2.499999936845000E-005
  1.855348171193104E-012  6.249999842112500E-005   90.0000000000000     
  1.331283340022320E-005  0.994490000000000        33331.6404769550     
  2.149669601479807E-017
  2.033514181741098E-011  3.014034270967736E-016  2.499999936845000E-005
  8.129355090828786E-012  7.499999810535000E-005   90.0000000000000     
  1.331283340022320E-005  0.994490000000000        26664.9736238400     
  7.806484045020412E-017
  2.484065078958451E-011  2.868504624603826E-016  2.499999936845000E-005
  7.555934520637238E-012  7.499999810535000E-005   90.0000000000000     
  1.331283340022320E-005  0.994490000000000        26664.9736238400     
  9.267979292303155E-017
  4.723355055143015E-011  7.219924431298519E-016  2.499999936845000E-005
  1.997625991542949E-011  8.749999778957500E-005   90.0000000000000     
  1.331283340022320E-005  0.994490000000000        23331.6401898500     
  2.361050241532229E-016
  9.281979278200977E-011  1.151013826141298E-015  2.499999936845000E-005
  3.117270979635232E-011  8.749999778957500E-005   90.0000000000000     
  1.331283340022320E-005  0.994490000000000        23331.6401898500     
  4.536760144879575E-016
  1.958978677032306E-010  3.488435831192372E-015  2.499999936845000E-005
  1.003757273026470E-010  9.999999747380000E-005   90.0000000000000     
  1.331283340022320E-005  0.994490000000000        19998.3067558600     
  1.243693619064329E-015
  2.164538739682497E-010  3.218224054688479E-015  2.499999936845000E-005
  9.103013538058641E-011  9.999999747380000E-005   90.0000000000000     
  1.331283340022320E-005  0.994490000000000        19998.3067558600     
  1.346229598288874E-015
  3.795535283233314E-010  6.831827186693638E-015  2.499999936845000E-005
  1.992570723647113E-010  1.124999971580250E-004   90.0000000000000     
  1.331283340022320E-005  0.994490000000000        17998.3066897450     
  2.955341625633113E-015
  6.205492415972109E-010  9.760611962747006E-015  2.499999936845000E-005
  2.808068995422521E-010  1.124999971580250E-004   90.0000000000000     
  1.331283340022320E-005  0.994490000000000        17998.3066897450     
  4.762143191635693E-015
  1.176220868770398E-009  2.379994175405975E-014  2.499999936845000E-005
  7.115793769777974E-010  1.249999968422500E-004   90.0000000000000     
  1.331283340022320E-005  0.994490000000000        15998.3066236300     
  1.110684156103588E-014
  1.219670761372318E-009  2.218461968266692E-014  2.499999936845000E-005
  6.565101824772086E-010  1.249999968422500E-004   90.0000000000000     
  1.331283340022320E-005  0.994490000000000        15998.3066236300     
  1.138007028289380E-014
  2.007278092007833E-009  4.192573492779607E-014  2.499999936845000E-005
  1.266345563163367E-009  1.374999965264750E-004   90.0000000000000     
  1.331283340022320E-005  0.994490000000000        14664.9732415700     
  2.247238012422725E-014
  2.918465942577294E-009  5.548768377981803E-014  2.499999936845000E-005
  1.660149228481125E-009  1.374999965264750E-004   90.0000000000000     
  1.331283340022320E-005  0.994490000000000        14664.9732415700     
  3.234293774679183E-014
  5.082962094389388E-009  1.163825483296660E-013  2.499999936845000E-005
  3.574976125054502E-009  1.499999962107000E-004   90.0000000000000     
  1.331283340022320E-005  0.994490000000000        13331.6398595100     
  6.686775406271183E-014
