 0.1039975886494D+03 0.1039975141617D+03 0.1039974373751D+03 0.1039973582187D+03
 0.1039972766191D+03 0.1039971925012D+03 0.1039971057873D+03 0.1039970163973D+03
 0.1039969242488D+03 0.1039968292567D+03 0.1039967313332D+03 0.1039966303880D+03
 0.1039965263279D+03 0.1039964190569D+03 0.1039963084759D+03 0.1039961944829D+03
 0.1039960769727D+03 0.1039959558367D+03 0.1039958309634D+03 0.1039957022373D+03
 0.1039955695397D+03 0.1039954327483D+03 0.1039952917366D+03 0.1039951463747D+03
 0.1039949965284D+03 0.1039948420594D+03 0.1039946828253D+03 0.1039945186791D+03
 0.1039943494694D+03 0.1039941750401D+03 0.1039939952303D+03 0.1039938098741D+03
 0.1039936188006D+03 0.1039934218334D+03 0.1039932187909D+03 0.1039930094859D+03
 0.1039927937252D+03 0.1039925713099D+03 0.1039923420348D+03 0.1039921056885D+03
 0.1039918620531D+03 0.1039916109037D+03 0.1039913520088D+03 0.1039910851297D+03
 0.1039908100203D+03 0.1039905264268D+03 0.1039902340877D+03 0.1039899327335D+03
 0.1039896220863D+03 0.1039893018596D+03 0.1039889717583D+03 0.1039886314778D+03
 0.1039882807044D+03 0.1039879191148D+03 0.1039875463756D+03 0.1039871621430D+03
 0.1039867660628D+03 0.1039863577698D+03 0.1039859368876D+03 0.1039855030282D+03
 0.1039850557916D+03 0.1039845947653D+03 0.1039841195245D+03 0.1039836296309D+03
 0.1039831246329D+03 0.1039826040649D+03 0.1039820674470D+03 0.1039815142845D+03
 0.1039809440673D+03 0.1039803562699D+03 0.1039797503502D+03 0.1039791257497D+03
 0.1039784818924D+03 0.1039778181849D+03 0.1039771340151D+03 0.1039764287524D+03
 0.1039757017464D+03 0.1039749523270D+03 0.1039741798030D+03 0.1039733834623D+03
 0.1039725625706D+03 0.1039717163710D+03 0.1039708440832D+03 0.1039699449030D+03
 0.1039690180012D+03 0.1039680625230D+03 0.1039670775875D+03 0.1039660622862D+03
 0.1039650156830D+03 0.1039639368126D+03 0.1039628246799D+03 0.1039616782594D+03
 0.1039604964936D+03 0.1039592782926D+03 0.1039580225326D+03 0.1039567280553D+03
 0.1039553936666D+03 0.1039540181355D+03 0.1039526001930D+03 0.1039511385310D+03
 0.1039496318007D+03 0.1039480786120D+03 0.1039464775316D+03 0.1039448270821D+03
 0.1039431257403D+03 0.1039413719360D+03 0.1039395640506D+03 0.1039377004152D+03
 0.1039357793095D+03 0.1039337989601D+03 0.1039317575386D+03 0.1039296531601D+03
 0.1039274838816D+03 0.1039252476998D+03 0.1039229425496D+03 0.1039205663019D+03
 0.1039181167617D+03 0.1039155916664D+03 0.1039129886831D+03 0.1039103054068D+03
 0.1039075393581D+03 0.1039046879808D+03 0.1039017486398D+03 0.1038987186181D+03
 0.1038955951149D+03 0.1038923752424D+03 0.1038890560237D+03 0.1038856343894D+03
 0.1038821071752D+03 0.1038784711188D+03 0.1038747228568D+03 0.1038708589217D+03
 0.1038668757384D+03 0.1038627696211D+03 0.1038585367700D+03 0.1038541732671D+03
 0.1038496750735D+03 0.1038450380246D+03 0.1038402578272D+03 0.1038353300547D+03
 0.1038302501433D+03 0.1038250133878D+03 0.1038196149373D+03 0.1038140497902D+03
 0.1038083127900D+03 0.1038023986203D+03 0.1037963017999D+03 0.1037900166776D+03
 0.1037835374272D+03 0.1037768580416D+03 0.1037699723277D+03 0.1037628739005D+03
 0.1037555561768D+03 0.1037480123698D+03 0.1037402354820D+03 0.1037322182995D+03
 0.1037239533846D+03 0.1037154330695D+03 0.1037066494489D+03 0.1036975943728D+03
 0.1036882594390D+03 0.1036786359856D+03 0.1036687150823D+03 0.1036584875233D+03
 0.1036479438181D+03 0.1036370741830D+03 0.1036258685324D+03 0.1036143164696D+03
 0.1036024072772D+03 0.1035901299075D+03 0.1035774729729D+03 0.1035644247351D+03
 0.1035509730951D+03 0.1035371055822D+03 0.1035228093430D+03 0.1035080711302D+03
 0.1034928772906D+03 0.1034772137536D+03 0.1034610660188D+03 0.1034444191432D+03
 0.1034272577289D+03 0.1034095659095D+03 0.1033913273368D+03 0.1033725251670D+03
 0.1033531420470D+03 0.1033331600992D+03 0.1033125609078D+03 0.1032913255029D+03
 0.1032694343460D+03 0.1032468673138D+03 0.1032236036828D+03 0.1031996221127D+03
 0.1031749006304D+03 0.1031494166130D+03 0.1031231467709D+03 0.1030960671309D+03
 0.1030681530182D+03 0.1030393790394D+03 0.1030097190643D+03 0.1029791462081D+03
 0.1029476328129D+03 0.1029151504301D+03 0.1028816698015D+03 0.1028471608408D+03
 0.1028115926159D+03 0.1027749333294D+03 0.1027371503011D+03 0.1026982099493D+03
 0.1026580777722D+03 0.1026167183307D+03 0.1025740952300D+03 0.1025301711022D+03
 0.1024849075892D+03 0.1024382653256D+03 0.1023902039229D+03 0.1023406819531D+03
 0.1022896569339D+03 0.1022370853138D+03 0.1021829224583D+03 0.1021271226371D+03
 0.1020696390116D+03 0.1020104236240D+03 0.1019494273869D+03 0.1018866000745D+03
 0.1018218903144D+03 0.1017552455814D+03 0.1016866121921D+03 0.1016159353011D+03
 0.1015431588986D+03 0.1014682258099D+03 0.1013910776959D+03 0.1013116550559D+03
 0.1012298972315D+03 0.1011457424126D+03 0.1010591276452D+03 0.1009699888406D+03
 0.1008782607863D+03 0.1007838771592D+03 0.1006867705395D+03 0.1005868724271D+03
 0.1004841132585D+03 0.1003784224258D+03 0.1002697282965D+03 0.1001579582341D+03
 0.1000430386202D+03 0.9992489487586D+02 0.9980345148447D+02 0.9967863201374D+02
 0.9955035913753D+02 0.9941855465681D+02 0.9928313951942D+02 0.9914403383816D+02
 0.9900115690679D+02 0.9885442721341D+02 0.9870376245088D+02 0.9854907952354D+02
 0.9839029455014D+02 0.9822732286208D+02 0.9806007899699D+02 0.9788847668700D+02
 0.9771242884156D+02 0.9753184752455D+02 0.9734664392583D+02 0.9715672832695D+02
 0.9696201006179D+02 0.9676239747216D+02 0.9655779785951D+02 0.9634811743337D+02
 0.9613326125840D+02 0.9591313320110D+02 0.9568763587899D+02 0.9545667061398D+02
 0.9522013739374D+02 0.9497793484338D+02 0.9472996021244D+02 0.9447610938004D+02
 0.9421627688405D+02 0.9395035597763D+02 0.9367823871946D+02 0.9339981610082D+02
 0.9311497821563D+02 0.9282361447535D+02 0.9252561387348D+02 0.9222086529845D+02
 0.9190925789659D+02 0.9159068147852D+02 0.9126502696520D+02 0.9093218685897D+02
 0.9059205572799D+02 0.9024453067919D+02 0.8988951179927D+02 0.8952690252873D+02
 0.8915660994195D+02 0.8877854489259D+02 0.8839262199971D+02 0.8799875943935D+02
 0.8759687853503D+02 0.8718690313515D+02 0.8676875880797D+02 0.8634237188239D+02
 0.8590766841721D+02 0.8546457315804D+02 0.8501300862751D+02 0.8455289441514D+02
 0.8408414680688D+02 0.8360667881517D+02 0.8312040069503D+02 0.8262522093608D+02
 0.8212104774086D+02 0.8160779088885D+02 0.8108536392613D+02 0.8055368651199D+02
 0.8001268683013D+02 0.7946230387193D+02 0.7890248951568D+02 0.7833321022500D+02
 0.7775444834186D+02 0.7716620283546D+02 0.7656848954832D+02 0.7596134084288D+02
 0.7534480475888D+02 0.7471894361908D+02 0.7408383226169D+02 0.7343955586193D+02
 0.7278620758586D+02 0.7212388605474D+02 0.7145269292496D+02 0.7077273056218D+02
 0.7008410017228D+02 0.6938690034182D+02 0.6868122639233D+02 0.6796717043571D+02
 0.6724482254081D+02 0.6651427276842D+02 0.6577561443492D+02 0.6502894813801D+02
 0.6427438678055D+02 0.6351206080177D+02 0.6274212367260D+02 0.6196475649674D+02
 0.6118017166570D+02 0.6038861419259D+02 0.5959036091056D+02 0.5878571641135D+02
 0.5797500677948D+02 0.5715857084042D+02 0.5633675128340D+02 0.5550988620937D+02
 0.5467830417974D+02 0.5384232288817D+02 0.5300225373113D+02 0.5215841057361D+02
 0.5131112310504D+02 0.5046075113417D+02 0.4960769934571D+02 0.4875242868573D+02
 0.4789546416422D+02 0.4703739642943D+02 0.4617887816334D+02 0.4532061391984D+02
 0.4446334552926D+02 0.4360783255557D+02 0.4275483048203D+02 0.4190506654728D+02
 0.4105921605018D+02 0.4021787923030D+02 0.3938156143864D+02 0.3855065672616D+02
 0.3772543730286D+02 0.3690604886195D+02 0.3609251377073D+02 0.3528474180608D+02
 0.3448254966831D+02 0.3368568834003D+02 0.3289387816747D+02 0.3210684952400D+02
 0.3132438656257D+02 0.3054636970446D+02 0.2977281080872D+02 0.2900387410093D+02
 0.2823987428060D+02 0.2748124644176D+02 0.2672848550764D+02 0.2598206380351D+02
 0.2524234115461D+02 0.2450949624790D+02 0.2378349519461D+02 0.2306411593921D+02
 0.2235101697476D+02 0.2164383657176D+02 0.2094229125757D+02 0.2024625910154D+02
 0.1955582910571D+02 0.1887132179341D+02 0.1819327705242D+02 0.1752242569342D+02
 0.1685964232173D+02 0.1620589746570D+02 0.1556220213849D+02 0.1492956187843D+02
 0.1430892890587D+02 0.1370116910540D+02 0.1310702916480D+02 0.1252712055188D+02
 0.1196190376471D+02 0.1141168931604D+02 0.1087663760363D+02 0.1035677440546D+02
 0.9852002500246D+01 0.9362127344008D+01 0.8886875027775D+01 0.8425923069089D+01
 0.7978918132917D+01 0.7545505820484D+01 0.7125341386551D+01 0.6718114043699D+01
 0.6323544565993D+01 0.5941397324439D+01 0.5571464412248D+01 0.5213566582596D+01
 0.4867525958545D+01 0.4533164478558D+01 0.4210277127584D+01 0.3898641411089D+01
 0.3598004380833D+01 0.3308111208897D+01 0.3028706985393D+01 0.2759576250276D+01
 0.2500546443108D+01 0.2251524295393D+01 0.2012495053299D+01 0.1783560700779D+01
 0.1564950461104D+01 0.1357073953280D+01 0.1160539844784D+01
 0.1999995497370D+01 0.1999995360242D+01 0.1999995218938D+01 0.1999995073330D+01
 0.1999994923288D+01 0.1999994768677D+01 0.1999994609356D+01 0.1999994445184D+01
 0.1999994276011D+01 0.1999994101687D+01 0.1999993922053D+01 0.1999993736949D+01
 0.1999993546207D+01 0.1999993349656D+01 0.1999993147119D+01 0.1999992938414D+01
 0.1999992723353D+01 0.1999992501742D+01 0.1999992273381D+01 0.1999992038066D+01
 0.1999991795585D+01 0.1999991545718D+01 0.1999991288242D+01 0.1999991022924D+01
 0.1999990749527D+01 0.1999990467802D+01 0.1999990177498D+01 0.1999989878352D+01
 0.1999989570096D+01 0.1999989252452D+01 0.1999988925134D+01 0.1999988587847D+01
 0.1999988240288D+01 0.1999987882145D+01 0.1999987513093D+01 0.1999987132803D+01
 0.1999986740930D+01 0.1999986337123D+01 0.1999985921017D+01 0.1999985492240D+01
 0.1999985050403D+01 0.1999984595110D+01 0.1999984125951D+01 0.1999983642504D+01
 0.1999983144333D+01 0.1999982630990D+01 0.1999982102013D+01 0.1999981556926D+01
 0.1999980995238D+01 0.1999980416444D+01 0.1999979820022D+01 0.1999979205436D+01
 0.1999978572132D+01 0.1999977919541D+01 0.1999977247075D+01 0.1999976554128D+01
 0.1999975840077D+01 0.1999975104280D+01 0.1999974346073D+01 0.1999973564775D+01
 0.1999972759682D+01 0.1999971930069D+01 0.1999971075190D+01 0.1999970194275D+01
 0.1999969286532D+01 0.1999968351142D+01 0.1999967387264D+01 0.1999966394031D+01
 0.1999965370548D+01 0.1999964315894D+01 0.1999963229119D+01 0.1999962109246D+01
 0.1999960955267D+01 0.1999959766142D+01 0.1999958540801D+01 0.1999957278141D+01
 0.1999955977026D+01 0.1999954636284D+01 0.1999953254708D+01 0.1999951831055D+01
 0.1999950364043D+01 0.1999948852352D+01 0.1999947294620D+01 0.1999945689446D+01
 0.1999944035384D+01 0.1999942330946D+01 0.1999940574597D+01 0.1999938764756D+01
 0.1999936899794D+01 0.1999934978032D+01 0.1999932997740D+01 0.1999930957135D+01
 0.1999928854381D+01 0.1999926687583D+01 0.1999924454793D+01 0.1999922153999D+01
 0.1999919783130D+01 0.1999917340053D+01 0.1999914822567D+01 0.1999912228406D+01
 0.1999909555235D+01 0.1999906800648D+01 0.1999903962164D+01 0.1999901037228D+01
 0.1999898023206D+01 0.1999894917386D+01 0.1999891716971D+01 0.1999888419079D+01
 0.1999885020743D+01 0.1999881518901D+01 0.1999877910402D+01 0.1999874191996D+01
 0.1999870360336D+01 0.1999866411972D+01 0.1999862343349D+01 0.1999858150803D+01
 0.1999853830561D+01 0.1999849378732D+01 0.1999844791308D+01 0.1999840064158D+01
 0.1999835193026D+01 0.1999830173527D+01 0.1999825001140D+01 0.1999819671208D+01
 0.1999814178932D+01 0.1999808519366D+01 0.1999802687415D+01 0.1999796677827D+01
 0.1999790485190D+01 0.1999784103927D+01 0.1999777528294D+01 0.1999770752367D+01
 0.1999763770046D+01 0.1999756575043D+01 0.1999749160877D+01 0.1999741520872D+01
 0.1999733648148D+01 0.1999725535615D+01 0.1999717175965D+01 0.1999708561671D+01
 0.1999699684974D+01 0.1999690537880D+01 0.1999681112148D+01 0.1999671399291D+01
 0.1999661390559D+01 0.1999651076938D+01 0.1999640449136D+01 0.1999629497582D+01
 0.1999618212410D+01 0.1999606583455D+01 0.1999594600240D+01 0.1999582251970D+01
 0.1999569527522D+01 0.1999556415432D+01 0.1999542903886D+01 0.1999528980712D+01
 0.1999514633365D+01 0.1999499848919D+01 0.1999484614051D+01 0.1999468915035D+01
 0.1999452737725D+01 0.1999436067542D+01 0.1999418889464D+01 0.1999401188012D+01
 0.1999382947231D+01 0.1999364150683D+01 0.1999344781427D+01 0.1999324822005D+01
 0.1999304254426D+01 0.1999283060152D+01 0.1999261220076D+01 0.1999238714510D+01
 0.1999215523166D+01 0.1999191625135D+01 0.1999166998871D+01 0.1999141622169D+01
 0.1999115472147D+01 0.1999088525226D+01 0.1999060757104D+01 0.1999032142739D+01
 0.1999002656323D+01 0.1998972271263D+01 0.1998940960148D+01 0.1998908694737D+01
 0.1998875445920D+01 0.1998841183701D+01 0.1998805877167D+01 0.1998769494462D+01
 0.1998732002752D+01 0.1998693368205D+01 0.1998653555952D+01 0.1998612530058D+01
 0.1998570253491D+01 0.1998526688085D+01 0.1998481794508D+01 0.1998435532226D+01
 0.1998387859464D+01 0.1998338733169D+01 0.1998288108973D+01 0.1998235941147D+01
 0.1998182182565D+01 0.1998126784660D+01 0.1998069697375D+01 0.1998010869122D+01
 0.1997950246735D+01 0.1997887775417D+01 0.1997823398695D+01 0.1997757058365D+01
 0.1997688694440D+01 0.1997618245093D+01 0.1997545646605D+01 0.1997470833301D+01
 0.1997393737493D+01 0.1997314289419D+01 0.1997232417173D+01 0.1997148046648D+01
 0.1997061101457D+01 0.1996971502873D+01 0.1996879169751D+01 0.1996784018451D+01
 0.1996685962768D+01 0.1996584913847D+01 0.1996480780100D+01 0.1996373467127D+01
 0.1996262877622D+01 0.1996148911290D+01 0.1996031464747D+01 0.1995910431428D+01
 0.1995785701489D+01 0.1995657161702D+01 0.1995524695351D+01 0.1995388182125D+01
 0.1995247498003D+01 0.1995102515139D+01 0.1994953101747D+01 0.1994799121970D+01
 0.1994640435761D+01 0.1994476898746D+01 0.1994308362092D+01 0.1994134672364D+01
 0.1993955671387D+01 0.1993771196090D+01 0.1993581078357D+01 0.1993385144868D+01
 0.1993183216933D+01 0.1992975110326D+01 0.1992760635110D+01 0.1992539595455D+01
 0.1992311789456D+01 0.1992077008935D+01 0.1991835039251D+01 0.1991585659088D+01
 0.1991328640248D+01 0.1991063747433D+01 0.1990790738016D+01 0.1990509361814D+01
 0.1990219360841D+01 0.1989920469066D+01 0.1989612412154D+01 0.1989294907199D+01
 0.1988967662455D+01 0.1988630377050D+01 0.1988282740695D+01 0.1987924433382D+01
 0.1987555125073D+01 0.1987174475379D+01 0.1986782133222D+01 0.1986377736498D+01
 0.1985960911716D+01 0.1985531273634D+01 0.1985088424877D+01 0.1984631955547D+01
 0.1984161442813D+01 0.1983676450497D+01 0.1983176528635D+01 0.1982661213033D+01
 0.1982130024801D+01 0.1981582469873D+01 0.1981018038515D+01 0.1980436204809D+01
 0.1979836426124D+01 0.1979218142568D+01 0.1978580776424D+01 0.1977923731559D+01
 0.1977246392819D+01 0.1976548125405D+01 0.1975828274221D+01 0.1975086163206D+01
 0.1974321094636D+01 0.1973532348409D+01 0.1972719181302D+01 0.1971880826203D+01
 0.1971016491315D+01 0.1970125359335D+01 0.1969206586600D+01 0.1968259302216D+01
 0.1967282607136D+01 0.1966275573227D+01 0.1965237242295D+01 0.1964166625071D+01
 0.1963062700179D+01 0.1961924413049D+01 0.1960750674805D+01 0.1959540361117D+01
 0.1958292310998D+01 0.1957005325582D+01 0.1955678166840D+01 0.1954309556267D+01
 0.1952898173518D+01 0.1951442654998D+01 0.1949941592406D+01 0.1948393531234D+01
 0.1946796969208D+01 0.1945150354686D+01 0.1943452084997D+01 0.1941700504676D+01
 0.1939893903904D+01 0.1938030516386D+01 0.1936108517654D+01 0.1934126023091D+01
 0.1932081085916D+01 0.1929971695133D+01 0.1927795773394D+01 0.1925551174820D+01
 0.1923235682734D+01 0.1920847007360D+01 0.1918382783411D+01 0.1915840567670D+01
 0.1913217836436D+01 0.1910511982975D+01 0.1907720314830D+01 0.1904840051137D+01
 0.1901868319808D+01 0.1898802154713D+01 0.1895638492730D+01 0.1892374170813D+01
 0.1889005922901D+01 0.1885530376890D+01 0.1881944051411D+01 0.1878243352711D+01
 0.1874424571319D+01 0.1870483878857D+01 0.1866417324609D+01 0.1862220832283D+01
 0.1857890196511D+01 0.1853421079598D+01 0.1848809007975D+01 0.1844049368981D+01
 0.1839137407310D+01 0.1834068221871D+01 0.1828836762281D+01 0.1823437825872D+01
 0.1817866054280D+01 0.1812115930678D+01 0.1806181776538D+01 0.1800057749188D+01
 0.1793737838819D+01 0.1787215866490D+01 0.1780485481490D+01 0.1773540159910D+01
 0.1766373202484D+01 0.1758977733912D+01 0.1751346701293D+01 0.1743472874392D+01
 0.1735348844857D+01 0.1726967027628D+01 0.1718319661117D+01 0.1709398810046D+01
 0.1700196366809D+01 0.1690704055996D+01 0.1680913437211D+01 0.1670815911668D+01
 0.1660402726654D+01 0.1649664984638D+01 0.1638593649733D+01 0.1627179559668D+01
 0.1615413434672D+01 0.1603285892803D+01 0.1590787461567D+01 0.1577908597289D+01
 0.1564639699802D+01 0.1550971136454D+01 0.1536893260464D+01 0.1522396440202D+01
 0.1507471081569D+01 0.1492107663539D+01 0.1476296765087D+01 0.1460029107657D+01
 0.1443295587309D+01 0.1426087325300D+01 0.1408395705719D+01 0.1390212435269D+01
 0.1371529587338D+01 0.1352339672041D+01 0.1332635687038D+01 0.1312411199708D+01
 0.1291660405417D+01 0.1270378222897D+01 0.1248560360980D+01 0.1226203429505D+01
 0.1203305014585D+01 0.1179863807326D+01 0.1155879689200D+01 0.1131353880492D+01
 0.1106289037003D+01 0.1080689422019D+01 0.1054561014513D+01 0.1027911709502D+01
 0.1000751439552D+01 0.9730924072322D+00 0.9449492233788D+00 0.9163391776081D+00
 0.8872823950566D+00 0.8578021544144D+00 0.8279250672013D+00 0.7976814519871D+00
 0.7671055435726D+00 0.7362359370052D+00 0.7051158331402D+00 0.6737935732480D+00
 0.6423229332067D+00 0.6107637711048D+00 0.5791823906292D+00 0.5476523351523D+00
 0.5162548418465D+00 0.4850798299498D+00 0.4542264784993D+00 0.4238044591878D+00
 0.3939346814305D+00 0.3647508365538D+00 0.3364003516212D+00 0.3090463304540D+00
 0.2828687779430D+00 0.2580670355978D+00 0.2348613708522D+00
