bcc Te -- Hedin-Lundqvist LDA                                                   
INPUT  IT=260 SPIN=1 NTYPE=  2
 -4.250000  4.250000  4.250000
  4.250000 -4.250000  4.250000
  4.250000  4.250000 -4.250000
    1  435  1.700000  0.030000    1
  0.000000  0.000000  0.000000
 0.1059975948016D+03 0.1059975209281D+03 0.1059974447685D+03 0.1059973662527D+03
 0.1059972853088D+03 0.1059972018627D+03 0.1059971158382D+03 0.1059970271565D+03
 0.1059969357365D+03 0.1059968414948D+03 0.1059967443452D+03 0.1059966441992D+03
 0.1059965409653D+03 0.1059964345494D+03 0.1059963248546D+03 0.1059962117808D+03
 0.1059960952252D+03 0.1059959750816D+03 0.1059958512407D+03 0.1059957235898D+03
 0.1059955920130D+03 0.1059954563905D+03 0.1059953165993D+03 0.1059951725124D+03
 0.1059950239989D+03 0.1059948709241D+03 0.1059947131491D+03 0.1059945505307D+03
 0.1059943829217D+03 0.1059942101700D+03 0.1059940321192D+03 0.1059938486079D+03
 0.1059936594700D+03 0.1059934645342D+03 0.1059932636241D+03 0.1059930565579D+03
 0.1059928431483D+03 0.1059926232024D+03 0.1059923965211D+03 0.1059921628997D+03
 0.1059919221269D+03 0.1059916739852D+03 0.1059914182505D+03 0.1059911546917D+03
 0.1059908830710D+03 0.1059906031429D+03 0.1059903146549D+03 0.1059900173465D+03
 0.1059897109495D+03 0.1059893951875D+03 0.1059890697755D+03 0.1059887344202D+03
 0.1059883888189D+03 0.1059880326602D+03 0.1059876656228D+03 0.1059872873760D+03
 0.1059868975788D+03 0.1059864958798D+03 0.1059860819172D+03 0.1059856553177D+03
 0.1059852156973D+03 0.1059847626596D+03 0.1059842957968D+03 0.1059838146882D+03
 0.1059833189006D+03 0.1059828079874D+03 0.1059822814886D+03 0.1059817389301D+03
 0.1059811798233D+03 0.1059806036650D+03 0.1059800099363D+03 0.1059793981029D+03
 0.1059787676139D+03 0.1059781179019D+03 0.1059774483820D+03 0.1059767584516D+03
 0.1059760474898D+03 0.1059753148567D+03 0.1059745598930D+03 0.1059737819193D+03
 0.1059729802355D+03 0.1059721541201D+03 0.1059713028298D+03 0.1059704255986D+03
 0.1059695216371D+03 0.1059685901320D+03 0.1059676302450D+03 0.1059666411125D+03
 0.1059656218446D+03 0.1059645715241D+03 0.1059634892061D+03 0.1059623739167D+03
 0.1059612246524D+03 0.1059600403794D+03 0.1059588200320D+03 0.1059575625123D+03
 0.1059562666890D+03 0.1059549313961D+03 0.1059535554323D+03 0.1059521375598D+03
 0.1059506765027D+03 0.1059491709467D+03 0.1059476195373D+03 0.1059460208785D+03
 0.1059443735323D+03 0.1059471962460D+03 0.1059478308502D+03 0.1059474120897D+03
 0.1059466039006D+03 0.1059455628021D+03 0.1059443537418D+03 0.1059430103691D+03
 0.1059415523884D+03 0.1059399922434D+03 0.1059383381780D+03 0.1059365958103D+03
 0.1059347690131D+03 0.1059328604389D+03 0.1059308718480D+03 0.1059288043222D+03
 0.1059266584080D+03 0.1059244342149D+03 0.1059221314848D+03 0.1059197496406D+03
 0.1059172878227D+03 0.1059147449150D+03 0.1059121195644D+03 0.1059094101962D+03
 0.1059066150258D+03 0.1059037320676D+03 0.1059007591426D+03 0.1058976938849D+03
 0.1058945337470D+03 0.1058912760041D+03 0.1058879177581D+03 0.1058844559413D+03
 0.1058808872409D+03 0.1058772083265D+03 0.1058734158369D+03 0.1058695062610D+03
 0.1058654759790D+03 0.1058613212589D+03 0.1058570382530D+03 0.1058526229944D+03
 0.1058480713932D+03 0.1058433792327D+03 0.1058385421656D+03 0.1058335557097D+03
 0.1058284152439D+03 0.1058231160037D+03 0.1058176530770D+03 0.1058120213995D+03
 0.1058062157496D+03 0.1058002307440D+03 0.1057940608325D+03 0.1057877002926D+03
 0.1057811432247D+03 0.1057743835460D+03 0.1057674149853D+03 0.1057602310771D+03
 0.1057528251554D+03 0.1057451903475D+03 0.1057373195679D+03 0.1057292055117D+03
 0.1057208406476D+03 0.1057122172110D+03 0.1057033271971D+03 0.1056941623532D+03
 0.1056847141713D+03 0.1056749738802D+03 0.1056649324376D+03 0.1056545805217D+03
 0.1056439085226D+03 0.1056329065338D+03 0.1056215643428D+03 0.1056098714225D+03
 0.1055978169210D+03 0.1055853896522D+03 0.1055725780857D+03 0.1055593703363D+03
 0.1055457541536D+03 0.1055317169113D+03 0.1055172455954D+03 0.1055023267935D+03
 0.1054869466823D+03 0.1054710910162D+03 0.1054547451147D+03 0.1054378938494D+03
 0.1054205216316D+03 0.1054026123988D+03 0.1053841496007D+03 0.1053651161861D+03
 0.1053454945881D+03 0.1053252667097D+03 0.1053044139092D+03 0.1052829169848D+03
 0.1052607561593D+03 0.1052379110645D+03 0.1052143607249D+03 0.1051900835416D+03
 0.1051650572758D+03 0.1051392590319D+03 0.1051126652403D+03 0.1050852516401D+03
 0.1050569932618D+03 0.1050278644094D+03 0.1049978386422D+03 0.1049668887572D+03
 0.1049349867705D+03 0.1049021038987D+03 0.1048682105413D+03 0.1048332762611D+03
 0.1047972697664D+03 0.1047601588923D+03 0.1047219105818D+03 0.1046824908682D+03
 0.1046418648559D+03 0.1045999967029D+03 0.1045568496029D+03 0.1045123857675D+03
 0.1044665664090D+03 0.1044193517238D+03 0.1043707008756D+03 0.1043205719802D+03
 0.1042689220896D+03 0.1042157071778D+03 0.1041608821269D+03 0.1041044007139D+03
 0.1040462155989D+03 0.1039862783137D+03 0.1039245392518D+03 0.1038609476594D+03
 0.1037954516275D+03 0.1037279980855D+03 0.1036585327962D+03 0.1035870003518D+03
 0.1035133441717D+03 0.1034375065021D+03 0.1033594284164D+03 0.1032790498183D+03
 0.1031963094455D+03 0.1031111448761D+03 0.1030234925358D+03 0.1029332877078D+03
 0.1028404645433D+03 0.1027449560743D+03 0.1026466942283D+03 0.1025456098435D+03
 0.1024416326864D+03 0.1023346914699D+03 0.1022247138732D+03 0.1021116265619D+03
 0.1019953552092D+03 0.1018758245177D+03 0.1017529582408D+03 0.1016266792041D+03
 0.1014969093268D+03 0.1013635696414D+03 0.1012265803125D+03 0.1010858606540D+03
 0.1009413291434D+03 0.1007929034344D+03 0.1006405003653D+03 0.1004840359647D+03
 0.1003234254525D+03 0.1001585832364D+03 0.9998942290405D+02 0.9981585720906D+02
 0.9963779805240D+02 0.9945515645754D+02 0.9926784254029D+02 0.9907576547291D+02
 0.9887883344325D+02 0.9867695360908D+02 0.9847003204878D+02 0.9825797370920D+02
 0.9804068235233D+02 0.9781806050241D+02 0.9759000939576D+02 0.9735642893587D+02
 0.9711721765674D+02 0.9687227269795D+02 0.9662148979531D+02 0.9636476329122D+02
 0.9610198616950D+02 0.9583305011913D+02 0.9555784563194D+02 0.9527626213882D+02
 0.9498818818862D+02 0.9469351167334D+02 0.9439212010183D+02 0.9408390092275D+02
 0.9376874189511D+02 0.9344653150210D+02 0.9311715940016D+02 0.9278051689145D+02
 0.9243649740293D+02 0.9208499695075D+02 0.9172591456370D+02 0.9135915263548D+02
 0.9098461717271D+02 0.9060221790526D+02 0.9021186822802D+02 0.8981348494988D+02
 0.8940698783711D+02 0.8899229895439D+02 0.8856934182733D+02 0.8813804047317D+02
 0.8769831837010D+02 0.8725009745614D+02 0.8679329726273D+02 0.8632783429191D+02
 0.8585362173897D+02 0.8537056964122D+02 0.8487858550263D+02 0.8437757540406D+02
 0.8386744556697D+02 0.8334810429820D+02 0.8281946421012D+02 0.8228144458774D+02
 0.8173397376327D+02 0.8117699135936D+02 0.8061045027283D+02 0.8003431828975D+02
 0.7944857924624D+02 0.7885323367599D+02 0.7824829891321D+02 0.7763380864671D+02
 0.7700981194721D+02 0.7637637181430D+02 0.7573356331323D+02 0.7508147139326D+02
 0.7442018849950D+02 0.7374981210892D+02 0.7307044233691D+02 0.7238217977363D+02
 0.7168512371728D+02 0.7097937097296D+02 0.7026501537847D+02 0.6954214819957D+02
 0.6881085950366D+02 0.6807124056931D+02 0.6732338731674D+02 0.6656740464892D+02
 0.6580341147601D+02 0.6503154606266D+02 0.6425197120019D+02 0.6346487858755D+02
 0.6267049173791D+02 0.6186906675438D+02 0.6106089048079D+02 0.6024627585930D+02
 0.5942555480792D+02 0.5859906950315D+02 0.5776716349009D+02 0.5693017437881D+02
 0.5608842986544D+02 0.5524224837490D+02 0.5439194480419D+02 0.5353784086237D+02
 0.5268027856536D+02 0.5181963484483D+02 0.5095633501037D+02 0.5009086301164D+02
 0.4922376694348D+02 0.4835565887867D+02 0.4748720876420D+02 0.4661913268630D+02
 0.4575217625617D+02 0.4488709418904D+02 0.4402462735989D+02 0.4316547874460D+02
 0.4231028971498D+02 0.4145961816600D+02 0.4061391992011D+02 0.3977353478136D+02
 0.3893867849562D+02 0.3810944170808D+02 0.3728579678187D+02 0.3646761303370D+02
 0.3565468052338D+02 0.3484674196073D+02 0.3404353150775D+02 0.3324481819055D+02
 0.3245045025278D+02 0.3166039512601D+02 0.3087476801489D+02 0.3009384100793D+02
 0.2931802519097D+02 0.2854782175889D+02 0.2778374544519D+02 0.2702623361340D+02
 0.2627556354105D+02 0.2553180299700D+02 0.2479481171715D+02 0.2406429549690D+02
 0.2333989775055D+02 0.2262130368039D+02 0.2190833277187D+02 0.2120100346829D+02
 0.2049956410906D+02 0.1980449236925D+02 0.1911646993814D+02 0.1843634052528D+02
 0.1776505872459D+02 0.1710363588199D+02 0.1645308760960D+02 0.1581438625477D+02
 0.1518842054219D+02 0.1457596377846D+02 0.1397765132815D+02 0.1339396752839D+02
 0.1282524175190D+02 0.1227165292044D+02 0.1173324141368D+02 0.1120992699153D+02
 0.1070153107099D+02 0.1020780149683D+02 0.9728437840242D+01 0.9263115301888D+01
 0.8811505523077D+01 0.8373292950961D+01 0.7948185875600D+01 0.7535921227094D+01
 0.7136262351154D+01 0.6748988253610D+01 0.6373872680712D+01 0.6010652705055D+01
 0.5658990769151D+01 0.5318441606343D+01 0.4988443541991D+01 0.4668356479471D+01
 0.4357559475178D+01 0.4055596594918D+01 0.3762326601468D+01
    2  435  1.000000  0.030000    3
  0.000000  0.500000  0.500000
  0.500000  0.500000  0.000000
  0.500000  0.000000  0.500000
 0.1999993474402D+01 0.1999993275653D+01 0.1999993070851D+01 0.1999992859810D+01
 0.1999992642342D+01 0.1999992418250D+01 0.1999992187332D+01 0.1999991949381D+01
 0.1999991704182D+01 0.1999991451515D+01 0.1999991191152D+01 0.1999990922859D+01
 0.1999990646394D+01 0.1999990361508D+01 0.1999990067946D+01 0.1999989765442D+01
 0.1999989453724D+01 0.1999989132513D+01 0.1999988801517D+01 0.1999988460441D+01
 0.1999988108976D+01 0.1999987746806D+01 0.1999987373606D+01 0.1999986989039D+01
 0.1999986592759D+01 0.1999986184409D+01 0.1999985763622D+01 0.1999985330019D+01
 0.1999984883210D+01 0.1999984422792D+01 0.1999983948351D+01 0.1999983459460D+01
 0.1999982955679D+01 0.1999982436555D+01 0.1999981901619D+01 0.1999981350391D+01
 0.1999980782375D+01 0.1999980197058D+01 0.1999979593915D+01 0.1999978972402D+01
 0.1999978331960D+01 0.1999977672012D+01 0.1999976991965D+01 0.1999976291205D+01
 0.1999975569103D+01 0.1999974825009D+01 0.1999974058252D+01 0.1999973268143D+01
 0.1999972453969D+01 0.1999971615000D+01 0.1999970750478D+01 0.1999969859626D+01
 0.1999968941643D+01 0.1999967995702D+01 0.1999967020950D+01 0.1999966016512D+01
 0.1999964981483D+01 0.1999963914931D+01 0.1999962815897D+01 0.1999961683390D+01
 0.1999960516392D+01 0.1999959313852D+01 0.1999958074688D+01 0.1999956797784D+01
 0.1999955481992D+01 0.1999954126126D+01 0.1999952728966D+01 0.1999951289256D+01
 0.1999949805698D+01 0.1999948276957D+01 0.1999946701658D+01 0.1999945078382D+01
 0.1999943405669D+01 0.1999941682013D+01 0.1999939905862D+01 0.1999938075618D+01
 0.1999936189633D+01 0.1999934246210D+01 0.1999932243600D+01 0.1999930179999D+01
 0.1999928053551D+01 0.1999925862342D+01 0.1999923604399D+01 0.1999921277689D+01
 0.1999918880120D+01 0.1999916409532D+01 0.1999913863703D+01 0.1999911240339D+01
 0.1999908537081D+01 0.1999905751496D+01 0.1999902881075D+01 0.1999899923235D+01
 0.1999896875315D+01 0.1999893734570D+01 0.1999890498173D+01 0.1999887163213D+01
 0.1999883726686D+01 0.1999880185501D+01 0.1999876536468D+01 0.1999872776305D+01
 0.1999868901627D+01 0.1999864908946D+01 0.1999860794668D+01 0.1999856555091D+01
 0.1999852186398D+01 0.1999847684658D+01 0.1999843045817D+01 0.1999838265702D+01
 0.1999833340010D+01 0.1999828264307D+01 0.1999823034024D+01 0.1999817644455D+01
 0.1999812090747D+01 0.1999806367903D+01 0.1999800470771D+01 0.1999794394044D+01
 0.1999788132252D+01 0.1999781679759D+01 0.1999775030758D+01 0.1999768179263D+01
 0.1999761119108D+01 0.1999753843939D+01 0.1999746347207D+01 0.1999738622164D+01
 0.1999730661858D+01 0.1999722459124D+01 0.1999714006579D+01 0.1999705296614D+01
 0.1999696321391D+01 0.1999687072831D+01 0.1999677542609D+01 0.1999667722149D+01
 0.1999657602610D+01 0.1999647174885D+01 0.1999636429588D+01 0.1999625357047D+01
 0.1999613947296D+01 0.1999602190067D+01 0.1999590074776D+01 0.1999577590519D+01
 0.1999564726059D+01 0.1999551469817D+01 0.1999537809863D+01 0.1999523733901D+01
 0.1999509229261D+01 0.1999494282890D+01 0.1999478881333D+01 0.1999463010728D+01
 0.1999446656792D+01 0.1999429804803D+01 0.1999412439595D+01 0.1999394545538D+01
 0.1999376106525D+01 0.1999357105961D+01 0.1999337526743D+01 0.1999317351249D+01
 0.1999296561319D+01 0.1999275138242D+01 0.1999253062736D+01 0.1999456692178D+01
 0.1999488462023D+01 0.1999503319246D+01 0.1999509958386D+01 0.1999511473362D+01
 0.1999509369837D+01 0.1999504510007D+01 0.1999497440853D+01 0.1999488534913D+01
 0.1999478059445D+01 0.1999466213812D+01 0.1999453151172D+01 0.1999438991752D+01
 0.1999423831336D+01 0.1999407746872D+01 0.1999390800287D+01 0.1999373041145D+01
 0.1999354508551D+01 0.1999335232541D+01 0.1999315235125D+01 0.1999294531103D+01
 0.1999273128706D+01 0.1999251030137D+01 0.1999228232026D+01 0.1999204725830D+01
 0.1999180498199D+01 0.1999155531300D+01 0.1999129803498D+01 0.1999103291588D+01
 0.1999075971651D+01 0.1999047819043D+01 0.1999018808365D+01 0.1998988913440D+01
 0.1998958107294D+01 0.1998926362128D+01 0.1998893649294D+01 0.1998859939266D+01
 0.1998825201619D+01 0.1998789404996D+01 0.1998752517080D+01 0.1998714504569D+01
 0.1998675333140D+01 0.1998634967421D+01 0.1998593370960D+01 0.1998550506185D+01
 0.1998506334380D+01 0.1998460815641D+01 0.1998413908842D+01 0.1998365571601D+01
 0.1998315760237D+01 0.1998264429731D+01 0.1998211533686D+01 0.1998157024284D+01
 0.1998100852241D+01 0.1998042966765D+01 0.1997983315505D+01 0.1997921844507D+01
 0.1997858498162D+01 0.1997793219157D+01 0.1997725948421D+01 0.1997656625069D+01
 0.1997585186351D+01 0.1997511567589D+01 0.1997435702121D+01 0.1997357521236D+01
 0.1997276954116D+01 0.1997193927766D+01 0.1997108366947D+01 0.1997020194110D+01
 0.1996929329320D+01 0.1996835690186D+01 0.1996739191780D+01 0.1996639746564D+01
 0.1996537264304D+01 0.1996431651987D+01 0.1996322813738D+01 0.1996210650727D+01
 0.1996095061079D+01 0.1995975939777D+01 0.1995853178568D+01 0.1995726665856D+01
 0.1995596286606D+01 0.1995461922227D+01 0.1995323450467D+01 0.1995180745298D+01
 0.1995033676795D+01 0.1994882111015D+01 0.1994725909873D+01 0.1994564931010D+01
 0.1994399027657D+01 0.1994228048501D+01 0.1994051837537D+01 0.1993870233924D+01
 0.1993683071829D+01 0.1993490180275D+01 0.1993291382971D+01 0.1993086498149D+01
 0.1992875338392D+01 0.1992657710448D+01 0.1992433415053D+01 0.1992202246736D+01
 0.1991963993620D+01 0.1991718437223D+01 0.1991465352244D+01 0.1991204506346D+01
 0.1990935659932D+01 0.1990658565914D+01 0.1990372969470D+01 0.1990078607800D+01
 0.1989775209867D+01 0.1989462496134D+01 0.1989140178290D+01 0.1988807958968D+01
 0.1988465531452D+01 0.1988112579376D+01 0.1987748776410D+01 0.1987373785941D+01
 0.1986987260735D+01 0.1986588842596D+01 0.1986178162007D+01 0.1985754837760D+01
 0.1985318476581D+01 0.1984868672727D+01 0.1984405007585D+01 0.1983927049246D+01
 0.1983434352071D+01 0.1982926456238D+01 0.1982402887276D+01 0.1981863155583D+01
 0.1981306755922D+01 0.1980733166909D+01 0.1980141850474D+01 0.1979532251311D+01
 0.1978903796300D+01 0.1978255893918D+01 0.1977587933622D+01 0.1976899285219D+01
 0.1976189298200D+01 0.1975457301069D+01 0.1974702600630D+01 0.1973924481262D+01
 0.1973122204164D+01 0.1972295006571D+01 0.1971442100947D+01 0.1970562674146D+01
 0.1969655886544D+01 0.1968720871142D+01 0.1967756732636D+01 0.1966762546453D+01
 0.1965737357757D+01 0.1964680180412D+01 0.1963589995921D+01 0.1962465752311D+01
 0.1961306362997D+01 0.1960110705590D+01 0.1958877620670D+01 0.1957605910521D+01
 0.1956294337805D+01 0.1954941624226D+01 0.1953546449088D+01 0.1952107447862D+01
 0.1950623210669D+01 0.1949092280723D+01 0.1947513152717D+01 0.1945884271154D+01
 0.1944204028621D+01 0.1942470764007D+01 0.1940682760657D+01 0.1938838244466D+01
 0.1936935381914D+01 0.1934972278026D+01 0.1932946974277D+01 0.1930857446421D+01
 0.1928701602255D+01 0.1926477279309D+01 0.1924182242466D+01 0.1921814181509D+01
 0.1919370708592D+01 0.1916849355633D+01 0.1914247571637D+01 0.1911562719936D+01
 0.1908792075354D+01 0.1905932821290D+01 0.1902982046727D+01 0.1899936743162D+01
 0.1896793801454D+01 0.1893550008599D+01 0.1890202044426D+01 0.1886746478224D+01
 0.1883179765283D+01 0.1879498243382D+01 0.1875698129193D+01 0.1871775514632D+01
 0.1867726363145D+01 0.1863546505937D+01 0.1859231638157D+01 0.1854777315031D+01
 0.1850178947970D+01 0.1845431800636D+01 0.1840530985000D+01 0.1835471457385D+01
 0.1830248014519D+01 0.1824855289591D+01 0.1819287748349D+01 0.1813539685238D+01
 0.1807605219599D+01 0.1801478291952D+01 0.1795152660378D+01 0.1788621897032D+01
 0.1781879384794D+01 0.1774918314102D+01 0.1767731679993D+01 0.1760312279367D+01
 0.1752652708531D+01 0.1744745361038D+01 0.1736582425880D+01 0.1728155886050D+01
 0.1719457517544D+01 0.1710478888833D+01 0.1701211360861D+01 0.1691646087612D+01
 0.1681774017325D+01 0.1671585894384D+01 0.1661072261974D+01 0.1650223465546D+01
 0.1639029657172D+01 0.1627480800855D+01 0.1615566678871D+01 0.1603276899214D+01
 0.1590600904227D+01 0.1577527980499D+01 0.1564047270117D+01 0.1550147783338D+01
 0.1535818412801D+01 0.1521047949333D+01 0.1505825099461D+01 0.1490138504712D+01
 0.1473976762782D+01 0.1457328450684D+01 0.1440182149938D+01 0.1422526473913D+01
 0.1404350097394D+01 0.1385641788465D+01 0.1366390442796D+01 0.1346585120408D+01
 0.1326215085015D+01 0.1305269846021D+01 0.1283739203264D+01 0.1261613294597D+01
 0.1238882646425D+01 0.1215538227281D+01 0.1191571504597D+01 0.1166974504770D+01
 0.1141739876705D+01 0.1115860958973D+01 0.1089331850762D+01 0.1062147486801D+01
 0.1034303716434D+01 0.1005797386999D+01 0.9766264316910D+00 0.9467899620506D+00
 0.9162883652552D+00 0.8851234064125D+00 0.8532983361962D+00 0.8208180043554D+00
 0.7876889799570D+00 0.7539196797035D+00 0.7195205062661D+00 0.6845039992335D+00
 0.6488850018746D+00 0.6126808473228D+00 0.5759115676597D+00 0.5386001286366D+00
 0.5007726913414D+00 0.4624589002890D+00 0.4236921956392D+00
  780
-0.5191871094478D+00 0.1055905305179D-32-0.5271967798511D+01-0.1956875703216D-18
-0.2353910554902D+01-0.1639862665735D-21-0.4570905926451D+01 0.3719255035778D-18
-0.2510165910519D+01 0.1991858904088D-21-0.2640385474938D+01-0.3546329818352D-18
-0.1070110867759D+01 0.2967988070987D-21-0.3535981752295D+01-0.9002588251545D-19
-0.5440593745329D+00-0.6071975762925D-21-0.1228046354824D+01 0.5318213480024D-18
-0.6039194615741D+00-0.1667958568509D-18-0.1585202471639D+01-0.3168974178322D-21
-0.8613920146680D+00-0.1444578435496D-18-0.1182464716179D+01 0.5390742628743D-21
-0.1254788102756D+01 0.5017984167456D-18-0.6281262689140D+00-0.2874786550310D-18
-0.9199793592860D+00-0.3202856214426D-18-0.3515045294340D+00 0.1010174337141D-20
-0.3432645232229D+00 0.1117377173665D-18-0.3426633712968D+00-0.2769933367961D-18
-0.5548581678552D+00 0.1534287595637D-20-0.1383783866005D+00-0.1187072279883D-20
-0.5122290778956D+00-0.3590702219454D-18-0.2540726415102D+00 0.4526421296075D-18
-0.4423134115071D+00-0.2331244872454D-20-0.3833257658404D+00 0.8676780010375D-19
-0.3573522114059D+00-0.1065092190028D-20-0.2871910053499D+00 0.6134812847763D-18
-0.9695603501319D-01 0.2379678756606D-21-0.2151442653185D+00-0.1361356673343D-19
-0.5374582788825D-01-0.1197354564464D-18-0.1074040771437D+00-0.2074155121747D-18
-0.2387707773156D+00 0.2036864669072D-20-0.8009635711886D-01 0.2100715538328D-18
-0.8017548144648D-01-0.1773426584735D-18-0.1604964755654D+00-0.3011837927679D-18
-0.3953957158919D+00 0.2724751161086D-20-0.5912343776002D-01-0.2023959538213D-18
-0.8645442329925D-01-0.3081253534778D-18-0.8676922565592D-01 0.2926369831686D-18
-0.3452505960492D-01-0.1694576226264D-20-0.3119661954980D-01-0.5344132458180D-19
-0.6222408570985D-01-0.7601716363224D-19-0.3116552548479D-01 0.3210598294647D-18
-0.1168134475057D+00 0.2490316403518D-21-0.1165623454924D+00-0.4415655670883D-20
-0.4352667720242D-01 0.1963456761393D-18-0.9895161914971D-01-0.2945090248321D-20
-0.4954267763176D-01 0.2311274797204D-20-0.2907082902336D-01-0.1088337256652D-18
-0.2898611725439D-01 0.4970191247574D-18-0.1447239157772D-01-0.1805913194273D-18
-0.8458152288000D-01 0.2977144126163D-20-0.1797065089785D-01-0.2904374934214D-18
-0.7253294771495D-01 0.6049777782849D-21-0.4834294457009D-02 0.1936860824054D-18
-0.4711151860544D-02-0.1312883967444D-18-0.1250432410590D+00 0.5745713785454D-21
-0.1642235942991D-02 0.3922727181791D-19-0.3233059985419D-02 0.8960780475139D-19
-0.3124475018065D-02-0.2117969227939D-18-0.5414849724010D-01-0.1881760422453D-21
 0.1490808908239D-02-0.1364470868845D-18 0.1522975459999D-02 0.3025275169171D-18
 0.7696591111768D-03-0.1292991155492D-18 0.5001348317286D-02 0.4914736493244D-19
 0.5038445444646D-02-0.2128916021033D-18-0.4111637606445D-01-0.1502651219844D-21
 0.7530578875220D-02 0.2370322059524D-18 0.7604072604616D-02-0.9986580945684D-19
 0.1886196023909D-02-0.7042218603637D-19-0.3607579666251D-01 0.4682250184295D-20
-0.9018293721391D-02-0.1926817196883D-20 0.4647069179566D-02-0.1182362252916D-18
 0.4672109628413D-02 0.1954683976166D-18-0.6357364337207D-01 0.6252079529196D-20
-0.3178109276972D-01-0.5663196651593D-20 0.1049485981519D-01-0.1101482147226D-18
 0.5242470708657D-02-0.1179390592132D-18-0.9379210109763D-02-0.7184545811291D-21
-0.2811620274482D-01-0.4238285582030D-20 0.1112779332184D-01-0.1067197487131D-20
 0.1117587181448D-01-0.1994225804221D-18 0.1118648361751D-01 0.3229861647390D-18
 0.5737063631195D-02 0.7231292525972D-19 0.5740117557889D-02-0.6646723839090D-19
 0.1150221542194D-01 0.1445279346787D-18-0.4456610774825D-01-0.1080924858966D-21
-0.2225873777810D-01-0.1040951416845D-20 0.5797511791208D-02 0.1340213498826D-18
 0.1156983420583D-01 0.3086453116503D-21-0.3984961973912D-01-0.1906633477538D-20
 0.1142090339967D-01-0.1150751987193D-18 0.1142391792344D-01 0.1121661046207D-18
 0.5732228642841D-02-0.7117742081702D-19 0.1114111311474D-01-0.1463638307723D-19
 0.1116034715099D-01 0.2206936976539D-18 0.1117183072133D-01-0.1212720926526D-18
-0.8062002600457D-02 0.3047581936521D-20 0.5384136571688D-02-0.9435206947788D-19
 0.5395924494277D-02-0.7082794019852D-19-0.1456757575396D-01-0.5935198201129D-21
-0.1457078853502D-01 0.4290977287388D-20 0.5141157736373D-02-0.1647901592385D-19
 0.1031467203535D-01 0.1842479134969D-18 0.1030273028852D-01-0.1632979025751D-18
 0.1032824042589D-01-0.1219350719748D-18-0.1320523953600D-01-0.2274186159040D-20
-0.1318678737558D-01 0.3220924148717D-20 0.9786914508467D-02 0.6549513278318D-19
 0.9816558580887D-02-0.7187048996502D-19-0.2394119450107D-01 0.4416407259101D-20
 0.9265591727567D-02-0.3210226433729D-19-0.1089841208756D-01 0.4379092961827D-21
-0.2716310193892D-02-0.1785058268638D-20 0.8729020137098D-02-0.1027934358025D-18
 0.8752244997070D-02-0.7517383311678D-19 0.8741337246055D-02 0.5029809824984D-19
 0.4378393073714D-02-0.6575639550677D-19 0.4392731414421D-02 0.1007404606705D-18
-0.9903909321150D-02-0.5598453535568D-20 0.4105293219649D-02 0.6384319964805D-19
 0.8217375352100D-02-0.1147899233288D-18 0.8214225093284D-02 0.1236616937641D-18
-0.1811306976809D-01 0.1755283284285D-21-0.9042065155220D-02-0.4432450393457D-20
 0.7676423049936D-02 0.3680728693363D-19 0.7709530099453D-02 0.1728342075269D-18
 0.7169929905205D-02 0.1036552374351D-18 0.7178784389654D-02-0.2209943876734D-19
-0.7568424368267D-02-0.2002341575173D-20 0.3331341038836D-02 0.1260699903553D-19
 0.6680960461931D-02-0.7445864241753D-19 0.3346535886503D-02 0.7437028703950D-19
 0.1668689999485D-02-0.3217233260749D-19-0.6946734077518D-02-0.2584940716720D-20
-0.1387105776157D-01-0.3402504652425D-20-0.6940594379329D-02 0.5203004645570D-20
 0.6195059606338D-02-0.3983813569559D-19 0.6210023087717D-02-0.2702054934367D-19
 0.3101837543540D-02-0.5669620641419D-19-0.1273360328210D-01 0.7627921490474D-20
 0.5750518535604D-02 0.1750777775399D-19 0.5772195702274D-02 0.1260556996500D-18
 0.2881038091266D-02-0.5345886262484D-19 0.2891550600691D-02-0.3171930655077D-19
-0.5848439306509D-02-0.1472846753098D-20 0.5329589072730D-02 0.7199092199459D-19
 0.5338852717869D-02-0.9450404316417D-19 0.5359150068873D-02-0.5591431838128D-19
-0.5366127093512D-02-0.9169705933281D-21 0.2467166075413D-02-0.3801804049726D-19
 0.4945956927705D-02 0.1090407626484D-18 0.2478953896322D-02-0.3206898083834D-19
-0.9878512905418D-02 0.1553448906583D-20-0.4933892984894D-02 0.1489046859581D-20
 0.4564156266934D-02-0.3152870748086D-19 0.4565432782163D-02 0.5495703460089D-19
 0.4583403502508D-02-0.5681403532672D-19-0.9077993738345D-02 0.2025121781542D-20
 0.4216286194131D-02-0.6406713540390D-19 0.4218471505169D-02 0.8545555308066D-20
 0.4233712668415D-02-0.3748959556939D-19 0.3886171831447D-02 0.4588822158320D-19
-0.1284792370066D-02-0.1126510508083D-20 0.3576002102758D-02 0.1528907337128D-20
 0.1792978096927D-02 0.4027647336008D-19 0.3584251357955D-02 0.3878968663056D-20
 0.3597250246723D-02-0.3878184348042D-19 0.3588422110675D-02 0.7665575436248D-19
 0.1798682957971D-02-0.3033591375860D-19-0.7090320145777D-02 0.4546932498269D-22
-0.8842236572160D-03-0.1333646389784D-20 0.1646544217303D-02 0.2008657959264D-19
 0.1646664236480D-02-0.1762414617196D-19 0.3310866347113D-02-0.5411329182353D-19
 0.1658068252175D-02 0.4226032124524D-19-0.6543923588083D-02-0.3466400549808D-20
-0.1634281567502D-02 0.2422193208037D-20-0.3260344665696D-02-0.4337602573830D-20
 0.3035933463874D-02 0.6663336460012D-19 0.1518692889169D-02-0.3659597791566D-19
-0.3014448210638D-02 0.3677608079300D-20-0.3006802228937D-02-0.3548557731861D-20
 0.2783916446287D-02-0.3054875124474D-19 0.2781767237902D-02 0.3136876220136D-19
 0.2788244233537D-02-0.6534071146066D-19 0.2794164873103D-02-0.1734647129766D-19
 0.2798084234352D-02 0.7429059798868D-19-0.2779005258312D-02 0.3291244338587D-20
 0.2552670840988D-02-0.2343008740107D-20 0.2561342784361D-02-0.3778218268718D-19
-0.5131013269769D-02 0.4974611108159D-20-0.2560617860903D-02-0.1995733160343D-20
 0.2344654752253D-02-0.1879788595424D-19 0.1174254889997D-02 0.3272409811726D-19
-0.2370491996202D-02-0.6973514882505D-21-0.2371426327478D-02 0.1083457790194D-20
-0.4729940848199D-02-0.3369768736537D-20 0.2136992993043D-02 0.4951574175529D-19
 0.2136851081118D-02-0.4577528159117D-19 0.1072115071525D-02-0.2484723669161D-19
 0.1954946781825D-02-0.4456494387892D-19 0.1950691037673D-02 0.1762432215850D-19
 0.1957490615115D-02 0.5633197797013D-19-0.4049442074797D-02 0.1427131898734D-20
 0.8844163493846D-03-0.3193002676607D-20 0.1775941606078D-02 0.3744239147159D-19
 0.8954708685534D-03-0.1074476580699D-19-0.1875554752467D-02-0.2516973295624D-20
-0.1868926337090D-02-0.9233656754499D-21 0.1606155862379D-02 0.1669969842849D-19
 0.1613720592226D-02-0.1934757017563D-19 0.1610775728175D-02 0.1434823246137D-19
 0.1617960262666D-02 0.4977360912962D-19 0.1626130243096D-02-0.1941748276780D-19
-0.1729117718852D-02 0.3069440120441D-21 0.1455108915309D-02-0.6517152617465D-20
 0.1461707972968D-02-0.3169571881703D-19 0.1459505279071D-02 0.3261581880467D-19
 0.1462835866497D-02-0.3127137518706D-20 0.7366876354863D-03-0.1119541695484D-19
-0.1606860525083D-02-0.1136470332029D-20-0.3202390362889D-02 0.3382106768302D-21
 0.1314591914245D-02-0.2361333491578D-19 0.1330984436110D-02-0.2024772376142D-19
 0.5923042724255D-03 0.1523236900801D-19 0.1189525714066D-02-0.4376767903844D-20
 0.2970641931710D-03-0.1020940082270D-19 0.1199007653830D-02-0.1414036230569D-19
-0.2757488980413D-02-0.1559867571602D-20-0.1376956673407D-02 0.3221904335072D-20
 0.1063511770664D-02 0.9172167013709D-20 0.5355827750313D-03 0.1899882328529D-19
 0.5332203336628D-03-0.1834220638294D-19 0.1072032853953D-02 0.3560424693244D-19
-0.2548978058366D-02-0.2141616351328D-21-0.2553393581981D-02 0.5011258695683D-20
 0.9528785219660D-03 0.2421599385461D-19 0.9647199542216D-03-0.1477548944721D-19
 0.4786897273901D-03-0.1671712370122D-19 0.4825550369551D-03-0.1087079352525D-19
 0.8520134009382D-03-0.1692127340834D-19 0.8565393927847D-03 0.3152673627179D-19
 0.8541267638753D-03-0.3008088766651D-19 0.8615741693812D-03-0.1967105661747D-19
-0.2724880951125D-03-0.7658794059997D-21 0.7583058240150D-03-0.5647725568645D-20
 0.3783407460588D-03-0.1310768926165D-19 0.3865530657950D-03 0.1330567448671D-19
-0.2036389177965D-02 0.1819648956652D-20-0.1015427337185D-02 0.1524036268277D-20
-0.1010519261909D-02-0.2538967722100D-20 0.3334618408161D-03 0.3041293000473D-20
 0.6806394952907D-03-0.7904794572339D-20-0.9458183392540D-03-0.1917835941073D-20
-0.1882662952308D-02 0.2349389608231D-20-0.9366446527056D-03-0.2109824038870D-20
 0.5901437827348D-03-0.7059768033229D-20 0.5951177764108D-03-0.2160607866875D-19
 0.6016288897788D-03-0.1437154379479D-19 0.5956070942510D-03 0.1363740012091D-19
 0.6075032874002D-03 0.2376918661532D-19-0.8727590850875D-03-0.2673398726793D-21
 0.5205520504565D-03 0.4115592685149D-20 0.5265799041855D-03 0.2405456793639D-19
 0.5308109181320D-03-0.8309967318141D-20 0.5261859875291D-03 0.2905232106929D-20
-0.8106063857486D-03-0.1267987005793D-20-0.8035152671492D-03-0.1314119560605D-20
 0.4583581182392D-03 0.1466847993267D-19 0.4612320569448D-03 0.1182757840872D-19
 0.2359046214731D-03 0.1061152675171D-19 0.2336709186332D-03-0.8853501826215D-20
-0.1494616815938D-02 0.8149074951803D-21-0.1486752047417D-02-0.2216558124425D-20
 0.2011771918101D-03-0.7063242975375D-20 0.4055793242067D-03 0.2058447256376D-20
 0.4101594746291D-03-0.1599812495449D-19 0.4078375254616D-03 0.1777507341644D-19
-0.1385001750184D-02-0.9189782967024D-21 0.3534983191948D-03-0.5672320194880D-20
 0.3634407312830D-03 0.1831928518816D-19 0.3096986974843D-03-0.1176423773722D-19
 0.3143098641656D-03-0.8096808805410D-20 0.3124972227748D-03 0.1570755688740D-19
-0.5841632540750D-03-0.6182294172006D-21-0.2935460922026D-03 0.1042772205279D-20
 0.2709834457711D-03 0.8620223009170D-20 0.2754648156680D-03-0.1163172362950D-19
 0.2787591855110D-03 0.1631820173398D-19 0.2761189434363D-03-0.2972949391125D-20
 0.1367719679997D-03-0.8762733671031D-20 0.1413743515072D-03-0.2294825854625D-20
-0.5399255183915D-03 0.1645427850674D-20-0.5370610274119D-03-0.1333295314598D-21
 0.1194471529036D-03 0.7524423369437D-20 0.2381179074423D-03 0.8307144043396D-21
 0.2396505786816D-03-0.1574581845229D-19 0.2481303536882D-03-0.4255231856804D-20
-0.9908999963858D-03-0.4518693353226D-21-0.9855488703451D-03-0.2737193065394D-21
-0.4945834681392D-03 0.1523275151390D-20 0.2127187214924D-03-0.3176978287246D-20
 0.1091486669063D-03-0.2569913452365D-20-0.1516936447767D-03-0.4918193456926D-21
-0.9053151123535D-03 0.2400043143825D-20 0.1824564909089D-03 0.8001369275747D-21
 0.1858237767666D-03 0.1183763274897D-19 0.1929077079934D-03-0.4724503033954D-20
-0.4137710074454D-03 0.6725482595907D-21 0.8120795235771D-04 0.3360020191913D-20
 0.8121084016987D-04-0.2446059054017D-20 0.1649267740320D-03-0.1123629003902D-19
 0.8438415470964D-04 0.6217952177068D-20 0.1691806379479D-03 0.1145527475856D-19
 0.8379514198516D-04-0.5597038922037D-20 0.1715300834218D-03-0.3322425933484D-20
-0.7544821890459D-03-0.1868200755770D-20-0.7484996854062D-03-0.2601745157200D-21
 0.1492054987045D-03-0.6470459041508D-20 0.1500578601028D-03-0.1005832293666D-19
-0.6808677697679D-03 0.9808913631681D-21 0.1323446728662D-03-0.4195291947086D-20
 0.1321856865017D-03 0.4950066012356D-20 0.1351311097873D-03-0.3120177927894D-20
 0.1370296325132D-03 0.1012211766046D-19 0.1347404055937D-03 0.3091726337501D-20
 0.1390192801573D-03-0.3598946009052D-20 0.6954383631103D-04-0.2601842266606D-20
 0.1213715132143D-03-0.1477157083754D-21 0.1237233691288D-03 0.6344420543759D-20
 0.1272643305157D-03-0.4728252144417D-20-0.2745018868739D-03 0.4542666383725D-21
 0.1149347634645D-03-0.7166454039213D-20 0.1140889629599D-03 0.2623602830660D-20
-0.2467926716878D-03-0.4111948021077D-21-0.2469553429513D-03-0.1387652511039D-21
-0.4904327180177D-03 0.7000092442519D-21-0.6089304412744D-04-0.2913831292206D-21
 0.1063426760541D-03 0.7094112247543D-20 0.1061470262652D-03-0.6000607448087D-20
 0.1074735201086D-03 0.5527898181092D-20 0.1083724797934D-03-0.4030447820975D-21
 0.1106434148365D-03-0.2054967390978D-20 0.5609836418838D-04 0.2553676530206D-20
-0.2179270595289D-03-0.9000305943426D-22-0.2162297414574D-03-0.9629685144524D-21
 0.1033730132290D-03 0.7515555019585D-20 0.1049071388305D-03-0.3476403517592D-20
-0.3862848277918D-03-0.1821866198003D-21-0.1907406540218D-03-0.7952688842501D-21
 0.9889344080893D-04-0.4899581338496D-21 0.1006931596916D-03-0.2134892934545D-20
 0.1020072569149D-03 0.4562195933998D-20-0.3362848450909D-03 0.2593589428643D-21
 0.9538144198301D-04-0.2418705822686D-20 0.9506549318428D-04 0.1783238390126D-20
 0.9689231431592D-04 0.5243097018731D-20 0.2397940183292D-04-0.1587323393732D-20
 0.4883702081489D-04-0.2001126853619D-20-0.1460895942941D-03 0.8539385863099D-21
-0.1447839456998D-03-0.5052029420539D-21 0.4595956548352D-04-0.1981165181163D-21
 0.9359113861661D-04-0.3786804078186D-20 0.9343604956565D-04 0.3964171088735D-20
 0.4700212634673D-04-0.2809461582066D-20 0.9549055940226D-04-0.3579348863770D-20
 0.4818075009495D-04 0.2014090948548D-20-0.1263493789270D-03-0.6576238205025D-21
-0.2508036646841D-03 0.1340351654518D-20-0.2485678592145D-03-0.8345360557691D-21
 0.9100028605195D-04 0.1965562793071D-20 0.9318445629464D-04 0.4514226286092D-20
 0.4654925306374D-04-0.2438694745658D-20 0.9048319463777D-04-0.4751816850337D-21
 0.9148663585060D-04-0.5281652245320D-21 0.9250600816888D-04-0.1920244724329D-20
 0.9199392956050D-04-0.4297166315318D-20 0.9356279143801D-04 0.3352628173734D-20
-0.8948179818636D-04-0.3825222111204D-21 0.8991796121071D-04-0.2038434453208D-20
 0.4538995058736D-04 0.2108279675377D-20 0.4540645119656D-04-0.1890619132366D-20
 0.9161943514477D-04-0.2485332148870D-20 0.9182338504059D-04-0.8860707667926D-21
-0.1458487687834D-03-0.6606970236911D-22-0.1459989096235D-03 0.5590791959851D-21
-0.7222150499878D-04-0.2195968959487D-21-0.7269504043406D-04 0.4156352959778D-21
 0.4465906249443D-04 0.1467660723586D-20 0.9131640544105D-04 0.2874499974482D-20
-0.1176623228128D-03-0.5020827890312D-21-0.1166517602467D-03 0.6429342484308D-21
-0.5793592834235D-04-0.1020489647264D-21 0.8854777643519D-04 0.8488124166825D-21
 0.8925193050670D-04 0.3086832882858D-20 0.8917730678059D-04-0.2838594966590D-20
 0.8968302844003D-04-0.8513072865434D-21 0.4555879836216D-04-0.1406428739121D-21
-0.9016957005839D-04-0.1723532425843D-21 0.8756626412061D-04 0.2043538088431D-20
 0.8837250867450D-04 0.1217471683177D-20 0.8977174435769D-04-0.2828628353067D-21
 0.8612906089746D-04-0.1223387557726D-20 0.8680434615142D-04 0.2006756168733D-21
 0.4348931847218D-04-0.9688993878117D-21 0.4401225489172D-04-0.2160890638340D-21
-0.4731384688838D-04 0.2543858146301D-21 0.8419513233702D-04-0.3866233812680D-21
 0.4210419546298D-04-0.8533246297194D-21 0.8481632091374D-04-0.1184462348068D-20
 0.8447774685597D-04 0.9821793841467D-21 0.4250532987675D-04 0.9402029139270D-21
 0.8489397065108D-04-0.1660150077726D-20 0.8524975612402D-04 0.1691637305076D-20
 0.8607595809608D-04-0.3970668957768D-21-0.2990232053182D-04-0.1211922370774D-22
-0.2872505471291D-04-0.9685081771552D-22 0.8233017454862D-04-0.6429366575251D-21
 0.8204087442404D-04 0.1503837066804D-21 0.8241169402032D-04 0.1313420166468D-20
 0.8361441553804D-04-0.2433368110210D-21 0.7865765853759D-04-0.1195887447159D-20
 0.7995109880243D-04 0.1325225668012D-20-0.5017695725981D-06-0.5373611374976D-22
 0.3713616798865D-04 0.1757198455502D-21 0.7528742980121D-04 0.1314479927716D-20
 0.7591555047549D-04-0.9627339122893D-21 0.7565205009695D-04 0.9927084429194D-21
 0.7716669951290D-04-0.2741287500653D-21 0.3858435993816D-04-0.2103514930694D-21
 0.4290306536344D-05-0.1796292107023D-21 0.5707852572404D-05 0.4399069345564D-22
 0.6985893913015D-04-0.2232044793570D-21 0.7054584344152D-04 0.5267001240783D-21
 0.7208343194030D-04-0.1720707973306D-21 0.7308873975428D-04-0.3506388271045D-21
 0.1881319134605D-04-0.3971500145578D-24 0.2013204833539D-04 0.6004713205301D-22
 0.4820741824163D-05 0.8708256740115D-22 0.6544411259847D-04 0.1749951692509D-21
 0.6617433991112D-04 0.6442548944033D-22 0.3360824960783D-04-0.4092706956035D-21
 0.1205205585783D-04-0.9269144897405D-22 0.1365617271156D-04-0.1212689056987D-22
 0.1285581880765D-04 0.1192845739833D-21 0.6008435512034D-04 0.4396104833102D-21
 0.6321252179557D-04 0.6020573591357D-21 0.6232248669499D-04-0.1209410682432D-21
 0.6156682872386D-04-0.6122490957356D-21 0.6364498170665D-04-0.1090769781020D-21
 0.1568149034879D-04 0.8921206600837D-22 0.4363184922842D-05-0.2418467481023D-22
 0.2729109257613D-04-0.1337475686394D-21 0.5680883320376D-04-0.2040520315015D-21
 0.5586307843099D-04 0.3799327986354D-21 0.5841286068435D-04-0.1566263410346D-21
 0.2985086286348D-04 0.7530222955587D-22 0.3332534253894D-04-0.6285102303211D-22
 0.3651106819589D-04 0.1200119218593D-22 0.3484027680473D-04 0.1059870844344D-21
 0.1903950056619D-04-0.5965808019485D-22 0.4910834842836D-04-0.7285066068358D-22
 0.5074196632405D-04-0.1895248401023D-21 0.5323072945958D-04-0.6750422241342D-22
 0.5188003328870D-04 0.2208327541156D-21 0.1834320605747D-04 0.2052004517443D-22
 0.2056563822391D-04-0.3045294416494D-22 0.4283598568717D-04-0.7489071897351D-22
 0.4375942300448D-04-0.1164938564788D-21 0.2246799755044D-04-0.5508148549530D-22
 0.2386152418151D-04-0.3149220163758D-22 0.4797653252628D-04 0.5074098379581D-22
 0.3657616689450D-04-0.6766204851338D-23 0.3843556092332D-04 0.3087066311270D-23
 0.3959493357278D-04-0.1100028223790D-22 0.3868706112715D-04 0.1105720128143D-22
 0.4119752995465D-04 0.6422414108808D-23 0.3845377608213D-04-0.1432213033944D-22
 0.2139803243200D-04 0.9443328824373D-23 0.1547190307537D-04-0.7070239762113D-22
 0.3050387229880D-04-0.8014194194232D-23 0.1798687116325D-04-0.3267135748156D-22
 0.3687475669226D-04 0.2397301798968D-22 0.4200352934545D-04 0.4449366920323D-22
 0.1311231927328D-04-0.1314283351338D-21 0.2807533389201D-04 0.9130449568661D-22
 0.2415277893082D-04-0.5098818104389D-22 0.3688745897965D-04 0.2790331476608D-23
 0.1879304312610D-04-0.3310413216655D-22 0.1787823730381D-04-0.3258161060452D-21
 0.1938545551563D-04 0.2960601579029D-21 0.2094050131612D-04 0.1805002077760D-21
 0.1888042237949D-04-0.1856756850828D-21 0.2073768944738D-04 0.7237089855377D-22
 0.2247846966155D-04-0.1796415551867D-21 0.1667561052741D-04-0.5479087350138D-23
 0.3535110570187D-04-0.7726395766066D-22 0.1172860163413D-04 0.3685189394055D-21
 0.1311454997718D-04-0.4321980273325D-21 0.1232815898882D-04-0.1016225482390D-21
 0.4921338393053D-05 0.3233209746582D-22 0.1770682125220D-04 0.4160559031093D-22
 0.4827828898061D-05-0.6217742195057D-22 0.5646754052475D-05 0.2954190205783D-21
 0.6777163374666D-05-0.3040063483744D-21 0.8014852052298D-05 0.1360810583441D-21
 0.6856681848979D-05 0.4719829001759D-22 0.1013187300385D-04-0.3060789779409D-21
 0.2875992804629D-04-0.1646659296854D-22 0.1613810253224D-04 0.3282950526223D-22
 0.2658706444806D-06-0.1812993715713D-21 0.3293887801688D-07 0.9807278172096D-22
 0.3120649329570D-06 0.1867477356298D-21 0.2549778401982D-04 0.2059785056478D-21
 0.2600527862399D-04-0.7793754919310D-22 0.2898044622374D-04 0.6882906368847D-22
-0.5003561998976D-05 0.6253240756691D-22-0.2051784342383D-05 0.2146294053524D-21
-0.8243718406305D-06-0.3520346460151D-22-0.9927117438600D-05 0.2501253021161D-21
-0.1101896252082D-04-0.3715562664956D-21-0.1039637377545D-04 0.5508569585823D-21
-0.8992370524307D-05-0.1914935962370D-21-0.1076166760334D-04 0.3608781497421D-21
-0.9339593994071D-05 0.4665415409673D-21-0.1043859853406D-04-0.5088693420894D-21
-0.7140293761569D-05-0.6093284112214D-22-0.1510954255089D-04-0.1140645896400D-22
-0.1457610404310D-04-0.5056266800084D-21-0.1497905533303D-04 0.2700793075508D-21
-0.7002730944166D-05-0.2675406159888D-21-0.3776665743364D-05 0.1785697295568D-21
-0.1490457768954D-04-0.4634851853183D-21-0.6094282565236D-05-0.5316705987627D-23
 0.7597741271294D-05 0.2048345178929D-22 0.1497640879440D-04 0.6871540652493D-22
 0.7631831141774D-05-0.1686415345814D-21-0.1969151556841D-04-0.8653860477171D-21
-0.2039614109771D-04-0.6304774010433D-21-0.9354451586961D-05 0.3734322777181D-21
-0.1938938115879D-04 0.4514538397586D-23 0.6186716410421D-05 0.9442354474610D-22
 0.6607179644545D-05 0.7019052284298D-22 0.1263718849872D-04-0.3156048199647D-21
-0.2367962101158D-04-0.7893268420980D-21-0.2332461043290D-04 0.5591099657634D-21
-0.2421297233243D-04 0.8927491737366D-22-0.2459744064343D-04 0.5458341540501D-21
-0.2610296672362D-04-0.5758898835112D-21-0.1279634770083D-04 0.3721605443878D-21
-0.2450028858860D-04-0.2227778116715D-22 0.8167829776240D-05-0.2076709607288D-22
-0.2824568212390D-04 0.7655011847375D-21-0.2807127234424D-04 0.1864327221983D-21
 0.5638066780520D-05 0.1271605794964D-21 0.1005634515670D-05-0.1643722099773D-22
-0.1649700323766D-04 0.4005026686594D-21-0.3507731784036D-04 0.5165604193842D-22
-0.1703216773594D-04 0.6460529536050D-22 0.1311930059937D-05-0.2293939088183D-21
 0.1564294564942D-06-0.2787947028461D-22 0.1751105323373D-05-0.1571953736866D-21
-0.3624805907690D-04 0.3513813146877D-21-0.3562335531617D-04-0.2702323278721D-21
-0.3473770195615D-04-0.8178536462791D-21-0.3500907314279D-04 0.2264737387325D-21
-0.3811227676113D-04 0.1465094569070D-21-0.1246708380304D-05 0.2437027682560D-22
-0.1085551865753D-06-0.2864970282357D-21-0.3814410899895D-04 0.5934897738804D-21
-0.3960600576978D-04-0.6811713635968D-21-0.3793559256270D-04 0.4291762664986D-21
-0.3886127628656D-04 0.7931112020341D-21-0.3988136290509D-04-0.7504013068205D-21
-0.3911887757660D-04 0.5853739845107D-21-0.4214893679276D-04 0.4955463841343D-22
-0.7641116346158D-05-0.1302283455480D-22-0.2154466390802D-04 0.2719037764035D-23
-0.4458067493632D-04 0.1209275592864D-21-0.4138529518999D-04-0.2734000987144D-21
-0.4426049431057D-04 0.1902275050382D-21-0.4260701328902D-04-0.6104873808238D-21
-0.2143058112960D-04 0.3441342766658D-21-0.5712947548860D-05 0.2036222229239D-21
-0.1064694273928D-04-0.1979518282443D-21-0.1569127539502D-05 0.5173462128995D-22
-0.4851040959163D-04-0.4219331394814D-21-0.2197685136759D-04-0.5246908851870D-21
-0.2446402408095D-04 0.3884661523412D-21-0.4581177751255D-04 0.2905530819597D-21
-0.4585302253305D-04 0.6906744383584D-21-0.4462983631242D-04 0.7196138191480D-23
-0.4670667721453D-04 0.1192760053918D-21-0.2308703904298D-04-0.1754380267898D-22
-0.1141129125116D-04 0.7873958844115D-22-0.1434332790249D-04-0.6439654276558D-22
-0.5525379329807D-05 0.1912859587247D-21-0.5294034459468D-04 0.5059758597938D-22
-0.4893017347768D-04-0.3191347406625D-21-0.4740752833351D-04-0.6882826790039D-21
-0.2412526476964D-04 0.1521887508746D-21-0.9557514431271D-05 0.1636021813880D-21
-0.7381520590152D-05 0.1763244235675D-21-0.5345810575322D-04 0.4014027194733D-21
-0.4920332403308D-04-0.9415253069581D-21-0.5013875302070D-04 0.7456403775653D-21
-0.5038138856134D-04-0.1133386656645D-22-0.4986491292040D-04-0.5084270808883D-21
-0.4802681713103D-04 0.3143916912458D-21-0.4693189361736D-04-0.1065364781857D-21
-0.2713631985526D-04-0.4044247618427D-21-0.2332320956709D-04-0.4326476374300D-21
-0.5217546466732D-04 0.6765842777585D-21-0.2253888855594D-04 0.2764420051440D-21
-0.1497438402766D-04 0.8368831766028D-23-0.8922446851523D-05-0.8905607535028D-22
-0.7895304377846D-05 0.1442440812900D-21-0.5294472008245D-04-0.2704541801145D-21
-0.5310610804791D-04-0.5640868675021D-21-0.4602126187202D-04 0.2321273416065D-21
-0.2157490021909D-04-0.8831873750600D-22-0.2407155893736D-04-0.5874060773823D-22
-0.1966080752552D-04-0.1577806133073D-21-0.1086485795390D-04 0.2639710317485D-21
-0.5322496113106D-04-0.6921315519454D-21-0.5215594015685D-04 0.5097539029066D-21
-0.5563820348958D-04-0.3777681428044D-21-0.4957828583205D-04-0.7834078999666D-21
-0.4024639737289D-04 0.3315401736366D-21-0.5310802670444D-04 0.1779114128367D-21
-0.4031110899584D-04 0.1202636770872D-21-0.5287696060763D-04 0.4012215053523D-21
-0.5404779509644D-04 0.3393410637675D-21-0.5592663254177D-04-0.3737096727747D-22
-0.3862343648664D-04-0.2124510201860D-21-0.6363276152123D-05-0.1075454462526D-21
-0.5296688773558D-04 0.1430737002945D-21-0.2748806240041D-04 0.3021860811972D-21
-0.4605082384189D-04 0.1817248952831D-21-0.4011530765582D-04 0.1671626104471D-21
-0.2650955862959D-04 0.3547028577666D-21-0.2745716209336D-04 0.1184796742105D-21
-0.1637491113374D-04-0.1022893179138D-21-0.1252463515426D-04-0.1899385635861D-21
-0.4575191673968D-05 0.9711183755453D-22-0.4476645512194D-04 0.6000183930034D-21
-0.4676623128806D-04-0.6242850632331D-21-0.5268149264474D-04 0.6944877504850D-21
-0.3644575751640D-04-0.2744288335668D-21-0.8179245642572D-05-0.1889956570053D-21
-0.5199571764232D-05 0.7329742220845D-22-0.4608590281942D-04 0.5685579305974D-21
-0.4065114784763D-04-0.5097120776056D-21-0.1946708591173D-04 0.1981565327882D-21
-0.8385033474151D-05 0.7326339534336D-22-0.1544404646325D-04-0.3328490116536D-21
-0.1162194105565D-04 0.1334195885594D-21-0.4335336982435D-04-0.8641632807775D-21
-0.3584945626494D-04 0.3233260125709D-21-0.3954720854020D-04 0.3939907060886D-21
-0.7033547761963D-05 0.1223920865315D-22-0.3543067039554D-05-0.1222109267331D-21
-0.2977773139811D-04-0.3901826443748D-21-0.3865753306563D-04-0.7905079902032D-21
-0.3433281886986D-04 0.1819270245310D-21-0.2870514949029D-04 0.6362204626754D-21
-0.3879095130413D-04 0.2313211551832D-21-0.3378146620717D-04-0.5500061385425D-21
-0.1586989915447D-04 0.2895035723426D-21-0.1246253672946D-04-0.1113457033968D-21
-0.1076629700091D-04 0.7491265144189D-22-0.2077221235742D-04-0.1238387832560D-21
-0.2703756046982D-04-0.5157490584648D-22-0.3108195746632D-04 0.5642962583301D-21
-0.1628940181034D-04-0.1747717488244D-21-0.2856375875656D-04-0.2807858548519D-21
-0.2681256778817D-04-0.1958671767733D-21-0.2166173827444D-05 0.1800738887451D-21
-0.6817401287959D-05-0.3058209569655D-22-0.8372674141542D-06-0.2131304071180D-21
-0.2655111420587D-05 0.9692539611161D-22-0.2145463186941D-04 0.1049775833978D-21
-0.2695518856067D-04 0.3759482716235D-21-0.1417773054219D-04-0.7006914768625D-22
-0.1226751586716D-04-0.1794486747276D-21-0.2055338209089D-04 0.3235937722313D-21
-0.1216108412474D-04-0.6071306217844D-21-0.1816613751548D-04-0.3244678796109D-21
-0.2474264500776D-04 0.1396088124888D-21-0.1526817648124D-04-0.1179248755609D-21
 0.7973886267204D-05 0.1445221551294D-21 0.7813115890308D-06-0.1159582814858D-21
-0.2156794318450D-05-0.5005851296763D-21-0.8608323119367D-05 0.4361540614473D-21
-0.1155352548239D-04-0.5768956316837D-21-0.1132088389738D-04 0.5098935389128D-21
-0.1086635148710D-04-0.4438799057962D-22-0.1480639268513D-04-0.1262833827481D-21
 0.7330242368081D-05-0.3736834269719D-22 0.1075161405078D-04-0.2025716928126D-21
 0.4020880945003D-05 0.4001222084968D-23 0.1574816347487D-05 0.1633389002190D-21
-0.6028883860957D-06 0.5104212889092D-21-0.5967766763309D-05 0.1560430199690D-21
-0.1076097357595D-04-0.2184901455789D-21 0.2244505016775D-04 0.2112273574575D-21
 0.9802170366918D-05 0.8344611256283D-23 0.5862791259711D-05 0.1344867982847D-21
 0.2644073298275D-06 0.1657409971319D-21-0.9206476338000D-05 0.2608680691441D-21
 0.2984284787349D-05-0.6758047062388D-22-0.7489172488148D-06-0.6233926858644D-22
-0.3538731172860D-05-0.9544611529942D-23 0.1878663206023D-04-0.6693043324255D-22
 0.2833529205357D-05 0.2439699927006D-22 0.1203612540522D-04 0.3056430909857D-21
 0.2726217130182D-06 0.3190338826969D-21 0.5978049776701D-05-0.2416779731744D-21
-0.3081563537187D-05-0.3629759059955D-21 0.5791390318820D-05 0.9665999189930D-22
 0.1783564994161D-05-0.5413931766323D-23 0.2730061891827D-04-0.1273500208966D-21
 0.1472089508617D-04-0.3117589263656D-21 0.9109911472375D-05-0.3149635791808D-21
 0.5467345863147D-05 0.1636353622874D-21 0.3108705179475D-04 0.2521735334763D-22
 0.2886547290796D-04 0.8799278843015D-23 0.9762016922199D-05-0.2869167103327D-21
 0.1692122146671D-04-0.4044995591691D-22 0.2339134146709D-04 0.3990469443043D-21
 0.1875001447511D-04 0.1690816982294D-21 0.1609764569791D-04 0.8172604596838D-22
 0.1733168529551D-04 0.3167491668799D-21 0.1609257048753D-04-0.2499439090344D-21
 0.1210629475912D-04-0.4465445103087D-22 0.3237223327797D-04 0.1309234278833D-21
 0.2646063403650D-04-0.5160904519868D-21 0.2833090961041D-04-0.9189299282857D-22
 0.2554044011444D-04-0.2594290919625D-21 0.9554684084589D-05 0.2524051212304D-22
 0.2771913345315D-04-0.4590020860856D-21 0.3287401542764D-04-0.2534443358552D-21
 0.2543173619157D-04-0.2698542241838D-21 0.2026621507350D-04-0.2691049841718D-23
 0.2208794903305D-04 0.2585065770174D-22 0.3069636168183D-05 0.2958530965626D-22
 0.3391300067879D-04 0.3215713548108D-21 0.4355418424278D-04 0.2785374837082D-21
 0.4217124723644D-04-0.2720308570300D-21 0.7220052042962D-05 0.8119820985745D-22
 0.1441750832840D-04 0.3559244274128D-22 0.5670036614245D-05 0.5188839580419D-22
 0.5374085251919D-04-0.4151197884672D-22 0.2180387176219D-04-0.1165896110520D-21
 0.1066103193819D-04 0.1040372376659D-21 0.3567249663559D-04 0.2250036639694D-21
 0.4264438750967D-04 0.5793089637326D-22 0.2039450362048D-04-0.1654125446754D-21
 0.1757536808229D-04 0.1544184928761D-21 0.3802632815735D-04 0.7485163303403D-22
 0.5313209536138D-04 0.3783884888989D-22 0.5027347171838D-04 0.7725520746831D-23
 0.4725382943319D-04-0.1995143007817D-21 0.2251699700528D-04-0.3211014543239D-22
 0.1962970675421D-04 0.9119905418454D-22 0.4392300720335D-04 0.1230120290025D-21
 0.3940114587437D-04 0.2141673408273D-21 0.4316200247020D-04 0.9549946151934D-22
 0.1781880776928D-04 0.1380933022383D-21 0.2977891052627D-04 0.5857885489396D-22
 0.5760107005091D-05 0.3643557685589D-22 0.5243941121299D-04-0.5476443810951D-22
 0.4308543422822D-04-0.6416729209511D-22 0.4568575605059D-04 0.1510842326659D-21
 0.4399090545556D-04-0.2694942338347D-21 0.4441358974417D-04 0.2613924931267D-21
 0.4577265051759D-04 0.4841427034354D-22 0.2692373180665D-04 0.6796967650030D-22
    1
    1    1  120    3
 0.9591087404043D-04 0.4838717113004D-04 0.5506932356895D-04 0.6235271139526D-04
 0.6988716560411D-04 0.7815383608688D-04 0.8664906924425D-04 0.9598724223514D-04
 0.1058429757333D-03 0.1163347755927D-03 0.1274773825913D-03 0.1392747323367D-03
 0.1517188076398D-03 0.1647884060515D-03 0.1784478474783D-03 0.1926456687843D-03
 0.2073133614293D-03 0.2223642394463D-03 0.2376925396539D-03 0.2531729018710D-03
 0.2686603999535D-03 0.2839913469312D-03 0.2989851329671D-03 0.3134474061701D-03
 0.3271749322479D-03 0.3399624950395D-03 0.3516121632208D-03 0.3619451684928D-03
 0.3708164451473D-03 0.3781315550797D-03 0.3838652171344D-03 0.3880799723226D-03
 0.3909426740104D-03 0.3927356253558D-03 0.3938585317157D-03 0.3948173447858D-03
 0.3961969557919D-03 0.3986168314121D-03 0.4026720271306D-03 0.4088659693776D-03
 0.4175448315556D-03 0.4288448895873D-03 0.4426629758711D-03 0.4586560580221D-03
 0.4762701832098D-03 0.4947933996642D-03 0.5134234144778D-03 0.5313396148432D-03
 0.5477703237158D-03 0.5620489521627D-03 0.5736558445240D-03 0.5822452883305D-03
 0.5876589262737D-03 0.5899276810397D-03 0.5892644532495D-03 0.5860495895778D-03
 0.5808106450263D-03 0.5741974830350D-03 0.5669533304620D-03 0.5598821048030D-03
 0.5538121403444D-03 0.5495563915206D-03 0.5478692675873D-03 0.5494005153476D-03
 0.5546470586707D-03 0.5639045641381D-03 0.5772218715531D-03 0.5943635073517D-03
 0.6147883773093D-03 0.6376562386175D-03 0.6618767887015D-03 0.6862170744273D-03
 0.7094777657982D-03 0.7307332869365D-03 0.7496029507622D-03 0.7664863323632D-03
 0.7826744650435D-03 0.8002636568245D-03 0.8218612769294D-03 0.8501590965999D-03
 0.8875087181192D-03 0.9356266493186D-03 0.9954917094450D-03 0.1067419751664D-02
 0.1151251944228D-02 0.1246584398382D-02 0.1352985005420D-02 0.1470168469401D-02
 0.1598120437547D-02 0.1737173014944D-02 0.1888038330334D-02 0.2051807127664D-02
 0.2229917795387D-02 0.2424099126406D-02 0.2636288038381D-02 0.2868521551302D-02
 0.3122800639937D-02 0.3400922409123D-02 0.3704276628594D-02 0.4033604023407D-02
 0.4388717453533D-02 0.4768194528537D-02 0.5169061099543D-02 0.5586498484230D-02
 0.6013619484715D-02 0.6441362959130D-02 0.6858546003717D-02 0.7252081782644D-02
 0.7607320465253D-02 0.7908416066374D-02 0.8138585912011D-02 0.8280135106329D-02
 0.8314167033586D-02 0.8219966111723D-02 0.7974080918806D-02 0.7549149430410D-02
 0.6912551923479D-02 0.6025137600598D-02 0.4840545105184D-02 0.3305791644553D-02
 0.4718271085944D-09 0.3226197230724D-09 0.3860781875496D-09 0.4607868908247D-09
 0.5468349314672D-09 0.6482898976621D-09 0.7652226635600D-09 0.9030669173040D-09
 0.1063296339567D-08 0.1250007883058D-08 0.1467213457753D-08 0.1719477353526D-08
 0.2011889254742D-08 0.2350065139414D-08 0.2740212726440D-08 0.3189294964972D-08
 0.3704735373042D-08 0.4294718961797D-08 0.4967913072030D-08 0.5733679524870D-08
 0.6601700090431D-08 0.7582099077083D-08 0.8685148495779D-08 0.9921058247497D-08
 0.1129970626959D-07 0.1283036137687D-07 0.1452119694907D-07 0.1637898858979D-07
 0.1840853738488D-07 0.2061244057901D-07 0.2299071582819D-07 0.2554068308183D-07
 0.2825739425751D-07 0.3113436646412D-07 0.3416521263262D-07 0.3734609279993D-07
 0.4067917669512D-07 0.4417686808435D-07 0.4786639871454D-07 0.5179386022893D-07
 0.5602665853903D-07 0.6065330089253D-07 0.6577944991235D-07 0.7152043463394D-07
 0.7799033905872D-07 0.8528920208254D-07 0.9348944989109D-07 0.1026231626141D-06
 0.1126706531714D-06 0.1235510649970D-06 0.1351147141082D-06 0.1471367565339D-06
 0.1593120343818D-06 0.1712505905138D-06 0.1824741061400D-06 0.1924132156895D-06
 0.2004066730386D-06 0.2057028426242D-06 0.2074651890554D-06 0.2047831672423D-06
 0.1966909380851D-06 0.1821963882304D-06 0.1603241394176D-06 0.1301762870017D-06
 0.9101562534734D-07 0.4237590473319D-07-0.1579729781248D-07-0.8297433623117D-07
-0.1578438591019D-06-0.2381074421772D-06-0.3203027848939D-06-0.3997159429602D-06
-0.4704666478683D-06-0.5258558114156D-06-0.5590287688036D-06-0.5639067165002D-06
-0.5361892597845D-06-0.4740950285277D-06-0.3784980984741D-06-0.2522902124032D-06
-0.9908586415100D-07 0.7837801224063D-07 0.2797534316151D-06 0.5082374750654D-06
 0.7713022833955D-06 0.1081054882084D-05 0.1454314708562D-05 0.1912457389251D-05
 0.2480989587843D-05 0.3188747921226D-05 0.4066554256975D-05 0.5145142176970D-05
 0.6452191887306D-05 0.8008388360377D-05 0.9822575004386D-05 0.1188627958735D-04
 0.1416812401441D-04 0.1660882225881D-04 0.1911744627146D-04 0.2156926503803D-04
 0.2380446029238D-04 0.2562538359249D-04 0.2678779725301D-04 0.2697944584521D-04
 0.2577861525511D-04 0.2258782630489D-04 0.1654517134189D-04 0.6428074572875D-05
-0.9422212480345D-05-0.3312083984537D-04-0.6718289700240D-04-0.1144099405716D-03
-0.1778015970732D-03-0.2606262115099D-03-0.3667732245176D-03-0.5013958405860D-03
-0.6716591702500D-03-0.8872505605155D-03-0.1160343027216D-02-0.1505020933196D-02
 0.1306114744499D-13 0.2691419923479D-10 0.3300092134089D-10 0.4034650262154D-10
 0.4909513799389D-10 0.5948527386764D-10 0.7189044268372D-10 0.8662927435036D-10
 0.1041058100401D-09 0.1249197189450D-09 0.1496354136232D-09 0.1790290379582D-09
 0.2140441486104D-09 0.2557456435820D-09 0.3054637904622D-09 0.3648885537359D-09
 0.4358886332975D-09 0.5208883373648D-09 0.6226530017153D-09 0.7446322766005D-09
 0.8908168065742D-09 0.1066044472028D-08 0.1275971078489D-08 0.1527210023509D-08
 0.1827315923099D-08 0.2184916023232D-08 0.2609479666862D-08 0.3111184221408D-08
 0.3700355347256D-08 0.4386918750551D-08 0.5179202811608D-08 0.6082552405904D-08
 0.7097608550749D-08 0.8218213380810D-08 0.9429431164317D-08 0.1070596477881D-07
 0.1201149941886D-07 0.1329950899260D-07 0.1451596844744D-07 0.1560380970797D-07
 0.1650874595420D-07 0.1718545771124D-07 0.1760275790245D-07 0.1774696260669D-07
 0.1762250629137D-07 0.1725025106476D-07 0.1666377641951D-07 0.1590502962816D-07
 0.1501975713695D-07 0.1405380455010D-07 0.1305045451897D-07 0.1204875946147D-07
 0.1108288602034D-07 0.1018199260821D-07 0.9370536544193D-08 0.8668555118364D-08
 0.8091876470603D-08 0.7651848351578D-08 0.7354581475443D-08 0.7199369224017D-08
 0.7176198889472D-08 0.7261970690411D-08 0.7415331547951D-08 0.7569797140882D-08
 0.7625104379690D-08 0.7437005924588D-08 0.6806093269197D-08 0.5467425785672D-08
 0.3083776181201D-08-0.7525560687845D-09-0.6502780717263D-08-0.1464192437173D-07
-0.2559113046283D-07-0.3962366147418D-07-0.5675965704021D-07-0.7667900487838D-07
-0.9868884743113D-07-0.1217690219853D-06-0.1446869202417D-06-0.1661387977832D-06
-0.1848628100837D-06-0.1996884404325D-06-0.2095226544475D-06-0.2133017556419D-06
-0.2099489336420D-06-0.1983743980239D-06-0.1775485893065D-06-0.1466735395242D-06
-0.1054739132279D-06-0.5462380744858D-07 0.3686737547594D-08 0.6506380839275D-07
 0.1221536334481D-06 0.1639189782435D-06 0.1750995456164D-06 0.1360478596975D-06
 0.2313221281232D-07-0.1901849671392D-06-0.5316979582714D-06-0.1028730775894D-05
-0.1707390536085D-05-0.2594521243030D-05-0.3724615396332D-05-0.5153966524092D-05
-0.6983343688256D-05-0.9388024777003D-05-0.1265020955904D-04-0.1718480679181D-04
-0.2354793885962D-04-0.3242189256865D-04-0.4458343641247D-04-0.6088300280554D-04
-0.8228108893132D-04-0.1099892890198D-03-0.1457319034583D-03-0.1920829550453D-03
-0.2527753272470D-03-0.3328777440150D-03-0.4388300154621D-03-0.5784995306606D-03
    2    2  120    8
 0.7699801121062D-05 0.5922220145871D-04 0.6287908758817D-04 0.6676303421747D-04
 0.7088847559909D-04 0.7527012045471D-04 0.7992432407436D-04 0.8486764564503D-04
 0.9011836473346D-04 0.9569557842215D-04 0.1016196547283D-03 0.1079122439561D-03
 0.1145963604758D-03 0.1216964698715D-03 0.1292385817870D-03 0.1372503489218D-03
 0.1457611725992D-03 0.1548023152095D-03 0.1644070203820D-03 0.1746106409560D-03
 0.1854507755977D-03 0.1969674146527D-03 0.2092030958265D-03 0.2222030703837D-03
 0.2360154806574D-03 0.2506915497493D-03 0.2662857842185D-03 0.2828561906465D-03
 0.3004645074811D-03 0.3191764524910D-03 0.3390619882544D-03 0.3601956055730D-03
 0.3826566274741D-03 0.4065295343017D-03 0.4319043126382D-03 0.4588768284093D-03
 0.4875492278129D-03 0.5180303667818D-03 0.5504362718969D-03 0.5848906350402D-03
 0.6215253450917D-03 0.6604810582003D-03 0.7019078115756D-03 0.7459656825309D-03
 0.7928254980470D-03 0.8426695978857D-03 0.8956926558765D-03 0.9521025648142D-03
 0.1012121389475D-02 0.1075986393442D-02 0.1143951146842D-02 0.1216286720446D-02
 0.1293282974458D-02 0.1375249949810D-02 0.1462519369883D-02 0.1555446263097D-02
 0.1654410715860D-02 0.1759819767782D-02 0.1872109460507D-02 0.1991747054006D-02
 0.2119233424447D-02 0.2255105659271D-02 0.2399939866843D-02 0.2554354219729D-02
 0.2719012251679D-02 0.2894626428400D-02 0.3081962023693D-02 0.3281841317584D-02
 0.3495148154840D-02 0.3722832893894D-02 0.3965917779423D-02 0.4225502781654D-02
 0.4502771949121D-02 0.4799000320273D-02 0.5115561450346D-02 0.5453935621424D-02
 0.5815718798826D-02 0.6202632422633D-02 0.6616534112563D-02 0.7059429397474D-02
 0.7533484585498D-02 0.8041040892438D-02 0.8584629984137D-02 0.9166991098037D-02
 0.9791089916340D-02 0.1046013938761D-01 0.1117762274053D-01 0.1194731888740D-01
 0.1277333050608D-01 0.1366011503646D-01 0.1461251886245D-01 0.1563581497947D-01
 0.1673574434721D-01 0.1791856120596D-01 0.1919108258151D-01 0.2056074210181D-01
 0.2203564828738D-01 0.2362464747146D-01 0.2533739137524D-01 0.2718440945089D-01
 0.2917718630022D-01 0.3132824442136D-01 0.3365123289202D-01 0.3616102370556D-01
 0.3887381412722D-01 0.4180724480754D-01 0.4498052660694D-01 0.4841458726414D-01
 0.5213223934730D-01 0.5615837256729D-01 0.6052017528784D-01 0.6524738707896D-01
 0.7037258154977D-01 0.7593147287061D-01 0.8196324149541D-01 0.8851086573972D-01
 0.9562144554053D-01 0.1033465078275D+00 0.1117422946474D+00 0.1208700322658D+00
-0.1552094140636D-08-0.2757187530588D-08-0.3106347930466D-08-0.3499938361620D-08
-0.3943634543283D-08-0.4443828782528D-08-0.5007745680149D-08-0.5643520538036D-08
-0.6360343013704D-08-0.7168572172132D-08-0.8079909173082D-08-0.9107546203402D-08
-0.1026637421238D-07-0.1157320298717D-07-0.1304699789178D-07-0.1470917159949D-07
-0.1658389594122D-07-0.1869845282984D-07-0.2108364947309D-07-0.2377427631866D-07
-0.2680961306676D-07-0.3023402269895D-07-0.3409762566475D-07-0.3845702539339D-07
-0.4337618384767D-07-0.4892737439439D-07-0.5519227934813D-07-0.6226320805534D-07
-0.7024453908141D-07-0.7925426587677D-07-0.8942584529173D-07-0.1009102126106D-06
-0.1138781122352D-06-0.1285227762211D-06-0.1450628744456D-06-0.1637459456758D-06
-0.1848522594733D-06-0.2086992709078D-06-0.2356465539034D-06-0.2661015461698D-06
-0.3005260975765D-06-0.3394437315480D-06-0.3834482067850D-06-0.4332130016687D-06
-0.4895023674612D-06-0.5531836982056D-06-0.6252417829916D-06-0.7067951490418D-06
-0.7991144215379D-06-0.9036436131753D-06-0.1022024205645D-05-0.1156122774319D-05
-0.1308062300551D-05-0.1480258428029D-05-0.1675460199923D-05-0.1896797232723D-05
-0.2147833024160D-05-0.2432626103317D-05-0.2755799712191D-05-0.3122621542191D-05
-0.3539094007456D-05-0.4012057797572D-05-0.4549309563392D-05-0.5159735324503D-05
-0.5853462777323D-05-0.6642034163326D-05-0.7538601911860D-05-0.8558150618775D-05
-0.9717748386299D-05-0.1103683002168D-04-0.1253751762371D-04-0.1424498113867D-04
-0.1618784354876D-04-0.1839863714014D-04-0.2091431425457D-04-0.2377681919965D-04
-0.2703372843518D-04-0.3073896941419D-04-0.3495361728046D-04-0.3974679175386D-04
-0.4519666055596D-04-0.5139155857629D-04-0.5843124923516D-04-0.6642835296353D-04
-0.7550995288461D-04-0.8581943265393D-04-0.9751858678423D-04-0.1107900415265D-03
-0.1258400828558D-03-0.1429019659630D-03-0.1622397847679D-03-0.1841530814765D-03
-0.2089822875547D-03-0.2371151732731D-03-0.2689945214328D-03-0.3051271956946D-03
-0.3460947573206D-03-0.3925659323703D-03-0.4453110030166D-03-0.5052182503076D-03
-0.5733126182375D-03-0.6507765918426D-03-0.7389731270044D-03-0.8394708729729D-03
-0.9540714387648D-03-0.1084838975053D-02-0.1234132494585D-02-0.1404641918499D-02
-0.1599429202472D-02-0.1821977179027D-02-0.2076249188665D-02-0.2366763536400D-02
-0.2698687129269D-02-0.3077952561229D-02-0.3511400989771D-02-0.4006951779373D-02
-0.4573795833176D-02-0.5222606866269D-02-0.5965762841754D-02-0.6817571397566D-02
 0.3961381340727D-08 0.3484259540286D-08 0.3923247770390D-08 0.4417924292399D-08
 0.4975392282632D-08 0.5603675217727D-08 0.6311818737549D-08 0.7110048907991D-08
 0.8009899389990D-08 0.9024407175299D-08 0.1016828256455D-07 0.1145815712909D-07
 0.1291281973402D-07 0.1455350829581D-07 0.1640422527815D-07 0.1849212025749D-07
 0.2084790345310D-07 0.2350631852242D-07 0.2650668669971D-07 0.2989353096074D-07
 0.3371728065160D-07 0.3803505704047D-07 0.4291162443563D-07 0.4842039842182D-07
 0.5464466384007D-07 0.6167895678356D-07 0.6963059279942D-07 0.7862149682449D-07
 0.8879024437297D-07 0.1002944052562D-06 0.1133132854617D-06 0.1280510226229D-06
 0.1447401456602D-06 0.1636457321075D-06 0.1850701156048D-06 0.2093583758437D-06
 0.2369046299480D-06 0.2681593402208D-06 0.3036377042993D-06 0.3439293327447D-06
 0.3897096434121D-06 0.4417526806972D-06 0.5009463451510D-06 0.5683097835428D-06
 0.6450136331117D-06 0.7324035970113D-06 0.8320273921660D-06 0.9456667225270D-06
 0.1075373598323D-05 0.1223512898962D-05 0.1392811836144D-05 0.1586417084130D-05
 0.1807960823626D-05 0.2061638169506D-05 0.2352295549851D-05 0.2685534390232D-05
 0.3067829962098D-05 0.3506669136542D-05 0.4010709383788D-05 0.4589962400381D-05
 0.5256004043226D-05 0.6022217488932D-05 0.6904070792417D-05 0.7919434024346D-05
 0.9088942470007D-05 0.1043640975337D-04 0.1198929602717D-04 0.1377923840879D-04
 0.1584264936449D-04 0.1822138762979D-04 0.2096351007395D-04 0.2412410951368D-04
 0.2776624149909D-04 0.3196194966164D-04 0.3679338922814D-04 0.4235405344549D-04
 0.4875010497564D-04 0.5610181974938D-04 0.6454512768723D-04 0.7423327081251D-04
 0.8533857419086D-04 0.9805432468219D-04 0.1125967839558D-03 0.1292073630161D-03
 0.1481549615521D-03 0.1697385655324D-03 0.1942901787119D-03 0.2221781843900D-03
 0.2538113542796D-03 0.2896437179734D-03 0.3301805500291D-03 0.3759859496685D-03
 0.4276923840544D-03 0.4860127500791D-03 0.5517556175242D-03 0.6258442430808D-03
 0.7093398985448D-03 0.8034702434524D-03 0.9096629375741D-03 0.1029584573841D-02
 0.1165184774979D-02 0.1318744615113D-02 0.1492927809487D-02 0.1690833371897D-02
 0.1916047239077D-02 0.2172691079767D-02 0.2465467051556D-02 0.2799698954218D-02
 0.3181372343535D-02 0.3617180607448D-02 0.4114587514760D-02 0.4681921491460D-02
 0.5328519895004D-02 0.6064942337348D-02 0.6903266727537D-02 0.7857473248869D-02
 0.8943903696450D-02 0.1018176435878D-01 0.1159362178814D-01 0.1320583296435D-01
-0.8276207070464D-13 0.5762202263277D-11 0.6902730442051D-11 0.8269117737205D-11
 0.9905971941956D-11 0.1186679895415D-10 0.1421623372404D-10 0.1702916912043D-10
 0.2039910753920D-10 0.2443677795174D-10 0.2927346183685D-10 0.3506603077701D-10
 0.4200531172954D-10 0.5031644558738D-10 0.6027110974967D-10 0.7219383849378D-10
 0.8647331828743D-10 0.1035733254469D-09 0.1240527389951D-09 0.1485755282586D-09
 0.1779387985681D-09 0.2130975728208D-09 0.2551901879637D-09 0.3055811742959D-09
 0.3659018473280D-09 0.4381013707091D-09 0.5245111670431D-09 0.6279157829039D-09
 0.7516427429559D-09 0.8996663866434D-09 0.1076734559342D-08 0.1288509822916D-08
 0.1541754156716D-08 0.1844533277774D-08 0.2206464454922D-08 0.2639011606043D-08
 0.3155832258192D-08 0.3773192404397D-08 0.4510451771768D-08 0.5390640147146D-08
 0.6441138014497D-08 0.7694474376294D-08 0.9189271255376D-08 0.1097134882687D-07
 0.1309501881467D-07 0.1562460984490D-07 0.1863623315580D-07 0.2221985454213D-07
 0.2648169594307D-07 0.3154702055114D-07 0.3756335583436D-07 0.4470420732378D-07
 0.5317331646287D-07 0.6320953872012D-07 0.7509238965197D-07 0.8914832400019D-07
 0.1057578141280D-06 0.1253632457256D-06 0.1484776984169D-06 0.1756945865767D-06
 0.2076981440813D-06 0.2452746843039D-06 0.2893244830989D-06 0.3408740851124D-06
 0.4010886858272D-06 0.4712841537270D-06 0.5529380547120D-06 0.6476988676988D-06
 0.7573923245131D-06 0.8840235464533D-06 0.1029773331440D-05 0.1196986568607D-05
 0.1388150458933D-05 0.1605859782990D-05 0.1852766143301D-05 0.2131507892221D-05
 0.2444617277705D-05 0.2794401488638D-05 0.3182794791667D-05 0.3611179875261D-05
 0.4080178122357D-05 0.4589411252130D-05 0.5137240314139D-05 0.5720493054133D-05
 0.6334197610879D-05 0.6971348831314D-05 0.7622743770271D-05 0.8276935598101D-05
 0.8920367864225D-05 0.9537765220359D-05 0.1011286999431D-04 0.1062962181696D-04
 0.1107388160052D-04 0.1143579289088D-04 0.1171284861721D-04 0.1191368669699D-04
 0.1206256715994D-04 0.1220437648358D-04 0.1240987272261D-04 0.1278072324644D-04
 0.1345370616204D-04 0.1460328785416D-04 0.1644168057555D-04 0.1921547807713D-04
 0.2319816268300D-04 0.2867822643657D-04 0.3594341415448D-04 0.4526275977424D-04
 0.5686953065464D-04 0.7094975945419D-04 0.8764250872004D-04 0.1070586418439D-03
 0.1293241458402D-03 0.1546513103709D-03 0.1834355519740D-03 0.2163675988151D-03
 0.2545413679892D-03 0.2995290738852D-03 0.3533912948094D-03 0.4185957824059D-03
-0.5719969328375D-13-0.4955849685478D-11-0.5935929102168D-11-0.7110141955823D-11
-0.8516272703454D-11-0.1020130452733D-10-0.1221914985980D-10-0.1463698608645D-10
-0.1753360010517D-10-0.2100182779877D-10-0.2515721744180D-10-0.3013450030477D-10
-0.3609515469970D-10-0.4323502645077D-10-0.5178659662991D-10-0.6202825165932D-10
-0.7429370487936D-10-0.8898379579274D-10-0.1065739571835D-09-0.1276376758002D-09
-0.1528604358895D-09-0.1830588689297D-09-0.2192145483777D-09-0.2624989675857D-09
-0.3143122621497D-09-0.3763311400827D-09-0.4505564244149D-09-0.5393842747078D-09
-0.6456725394882D-09-0.7728394015536D-09-0.9249637282674D-09-0.1106919049681D-08
-0.1324519320516D-08-0.1584702931958D-08-0.1895743713650D-08-0.2267509171698D-08
-0.2711756939704D-08-0.3242493017403D-08-0.3876395499339D-08-0.4633308044416D-08
-0.5536834222239D-08-0.6615029878587D-08-0.7901218518086D-08-0.9434955057275D-08
-0.1126315530432D-07-0.1344141655550D-07-0.1603557046678D-07-0.1912348914012D-07
-0.2279718810464D-07-0.2716528145482D-07-0.3235581673572D-07-0.3851954933267D-07
-0.4583373177343D-07-0.5450644005295D-07-0.6478153659987D-07-0.7694431343550D-07
-0.9132787384592D-07-0.1083203387523D-06-0.1283728804493D-06-0.1520086703475D-06
-0.1798327083737D-06-0.2125425439851D-06-0.2509398218949D-06-0.2959425245916D-06
-0.3485977369817D-06-0.4100946431818D-06-0.4817773489298D-06-0.5651570088671D-06
-0.6619225347357D-06-0.7739489987535D-06-0.9033026305520D-06-0.1052241021798D-05
-0.1223206989967D-05-0.1418814306349D-05-0.1641823203546D-05-0.1895103661619D-05
-0.2181584394217D-05-0.2504185637321D-05-0.2865734634476D-05-0.3268863580720D-05
-0.3715891316637D-05-0.4208692753766D-05-0.4748563237469D-05-0.5336089350261D-05
-0.5971044339986D-05-0.6652333355462D-05-0.7378022463057D-05-0.8145497539692D-05
-0.8951808826957D-05-0.9794270452681D-05-0.1067139593727D-04-0.1158425724247D-04
-0.1253835975172D-04-0.1354612099370D-04-0.1463001973162D-04-0.1582644825335D-04
-0.1719024729886D-04-0.1879981407315D-04-0.2076257454451D-04-0.2322048681682D-04
-0.2635509930746D-04-0.3039157761603D-04-0.3560104686512D-04-0.4230060725826D-04
-0.5085058007781D-04-0.6164894627840D-04-0.7512357256962D-04-0.9172382892509D-04
-0.1119143589592D-03-0.1361749687177D-03-0.1650117871836D-03-0.1989851301243D-03
-0.2387586724900D-03-0.2851721605895D-03-0.3393351119530D-03-0.4027322746609D-03
-0.4773244786335D-03-0.5656218276700D-03-0.6707042558059D-03-0.7961710430378D-03
-0.2104032988770D-14 0.4165471079706D-14 0.5978232979813D-14 0.8214897054217D-14
 0.1009288257820D-13 0.1338158449888D-13 0.1807224991063D-13 0.2248832302646D-13
 0.2783689580004D-13 0.3643141714221D-13 0.4658368631351D-13 0.5893080880614D-13
 0.7532331576791D-13 0.9660261566090D-13 0.1225983282819D-12 0.1563437519573D-12
 0.1994086415268D-12 0.2527819550682D-12 0.3229711970532D-12 0.4107804441988D-12
 0.5222905051658D-12 0.6654032366929D-12 0.8453829343615D-12 0.1076047157469D-11
 0.1368747138106D-11 0.1741102633515D-11 0.2215291173430D-11 0.2817435522400D-11
 0.3583970389218D-11 0.4557664936700D-11 0.5797165892320D-11 0.7372521445308D-11
 0.9374211562522D-11 0.1191802225329D-10 0.1515219062102D-10 0.1926192009726D-10
 0.2448290362321D-10 0.3111605870936D-10 0.3954022407730D-10 0.5023865578394D-10
 0.6382251068749D-10 0.8106313710811D-10 0.1029430906058D-09 0.1307034673334D-09
 0.1659120877102D-09 0.2105570519012D-09 0.2671470625539D-09 0.3388516057614D-09
 0.4296755066654D-09 0.5446689768701D-09 0.6901972901504D-09 0.8742832542696D-09
 0.1107018110020D-08 0.1401098978278D-08 0.1772471999296D-08 0.2241146616896D-08
 0.2832208837289D-08 0.3577057941368D-08 0.4514951579884D-08 0.5694894681315D-08
 0.7177967531931D-08 0.9040168012355D-08 0.1137587708078D-07 0.1430207502506D-07
 0.1796342878953D-07 0.2253841578064D-07 0.2824666107687D-07 0.3535764551698D-07
 0.4420100225581D-07 0.5517856852505D-07 0.6877836028248D-07 0.8559061427106D-07
 0.1063259410664D-06 0.1318355303228D-06 0.1631332043327D-06 0.2014188426882D-06
 0.2481023695330D-06 0.3048270766371D-06 0.3734904081922D-06 0.4562596245396D-06
 0.5555787929793D-06 0.6741624145764D-06 0.8149696805409D-06 0.9811518560760D-06
 0.1175963691090D-05 0.1402628269707D-05 0.1664143427873D-05 0.1963017163243D-05
 0.2300919886867D-05 0.2678243338218D-05 0.3093560417524D-05 0.3542988082330D-05
 0.4019467521185D-05 0.4511993498480D-05 0.5004848519376D-05 0.5476927624930D-05
 0.5901275515278D-05 0.6244996933539D-05 0.6469738566900D-05 0.6532969123303D-05
 0.6390290628415D-05 0.5998982560027D-05 0.5322892977404D-05 0.4338622185181D-05
 0.3042680350277D-05 0.1458930142690D-05-0.3548410774521D-06-0.2302887805329D-05
-0.4252143208554D-05-0.6039927481125D-05-0.7490969637429D-05-0.8445163741366D-05
-0.8795760979568D-05-0.8534937947188D-05-0.7800094461537D-05-0.6910350530667D-05
-0.6379760849608D-05-0.6893537665518D-05-0.9238206262084D-05-0.1418788397878D-04
 0.4974736971132D-15-0.2661115311118D-14-0.3507006446567D-14-0.4258188547473D-14
-0.5744252334743D-14-0.7447773590968D-14-0.9814815754708D-14-0.1240880604625D-13
-0.1542988375227D-13-0.1974213017712D-13-0.2502032558075D-13-0.3234434915373D-13
-0.4086063002136D-13-0.5221490675239D-13-0.6664411610003D-13-0.8451490747687D-13
-0.1079171541184D-12-0.1369693752661D-12-0.1745263331894D-12-0.2223229894608D-12
-0.2827723358029D-12-0.3598941873165D-12-0.4578479365059D-12-0.5823977764226D-12
-0.7408410349309D-12-0.9426816193526D-12-0.1199333532602D-11-0.1525462056632D-11
-0.1940524451080D-11-0.2467919689567D-11-0.3139210623911D-11-0.3992375196163D-11
-0.5076481972231D-11-0.6454964169018D-11-0.8206798069561D-11-0.1043366759394D-10
-0.1326287582834D-10-0.1685733448163D-10-0.2142301015816D-10-0.2722179893302D-10
-0.3458461130007D-10-0.4393114861972D-10-0.5579398272146D-10-0.7084636471829D-10
-0.8994008027642D-10-0.1141538724351D-09-0.1448500883812D-09-0.1837508311433D-09
-0.2330309896860D-09-0.2954339986850D-09-0.3744199584426D-09-0.4743492734469D-09
-0.6007091915872D-09-0.7604043705292D-09-0.9621090856352D-09-0.1216712229439D-08
-0.1537867024964D-08-0.1942669751722D-08-0.2452501850470D-08-0.3094062470847D-08
-0.3900642521885D-08-0.4913678999699D-08-0.6184652892992D-08-0.7777399796408D-08
-0.9770899141967D-08-0.1226263729747D-07-0.1537263520682D-07-0.1924824122069D-07
-0.2406979681001D-07-0.3005728248191D-07-0.3747803334439D-07-0.4665560944352D-07
-0.5797985385161D-07-0.7191811503348D-07-0.8902753033078D-07-0.1099681207689D-06
-0.1355162676739D-06-0.1665779137318D-06-0.2042004753454D-06-0.2495820595515D-06
-0.3040760549869D-06-0.3691885201545D-06-0.4465650697403D-06-0.5379631150930D-06
-0.6452044223887D-06-0.7701020718963D-06-0.9143551919973D-06-0.1079404336000D-05
-0.1266240574564D-05-0.1475162315504D-05-0.1705476223745D-05-0.1955142804109D-05
-0.2220373728624D-05-0.2495197608357D-05-0.2771023926302D-05-0.3036251381001D-05
-0.3275986772952D-05-0.3471962410313D-05-0.3602760718747D-05-0.3644471092897D-05
-0.3571907832273D-05-0.3360500879884D-05-0.2988923431168D-05-0.2442425941350D-05
-0.1716698669650D-05-0.8218773989168D-06 0.2139576377506D-06 0.1342730251551D-05
 0.2496969483556D-05 0.3594432664933D-05 0.4548038235923D-05 0.5281954233596D-05
 0.5753751962336D-05 0.5981009709378D-05 0.6068805532365D-05 0.6232440484598D-05
 0.6808202393008D-05 0.8245047022771D-05 0.1107291209562D-04 0.1584991246203D-04
-0.9623321464412D-15 0.8101606908320D-14 0.1092256778662D-13 0.1387729218909D-13
 0.1767861996818D-13 0.2264831666906D-13 0.2927177531106D-13 0.3714220260957D-13
 0.4695827026167D-13 0.6024504157055D-13 0.7657682293728D-13 0.9746080952525D-13
 0.1238919044891D-12 0.1581811751379D-12 0.2010094353625D-12 0.2560846966770D-12
 0.3258608553805D-12 0.4144154581327D-12 0.5273830209351D-12 0.6714412766193D-12
 0.8541822256059D-12 0.1086809478840D-11 0.1382333155075D-11 0.1758420073536D-11
 0.2237014639641D-11 0.2845612857131D-11 0.3620019719099D-11 0.4604311566589D-11
 0.5856324980658D-11 0.7448174168058D-11 0.9472169329941D-11 0.1204513142438D-10
 0.1531597550243D-10 0.1947271626856D-10 0.2475609213259D-10 0.3146962390362D-10
 0.3999878846956D-10 0.5083427176729D-10 0.6459553216721D-10 0.8207037745361D-10
 0.1042568778412D-09 0.1324172886516D-09 0.1681527445740D-09 0.2134896393153D-09
 0.2709901069954D-09 0.3438967572278D-09 0.4363056081671D-09 0.5533915160197D-09
 0.7016884477935D-09 0.8894376711762D-09 0.1127027753071D-08 0.1427546008196D-08
 0.1807459924808D-08 0.2287477921637D-08 0.2893610071240D-08 0.3658491106559D-08
 0.4623023586482D-08 0.5838402762101D-08 0.7368622489183D-08 0.9293555423003D-08
 0.1171273480901D-07 0.1474997983249D-07 0.1855903003358D-07 0.2333038941350D-07
 0.2929959339066D-07 0.3675715154673D-07 0.4606043918370D-07 0.5764782405664D-07
 0.7205533625245D-07 0.8993616930078D-07 0.1120832779511D-06 0.1394552656854D-06
 0.1732056437104D-06 0.2147153405054D-06 0.2656280838494D-06 0.3278878603833D-06
 0.4037771044034D-06 0.4959535421863D-06 0.6074826247877D-06 0.7418612563486D-06
 0.9030269900031D-06 0.1095344997754D-05 0.1323562984195D-05 0.1592721794969D-05
 0.1908006970833D-05 0.2274524043907D-05 0.2696978488795D-05 0.3179240193973D-05
 0.3723773236938D-05 0.4330915232499D-05 0.4997998147489D-05 0.5718315698222D-05
 0.6479962700265D-05 0.7264601016331D-05 0.8046246056418D-05 0.8790217199220D-05
 0.9452454215169D-05 0.9979465137087D-05 0.1030923063003D-04 0.1037343373410D-04
 0.1010139011038D-04 0.9425996659775D-05 0.8291865792241D-05 0.6665527584376D-05
 0.4547140660986D-05 0.1982539338029D-05-0.9263216215683D-06-0.4015293902580D-05
-0.7059837073112D-05-0.9788591278689D-05-0.1191227784495D-04-0.1317003424847D-04
-0.1339234507636D-04-0.1257508110893D-04-0.1095319929123D-04-0.9056320883034D-05
-0.7723757157164D-05-0.8056611693945D-05-0.1129284678581D-04-0.1861046153049D-04
