  -5.2893098390437735E-019  -52.893098390437743        4079506.5689329999        2.4999999368450000E-005
   5.0937762599225277E-018   509.37762599225277        4079506.5689329999        2.4999999368450000E-005
   1.1927511571209641E-017   1192.7511571209641        4079506.5689329999        2.4999999368450000E-005
   1.9048477918489585E-017   1904.8477918489587        4079506.5689329999        2.4999999368450000E-005
   2.6274762205220086E-017   2627.4762205220086        4079506.5689329999        2.4999999368450000E-005
   3.3550600648026419E-017   3355.0600648026420        4079506.5689329999        2.4999999368450000E-005
   4.0853566426021800E-017   4085.3566426021803        4079506.5689329999        2.4999999368450000E-005
   4.8172959270289135E-017   4817.2959270289139        4079506.5689329999        2.4999999368450000E-005
   5.5503041907997857E-017   5550.3041907997858        4079506.5689329999        2.4999999368450000E-005
   6.2840466094375435E-017   6284.0466094375433        4079506.5689329999        2.4999999368450000E-005
  -9.9999006618071230E-021 -0.99999006618071240        79998.142334589997        2.4999999368450000E-005
   2.7494239250991135E-016   27494.239250991137        79998.142334589997        2.4999999368450000E-005
   6.1811766751700074E-016   61811.766751700074        79998.142334589997        2.4999999368450000E-005
   9.7860627520960963E-016   97860.627520960974        79998.142334589997        2.4999999368450000E-005
   1.3455637353668397E-015   134556.37353668397        79998.142334589997        2.4999999368450000E-005
   1.7155873691889727E-015   171558.73691889728        79998.142334589997        2.4999999368450000E-005
   2.0872955773577931E-015   208729.55773577932        79998.142334589997        2.4999999368450000E-005
   2.4600259664087839E-015   246002.59664087839        79998.142334589997        2.4999999368450000E-005
   2.8334223733125024E-015   283342.23733125028        79998.142334589997        2.4999999368450000E-005
   3.2072765723030874E-015   320727.65723030875        79998.142334589997        2.4999999368450000E-005
