  0.37211988928439094        0.0000000000000000       0.86152678799897264        274.07205200195312     
  0.37211988928439094        0.0000000000000000      -0.19298975581085812        274.07205200195312     
  0.37211988928439094        0.0000000000000000       -52.893098390437743        274.07205200195312     
  0.37211988928439094        2.0000000000000000        2.8615267879989728        274.07205200195312     
  0.37211988928439094        2.0000000000000000        1.8585536988230482        274.07205200195312     
  0.37211988928439094        2.0000000000000000        509.37762599225277        274.07205200195312     
  0.37211988928439094        6.0000000000000000        6.8615267879989723        274.07205200195312     
  0.37211988928439094        6.0000000000000000        4.3519620056424584        274.07205200195312     
  0.37211988928439094        6.0000000000000000        1192.7511571209641        274.07205200195312     
  0.37211988928439094        12.000000000000000        12.861526787998972        274.07205200195312     
  0.37211988928439094        12.000000000000000        6.9501715988005373        274.07205200195312     
  0.37211988928439094        12.000000000000000        1904.8477918489587        274.07205200195312     
  0.37211988928439094        20.000000000000000        20.861526787998972        274.07205200195312     
  0.37211988928439094        20.000000000000000        9.5868082912127228        274.07205200195312     
  0.37211988928439094        20.000000000000000        2627.4762205220086        274.07205200195312     
  0.37211988928439094        30.000000000000000        30.861526787998972        274.07205200195312     
  0.37211988928439094        30.000000000000000        12.241525687481381        274.07205200195312     
  0.37211988928439094        30.000000000000000        3355.0600648026420        274.07205200195312     
  0.37211988928439094        42.000000000000000        42.861526787998976        274.07205200195312     
  0.37211988928439094        42.000000000000000        14.906140968262852        274.07205200195312     
  0.37211988928439094        42.000000000000000        4085.3566426021803        274.07205200195312     
  0.37211988928439094        56.000000000000000        56.861526787998976        274.07205200195312     
  0.37211988928439094        56.000000000000000        17.576749952580297        274.07205200195312     
  0.37211988928439094        56.000000000000000        4817.2959270289139        274.07205200195312     
  0.37211988928439094        72.000000000000000        72.861526787998969        274.07205200195312     
  0.37211988928439094        72.000000000000000        20.251259295713350        274.07205200195312     
  0.37211988928439094        72.000000000000000        5550.3041907997858        274.07205200195312     
  0.37211988928439094        90.000000000000000        90.861526787998969        274.07205200195312     
  0.37211988928439094        90.000000000000000        22.928447331772308        274.07205200195312     
  0.37211988928439094        90.000000000000000        6284.0466094375433        274.07205200195312     
   7.2971815011173436E-003   0.0000000000000000       0.99994675114213971        274.07205200195312     
   7.2971815011173436E-003   0.0000000000000000       -3.6486393226755794E-003   274.07205200195312     
   7.2971815011173436E-003   0.0000000000000000      -0.99999006618071240        274.07205200195312     
   7.2971815011173436E-003   2.0000000000000000        2.9999467511421396        274.07205200195312     
   7.2971815011173436E-003   2.0000000000000000        100.31755901471925        274.07205200195312     
   7.2971815011173436E-003   2.0000000000000000        27494.239250991137        274.07205200195312     
   7.2971815011173436E-003   6.0000000000000000        6.9999467511421400        274.07205200195312     
   7.2971815011173436E-003   6.0000000000000000        225.53108315932769        274.07205200195312     
   7.2971815011173436E-003   6.0000000000000000        61811.766751700074        274.07205200195312     
   7.2971815011173436E-003   12.000000000000000        12.999946751142140        274.07205200195312     
   7.2971815011173436E-003   12.000000000000000        357.06168070089683        274.07205200195312     
   7.2971815011173436E-003   12.000000000000000        97860.627520960974        274.07205200195312     
   7.2971815011173436E-003   20.000000000000000        20.999946751142140        274.07205200195312     
   7.2971815011173436E-003   20.000000000000000        490.95255263650552        274.07205200195312     
   7.2971815011173436E-003   20.000000000000000        134556.37353668397        274.07205200195312     
   7.2971815011173436E-003   30.000000000000000        30.999946751142140        274.07205200195312     
   7.2971815011173436E-003   30.000000000000000        625.96217186593947        274.07205200195312     
   7.2971815011173436E-003   30.000000000000000        171558.73691889728        274.07205200195312     
   7.2971815011173436E-003   42.000000000000000        42.999946751142140        274.07205200195312     
   7.2971815011173436E-003   42.000000000000000        761.58643762149029        274.07205200195312     
   7.2971815011173436E-003   42.000000000000000        208729.55773577932        274.07205200195312     
   7.2971815011173436E-003   56.000000000000000        56.999946751142140        274.07205200195312     
   7.2971815011173436E-003   56.000000000000000        897.58366401812214        274.07205200195312     
   7.2971815011173436E-003   56.000000000000000        246002.59664087839        274.07205200195312     
   7.2971815011173436E-003   72.000000000000000        72.999946751142133        274.07205200195312     
   7.2971815011173436E-003   72.000000000000000        1033.8238987214613        274.07205200195312     
   7.2971815011173436E-003   72.000000000000000        283342.23733125028        274.07205200195312     
   7.2971815011173436E-003   90.000000000000000        90.999946751142133        274.07205200195312     
   7.2971815011173436E-003   90.000000000000000        1170.2311669050557        274.07205200195312     
   7.2971815011173436E-003   90.000000000000000        320727.65723030875        274.07205200195312     
