     0.000000    -0.566530     0.714170     0.714170     0.714170     0.777790     0.777790     0.817950     1.354070     1.354070
     0.020000    -0.566260     0.704920     0.713660     0.713660     0.776800     0.782170     0.823530     1.345470     1.345470
     0.040000    -0.565440     0.684430     0.712120     0.712120     0.773840     0.788240     0.840060     1.331320     1.331320
     0.060000    -0.564080     0.660110     0.709580     0.709580     0.769000     0.792140     0.863980     1.317360     1.317360
     0.080000    -0.562180     0.634570     0.706030     0.706030     0.762440     0.795020     0.891500     1.304490     1.304490
     0.100000    -0.559740     0.608760     0.701510     0.701510     0.754310     0.797730     0.920800     1.292940     1.292940
     0.120000    -0.556750     0.583070     0.696050     0.696050     0.744810     0.800600     0.951080     1.282810     1.282810
     0.140000    -0.553230     0.557700     0.689690     0.689690     0.734140     0.803780     0.981940     1.274140     1.274140
     0.160000    -0.549180     0.532770     0.682470     0.682470     0.722500     0.807310     1.013110     1.266960     1.266960
     0.180000    -0.544590     0.508340     0.674450     0.674450     0.710060     0.811230     1.044360     1.261260     1.261260
     0.200000    -0.539480     0.484480     0.665700     0.665700     0.696990     0.815550     1.075460     1.257020     1.257020
     0.220000    -0.533850     0.461210     0.656280     0.656280     0.683440     0.820270     1.106160     1.254220     1.254220
     0.240000    -0.527710     0.438560     0.646260     0.646260     0.669540     0.825390     1.136160     1.252820     1.252820
     0.260000    -0.521050     0.416570     0.635730     0.635730     0.655400     0.830900     1.165040     1.252770     1.252770
     0.280000    -0.513900     0.395240     0.624750     0.624750     0.641140     0.836780     1.192320     1.254030     1.254030
     0.300000    -0.506250     0.374590     0.613420     0.613420     0.626820     0.843010     1.217320     1.256540     1.256540
     0.320000    -0.498120     0.354650     0.601790     0.601790     0.612530     0.849580     1.239220     1.260250     1.260250
     0.340000    -0.489530     0.335440     0.589950     0.589950     0.598320     0.856450     1.257040     1.265120     1.265120
     0.360000    -0.480470     0.316960     0.577960     0.577960     0.584260     0.863570     1.269720     1.271080     1.271080
     0.380000    -0.470980     0.299230     0.565880     0.565880     0.570380     0.870890     1.276350     1.278090     1.278090
     0.400000    -0.461070     0.282290     0.553790     0.553790     0.556740     0.878320     1.276410     1.286100     1.286100
     0.420000    -0.450750     0.266130     0.541720     0.541720     0.543360     0.885770     1.270030     1.295070     1.295070
     0.440000    -0.440060     0.250800     0.529740     0.529740     0.530280     0.893080     1.257980     1.304950     1.304950
     0.460000    -0.429010     0.236320     0.517520     0.517890     0.517890     0.900040     1.241440     1.315700     1.315700
     0.480000    -0.417650     0.222710     0.505110     0.506210     0.506210     0.906360     1.221790     1.327300     1.327300
     0.500000    -0.406010     0.210000     0.493060     0.494740     0.494740     0.911590     1.200480     1.339690     1.339690
     0.520000    -0.394120     0.198240     0.481400     0.483520     0.483520     0.915130     1.178940     1.352850     1.352850
     0.540000    -0.382050     0.187470     0.470130     0.472580     0.472580     0.916130     1.158660     1.366750     1.366750
     0.560000    -0.369830     0.177730     0.459280     0.461940     0.461940     0.913560     1.141150     1.381350     1.381350
     0.580000    -0.357530     0.169080     0.448850     0.451640     0.451640     0.906410     1.127810     1.396630     1.396630
     0.600000    -0.345220     0.161580     0.438850     0.441690     0.441690     0.894050     1.119520     1.412550     1.412550
     0.620000    -0.332990     0.155300     0.429300     0.432120     0.432120     0.876590     1.116390     1.429090     1.429090
     0.640000    -0.320900     0.150300     0.420210     0.422940     0.422940     0.854790     1.117810     1.446210     1.446210
     0.660000    -0.309050     0.146680     0.411570     0.414180     0.414180     0.829680     1.122850     1.463880     1.463880
     0.680000    -0.297550     0.144520     0.403400     0.405850     0.405850     0.802230     1.130630     1.482070     1.482070
     0.700000    -0.286480     0.143900     0.395690     0.397970     0.397970     0.773200     1.140430     1.500740     1.500740
     0.720000    -0.275950     0.144910     0.388470     0.390540     0.390540     0.743170     1.151700     1.519850     1.519850
     0.740000    -0.266040     0.147620     0.381730     0.383570     0.383570     0.712550     1.164040     1.539350     1.539350
     0.760000    -0.256850     0.152100     0.375470     0.377090     0.377090     0.681640     1.177130     1.559180     1.559180
     0.780000    -0.248440     0.158390     0.369710     0.371090     0.371090     0.650660     1.190700     1.579270     1.579270
     0.800000    -0.240850     0.166510     0.364430     0.365590     0.365590     0.619790     1.204520     1.599530     1.599530
     0.820000    -0.234110     0.176480     0.359650     0.360600     0.360600     0.589150     1.218370     1.619850     1.619850
     0.840000    -0.228230     0.188260     0.355370     0.356110     0.356110     0.558870     1.232000     1.640090     1.640090
     0.860000    -0.223180     0.201800     0.351580     0.352140     0.352140     0.529030     1.245170     1.660050     1.660050
     0.880000    -0.218940     0.217040     0.348300     0.348680     0.348680     0.499720     1.257590     1.679460     1.679460
     0.900000    -0.215460     0.233900     0.345520     0.345760     0.345760     0.471020     1.268970     1.697950     1.697950
     0.920000    -0.212690     0.252280     0.343240     0.343350     0.343350     0.443000     1.278960     1.715000     1.715000
     0.940000    -0.210600     0.272090     0.341470     0.341490     0.341490     0.415720     1.287220     1.729900     1.729900
     0.960000    -0.209130     0.293240     0.340150     0.340150     0.340210     0.389270     1.293420     1.741710     1.741710
     0.980000    -0.208270     0.315610     0.339350     0.339350     0.339450     0.363720     1.297270     1.749400     1.749400
     1.000000    -0.207980     0.339080     0.339080     0.339080     0.339190     0.339190     1.298580     1.752090     1.752090
     1.000000    -0.207980     0.339080     0.339080     0.339080     0.339190     0.339190     1.298580     1.752090     1.752090
     1.014142    -0.208120     0.324530     0.330890     0.339210     0.347900     0.354010     1.297920     1.750730     1.751500
     1.028284    -0.208550     0.310200     0.323180     0.339610     0.357180     0.369140     1.295960     1.746590     1.749790
     1.042426    -0.209260     0.296130     0.316000     0.340280     0.366950     0.384540     1.292720     1.739620     1.747120
     1.056569    -0.210250     0.282340     0.309370     0.341220     0.377210     0.400200     1.288230     1.729820     1.743680
     1.070711    -0.211500     0.268830     0.303300     0.342420     0.387940     0.416120     1.282530     1.717380     1.739730
     1.084853    -0.213020     0.255580     0.297770     0.343880     0.399120     0.432300     1.275690     1.702670     1.735470
     1.098995    -0.214800     0.242620     0.292810     0.345610     0.410730     0.448730     1.267780     1.686140     1.731110
     1.113137    -0.216810     0.229930     0.288390     0.347600     0.422760     0.465410     1.258870     1.668240     1.726800
     1.127279    -0.219060     0.217530     0.284530     0.349850     0.435180     0.482350     1.249050     1.649330     1.722670
     1.141421    -0.221520     0.205400     0.281230     0.352350     0.447960     0.499530     1.238410     1.629700     1.718780
     1.155563    -0.224180     0.193560     0.278460     0.355110     0.461090     0.516950     1.227050     1.609590     1.715190
     1.169706    -0.227030     0.182000     0.276240     0.358120     0.474540     0.534620     1.215070     1.589140     1.711940
     1.183848    -0.230040     0.170730     0.274540     0.361380     0.488280     0.552520     1.202570     1.568500     1.709040
     1.197990    -0.233210     0.159740     0.273370     0.364880     0.502260     0.570660     1.189650     1.547760     1.706470
     1.212132    -0.236510     0.149040     0.272720     0.368610     0.516460     0.589020     1.176420     1.526990     1.704230
     1.226274    -0.239930     0.138630     0.272560     0.372590     0.530830     0.607620     1.162980     1.506250     1.702290
     1.240416    -0.243440     0.128500     0.272900     0.376790     0.545320     0.626430     1.149440     1.485600     1.700640
     1.254558    -0.247040     0.118670     0.273720     0.381210     0.559870     0.645460     1.135910     1.465060     1.699230
     1.268701    -0.250690     0.109130     0.275010     0.385850     0.574410     0.664700     1.122500     1.444680     1.698030
     1.282843    -0.254400     0.099890     0.276750     0.390700     0.588880     0.684150     1.109330     1.424490     1.697020
     1.296985    -0.258130     0.090930     0.278930     0.395750     0.603160     0.703790     1.096530     1.404510     1.696140
     1.311127    -0.261870     0.082270     0.281540     0.400990     0.617150     0.723630     1.084260     1.384770     1.695360
     1.325269    -0.265610     0.073910     0.284570     0.406410     0.630720     0.743650     1.072670     1.365290     1.694620
     1.339411    -0.269320     0.065840     0.288000     0.412000     0.643700     0.763840     1.061950     1.346090     1.693890
     1.353553    -0.273010     0.058070     0.291830     0.417760     0.655920     0.784200     1.052300     1.327200     1.693100
     1.367696    -0.276650     0.050600     0.296020     0.423660     0.667170     0.804710     1.043960     1.308630     1.692200
     1.381838    -0.280220     0.043430     0.300580     0.429690     0.677220     0.825360     1.037150     1.290420     1.691120
     1.395980    -0.283730     0.036550     0.305490     0.435830     0.685830     0.846140     1.032150     1.272570     1.689780
     1.410122    -0.287150     0.029980     0.310730     0.442080     0.692780     0.867030     1.029170     1.255110     1.688090
     1.424264    -0.290470     0.023710     0.316290     0.448400     0.697880     0.888000     1.028420     1.238080     1.685960
     1.438406    -0.293690     0.017740     0.322140     0.454780     0.701010     0.909050     1.030020     1.221490     1.683290
     1.452548    -0.296800     0.012070     0.328280     0.461200     0.702140     0.930130     1.034010     1.205370     1.679940
     1.466690    -0.299780     0.006700     0.334690     0.467620     0.701330     0.951230     1.040330     1.189750     1.675810
     1.480833    -0.302630     0.001640     0.341330     0.474020     0.698730     0.972290     1.048820     1.174670     1.670740
     1.494975    -0.305350    -0.003120     0.348200     0.480370     0.694550     0.993290     1.059270     1.160150     1.664630
     1.509117    -0.307910    -0.007570     0.355260     0.486620     0.689030     1.014170     1.071430     1.146240     1.657360
     1.523259    -0.310330    -0.011720     0.362480     0.492760     0.682430     1.034860     1.085030     1.132970     1.648850
     1.537401    -0.312590    -0.015560     0.369820     0.498730     0.675000     1.055290     1.099800     1.120390     1.639060
     1.551543    -0.314680    -0.019100     0.377240     0.504480     0.666970     1.075370     1.108550     1.115500     1.628030
     1.565685    -0.316610    -0.022330     0.384680     0.509980     0.658540     1.094980     1.097490     1.131860     1.615830
     1.579828    -0.318370    -0.025260     0.392090     0.515180     0.649940     1.087250     1.113990     1.148640     1.602650
     1.593970    -0.319950    -0.027870     0.399370     0.520020     0.641340     1.077900     1.132210     1.165590     1.588720
     1.608112    -0.321350    -0.030180     0.406430     0.524450     0.632940     1.069490     1.149450     1.182400     1.574340
     1.622254    -0.322570    -0.032180     0.413140     0.528420     0.624950     1.062070     1.165450     1.198770     1.559900
     1.636396    -0.323610    -0.033880     0.419350     0.531880     0.617560     1.055680     1.179910     1.214270     1.545870
     1.650538    -0.324460    -0.035270     0.424870     0.534780     0.611020     1.050390     1.192500     1.228420     1.532820
     1.664680    -0.325120    -0.036350     0.429500     0.537090     0.605570     1.046220     1.202830     1.240590     1.521420
     1.678823    -0.325600    -0.037120     0.433020     0.538760     0.601440     1.043220     1.210550     1.250090     1.512440
     1.692965    -0.325890    -0.037580     0.435230     0.539780     0.598860     1.041400     1.215330     1.256180     1.506650
     1.707107    -0.325980    -0.037730     0.435980     0.540120     0.597980     1.040800     1.216950     1.258290     1.504640
     1.707107    -0.325980    -0.037730     0.435980     0.540120     0.597980     1.040800     1.216950     1.258290     1.504640
     1.721249    -0.326560    -0.036890     0.436120     0.540240     0.598110     1.040930     1.216630     1.257660     1.504890
     1.735391    -0.328290    -0.034390     0.436520     0.540620     0.598480     1.041320     1.215660     1.255810     1.505640
     1.749533    -0.331100    -0.030290     0.437190     0.541250     0.599110     1.041970     1.214060     1.252760     1.506840
     1.763675    -0.334890    -0.024690     0.438120     0.542120     0.599980     1.042880     1.211860     1.248600     1.508420
     1.777817    -0.339570    -0.017690     0.439320     0.543250     0.601100     1.044060     1.209100     1.243400     1.510300
     1.791960    -0.345010    -0.009410     0.440790     0.544620     0.602470     1.045500     1.205820     1.237260     1.512350
     1.806102    -0.351080     0.000000     0.442520     0.546240     0.604090     1.047190     1.202070     1.230280     1.514430
     1.820244    -0.357670     0.010450     0.444520     0.548090     0.605950     1.049150     1.197910     1.222570     1.516390
     1.834386    -0.364680     0.021820     0.446780     0.550190     0.608050     1.051370     1.193370     1.214220     1.518050
     1.848528    -0.372000     0.034010     0.449310     0.552530     0.610400     1.053850     1.188500     1.205320     1.519210
     1.862670    -0.379560     0.046940     0.452090     0.555090     0.612980     1.056600     1.183360     1.195940     1.519670
     1.876812    -0.387270     0.060530     0.455140     0.557890     0.615810     1.059600     1.177970     1.186160     1.519230
     1.890955    -0.395090     0.074710     0.458450     0.560910     0.618860     1.062860     1.172370     1.176030     1.517700
     1.905097    -0.402960     0.089440     0.462020     0.564150     0.622150     1.066390     1.165620     1.166590     1.514930
     1.919239    -0.410830     0.104650     0.465840     0.567610     0.625660     1.070180     1.154970     1.160660     1.510810
     1.933381    -0.418670     0.120320     0.469920     0.571270     0.629400     1.074220     1.144110     1.154600     1.505280
     1.947523    -0.426440     0.136400     0.474260     0.575140     0.633350     1.078530     1.133080     1.148410     1.498360
     1.961665    -0.434120     0.152850     0.478850     0.579200     0.637520     1.083100     1.121910     1.142110     1.490120
     1.975807    -0.441680     0.169650     0.483690     0.583440     0.641890     1.087930     1.110620     1.135700     1.480690
     1.989949    -0.449100     0.186780     0.488770     0.587860     0.646460     1.093020     1.099230     1.129190     1.470240
     2.004092    -0.456370     0.204200     0.494110     0.592450     0.651220     1.087750     1.098370     1.122560     1.458950
     2.018234    -0.463470     0.221890     0.499680     0.597200     0.656160     1.076210     1.103990     1.115800     1.447020
     2.032376    -0.470380     0.239840     0.505500     0.602100     0.661270     1.064610     1.108900     1.109860     1.434640
     2.046518    -0.477100     0.258020     0.511550     0.607120     0.666550     1.052960     1.101840     1.115990     1.421990
     2.060660    -0.483620     0.276420     0.517840     0.612270     0.671970     1.041280     1.094580     1.122390     1.409250
     2.074802    -0.489930     0.295010     0.524370     0.617530     0.677520     1.029560     1.087090     1.129040     1.396590
     2.088944    -0.496010     0.313780     0.531120     0.622870     0.683190     1.017810     1.079340     1.135960     1.384160
     2.103087    -0.501870     0.332710     0.538100     0.628290     0.688960     1.006050     1.071290     1.143130     1.372100
     2.117229    -0.507500     0.351780     0.545290     0.633760     0.694810     0.994270     1.062880     1.150570     1.360560
     2.131371    -0.512890     0.370970     0.552710     0.639270     0.700720     0.982480     1.054080     1.158260     1.349650
     2.145513    -0.518040     0.390270     0.560330     0.644790     0.706660     0.970690     1.044850     1.166210     1.339500
     2.159655    -0.522940     0.409650     0.568160     0.650300     0.712600     0.958900     1.035140     1.174420     1.330210
     2.173797    -0.527590     0.429090     0.576190     0.655780     0.718530     0.947110     1.024910     1.182890     1.321890
     2.187939    -0.532000     0.448570     0.584410     0.661200     0.724400     0.935350     1.014160     1.191620     1.314620
     2.202082    -0.536140     0.468080     0.592820     0.666530     0.730190     0.923610     1.002860     1.200600     1.308460
     2.216224    -0.540030     0.487580     0.601400     0.671740     0.735860     0.911900     0.991010     1.209840     1.303480
     2.230366    -0.543660     0.507050     0.610150     0.676800     0.741360     0.900230     0.978620     1.219330     1.299710
     2.244508    -0.547020     0.526460     0.619060     0.681680     0.746670     0.888620     0.965710     1.229070     1.297200
     2.258650    -0.550130     0.545780     0.628100     0.686350     0.751740     0.877090     0.952320     1.239070     1.295960
     2.272792    -0.552960     0.564970     0.637260     0.690760     0.756520     0.865640     0.938510     1.249320     1.295990
     2.286934    -0.555530     0.583990     0.646520     0.694900     0.760980     0.854320     0.924320     1.259810     1.297310
     2.301076    -0.557840     0.602760     0.655840     0.698710     0.765060     0.843140     0.909840     1.270540     1.299910
     2.315219    -0.559870     0.621230     0.665170     0.702170     0.768720     0.832170     0.895170     1.281500     1.303760
     2.329361    -0.561640     0.639270     0.674450     0.705250     0.771890     0.821470     0.880470     1.292680     1.308860
     2.343503    -0.563130     0.656710     0.683570     0.707910     0.774530     0.811150     0.865940     1.304060     1.315150
     2.357645    -0.564360     0.673270     0.692340     0.710130     0.776540     0.801380     0.851920     1.315590     1.322590
     2.371787    -0.565310     0.688480     0.700470     0.711880     0.777830     0.792480     0.839000     1.327170     1.331040
     2.385929    -0.565990     0.701470     0.707430     0.713150     0.778290     0.784970     0.828110     1.338560     1.340240
     2.400071    -0.566400     0.710710     0.712350     0.713910     0.778050     0.779720     0.820630     1.348840     1.349240
     2.414214    -0.566530     0.714170     0.714170     0.714170     0.777790     0.777790     0.817950     1.354070     1.354070
     2.414214    -0.566530     0.714170     0.714170     0.714170     0.777790     0.777790     0.817950     1.354070     1.354070
     2.431534    -0.566330     0.709790     0.712220     0.712220     0.779480     0.779480     0.821880     1.346990     1.346990
     2.448855    -0.565720     0.698220     0.706850     0.706850     0.784040     0.784040     0.832090     1.334630     1.334630
     2.466175    -0.564700     0.682220     0.699070     0.699070     0.790510     0.790510     0.845820     1.322070     1.322070
     2.483496    -0.563270     0.663730     0.689670     0.689670     0.798090     0.798090     0.861140     1.310190     1.310190
     2.500816    -0.561430     0.643820     0.679170     0.679170     0.806290     0.806290     0.877000     1.299220     1.299220
     2.518137    -0.559190     0.623060     0.667870     0.667870     0.814870     0.814870     0.892830     1.289260     1.289260
     2.535457    -0.556550     0.601790     0.655930     0.655930     0.823680     0.823680     0.908320     1.280310     1.280310
     2.552778    -0.553510     0.580230     0.643460     0.643460     0.832650     0.832650     0.923300     1.272390     1.272390
     2.570098    -0.550060     0.558520     0.630560     0.630560     0.841750     0.841750     0.937680     1.265490     1.265490
     2.587419    -0.546220     0.536760     0.617280     0.617280     0.850980     0.850980     0.951420     1.259600     1.259600
     2.604739    -0.541980     0.515050     0.603660     0.603660     0.860330     0.860330     0.964500     1.254690     1.254690
     2.622060    -0.537350     0.493440     0.589770     0.589770     0.869810     0.869810     0.976970     1.250750     1.250750
     2.639380    -0.532330     0.471990     0.575630     0.575630     0.879440     0.879440     0.988840     1.247730     1.247730
     2.656701    -0.526930     0.450750     0.561290     0.561290     0.889220     0.889220     1.000180     1.245620     1.245620
     2.674021    -0.521140     0.429760     0.546790     0.546790     0.899170     0.899170     1.011030     1.244380     1.244380
     2.691342    -0.514990     0.409050     0.532170     0.532170     0.909300     0.909300     1.021460     1.243970     1.243970
     2.708662    -0.508470     0.388650     0.517450     0.517450     0.919630     0.919630     1.031530     1.244380     1.244380
     2.725983    -0.501580     0.368610     0.502690     0.502690     0.930170     0.930170     1.041290     1.245560     1.245560
     2.743303    -0.494350     0.348930     0.487900     0.487900     0.940920     0.940920     1.050790     1.247490     1.247490
     2.760624    -0.486770     0.329650     0.473120     0.473120     0.951890     0.951890     1.060080     1.250130     1.250130
     2.777944    -0.478860     0.310800     0.458380     0.458380     0.963100     0.963100     1.069210     1.253470     1.253470
     2.795265    -0.470630     0.292400     0.443710     0.443710     0.974530     0.974530     1.078200     1.257470     1.257470
     2.812585    -0.462090     0.274480     0.429120     0.429120     0.986200     0.986200     1.087100     1.262100     1.262100
     2.829906    -0.453260     0.257050     0.414660     0.414660     0.998100     0.998100     1.095920     1.267350     1.267350
     2.847226    -0.444150     0.240150     0.400330     0.400330     1.010240     1.010240     1.104690     1.273190     1.273190
     2.864547    -0.434790     0.223810     0.386170     0.386170     1.022600     1.022600     1.113420     1.279600     1.279600
     2.881867    -0.425200     0.208050     0.372180     0.372180     1.035180     1.035180     1.122140     1.286550     1.286550
     2.899188    -0.415410     0.192910     0.358400     0.358400     1.047980     1.047980     1.130830     1.294030     1.294030
     2.916508    -0.405450     0.178420     0.344830     0.344830     1.060970     1.060970     1.139510     1.302020     1.302020
     2.933829    -0.395340     0.164630     0.331490     0.331490     1.074150     1.074150     1.148180     1.310500     1.310500
     2.951149    -0.385140     0.151560     0.318400     0.318400     1.087490     1.087490     1.156830     1.319450     1.319450
     2.968470    -0.374890     0.139290     0.305570     0.305570     1.100970     1.100970     1.165460     1.328850     1.328850
     2.985790    -0.364650     0.127850     0.293010     0.293010     1.114570     1.114570     1.174060     1.338680     1.338680
     3.003111    -0.354470     0.117310     0.280730     0.280730     1.128250     1.128250     1.182610     1.348920     1.348920
     3.020431    -0.344420     0.107740     0.268760     0.268760     1.141970     1.141970     1.191090     1.359560     1.359560
     3.037752    -0.334580     0.099210     0.257090     0.257090     1.155690     1.155690     1.199470     1.370560     1.370560
     3.055072    -0.325040     0.091820     0.245730     0.245730     1.169340     1.169340     1.207750     1.381920     1.381920
     3.072393    -0.315880     0.085630     0.234700     0.234700     1.182870     1.182870     1.215890     1.393600     1.393600
     3.089713    -0.307210     0.080760     0.224000     0.224000     1.196190     1.196190     1.223850     1.405570     1.405570
     3.107034    -0.299110     0.077290     0.213640     0.213640     1.209220     1.209220     1.231610     1.417800     1.417800
     3.124354    -0.291680     0.075320     0.203630     0.203630     1.221830     1.221830     1.239120     1.430270     1.430270
     3.141675    -0.285010     0.074910     0.193970     0.193970     1.233890     1.233890     1.246350     1.442920     1.442920
     3.158995    -0.279160     0.076130     0.184680     0.184680     1.245250     1.245250     1.253250     1.455710     1.455710
     3.176316    -0.274180     0.079030     0.175750     0.175750     1.255730     1.255730     1.259780     1.468580     1.468580
     3.193636    -0.270090     0.083600     0.167190     0.167190     1.265110     1.265110     1.265860     1.481470     1.481470
     3.210957    -0.266870     0.089840     0.159020     0.159020     1.271460     1.273150     1.273150     1.494310     1.494310
     3.228277    -0.264500     0.097700     0.151220     0.151220     1.276470     1.279620     1.279620     1.507010     1.507010
     3.245598    -0.262910     0.107100     0.143810     0.143810     1.280820     1.284230     1.284230     1.519470     1.519470
     3.262918    -0.262020     0.117960     0.136790     0.136790     1.284360     1.286740     1.286740     1.531580     1.531580
     3.280239    -0.261740     0.130170     0.130170     0.130170     1.286950     1.286950     1.286950     1.543200     1.543200
     3.280239    -0.261740     0.130170     0.130170     0.130170     1.286950     1.286950     1.286950     1.543200     1.543200
     3.290239    -0.261830     0.123800     0.130410     0.136640     1.285870     1.286050     1.287900     1.531800     1.543100
     3.300239    -0.262090     0.117520     0.131120     0.143220     1.283370     1.284680     1.288720     1.520260     1.542790
     3.310239    -0.262510     0.111360     0.132320     0.149880     1.278980     1.283380     1.289410     1.508580     1.542310
     3.320239    -0.263110     0.105300     0.133980     0.156640     1.272970     1.281980     1.289950     1.496770     1.541660
     3.330239    -0.263860     0.099350     0.136110     0.163500     1.265470     1.280480     1.290360     1.484830     1.540900
     3.340239    -0.264770     0.093510     0.138690     0.170430     1.256600     1.278900     1.290610     1.472760     1.540030
     3.350239    -0.265830     0.087790     0.141730     0.177450     1.246520     1.277240     1.290710     1.460560     1.539090
     3.360239    -0.267020     0.082170     0.145210     0.184560     1.235360     1.275500     1.290660     1.448260     1.538090
     3.370239    -0.268340     0.076680     0.149130     0.191740     1.223260     1.273710     1.290440     1.435870     1.537060
     3.380239    -0.269780     0.071300     0.153460     0.198990     1.210340     1.271850     1.290060     1.423410     1.535990
     3.390239    -0.271330     0.066040     0.158210     0.206300     1.196720     1.269950     1.289500     1.410890     1.534910
     3.400239    -0.272980     0.060900     0.163350     0.213690     1.182500     1.268010     1.288760     1.398360     1.533810
     3.410239    -0.274700     0.055880     0.168890     0.221130     1.167760     1.266040     1.287810     1.385840     1.532690
     3.420239    -0.276510     0.050980     0.174800     0.228620     1.152590     1.264040     1.286640     1.373380     1.531560
     3.430239    -0.278380     0.046200     0.181070     0.236160     1.137050     1.262030     1.285200     1.361050     1.530430
     3.440239    -0.280300     0.041550     0.187700     0.243740     1.121210     1.260000     1.283420     1.348950     1.529290
     3.450239    -0.282260     0.037030     0.194680     0.251360     1.105110     1.257970     1.281180     1.337230     1.528160
     3.460239    -0.284250     0.032630     0.201980     0.259010     1.088800     1.255940     1.278270     1.326110     1.527020
     3.470239    -0.286270     0.028360     0.209610     0.266680     1.072320     1.253920     1.274370     1.315950     1.525880
     3.480239    -0.288300     0.024210     0.217550     0.274360     1.055700     1.251910     1.269060     1.307190     1.524750
     3.490239    -0.290340     0.020200     0.225780     0.282040     1.038980     1.249920     1.262050     1.300160     1.523630
     3.500239    -0.292370     0.016310     0.234320     0.289720     1.022180     1.247960     1.253380     1.294830     1.522520
     3.510239    -0.294380     0.012560     0.243130     0.297380     1.005320     1.243500     1.246020     1.290800     1.521420
     3.520239    -0.296380     0.008940     0.252220     0.305010     0.988430     1.232860     1.244120     1.287630     1.520340
     3.530239    -0.298350     0.005440     0.261580     0.312610     0.971510     1.221820     1.242260     1.285000     1.519280
     3.540239    -0.300290     0.002080     0.271190     0.320150     0.954600     1.210600     1.240440     1.282720     1.518250
     3.550239    -0.302190    -0.001140     0.281060     0.327630     0.937710     1.199350     1.238660     1.280670     1.517230
     3.560239    -0.304040    -0.004240     0.291170     0.335040     0.920840     1.188170     1.236940     1.278780     1.516240
     3.570239    -0.305850    -0.007190     0.301520     0.342340     0.904010     1.177120     1.235270     1.277010     1.515280
     3.580239    -0.307590    -0.010020     0.312100     0.349540     0.887230     1.166250     1.233660     1.275340     1.514360
     3.590239    -0.309280    -0.012710     0.322900     0.356600     0.870520     1.155620     1.232110     1.273750     1.513460
     3.600239    -0.310900    -0.015260     0.333920     0.363520     0.853870     1.145260     1.230620     1.272240     1.512600
     3.610239    -0.312460    -0.017680     0.345150     0.370270     0.837310     1.135200     1.229200     1.270810     1.511780
     3.620239    -0.313940    -0.019960     0.356590     0.376830     0.820840     1.125490     1.227850     1.269440     1.511000
     3.630239    -0.315350    -0.022110     0.368220     0.383180     0.804470     1.116150     1.226570     1.268140     1.510250
     3.640239    -0.316680    -0.024120     0.380040     0.389290     0.788210     1.107210     1.225360     1.266920     1.509550
     3.650239    -0.317930    -0.025990     0.392040     0.395130     0.772070     1.098700     1.224230     1.265770     1.508890
     3.660239    -0.319100    -0.027720     0.400700     0.404220     0.756060     1.090660     1.223170     1.264690     1.508270
     3.670239    -0.320180    -0.029320     0.405950     0.416560     0.740190     1.083120     1.222190     1.263700     1.507700
     3.680239    -0.321170    -0.030780     0.410850     0.429040     0.724470     1.076100     1.221300     1.262780     1.507180
     3.690239    -0.322070    -0.032100     0.415400     0.441660     0.708930     1.069640     1.220480     1.261940     1.506700
     3.700239    -0.322890    -0.033280     0.419550     0.454390     0.693580     1.063770     1.219750     1.261180     1.506270
     3.710239    -0.323610    -0.034320     0.423280     0.467200     0.678460     1.058510     1.219100     1.260510     1.505890
     3.720239    -0.324230    -0.035230     0.426580     0.480030     0.663630     1.053890     1.218530     1.259920     1.505560
     3.730239    -0.324770    -0.035990     0.429400     0.492800     0.649160     1.049940     1.218050     1.259430     1.505280
     3.740239    -0.325200    -0.036620     0.431750     0.505360     0.635210     1.046670     1.217660     1.259020     1.505050
     3.750239    -0.325540    -0.037110     0.433590     0.517420     0.622080     1.044110     1.217350     1.258700     1.504870
     3.760239    -0.325790    -0.037450     0.434920     0.528340     0.610380     1.042270     1.217130     1.258470     1.504740
     3.770239    -0.325930    -0.037660     0.435720     0.536750     0.601510     1.041170     1.217000     1.258330     1.504670
     3.780239    -0.325980    -0.037730     0.435980     0.540120     0.597980     1.040800     1.216950     1.258290     1.504640
     3.780239    -0.325980    -0.037730     0.435980     0.540120     0.597980     1.040800     1.216950     1.258290     1.504640
     3.790239    -0.325930    -0.037660     0.435720     0.536750     0.601510     1.041170     1.217000     1.258330     1.504670
     3.800239    -0.325790    -0.037450     0.434920     0.528340     0.610380     1.042270     1.217130     1.258470     1.504740
     3.810239    -0.325540    -0.037110     0.433590     0.517420     0.622080     1.044110     1.217350     1.258700     1.504870
     3.820239    -0.325200    -0.036620     0.431750     0.505360     0.635210     1.046670     1.217660     1.259020     1.505050
     3.830239    -0.324770    -0.035990     0.429400     0.492800     0.649160     1.049940     1.218050     1.259430     1.505280
     3.840239    -0.324230    -0.035230     0.426580     0.480030     0.663630     1.053890     1.218530     1.259920     1.505560
     3.850239    -0.323610    -0.034320     0.423280     0.467200     0.678460     1.058510     1.219100     1.260510     1.505890
     3.860239    -0.322890    -0.033280     0.419550     0.454390     0.693580     1.063770     1.219750     1.261180     1.506270
     3.870239    -0.322070    -0.032100     0.415400     0.441660     0.708930     1.069640     1.220480     1.261940     1.506700
     3.880239    -0.321170    -0.030780     0.410850     0.429040     0.724470     1.076100     1.221300     1.262780     1.507180
     3.890239    -0.320180    -0.029320     0.405950     0.416560     0.740190     1.083120     1.222190     1.263700     1.507700
     3.900239    -0.319100    -0.027720     0.400700     0.404220     0.756060     1.090660     1.223170     1.264690     1.508270
     3.910239    -0.317930    -0.025990     0.392040     0.395130     0.772070     1.098700     1.224230     1.265770     1.508890
     3.920239    -0.316680    -0.024120     0.380040     0.389290     0.788210     1.107210     1.225360     1.266920     1.509550
     3.930239    -0.315350    -0.022110     0.368220     0.383180     0.804470     1.116150     1.226570     1.268140     1.510250
     3.940239    -0.313940    -0.019960     0.356590     0.376830     0.820840     1.125490     1.227850     1.269440     1.511000
     3.950239    -0.312460    -0.017680     0.345150     0.370270     0.837310     1.135200     1.229200     1.270810     1.511780
     3.960239    -0.310900    -0.015260     0.333920     0.363520     0.853870     1.145260     1.230620     1.272240     1.512600
     3.970239    -0.309280    -0.012710     0.322900     0.356600     0.870520     1.155620     1.232110     1.273750     1.513460
     3.980239    -0.307590    -0.010020     0.312100     0.349540     0.887230     1.166250     1.233660     1.275340     1.514360
     3.990239    -0.305850    -0.007190     0.301520     0.342340     0.904010     1.177120     1.235270     1.277010     1.515280
     4.000239    -0.304040    -0.004240     0.291170     0.335040     0.920840     1.188170     1.236940     1.278780     1.516240
     4.010239    -0.302190    -0.001140     0.281060     0.327630     0.937710     1.199350     1.238660     1.280670     1.517230
     4.020239    -0.300290     0.002080     0.271190     0.320150     0.954600     1.210600     1.240440     1.282720     1.518250
     4.030239    -0.298350     0.005440     0.261580     0.312610     0.971510     1.221820     1.242260     1.285000     1.519280
     4.040239    -0.296380     0.008940     0.252220     0.305010     0.988430     1.232860     1.244120     1.287630     1.520340
     4.050239    -0.294380     0.012560     0.243130     0.297380     1.005320     1.243500     1.246020     1.290800     1.521420
     4.060239    -0.292370     0.016310     0.234320     0.289720     1.022180     1.247960     1.253380     1.294830     1.522520
     4.070239    -0.290340     0.020200     0.225780     0.282040     1.038980     1.249920     1.262050     1.300160     1.523630
     4.080239    -0.288300     0.024210     0.217550     0.274360     1.055700     1.251910     1.269060     1.307190     1.524750
     4.090239    -0.286270     0.028360     0.209610     0.266680     1.072320     1.253920     1.274370     1.315950     1.525880
     4.100239    -0.284250     0.032630     0.201980     0.259010     1.088800     1.255940     1.278270     1.326110     1.527020
     4.110239    -0.282260     0.037030     0.194680     0.251360     1.105110     1.257970     1.281180     1.337230     1.528160
     4.120239    -0.280300     0.041550     0.187700     0.243740     1.121210     1.260000     1.283420     1.348950     1.529290
     4.130239    -0.278380     0.046200     0.181070     0.236160     1.137050     1.262030     1.285200     1.361050     1.530430
     4.140239    -0.276510     0.050980     0.174800     0.228620     1.152590     1.264040     1.286640     1.373380     1.531560
     4.150239    -0.274700     0.055880     0.168890     0.221130     1.167760     1.266040     1.287810     1.385840     1.532690
     4.160239    -0.272980     0.060900     0.163350     0.213690     1.182500     1.268010     1.288760     1.398360     1.533810
     4.170239    -0.271330     0.066040     0.158210     0.206300     1.196720     1.269950     1.289500     1.410890     1.534910
     4.180239    -0.269780     0.071300     0.153460     0.198990     1.210340     1.271850     1.290060     1.423410     1.535990
     4.190239    -0.268340     0.076680     0.149130     0.191740     1.223260     1.273710     1.290440     1.435870     1.537060
     4.200239    -0.267020     0.082170     0.145210     0.184560     1.235360     1.275500     1.290660     1.448260     1.538090
     4.210239    -0.265830     0.087790     0.141730     0.177450     1.246520     1.277240     1.290710     1.460560     1.539090
     4.220239    -0.264770     0.093510     0.138690     0.170430     1.256600     1.278900     1.290610     1.472760     1.540030
     4.230239    -0.263860     0.099350     0.136110     0.163500     1.265470     1.280480     1.290360     1.484830     1.540900
     4.240239    -0.263110     0.105300     0.133980     0.156640     1.272970     1.281980     1.289950     1.496770     1.541660
     4.250239    -0.262510     0.111360     0.132320     0.149880     1.278980     1.283380     1.289410     1.508580     1.542310
     4.260239    -0.262090     0.117520     0.131120     0.143220     1.283370     1.284680     1.288720     1.520260     1.542790
     4.270239    -0.261830     0.123800     0.130410     0.136640     1.285870     1.286050     1.287900     1.531800     1.543100
     4.280239    -0.261740     0.130170     0.130170     0.130170     1.286950     1.286950     1.286950     1.543200     1.543200
     4.280239    -0.261740     0.130170     0.130170     0.130170     1.286950     1.286950     1.286950     1.543200     1.543200
     4.297559    -0.261990     0.123940     0.123940     0.143620     1.284680     1.284680     1.288330     1.520530     1.554220
     4.314880    -0.262650     0.118120     0.118120     0.158200     1.279870     1.279870     1.288200     1.498300     1.564480
     4.332200    -0.263660     0.112710     0.112710     0.173790     1.272520     1.272520     1.286130     1.477200     1.573870
     4.349521    -0.264910     0.107700     0.107700     0.190300     1.262750     1.262750     1.281610     1.457970     1.582280
     4.366842    -0.266340     0.103100     0.103100     0.207610     1.250710     1.250710     1.274090     1.441350     1.589630
     4.384162    -0.267870     0.098920     0.098920     0.225630     1.236630     1.236630     1.263200     1.427890     1.595910
     4.401483    -0.269450     0.095160     0.095160     0.244270     1.220740     1.220740     1.248940     1.417780     1.601140
     4.418803    -0.271020     0.091810     0.091810     0.263420     1.203290     1.203290     1.231700     1.410770     1.605400
     4.436124    -0.272540     0.088890     0.088890     0.283000     1.184500     1.184500     1.212120     1.406340     1.608800
     4.453444    -0.273970     0.086390     0.086390     0.302910     1.164600     1.164600     1.190940     1.403920     1.611490
     4.470765    -0.275280     0.084310     0.084310     0.323050     1.143790     1.143790     1.168780     1.403010     1.613610
     4.488085    -0.276440     0.082660     0.082660     0.343320     1.122220     1.122220     1.146170     1.403230     1.615310
     4.505406    -0.277430     0.081440     0.081440     0.363600     1.100050     1.100050     1.123510     1.404330     1.616710
     4.522726    -0.278230     0.080640     0.080640     0.383750     1.077410     1.077410     1.101170     1.406110     1.617940
     4.540047    -0.278810     0.080280     0.080280     0.403620     1.054410     1.054410     1.079430     1.408450     1.619080
     4.557367    -0.279180     0.080350     0.080350     0.423030     1.031140     1.031140     1.058580     1.411270     1.620230
     4.574688    -0.279320     0.080850     0.080850     0.441770     1.007690     1.007690     1.038910     1.414530     1.621440
     4.592008    -0.279220     0.081790     0.081790     0.459590     0.984120     0.984120     1.020720     1.418180     1.622780
     4.609329    -0.278880     0.083160     0.083160     0.476210     0.960500     0.960500     1.004320     1.422210     1.624280
     4.626649    -0.278290     0.084960     0.084960     0.491300     0.936880     0.936880     0.990070     1.426620     1.625980
     4.643970    -0.277460     0.087200     0.087200     0.504520     0.913290     0.913290     0.978330     1.431390     1.627910
     4.661290    -0.276380     0.089880     0.089880     0.515500     0.889790     0.889790     0.969460     1.436540     1.630100
     4.678611    -0.275050     0.092980     0.092980     0.523930     0.866410     0.866410     0.963780     1.442080     1.632540
     4.695931    -0.273480     0.096530     0.096530     0.529540     0.843170     0.843170     0.961540     1.448020     1.635260
     4.713252    -0.271680     0.100510     0.100510     0.532240     0.820100     0.820100     0.962840     1.454390     1.638270
     4.730572    -0.269660     0.104920     0.104920     0.532050     0.797220     0.797220     0.967620     1.461190     1.641560
     4.747893    -0.267410     0.109770     0.109770     0.529160     0.774570     0.774570     0.975670     1.468460     1.645150
     4.765213    -0.264960     0.115060     0.115060     0.523880     0.752140     0.752140     0.986660     1.476220     1.649020
     4.782534    -0.262320     0.120780     0.120780     0.516580     0.729960     0.729960     1.000170     1.484510     1.653170
     4.799854    -0.259500     0.126930     0.126930     0.507650     0.708050     0.708050     1.015770     1.493360     1.657600
     4.817175    -0.256520     0.133510     0.133510     0.497480     0.686420     0.686420     1.033030     1.502810     1.662300
     4.834495    -0.253390     0.140530     0.140530     0.486400     0.665070     0.665070     1.051530     1.512900     1.667250
     4.851816    -0.250150     0.147970     0.147970     0.474720     0.644030     0.644030     1.070930     1.523680     1.672440
     4.869136    -0.246820     0.155850     0.155850     0.462700     0.623290     0.623290     1.090870     1.535200     1.677850
     4.886457    -0.243410     0.164150     0.164150     0.450550     0.602870     0.602870     1.111050     1.547510     1.683460
     4.903777    -0.239970     0.172890     0.172890     0.438460     0.582780     0.582780     1.131200     1.560630     1.689230
     4.921098    -0.236520     0.182040     0.182040     0.426600     0.563030     0.563030     1.151060     1.574620     1.695130
     4.938418    -0.233100     0.191630     0.191630     0.415100     0.543610     0.543610     1.170380     1.589480     1.701120
     4.955739    -0.229740     0.201640     0.201640     0.404080     0.524540     0.524540     1.188950     1.605210     1.707150
     4.973059    -0.226480     0.212060     0.212060     0.393660     0.505830     0.505830     1.206560     1.621760     1.713170
     4.990380    -0.223370     0.222910     0.222910     0.383930     0.487470     0.487470     1.223020     1.639020     1.719100
     5.007700    -0.220440     0.234180     0.234180     0.374980     0.469480     0.469480     1.238170     1.656810     1.724870
     5.025021    -0.217730     0.245870     0.245870     0.366880     0.451850     0.451850     1.251850     1.674820     1.730380
     5.042341    -0.215280     0.257960     0.257960     0.359710     0.434600     0.434600     1.263950     1.692570     1.735520
     5.059662    -0.213130     0.270470     0.270470     0.353530     0.417730     0.417730     1.274360     1.709380     1.740180
     5.076982    -0.211320     0.283400     0.283400     0.348390     0.401230     0.401230     1.282990     1.724370     1.744240
     5.094303    -0.209880     0.296730     0.296730     0.344340     0.385120     0.385120     1.289770     1.736570     1.747570
     5.111623    -0.208830     0.310460     0.310460     0.341430     0.369400     0.369400     1.294650     1.745320     1.750040
     5.128944    -0.208200     0.324600     0.324600     0.339670     0.354070     0.354070     1.297590     1.750430     1.751570
     5.146264    -0.207980     0.339080     0.339080     0.339080     0.339190     0.339190     1.298580     1.752090     1.752090
