bcc Sb -- Hedin-Lundqvist LDA                                                   
INPUT  IT=167 SPIN=1 NTYPE=  2
 -3.800000  3.800000  3.800000
  3.800000 -3.800000  3.800000
  3.800000  3.800000 -3.800000
    1  435  2.200000  0.030000    1
  0.000000  0.000000  0.000000
 0.1019976464721D+03 0.1019975738203D+03 0.1019974989275D+03 0.1019974217247D+03
 0.1019973421405D+03 0.1019972601017D+03 0.1019971755325D+03 0.1019970883551D+03
 0.1019969984890D+03 0.1019969058513D+03 0.1019968103566D+03 0.1019967119168D+03
 0.1019966104413D+03 0.1019965058364D+03 0.1019963980057D+03 0.1019962868497D+03
 0.1019961722661D+03 0.1019960541491D+03 0.1019959323899D+03 0.1019958068762D+03
 0.1019956774923D+03 0.1019955441190D+03 0.1019954066334D+03 0.1019952649086D+03
 0.1019951188141D+03 0.1019949682152D+03 0.1019948129732D+03 0.1019946529449D+03
 0.1019944879828D+03 0.1019943179351D+03 0.1019941426448D+03 0.1019939619505D+03
 0.1019937756857D+03 0.1019935836788D+03 0.1019933857528D+03 0.1019931817253D+03
 0.1019929714084D+03 0.1019927546082D+03 0.1019925311250D+03 0.1019923007530D+03
 0.1019920632798D+03 0.1019918184866D+03 0.1019915661480D+03 0.1019913060315D+03
 0.1019910378973D+03 0.1019907614986D+03 0.1019904765806D+03 0.1019901828810D+03
 0.1019898801291D+03 0.1019895680460D+03 0.1019892463443D+03 0.1019889147276D+03
 0.1019885728905D+03 0.1019882205181D+03 0.1019878572857D+03 0.1019874828588D+03
 0.1019870968926D+03 0.1019866990314D+03 0.1019862889089D+03 0.1019858661472D+03
 0.1019854303569D+03 0.1019849811367D+03 0.1019845180728D+03 0.1019840407387D+03
 0.1019835486946D+03 0.1019830414875D+03 0.1019825186500D+03 0.1019819797006D+03
 0.1019814241429D+03 0.1019808514652D+03 0.1019802611400D+03 0.1019796526235D+03
 0.1019790253552D+03 0.1019783787574D+03 0.1019777122344D+03 0.1019770251722D+03
 0.1019763169380D+03 0.1019755868794D+03 0.1019748343238D+03 0.1019740585781D+03
 0.1019732589275D+03 0.1019724346354D+03 0.1019715849424D+03 0.1019707090658D+03
 0.1019698061985D+03 0.1019688755088D+03 0.1019679161391D+03 0.1019669272056D+03
 0.1019659077969D+03 0.1019648569739D+03 0.1019637737681D+03 0.1019626571815D+03
 0.1019615061850D+03 0.1019603197179D+03 0.1019590966867D+03 0.1019578359643D+03
 0.1019565363886D+03 0.1019551967617D+03 0.1019538158489D+03 0.1019523923771D+03
 0.1019509250340D+03 0.1019494124669D+03 0.1019478532812D+03 0.1019462460392D+03
 0.1019445892589D+03 0.1019428814125D+03 0.1019411209249D+03 0.1019393061725D+03
 0.1019374354814D+03 0.1019355071261D+03 0.1019335193276D+03 0.1019314702521D+03
 0.1019293580090D+03 0.1019271806493D+03 0.1019249361638D+03 0.1019226224810D+03
 0.1019202374656D+03 0.1019177789160D+03 0.1019152445627D+03 0.1019126320660D+03
 0.1019099390136D+03 0.1019071629188D+03 0.1019043012178D+03 0.1019013512677D+03
 0.1018983103435D+03 0.1018951756360D+03 0.1018919442491D+03 0.1018886131969D+03
 0.1018851794012D+03 0.1018816396883D+03 0.1018779907864D+03 0.1018742293222D+03
 0.1018703518181D+03 0.1018663546887D+03 0.1018622342373D+03 0.1018579866531D+03
 0.1018536080068D+03 0.1018490942476D+03 0.1018444411991D+03 0.1018396445554D+03
 0.1018346998772D+03 0.1018296025875D+03 0.1018243479677D+03 0.1018189311526D+03
 0.1018133471264D+03 0.1018075907177D+03 0.1018016565948D+03 0.1017955392607D+03
 0.1017892330480D+03 0.1017827321138D+03 0.1017760304337D+03 0.1017691217969D+03
 0.1017619998000D+03 0.1017546578411D+03 0.1017470891137D+03 0.1017392866006D+03
 0.1017312430669D+03 0.1017229510539D+03 0.1017144028717D+03 0.1017055905926D+03
 0.1016965060431D+03 0.1016871407972D+03 0.1016774861680D+03 0.1016675332000D+03
 0.1016572726610D+03 0.1016466950333D+03 0.1016357905056D+03 0.1016245489634D+03
 0.1016129599805D+03 0.1016010128088D+03 0.1015886963695D+03 0.1015759992424D+03
 0.1015629096559D+03 0.1015494154769D+03 0.1015355041991D+03 0.1015211629330D+03
 0.1015063783937D+03 0.1014911368897D+03 0.1014754243106D+03 0.1014592261152D+03
 0.1014425273188D+03 0.1014253124803D+03 0.1014075656891D+03 0.1013892705516D+03
 0.1013704101773D+03 0.1013509671649D+03 0.1013309235880D+03 0.1013102609801D+03
 0.1012889603198D+03 0.1012670020154D+03 0.1012443658895D+03 0.1012210311630D+03
 0.1011969764389D+03 0.1011721796860D+03 0.1011466182223D+03 0.1011202686977D+03
 0.1010931070772D+03 0.1010651086236D+03 0.1010362478794D+03 0.1010064986498D+03
 0.1009758339840D+03 0.1009442261577D+03 0.1009116466546D+03 0.1008780661484D+03
 0.1008434544843D+03 0.1008077806607D+03 0.1007710128110D+03 0.1007331181853D+03
 0.1006940631322D+03 0.1006538130809D+03 0.1006123325232D+03 0.1005695849962D+03
 0.1005255330647D+03 0.1004801383046D+03 0.1004333612864D+03 0.1003851615588D+03
 0.1003354976339D+03 0.1002843269717D+03 0.1002316059662D+03 0.1001772899322D+03
 0.1001213330927D+03 0.1000636885668D+03 0.1000043083599D+03 0.9994314335339D+02
 0.9988014329661D+02 0.9981525679969D+02 0.9974843132760D+02 0.9967961319576D+02
 0.9960874756697D+02 0.9953577844998D+02 0.9946064869954D+02 0.9938330001821D+02
 0.9930367295972D+02 0.9922170693418D+02 0.9913734021493D+02 0.9905050994720D+02
 0.9896115215854D+02 0.9886920177092D+02 0.9877459261454D+02 0.9867725744331D+02
 0.9857712795183D+02 0.9847413479377D+02 0.9836820760162D+02 0.9825927500750D+02
 0.9814726466495D+02 0.9803210327139D+02 0.9791371659103D+02 0.9779202947793D+02
 0.9766696589891D+02 0.9753844895587D+02 0.9740640090723D+02 0.9727074318799D+02
 0.9713139642804D+02 0.9698828046818D+02 0.9684131437341D+02 0.9669041644307D+02
 0.9653550421717D+02 0.9637649447865D+02 0.9621330325099D+02 0.9604584579081D+02
 0.9587403657519D+02 0.9569778928331D+02 0.9551701677244D+02 0.9533163104818D+02
 0.9514154322907D+02 0.9494666350595D+02 0.9474690109678D+02 0.9454216419738D+02
 0.9433235992971D+02 0.9411739428870D+02 0.9389717208985D+02 0.9367159691943D+02
 0.9344057109035D+02 0.9320399560631D+02 0.9296177013831D+02 0.9271379301672D+02
 0.9245996124415D+02 0.9220017053267D+02 0.9193431537137D+02 0.9166228912798D+02
 0.9138398419039D+02 0.9109929215127D+02 0.9080810404045D+02 0.9051031060604D+02
 0.9020580264643D+02 0.8989447138967D+02 0.8957620891753D+02 0.8925090862386D+02
 0.8891846569710D+02 0.8857877760713D+02 0.8823174457730D+02 0.8787727001109D+02
 0.8751526084636D+02 0.8714562779855D+02 0.8676828546385D+02 0.8638315224513D+02
 0.8599015008262D+02 0.8558920396992D+02 0.8518024126747D+02 0.8476319083029D+02
 0.8433798201165D+02 0.8390454359305D+02 0.8346280277106D+02 0.8301268427146D+02
 0.8255410972946D+02 0.8208699741959D+02 0.8161126243501D+02 0.8112681734255D+02
 0.8063357334445D+02 0.8013144188363D+02 0.7962033664460D+02 0.7910017580804D+02
 0.7857088446126D+02 0.7803239698352D+02 0.7748465930826D+02 0.7692763088574D+02
 0.7636128628970D+02 0.7578561632602D+02 0.7520062864859D+02 0.7460634778478D+02
 0.7400281464349D+02 0.7339008544660D+02 0.7276823022485D+02 0.7213733084782D+02
 0.7149747879310D+02 0.7084877264636D+02 0.7019131559737D+02 0.6952521293228D+02
 0.6885056984629D+02 0.6816748956294D+02 0.6747607213184D+02 0.6677641384611D+02
 0.6606860766866D+02 0.6535274451040D+02 0.6462891572072D+02 0.6389721644920D+02
 0.6315775014123D+02 0.6241063354105D+02 0.6165600229293D+02 0.6089401615087D+02
 0.6012486371908D+02 0.5934876542606D+02 0.5856597470975D+02 0.5777677615485D+02
 0.5698148116486D+02 0.5618042056262D+02 0.5537393592544D+02 0.5456237004231D+02
 0.5374605942184D+02 0.5292532939151D+02 0.5210049464973D+02 0.5127186427517D+02
 0.5043975248302D+02 0.4960449192134D+02 0.4876644921634D+02 0.4792603887872D+02
 0.4708373490306D+02 0.4624007698560D+02 0.4539567181738D+02 0.4455118767764D+02
 0.4370734402717D+02 0.4286489536722D+02 0.4202461181462D+02 0.4118725622357D+02
 0.4035356057895D+02 0.3952420173475D+02 0.3869977920056D+02 0.3788079511027D+02
 0.3706763888121D+02 0.3626057662526D+02 0.3545974746063D+02 0.3466516656965D+02
 0.3387673656879D+02 0.3309426660600D+02 0.3231749977196D+02 0.3154614741722D+02
 0.3077992925062D+02 0.3001861622380D+02 0.2926207221330D+02 0.2851028903511D+02
 0.2776340725495D+02 0.2702171616441D+02 0.2628562513853D+02 0.2555560731594D+02
 0.2483211875780D+02 0.2411551226494D+02 0.2340596624815D+02 0.2270345281979D+02
 0.2200775454546D+02 0.2131853126154D+02 0.2063541175340D+02 0.1995809454041D+02
 0.1928642734415D+02 0.1862046347251D+02 0.1796048078009D+02 0.1730697859654D+02
 0.1666064705115D+02 0.1602232960027D+02 0.1539297103110D+02 0.1477357154689D+02
 0.1416513444801D+02 0.1356862733220D+02 0.1298494031834D+02 0.1241486137846D+02
 0.1185904946827D+02 0.1131802562165D+02 0.1079216126372D+02 0.1028168385943D+02
 0.9786677928471D+01 0.9307102350702D+01 0.8842799780042D+01 0.8393521808697D+01
 0.7958942222723D+01 0.7538685261578D+01 0.7132337966086D+01 0.6739476765397D+01
 0.6359676058830D+01 0.5992528836004D+01 0.5637645356037D+01 0.5294668032003D+01
 0.4963259033871D+01 0.4643109203084D+01 0.4333917995417D+01 0.4035402366804D+01
 0.3747276946033D+01 0.3469270255884D+01 0.3201109886728D+01 0.2942544964595D+01
 0.2693330984158D+01 0.2453252233826D+01 0.2222108523655D+01 0.1999753349223D+01
 0.1786111087850D+01 0.1581253254246D+01 0.1385437439649D+01
    2  435  1.200000  0.030000    3
  0.000000  0.500000  0.500000
  0.500000  0.500000  0.000000
  0.500000  0.000000  0.500000
 0.1999995970443D+01 0.1999995847722D+01 0.1999995721264D+01 0.1999995590955D+01
 0.1999995456677D+01 0.1999995318309D+01 0.1999995175728D+01 0.1999995028804D+01
 0.1999994877406D+01 0.1999994721396D+01 0.1999994560636D+01 0.1999994394979D+01
 0.1999994224278D+01 0.1999994048377D+01 0.1999993867120D+01 0.1999993680342D+01
 0.1999993487876D+01 0.1999993289549D+01 0.1999993085181D+01 0.1999992874589D+01
 0.1999992657584D+01 0.1999992433969D+01 0.1999992203545D+01 0.1999991966102D+01
 0.1999991721429D+01 0.1999991469303D+01 0.1999991209500D+01 0.1999990941784D+01
 0.1999990665914D+01 0.1999990381643D+01 0.1999990088714D+01 0.1999989786864D+01
 0.1999989475821D+01 0.1999989155305D+01 0.1999988825028D+01 0.1999988484692D+01
 0.1999988133991D+01 0.1999987772609D+01 0.1999987400221D+01 0.1999987016492D+01
 0.1999986621077D+01 0.1999986213618D+01 0.1999985793751D+01 0.1999985361096D+01
 0.1999984915265D+01 0.1999984455855D+01 0.1999983982455D+01 0.1999983494636D+01
 0.1999982991961D+01 0.1999982473976D+01 0.1999981940216D+01 0.1999981390200D+01
 0.1999980823433D+01 0.1999980239405D+01 0.1999979637590D+01 0.1999979017446D+01
 0.1999978378416D+01 0.1999977719923D+01 0.1999977041376D+01 0.1999976342163D+01
 0.1999975621655D+01 0.1999974879203D+01 0.1999974114140D+01 0.1999973325776D+01
 0.1999972513402D+01 0.1999971676286D+01 0.1999970813675D+01 0.1999969924793D+01
 0.1999969008839D+01 0.1999968064989D+01 0.1999967092393D+01 0.1999966090176D+01
 0.1999965057436D+01 0.1999963993242D+01 0.1999962896638D+01 0.1999961766635D+01
 0.1999960602216D+01 0.1999959402335D+01 0.1999958165909D+01 0.1999956891827D+01
 0.1999955578941D+01 0.1999954226069D+01 0.1999952831994D+01 0.1999951395461D+01
 0.1999949915177D+01 0.1999948389808D+01 0.1999946817982D+01 0.1999945198284D+01
 0.1999943529255D+01 0.1999941809394D+01 0.1999940037152D+01 0.1999938210933D+01
 0.1999936329094D+01 0.1999934389940D+01 0.1999932391726D+01 0.1999930332653D+01
 0.1999928210867D+01 0.1999926024458D+01 0.1999923771457D+01 0.1999921449837D+01
 0.1999919057507D+01 0.1999916592314D+01 0.1999914052037D+01 0.1999911434391D+01
 0.1999908737018D+01 0.1999905957490D+01 0.1999903093305D+01 0.1999900141884D+01
 0.1999897100570D+01 0.1999893966624D+01 0.1999890737225D+01 0.1999887409465D+01
 0.1999883980349D+01 0.1999880446788D+01 0.1999876805602D+01 0.1999873053512D+01
 0.1999869187140D+01 0.1999865203004D+01 0.1999861097517D+01 0.1999856866982D+01
 0.1999852507591D+01 0.1999848015418D+01 0.1999843386417D+01 0.1999838616422D+01
 0.1999833701136D+01 0.1999828636135D+01 0.1999823416855D+01 0.1999818038599D+01
 0.1999812496523D+01 0.1999806785635D+01 0.1999800900794D+01 0.1999794836699D+01
 0.1999788587890D+01 0.1999782148740D+01 0.1999775513448D+01 0.1999768676040D+01
 0.1999761630358D+01 0.1999754370056D+01 0.1999746888595D+01 0.1999739179237D+01
 0.1999731235039D+01 0.1999723048845D+01 0.1999714613281D+01 0.1999705920750D+01
 0.1999696963422D+01 0.1999687733228D+01 0.1999678221854D+01 0.1999668420731D+01
 0.1999658321032D+01 0.1999647913657D+01 0.1999637189231D+01 0.1999626138091D+01
 0.1999614750282D+01 0.1999603015545D+01 0.1999590923305D+01 0.1999578462669D+01
 0.1999565622408D+01 0.1999552390953D+01 0.1999538756381D+01 0.1999524706407D+01
 0.1999510228367D+01 0.1999495309217D+01 0.1999479935509D+01 0.1999464093389D+01
 0.1999447768578D+01 0.1999430946363D+01 0.1999413611580D+01 0.1999395748605D+01
 0.1999377341335D+01 0.1999358373176D+01 0.1999338827028D+01 0.1999318685270D+01
 0.1999297929741D+01 0.1999276541728D+01 0.1999254501945D+01 0.1999231790517D+01
 0.1999208386964D+01 0.1999184270180D+01 0.1999159418413D+01 0.1999133809248D+01
 0.1999107419586D+01 0.1999080225622D+01 0.1999052202823D+01 0.1999023325908D+01
 0.1998993568822D+01 0.1998962904715D+01 0.1998931305916D+01 0.1998898743910D+01
 0.1998865189307D+01 0.1998830611823D+01 0.1998794980244D+01 0.1998758262404D+01
 0.1998720425155D+01 0.1998681434331D+01 0.1998641254724D+01 0.1998599850049D+01
 0.1998557182910D+01 0.1998513214768D+01 0.1998467905902D+01 0.1998421215379D+01
 0.1998373101011D+01 0.1998323519317D+01 0.1998272425489D+01 0.1998219773341D+01
 0.1998165515278D+01 0.1998109602244D+01 0.1998051983678D+01 0.1997992607475D+01
 0.1997931419928D+01 0.1997868365685D+01 0.1997803387699D+01 0.1997736427169D+01
 0.1997667423494D+01 0.1997596314213D+01 0.1997523034947D+01 0.1997447519341D+01
 0.1997369699003D+01 0.1997289503442D+01 0.1997206859999D+01 0.1997121693785D+01
 0.1997033927608D+01 0.1996943481905D+01 0.1996850274663D+01 0.1996754221349D+01
 0.1996655234829D+01 0.1996553225287D+01 0.1996448100141D+01 0.1996339763959D+01
 0.1996228118369D+01 0.1996113061968D+01 0.1995994490226D+01 0.1995872295390D+01
 0.1995746366384D+01 0.1995616588704D+01 0.1995482844309D+01 0.1995345011516D+01
 0.1995202964880D+01 0.1995056575080D+01 0.1994905708796D+01 0.1994750228583D+01
 0.1994589992743D+01 0.1994424855191D+01 0.1994254665316D+01 0.1994079267841D+01
 0.1993898502673D+01 0.1993712204752D+01 0.1993520203896D+01 0.1993322324637D+01
 0.1993118386056D+01 0.1992908201610D+01 0.1992691578950D+01 0.1992468319744D+01
 0.1992238219482D+01 0.1992001067279D+01 0.1991756645676D+01 0.1991504730430D+01
 0.1991245090293D+01 0.1990977486795D+01 0.1990701674009D+01 0.1990417398313D+01
 0.1990124398146D+01 0.1989822403750D+01 0.1989511136908D+01 0.1989190310674D+01
 0.1988859629088D+01 0.1988518786890D+01 0.1988167469216D+01 0.1987805351291D+01
 0.1987432098104D+01 0.1987047364081D+01 0.1986650792738D+01 0.1986242016330D+01
 0.1985820655482D+01 0.1985386318809D+01 0.1984938602529D+01 0.1984477090052D+01
 0.1984001351564D+01 0.1983510943593D+01 0.1983005408559D+01 0.1982484274311D+01
 0.1981947053648D+01 0.1981393243822D+01 0.1980822326023D+01 0.1980233764849D+01
 0.1979627007757D+01 0.1979001484491D+01 0.1978356606496D+01 0.1977691766308D+01
 0.1977006336924D+01 0.1976299671147D+01 0.1975571100916D+01 0.1974819936601D+01
 0.1974045466285D+01 0.1973246955010D+01 0.1972423644009D+01 0.1971574749899D+01
 0.1970699463849D+01 0.1969796950728D+01 0.1968866348211D+01 0.1967906765857D+01
 0.1966917284159D+01 0.1965896953558D+01 0.1964844793421D+01 0.1963759790986D+01
 0.1962640900267D+01 0.1961487040923D+01 0.1960297097089D+01 0.1959069916163D+01
 0.1957804307555D+01 0.1956499041385D+01 0.1955152847149D+01 0.1953764412326D+01
 0.1952332380946D+01 0.1950855352105D+01 0.1949331878432D+01 0.1947760464481D+01
 0.1946139565177D+01 0.1944467584001D+01 0.1942742871318D+01 0.1940963722552D+01
 0.1939128376321D+01 0.1937235012511D+01 0.1935281750287D+01 0.1933266646048D+01
 0.1931187691308D+01 0.1929042810520D+01 0.1926829858829D+01 0.1924546619764D+01
 0.1922190802850D+01 0.1919760041171D+01 0.1917251888837D+01 0.1914663818415D+01
 0.1911993218249D+01 0.1909237389761D+01 0.1906393544626D+01 0.1903458801932D+01
 0.1900430185225D+01 0.1897304619534D+01 0.1894078928279D+01 0.1890749830175D+01
 0.1887313936010D+01 0.1883767745438D+01 0.1880107643641D+01 0.1876329898029D+01
 0.1872430654791D+01 0.1868405935534D+01 0.1864251633745D+01 0.1859963511388D+01
 0.1855537195313D+01 0.1850968173850D+01 0.1846251793189D+01 0.1841383254022D+01
 0.1836357607948D+01 0.1831169754204D+01 0.1825814436160D+01 0.1820286238207D+01
 0.1814579582402D+01 0.1808688725606D+01 0.1802607756354D+01 0.1796330592347D+01
 0.1789850977635D+01 0.1783162480590D+01 0.1776258491514D+01 0.1769132221228D+01
 0.1761776699245D+01 0.1754184773134D+01 0.1746349107406D+01 0.1738262183854D+01
 0.1729916301332D+01 0.1721303577268D+01 0.1712415948551D+01 0.1703245174485D+01
 0.1693782838973D+01 0.1684020355222D+01 0.1673948969485D+01 0.1663559767810D+01
 0.1652843681649D+01 0.1641791496997D+01 0.1630393862161D+01 0.1618641299745D+01
 0.1606524216857D+01 0.1594032920376D+01 0.1581157630030D+01 0.1567888497384D+01
 0.1554215622114D+01 0.1540129075342D+01 0.1525618919504D+01 0.1510675236513D+01
 0.1495288151677D+01 0.1479447867412D+01 0.1463144691490D+01 0.1446369076959D+01
 0.1429111655309D+01 0.1411363283226D+01 0.1393115080938D+01 0.1374358486816D+01
 0.1355085301295D+01 0.1335287749917D+01 0.1314958533457D+01 0.1294090900318D+01
 0.1272678702977D+01 0.1250716481189D+01 0.1228199524831D+01 0.1205123968968D+01
 0.1181486863931D+01 0.1157286283203D+01 0.1132521401174D+01 0.1107192615973D+01
 0.1081301634602D+01 0.1054851613306D+01 0.1027847250950D+01 0.1000294948710D+01
 0.9722029133730D+00 0.9435813397333D+00 0.9144425243989D+00 0.8848010764913D+00
 0.8546740441678D+00 0.8240811588175D+00 0.7930449787675D+00 0.7615911754735D+00
 0.7297486983926D+00 0.6975501163617D+00 0.6650318107654D+00 0.6322343859143D+00
 0.5992029023338D+00 0.5659873755711D+00 0.5326430609013D+00 0.4992310687869D+00
 0.4658187182136D+00 0.4324803009800D+00 0.3992975334806D+00 0.3663605208414D+00
 0.3337683504819D+00 0.3016303395801D+00 0.2700668462230D+00
  348
-0.6397883108274D+00 0.4468421874469D-33-0.4288094414802D+01 0.1344774038854D-17
-0.1833310576894D+01-0.2586188929157D-19-0.2503941413706D+01-0.2540226421280D-17
-0.1622890722125D+01 0.2316162368981D-19-0.1051053842784D+01 0.2342306928635D-17
-0.5992915047179D+00 0.5902336147465D-19-0.1075708441678D+01 0.8874954162440D-18
-0.2669437760910D+00-0.7916510004312D-19-0.2768578079950D+00-0.3425616616671D-17
-0.1294955983861D+00 0.7053098307657D-18-0.7006770801863D+00-0.7561358685559D-19
-0.1216302754814D+00 0.5364134080746D-18-0.4713514325638D+00 0.1028295800644D-18
-0.8485235788079D-01-0.2514669652432D-17-0.4283180817480D-01 0.1880063712279D-17
 0.1397872283274D-01 0.2413388613126D-17-0.1128488446434D+00 0.5010051955850D-19
 0.3313647357843D-01-0.5532187262386D-18 0.3319267652514D-01 0.9041737117447D-18
-0.1584621114893D+00 0.2246841266820D-18-0.4025747995454D-01-0.1124802318047D-18
 0.9570466951712D-01 0.1151533733831D-17 0.4707569378214D-01-0.2623679709337D-17
-0.1140498142831D+00-0.2551389804589D-18 0.1059343837538D+00 0.3298985813796D-18
-0.8249734722843D-01-0.9909179349883D-19 0.1052247520211D+00-0.2857299781222D-17
-0.2082791793951D-01 0.1095602803548D-18 0.9712400452532D-01 0.6127966206270D-19
 0.2415162601540D-01 0.1081946561890D-18 0.4777890033400D-01 0.1298673151332D-17
-0.4905439573275D-01 0.1508090498348D-19 0.4314337667164D-01-0.8316644235502D-18
 0.4270592964210D-01 0.1227443115455D-18 0.8499711325590D-01 0.2066928390764D-17
-0.8038601573507D-01 0.2214123086056D-18 0.3585974942442D-01 0.6203889099013D-18
 0.5867051171899D-01 0.9794521534343D-18 0.5835865268239D-01-0.6439750894524D-18
-0.7776150763535D-02-0.1015955056601D-18 0.2238231368466D-01-0.4004063249746D-19
 0.4527794711640D-01 0.1029277772064D-17 0.2296169539412D-01-0.1572129826721D-17
-0.2919599630571D-01 0.2284458312006D-18-0.2881371525632D-01-0.2872003811091D-18
 0.3412880194682D-01-0.4675113844754D-18-0.2702592843856D-01-0.1877094576661D-18
-0.1354111106648D-01 0.3758721870710D-19 0.2435290748249D-01 0.4651958078771D-18
 0.2453255809265D-01-0.1946882350842D-17 0.1217149144174D-01 0.3245917373170D-19
-0.2547628141484D-01 0.1311000046150D-18 0.1658257429259D-01 0.2727077047311D-19
-0.2408810770206D-01-0.8071050322551D-19 0.5215490976867D-02-0.6174811793687D-18
 0.5667424103499D-02 0.7290532866023D-18-0.4488196941268D-01-0.3901920981634D-19
 0.2810556314540D-02-0.1158808383633D-18 0.5885874146532D-02 0.2758790418429D-18
 0.6387025210634D-02 0.1236444770582D-17-0.2080486145168D-01 0.2010150445759D-18
 0.2429185460801D-02-0.3542193396823D-19 0.2649329921547D-02-0.6694626027072D-18
 0.1447355965679D-02 0.3735201365822D-18 0.3859562051176D-03 0.9597885754952D-19
 0.6765188465848D-03 0.6321976028285D-18-0.1705538452304D-01 0.7633744567790D-19
-0.7365783401750D-03-0.4520899545275D-18-0.5650198474710D-03 0.7561985930939D-18
-0.1934756411019D-03-0.6941843790410D-19-0.1515412805584D-01 0.2166950055243D-19
-0.3741713394285D-02-0.6176692150875D-19-0.6499077032772D-03-0.1230451156182D-18
-0.4201293780421D-03-0.7317049481887D-18-0.2657421780719D-01 0.1051413600163D-18
-0.1311725252996D-01-0.1906702652150D-18-0.1174693593069D-02 0.3860283750364D-18
-0.6004949432321D-03 0.3035046493960D-19-0.3842320249861D-02 0.5797286466471D-19
-0.1132949710458D-01-0.1426066701245D-18-0.1000121130678D-02-0.5953546408367D-19
-0.8787667341102D-03 0.4829730352870D-19-0.6387808902183D-03-0.9487603466663D-18
-0.1903694835890D-03-0.9852655794598D-19-0.1902448019590D-03-0.8407006291101D-19
-0.3325275816192D-03-0.2189197457134D-19-0.1626461488498D-01 0.1912784068718D-18
-0.8055754074397D-02-0.8235690200499D-19 0.2473365480597D-03-0.3086647048468D-18
 0.3474638375567D-03 0.3333732682163D-18-0.1320327326681D-01-0.1051565983736D-18
 0.1047623013136D-02 0.2491199259172D-19 0.1058215093034D-02-0.3815412005249D-19
 0.6708327504544D-03 0.3051154739726D-18 0.1742990955816D-02 0.1693869692224D-18
 0.1776822005500D-02-0.3696561758425D-18 0.1940505938816D-02 0.5233477902377D-18
-0.2080328968062D-02 0.1149502401519D-19 0.1169569221267D-02-0.8683610194618D-19
 0.1241265605472D-02 0.1663966788463D-18-0.3136302160568D-02-0.1565460002560D-21
-0.3143032501363D-02 0.3656269428679D-19 0.1428030172275D-02-0.4185660994082D-19
 0.2889704885890D-02-0.2423797404045D-18 0.2868142309614D-02-0.1501462319504D-18
 0.2957558849400D-02 0.2846055321602D-18-0.2280893684886D-02 0.8807037363915D-19
-0.2280744243578D-02-0.1247182392274D-19 0.3284916098334D-02-0.4317224272795D-19
 0.3321139419645D-02 0.3293238519641D-18-0.3110249774785D-02 0.2681043916112D-20
 0.3586102324300D-02 0.1013209930968D-19-0.9544396748707D-03 0.5350732958756D-19
-0.2283106305370D-03-0.2371609860939D-19 0.3772035678032D-02-0.9468467324897D-19
 0.3762860574080D-02 0.1778468210813D-18 0.3772569467699D-02 0.1003130403497D-18
 0.1879807371867D-02 0.2747739925526D-19 0.1917017601848D-02-0.2379496311823D-18
-0.4652245499598D-03-0.7551802419796D-19 0.1922036821807D-02-0.4868434410562D-19
 0.3830667305410D-02 0.4631399868751D-19 0.3841989589639D-02-0.5532464990736D-19
-0.2334737398095D-03 0.4476180009737D-19-0.1139410917630D-03-0.5906947095680D-19
 0.3841297935779D-02 0.5076552066569D-19 0.3817274384042D-02-0.3061097677748D-18
 0.3725083241229D-02-0.3837868333832D-19 0.3705424378784D-02 0.1485837678479D-18
 0.3388568261434D-03-0.3670050471678D-19 0.1798974013492D-02-0.1401263889669D-19
 0.3523978515918D-02 0.2817959989363D-19 0.1754374986219D-02-0.9731439387145D-19
 0.8910170419697D-03-0.2832098739550D-19 0.5029976542442D-03 0.4421027549769D-19
 0.9200820083687D-03-0.5362913167210D-19 0.4850810847995D-03 0.4369767649221D-20
 0.3350177666739D-02-0.3974781806147D-19 0.3294450159784D-02 0.7887381170791D-19
 0.1665000474330D-02-0.4790089604976D-19 0.1105220809917D-02 0.1790204647749D-19
 0.3064543237525D-02 0.3807787623515D-20 0.2999578960299D-02-0.1164162813594D-18
 0.1512645020572D-02-0.2253948597595D-19 0.1464353619957D-02 0.7771186441850D-19
 0.5756316978229D-03 0.2370984297000D-19 0.2735734726794D-02-0.1802189464597D-19
 0.2711657382190D-02-0.3796450734652D-19 0.2624594132486D-02 0.1296456533142D-18
 0.5309300085028D-03-0.8643854569369D-20 0.1200894102881D-02-0.2794216437944D-19
 0.2352076112710D-02-0.7133330492221D-19 0.1151196357015D-02 0.4229613644677D-19
 0.1019461060708D-02 0.2820800114975D-19 0.4934767175067D-03-0.9274864026110D-20
 0.2031874747665D-02 0.1248063533288D-19 0.2051428052224D-02 0.1626486657482D-19
 0.1967646915269D-02 0.6968349821722D-19 0.8529188705263D-03-0.1058399640084D-19
 0.1686612023523D-02-0.2149204106545D-19 0.1694031803573D-02 0.4261937672521D-19
 0.1636574613872D-02 0.7284514187280D-19 0.1354195412127D-02 0.8039578026575D-20
 0.9228463738658D-04 0.6074234064255D-20 0.1038881191577D-02-0.8633494499926D-20
 0.5038041375450D-03-0.1173852906306D-19 0.1020151583174D-02 0.2141373971584D-19
 0.9873929633733D-03 0.3723474981077D-19 0.1017876851235D-02-0.1837127924176D-19
 0.4965672523649D-03 0.8598369870788D-20 0.3306426841699D-03 0.1582192130886D-20
 0.3027863822032D-04-0.3934220986400D-20 0.3601751795923D-03-0.2379873579621D-20
 0.3593470899869D-03-0.9488151569683D-20 0.6912638083577D-03 0.1350470156708D-19
 0.3145636891420D-03-0.3518905506268D-19 0.1585167011190D-03 0.1917249060600D-19
 0.3908413738269D-04 0.7472369560484D-21 0.4121440784529D-04-0.1184421863914D-19
 0.4240501188337D-03-0.9990602621984D-20 0.2133791861734D-03-0.1191326311476D-19
-0.1347871296251D-04 0.2237769969853D-20-0.3692174420838D-04-0.8671264498011D-20
 0.1662161226466D-03-0.6251643422764D-20 0.1635705326841D-03 0.8542008772021D-21
 0.1648253507624D-03-0.1832199958504D-19 0.1665852998157D-03 0.2277808767667D-19
 0.1306360074722D-03-0.3766909963893D-19-0.9376505910487D-04-0.5643012020464D-21
-0.6587558348958D-04 0.3026183033779D-20-0.6269660260613D-04 0.5897820616117D-20
-0.3377519738821D-03 0.3171974320110D-21-0.1762861596124D-03-0.4350536250209D-20
-0.2551303167451D-03 0.9435579283907D-20-0.1339467919466D-03-0.8868535662392D-20
-0.2336974161500D-03 0.1467584187807D-20-0.2387208416587D-03 0.2048145578554D-20
-0.4706050313076D-03-0.5512433562158D-20-0.4273759630650D-03-0.1969015440218D-20
-0.4355582051490D-03-0.6454433029970D-20-0.2090141637891D-03-0.1004235753082D-20
-0.5546397707445D-03-0.1187866390606D-20-0.5695979812478D-03 0.2806361602445D-20
-0.5534130977041D-03-0.5985551841526D-20-0.6615683827732D-03 0.8469514047130D-21
-0.3437060287685D-03-0.4300192408793D-21-0.6709834648298D-03 0.1577495070367D-21
-0.3375621862887D-03 0.1606894939523D-20-0.3695292415168D-03 0.3830944243403D-21
-0.3538755707669D-03-0.1778737730839D-21-0.7651007176831D-03 0.1638440356634D-22
-0.7398336309215D-03-0.6556447959746D-22-0.7578061140372D-03-0.8286840032786D-22
-0.7316340128268D-03 0.2103483173150D-21-0.7412099870173D-03-0.2881747803856D-21
-0.3731494214800D-03 0.2505877904641D-21-0.8129610890116D-03 0.4034476378667D-21
-0.7924753420391D-03 0.5118055939541D-21-0.8035930783146D-03-0.1428316394046D-21
-0.7924531986006D-03-0.1949479274211D-20-0.3922020792631D-03-0.1264008375428D-20
-0.4005028336434D-03-0.1031593124886D-20-0.7673173230980D-03 0.1019677485056D-20
-0.8405026987308D-03 0.2539627538605D-20-0.8066625718102D-03-0.4263984039334D-20
-0.4194203343264D-03 0.2669254037330D-21-0.8282838620066D-03-0.3474337597401D-20
-0.2098111221640D-03 0.1419930101947D-20-0.8097609854333D-03-0.6756521991335D-20
-0.7789053072065D-03-0.2859360611298D-20-0.3882639612372D-03-0.1129734316315D-21
-0.8308175816225D-03-0.1287339751858D-20-0.4022962065421D-03 0.2086818075550D-20
-0.4131866211089D-03 0.3357922697797D-20-0.8054638153350D-03 0.3733555266618D-20
-0.7294793727665D-03 0.9921910444355D-21-0.7478250641268D-03-0.7989165109276D-21
-0.7957505331629D-03-0.2692081846277D-21-0.7667159095468D-03-0.7144373086833D-20
-0.3936099498014D-03 0.2753825186858D-20-0.3835341328360D-03-0.2116404835041D-20
-0.7448519676274D-03 0.1511942874258D-20-0.7357033375114D-03 0.3722684938981D-20
-0.7445055332694D-03 0.5892239727703D-20-0.7252229923128D-03-0.4412285960371D-20
-0.7669838294280D-04 0.8553784493435D-21-0.6908702464591D-03-0.2444311621362D-20
-0.3488216564921D-03 0.4084867121637D-20-0.3284995153349D-03 0.8627749306466D-20
-0.5934399826535D-03-0.2772651514223D-20-0.2909152774273D-03 0.8686068246975D-21
-0.2777316373978D-03 0.3380544325957D-20-0.3208308349399D-03 0.9103877769822D-21
-0.6130900279917D-03-0.9517642424680D-20-0.2672605047908D-03-0.3808514368113D-20
-0.5171338479459D-03 0.1158083143031D-20-0.2465278611296D-03 0.3259552755767D-20
-0.5685393795818D-03 0.4231547150889D-20-0.5587476775088D-03 0.6185433966105D-20
-0.5463084867499D-03-0.4368911931398D-20-0.5604947876274D-03-0.3708955374978D-20
-0.5318286232808D-03 0.1554281895619D-19-0.2239615430630D-03-0.3726433462956D-21
-0.4930023220315D-03 0.4777106975878D-21-0.4821450082696D-03 0.2548350938688D-20
-0.4762469086540D-03-0.7507306744551D-20-0.4852806925702D-03-0.6408089328782D-20
-0.1927437818509D-03-0.3074174317629D-20-0.1798209287111D-03 0.2938938888059D-20
-0.4147379855520D-03-0.2343174041747D-22-0.4113328746359D-03-0.3061281891018D-20
-0.1959730749788D-03 0.6583368380128D-20-0.2021372842521D-03 0.1096072780943D-21
-0.3059389884360D-03-0.4693866521693D-21-0.2910655157872D-03 0.5344369953828D-20
-0.1688276391462D-03 0.3648087808559D-20-0.3353293069001D-03-0.4893814876073D-20
-0.3306252947955D-03 0.2912960267570D-21-0.3345489837488D-03 0.5425374991849D-21
-0.2384549313328D-03-0.4946979650631D-20-0.2625792492919D-03 0.1006803665983D-20
-0.2506150777582D-03 0.1052777371817D-19-0.1909276836954D-03 0.4950836424104D-20
-0.1883876179407D-03-0.3415450528580D-20-0.1906632377254D-03 0.2365755498835D-21
-0.4759489283663D-04 0.1887298075997D-20-0.2578410190875D-04-0.9102638655443D-22
-0.1236574463011D-03-0.1719979024187D-20-0.1226710222300D-03 0.4008997034452D-21
-0.1180186097519D-03 0.8139634177427D-20-0.1232010565728D-03-0.7116882355135D-20
-0.6216734467139D-04 0.4075641330588D-20-0.4922472792829D-04-0.5505405509476D-20
-0.2091844260484D-04-0.4517492767142D-21-0.1848465104568D-04 0.1869268053747D-20
-0.3062854007103D-04 0.3376317545491D-21-0.6129440015912D-04-0.2187327422753D-20
-0.6118010927555D-04 0.7610815989012D-20-0.4164651782949D-04-0.1009415944644D-19
 0.1383473015886D-04-0.2071490595874D-20 0.1688006182335D-04 0.3146597966486D-20
 0.6580492531124D-05 0.2490499894654D-21-0.4948733363270D-05-0.4957974710839D-20
 0.5302418249816D-05-0.4003160075886D-20 0.1058169696852D-04-0.1072523120367D-20
 0.6364720413867D-04 0.2012014520614D-23 0.4708060123434D-04 0.1828021777167D-20
 0.4707808953397D-04-0.1297833098858D-21 0.5790706817493D-04-0.7225747233810D-20
 0.5496133122746D-04-0.9842325124403D-21 0.4664116596381D-04 0.1316654331719D-21
 0.4681921515126D-04 0.1992065436211D-20 0.9407294661900D-04 0.5910468292370D-20
 0.4620062446978D-04 0.2160927987357D-20 0.9108050796944D-04 0.4119517145187D-20
 0.4518422244417D-04 0.1631889544527D-20 0.1001238694027D-03-0.7488302761551D-20
 0.1484791439071D-03-0.4633449896382D-20 0.1464633780379D-03 0.1698210670208D-20
 0.1305904031022D-03 0.3284035121663D-21 0.1299089768273D-03 0.3002380186355D-20
 0.1800571232201D-03-0.9812583479301D-21 0.1673329067715D-03 0.2407510514035D-20
 0.1680127194118D-03-0.3362508693729D-21 0.1635401082834D-03-0.1865703293495D-20
 0.1622745451754D-03 0.2822440581910D-20 0.1658352893661D-03-0.3039450293747D-20
 0.1675354144558D-03-0.5105841859503D-20 0.8360926322449D-04-0.1778657326044D-20
 0.1954056590221D-03 0.6866605329357D-22 0.1924112893659D-03-0.1373495585223D-20
 0.1924987729139D-03-0.3090639644031D-20 0.1120536962517D-03 0.7064878929887D-21
 0.2127294891315D-03 0.2183974832439D-20 0.2160246216841D-03-0.2056772828285D-20
 0.1229964008202D-03-0.9871531160998D-21 0.1238037980789D-03-0.1102880436305D-20
 0.2399205874890D-03 0.1037631760576D-20 0.3152815870207D-04 0.3740450801412D-21
 0.2326108696985D-03-0.2365993962438D-21 0.2339252864786D-03 0.3229913757304D-20
 0.2311439994162D-03-0.1015165389502D-20 0.2286537921815D-03-0.2829282749191D-20
 0.2272697793369D-03-0.3938529261265D-20 0.1178173178633D-03 0.3652069921670D-20
 0.1261398217888D-03 0.1713754998924D-21 0.1285912421637D-03 0.1271879885640D-20
    1
    1    1  120    3
 0.1057044035376D-03 0.1161626364616D-03 0.1272705576469D-03 0.1391668744827D-03
 0.1518092265336D-03 0.1651887795533D-03 0.1792796242008D-03 0.1940439769459D-03
 0.2094247688707D-03 0.2253481682135D-03 0.2417214506092D-03 0.2584301726428D-03
 0.2753399422121D-03 0.2922935054049D-03 0.3091143412708D-03 0.3256051849313D-03
 0.3415545738949D-03 0.3567381131819D-03 0.3709295694079D-03 0.3839063181069D-03
 0.3954665834574D-03 0.4054401502399D-03 0.4137121297746D-03 0.4202378313629D-03
 0.4250699550803D-03 0.4283713956717D-03 0.4304361573814D-03 0.4316864908833D-03
 0.4326711103475D-03 0.4340295909940D-03 0.4364543117932D-03 0.4406172901305D-03
 0.4471047270875D-03 0.4563321478626D-03 0.4684916061716D-03 0.4835035481813D-03
 0.5010202750753D-03 0.5204433201741D-03 0.5409875398881D-03 0.5617449278800D-03
 0.5817727032429D-03 0.6001602966559D-03 0.6161014273712D-03 0.6289351858725D-03
 0.6381860410580D-03 0.6435748817789D-03 0.6450308687190D-03 0.6426811076351D-03
 0.6368440111322D-03 0.6280067617988D-03 0.6168072438873D-03 0.6040042635930D-03
 0.5904513954866D-03 0.5770615297159D-03 0.5647732116974D-03 0.5545096614492D-03
 0.5471376620429D-03 0.5434215242444D-03 0.5439755517693D-03 0.5492171166132D-03
 0.5593190857956D-03 0.5741748710302D-03 0.5933715730822D-03 0.6161997758561D-03
 0.6416924872976D-03 0.6687370679403D-03 0.6962352534089D-03 0.7233491054420D-03
 0.7497483987282D-03 0.7758549791878D-03 0.8029348106768D-03 0.8330454289326D-03
 0.8687535246897D-03 0.9127828710016D-03 0.9676139414801D-03 0.1035248354997D-02
 0.1117081206881D-02 0.1213978959779D-02 0.1326394383126D-02 0.1454579468484D-02
 0.1598725045637D-02 0.1759130850294D-02 0.1936263858808D-02 0.2130837069334D-02
 0.2343779250583D-02 0.2576229421083D-02 0.2829429680773D-02 0.3104643160596D-02
 0.3402972732330D-02 0.3725196675498D-02 0.4071502136782D-02 0.4441227645689D-02
 0.4832491175399D-02 0.5241822173165D-02 0.5663666092175D-02 0.6089892847658D-02
 0.6509169306111D-02 0.6906350008171D-02 0.7261741068625D-02 0.7550417287092D-02
 0.7741458281810D-02 0.7797299850053D-02 0.7673093295109D-02 0.7316232897715D-02
 0.6666001624254D-02 0.5653344207299D-02 0.4200754546726D-02 0.2222018545341D-02
-0.3781449761654D-03-0.3705149045556D-02-0.7875970911054D-02-0.1302198530753D-01
-0.1929221864816D-01-0.2685870091848D-01-0.3592200078173D-01-0.4671916798418D-01
-0.5953022827847D-01-0.7468548180478D-01-0.9256771632566D-01-0.1136142446338D+00
 0.1548938040322D-08 0.1830027225457D-08 0.2156150100617D-08 0.2536768494470D-08
 0.2979431996718D-08 0.3493680102530D-08 0.4089851580311D-08 0.4779822878342D-08
 0.5576454944103D-08 0.6494169769350D-08 0.7548722676844D-08 0.8757278848858D-08
 0.1013840032018D-07 0.1171208607151D-07 0.1349944161772D-07 0.1552275219802D-07
 0.1780510202108D-07 0.2037004919966D-07 0.2324139622648D-07 0.2644278004875D-07
 0.2999707326996D-07 0.3392648866743D-07 0.3825198251345D-07 0.4299398729653D-07
 0.4817260523911D-07 0.5380982174644D-07 0.5993141349858D-07 0.6657180097730D-07
 0.7377863757108D-07 0.8162093058735D-07 0.9019599356688D-07 0.9963912108768D-07
 0.1101291983611D-06 0.1218947978619D-06 0.1352118093098D-06 0.1503996913609D-06
 0.1678071012833D-06 0.1877977506372D-06 0.2107271964063D-06 0.2369249593277D-06
 0.2666699307845D-06 0.3001751879272D-06 0.3375658163341D-06 0.3788671080925D-06
 0.4239825288905D-06 0.4726817049536D-06 0.5245737726659D-06 0.5790913865435D-06
 0.6354559747001D-06 0.6926559799791D-06 0.7494035786771D-06 0.8041083479577D-06
 0.8548283129894D-06 0.8992464246127D-06 0.9346254078225D-06 0.9578046895791D-06
 0.9651846113757D-06 0.9527825733793D-06 0.9163022915648D-06 0.8513296407226D-06
 0.7535903668020D-06 0.6194191406446D-06 0.4463508746507D-06 0.2339894664567D-06
-0.1503151006201D-07-0.2939459586534D-06-0.5910496869298D-06-0.8893640336390D-06
-0.1167435604707D-05-0.1401308512468D-05-0.1567835011529D-05-0.1648314503796D-05
-0.1631722647580D-05-0.1516146143883D-05-0.1308407806280D-05-0.1021898998786D-05
-0.6739381476881D-06-0.2831668010447D-06 0.1319853622125D-06 0.5539890726694D-06
 0.9656510690539D-06 0.1348900990796D-05 0.1682542297483D-05 0.1939474241775D-05
 0.2082759239252D-05 0.2060869568215D-05 0.1801217263369D-05 0.1202125707409D-05
 0.1220339815905D-06-0.1634135069413D-05-0.4333159429062D-05-0.8336651697740D-05
-0.1413166621092D-04-0.2236963988854D-04-0.3391722707113D-04-0.4992055526261D-04
-0.7188724778709D-04-0.1017883319281D-03-0.1421843391623D-03-0.1963776361914D-03
-0.2685939589046D-03-0.3641946070926D-03-0.4899208840626D-03-0.6541756648726D-03
-0.8673433396083D-03-0.1142168160432D-02-0.1494194565497D-02-0.1942315083641D-02
-0.2509422252332D-02-0.3223238784785D-02-0.4117292487179D-02-0.5232168627918D-02
-0.6616993654684D-02-0.8331435481282D-02-0.1044818207769D-01-0.1305630705000D-01
-0.1626523318856D-01-0.2020955634588D-01-0.2505400702508D-01-0.3099912924065D-01
 0.1026444851520D-09 0.1234312803669D-09 0.1481538045592D-09 0.1775651712208D-09
 0.2125679185494D-09 0.2543137954805D-09 0.3040865555980D-09 0.3635650222074D-09
 0.4346668940392D-09 0.5198083176328D-09 0.6218827906178D-09 0.7443253997610D-09
 0.8912961316035D-09 0.1067875689693D-08 0.1279957640841D-08 0.1534652254716D-08
 0.1840278350355D-08 0.2206369497775D-08 0.2643920197831D-08 0.3165184620392D-08
 0.3783365442793D-08 0.4512302962195D-08 0.5365450430416D-08 0.6354789360894D-08
 0.7488885502093D-08 0.8770840490794D-08 0.1019544114252D-07 0.1174668062304D-07
 0.1339518616831D-07 0.1509723386414D-07 0.1679506722876D-07 0.1842003312607D-07
 0.1989764155677D-07 0.2115519152392D-07 0.2212938459589D-07 0.2277376982290D-07
 0.2306319816402D-07 0.2299564508459D-07 0.2259005810204D-07 0.2188241644192D-07
 0.2091969928909D-07 0.1975428686045D-07 0.1843863940404D-07 0.1702183346762D-07
 0.1554686165543D-07 0.1404981924912D-07 0.1255940449298D-07 0.1109748006485D-07
 0.9679622746735D-08 0.8315942101562D-08 0.7011542509229D-08 0.5767052885207D-08
 0.4578546192055D-08 0.3437286145423D-08 0.2328956708104D-08 0.1232319796905D-08
 0.1174026563737D-09-0.1057002104829D-08-0.2346541308113D-08-0.3824992816294D-08
-0.5588317028097D-08-0.7758474750726D-08-0.1048583784819D-07-0.1394867161510D-07
-0.1834765188167D-07-0.2389368184408D-07-0.3078935041643D-07-0.3920858684573D-07
-0.4928522487235D-07-0.6112598580900D-07-0.7486100076234D-07-0.9073293509582D-07
-0.1092072101227D-06-0.1310773566006D-06-0.1575432358821D-06-0.1902665445835D-06
-0.2314211801426D-06-0.2837734673784D-06-0.3508129251360D-06-0.4369625121543D-06
-0.5478782990249D-06-0.6908717807666D-06-0.8754775464185D-06-0.1114226131006D-05
-0.1423676422424D-05-0.1825811785129D-05-0.2349907235398D-05-0.3035041170503D-05
-0.3933446633410D-05-0.5114991013284D-05-0.6673130523429D-05-0.8732823116059D-05
-0.1146101567628D-04-0.1508053951333D-04-0.1988849377903D-04-0.2628058858376D-04
-0.3478330671239D-04-0.4609639646740D-04-0.6114869702888D-04-0.8117128601482D-04
-0.1077922461969D-03-0.1431586593580D-03-0.1900913669947D-03-0.2522803704194D-03
-0.3345283482644D-03-0.4430569290969D-03-0.5858910393883D-03-0.7733546089405D-03
-0.1018712139301D-02-0.1339022449929D-02-0.1756261504179D-02-0.2298817360890D-02
-0.3003429747422D-02-0.3917727800037D-02-0.5103483480199D-02-0.6640854364310D-02
-0.8633855160610D-02-0.1121753503258D-01-0.1456727136861D-01-0.1891093209201D-01
    2    2  120    8
 0.1928546651644D-03 0.2047863592036D-03 0.2174582799103D-03 0.2309161383717D-03
 0.2452090438155D-03 0.2603887450172D-03 0.2765106426565D-03 0.2936331512551D-03
 0.3118188231142D-03 0.3311336304516D-03 0.3516481960398D-03 0.3734370245715D-03
 0.3965798926858D-03 0.4211609409742D-03 0.4472702887460D-03 0.4750030093176D-03
 0.5044609067076D-03 0.5357514108641D-03 0.5689895893355D-03 0.6042968431556D-03
 0.6418032431845D-03 0.6816460598208D-03 0.7239723355891D-03 0.7689373010628D-03
 0.8167072886999D-03 0.8674578655981D-03 0.9213772174939D-03 0.9786640458553D-03
 0.1039531297927D-02 0.1104203903238D-02 0.1172923000826D-02 0.1245943275129D-02
 0.1323537865973D-02 0.1405995372259D-02 0.1493625271005D-02 0.1586754696808D-02
 0.1685734588383D-02 0.1790935903698D-02 0.1902756762068D-02 0.2021618194287D-02
 0.2147972038160D-02 0.2282296379387D-02 0.2425104516657D-02 0.2576939614393D-02
 0.2738385124135D-02 0.2910058793569D-02 0.3092624210743D-02 0.3286784393994D-02
 0.3493294918234D-02 0.3712956412802D-02 0.3946629834333D-02 0.4195228082565D-02
 0.4459732908598D-02 0.4741186119052D-02 0.5040708688098D-02 0.5359490478770D-02
 0.5698812669507D-02 0.6060036142492D-02 0.6444626443464D-02 0.6854141660541D-02
 0.7290260703701D-02 0.7754769252595D-02 0.8249592714336D-02 0.8776780723788D-02
 0.9338543833006D-02 0.9937237277899D-02 0.1057540292403D-01 0.1125575040510D-01
 0.1198120608938D-01 0.1275489230262D-01 0.1358018203081D-01 0.1446067770404D-01
 0.1540027347705D-01 0.1640313061236D-01 0.1747375080078D-01 0.1861694898387D-01
 0.1983793518478D-01 0.2114228775748D-01 0.2253604683435D-01 0.2402568283289D-01
 0.2561820685257D-01 0.2732113673446D-01 0.2914262008799D-01 0.3109140204852D-01
 0.3317696595820D-01 0.3540949573231D-01 0.3780004182328D-01 0.4036048044012D-01
 0.4310370225346D-01 0.4604356780656D-01 0.4919513111464D-01 0.5257458464788D-01
 0.5619951669564D-01 0.6008885770918D-01 0.6426316885260D-01 0.6874458302155D-01
 0.7355714108492D-01 0.7872672173032D-01 0.8428142260205D-01 0.9025149241044D-01
 0.9666975632258D-01 0.1035715426841D+00 0.1109951760640D+00 0.1189818910384D+00
 0.1275763942918D+00 0.1368267879150D+00 0.1467851997909D+00 0.1575077076851D+00
 0.1690550726008D+00 0.1814926435981D+00 0.1948911867727D+00 0.2093267863715D+00
 0.2248817419241D+00 0.2416444295409D+00 0.2597102869741D+00 0.2791816011933D+00
 0.3001685816208D+00 0.3227891409941D+00 0.3471701288559D+00 0.3734472061687D+00
-0.1404945239821D-07-0.1583733094901D-07-0.1785314602202D-07-0.2012597215638D-07
-0.2268861998863D-07-0.2557807095227D-07-0.2883605257964D-07-0.3250959562311D-07
-0.3665176613847D-07-0.4132237971732D-07-0.4658892929809D-07-0.5252748671648D-07
-0.5922389256566D-07-0.6677490438882D-07-0.7528969539263D-07-0.8489133523332D-07
-0.9571868237097D-07-0.1079282677098D-06-0.1216967177642D-06-0.1372231274018D-06
-0.1547321567136D-06-0.1744770551310D-06-0.1967435835468D-06-0.2218538752356D-06
-0.2501714248223D-06-0.2821059853080D-06-0.3181199256281D-06-0.3587344730166D-06
-0.4045377799662D-06-0.4561928566738D-06-0.5144478658305D-06-0.5801462005958D-06
-0.6542395381696D-06-0.7378007175005D-06-0.8320403507269D-06-0.9383231212243D-06
-0.1058188962326D-05-0.1193373827677D-05-0.1345836568027D-05-0.1517785341485D-05
-0.1711711889501D-05-0.1930424976897D-05-0.2177094069538D-05-0.2455291977892D-05
-0.2769050193731D-05-0.3122913186783D-05-0.3522008890460D-05-0.3972117745487D-05
-0.4479762164035D-05-0.5052294521856D-05-0.5698011220493D-05-0.6426264148163D-05
-0.7247605874304D-05-0.8173932077540D-05-0.9218665882581D-05-0.1039693909393D-04
-0.1172582775336D-04-0.1322458206485D-04-0.1491492709003D-04-0.1682135655291D-04
-0.1897151596792D-04-0.2139657740340D-04-0.2413172921929D-04-0.2721665686344D-04
-0.3069616711956D-04-0.3462080527759D-04-0.3904765770294D-04-0.4404114157706D-04
-0.4967403579788D-04-0.5602850282918D-04-0.6319741535635D-04-0.7128567222198D-04
-0.8041192146722D-04-0.9071026179049D-04-0.1023324734891D-03-0.1154502416762D-03
-0.1302580510834D-03-0.1469760861858D-03-0.1658540061049D-03-0.1871747498014D-03
-0.2112594488289D-03-0.2384724151994D-03-0.2692275900687D-03-0.3039950427795D-03
-0.3433093834756D-03-0.3877783124018D-03-0.4380935486372D-03-0.4950419352871D-03
-0.5595196804834D-03-0.6325467123586D-03-0.7152850327841D-03-0.8090572725488D-03
-0.9153702440661D-03-0.1035938623396D-02-0.1172715158388D-02-0.1327921035562D-02
-0.1504084317220D-02-0.1704079018592D-02-0.1931174878536D-02-0.2189087721442D-02
-0.2482044641567D-02-0.2814851179496D-02-0.3192977880456D-02-0.3622651252699D-02
-0.4110972146292D-02-0.4666040559858D-02-0.5297117749448D-02-0.6014799064800D-02
-0.6831233995377D-02-0.7760358976322D-02-0.8818190871068D-02-0.1002313020564D-01
-0.1139633777360D-01-0.1296212126725D-01-0.1474841092671D-01-0.1678725076947D-01
-0.1911541939505D-01-0.2177509710967D-01-0.2481473372824D-01-0.2829003248041D-01
 0.2997567285013D-07 0.3379092530474D-07 0.3809247359881D-07 0.4294232159822D-07
 0.4841043501777D-07 0.5457567664839D-07 0.6152701081794D-07 0.6936472067337D-07
 0.7820193845360D-07 0.8816619474515D-07 0.9940135795675D-07 0.1120696102341D-06
 0.1263539223477D-06 0.1424605527263D-06 0.1606222002410D-06 0.1811011933316D-06
 0.2041934955181D-06 0.2302327555527D-06 0.2595954223778D-06 0.2927058789103D-06
 0.3300429564395D-06 0.3721464900710D-06 0.4196255796970D-06 0.4731669397165D-06
 0.5335454495230D-06 0.6016347175580D-06 0.6784205474811D-06 0.7650144275083D-06
 0.8626706122122D-06 0.9728032986944D-06 0.1097008420327D-05 0.1237085531801D-05
 0.1395065452972D-05 0.1573238262696D-05 0.1774188555369D-05 0.2000830908447D-05
 0.2256454886877D-05 0.2544770371941D-05 0.2869964766372D-05 0.3236760680379D-05
 0.3650489159339D-05 0.4117162867086D-05 0.4643569521593D-05 0.5237365604810D-05
 0.5907194995237D-05 0.6662808594793D-05 0.7515215948504D-05 0.8476837851170D-05
 0.9561699325752D-05 0.1078562485313D-04 0.1216648527878D-04 0.1372444595621D-04
 0.1548228218909D-04 0.1746569767036D-04 0.1970372611981D-04 0.2222913825380D-04
 0.2507895693737D-04 0.2829497532599D-04 0.3192441661914D-04 0.3602059882338D-04
 0.4064377733952D-04 0.4586199554114D-04 0.5175216469695D-04 0.5840115666057D-04
 0.6590718226202D-04 0.7438119549061D-04 0.8394866543427D-04 0.9475137097407D-04
 0.1069496741150D-03 0.1207248350549D-03 0.1362819257914D-03 0.1538527972739D-03
 0.1736998415342D-03 0.1961197956402D-03 0.2214485737807D-03 0.2500661844520D-03
 0.2824029321940D-03 0.3189457435580D-03 0.3602461553327D-03 0.4069284837222D-03
 0.4597000648296D-03 0.5193617910136D-03 0.5868213484245D-03 0.6631067076761D-03
 0.7493831507223D-03 0.8469707487521D-03 0.9573661931589D-03 0.1082265239201D-02
 0.1223590922961D-02 0.1383522364323D-02 0.1564531020289D-02 0.1769417954218D-02
 0.2001360477536D-02 0.2263960085652D-02 0.2561302863333D-02 0.2898021750511D-02
 0.3279374388440D-02 0.3711324457328D-02 0.4200643582705D-02 0.4755017091655D-02
 0.5383177802108D-02 0.6095046232636D-02 0.6901905833629D-02 0.7816588092188D-02
 0.8853704631556D-02 0.1002989009837D-01 0.1136410595965D-01 0.1287795960819D-01
 0.1459609724386D-01 0.1654661440413D-01 0.1876156284745D-01 0.2127747303010D-01
 0.2413600155004D-01 0.2738460765266D-01 0.3107739385661D-01 0.3527600362074D-01
 0.4005076269614D-01 0.4548193398572D-01 0.5166131851965D-01 0.5869405651832D-01
 0.6178475547494D-12 0.7383574447824D-12 0.8833582003830D-12 0.1055311402395D-11
 0.1261646260494D-11 0.1508622469191D-11 0.1803153283774D-11 0.2155947836498D-11
 0.2577441323875D-11 0.3082524391122D-11 0.3684780153694D-11 0.4406019387946D-11
 0.5267846191023D-11 0.6298940822134D-11 0.7531692579784D-11 0.9005791464012D-11
 0.1076831196597D-10 0.1287704662912D-10 0.1539943308590D-10 0.1841542818165D-10
 0.2202327305249D-10 0.2633890988127D-10 0.3150238746636D-10 0.3767921518269D-10
 0.4506999367965D-10 0.5391373970475D-10 0.6449693648897D-10 0.7716300608865D-10
 0.9232345349797D-10 0.1104734012799D-09 0.1322026284796D-09 0.1582222890161D-09
 0.1893836427627D-09 0.2267108206594D-09 0.2714309000717D-09 0.3250182740471D-09
 0.3892463522187D-09 0.4662463108177D-09 0.5585790677971D-09 0.6693302552449D-09
 0.8022098539658D-09 0.9616911766887D-09 0.1153160118897D-08 0.1383114999801D-08
 0.1659393152960D-08 0.1991459117631D-08 0.2390744634060D-08 0.2871069610901D-08
 0.3449151025301D-08 0.4145223735509D-08 0.4983801169378D-08 0.5994600340992D-08
 0.7213668930129D-08 0.8684774328396D-08 0.1046108349279D-07 0.1260724691099D-07
 0.1520191159082D-07 0.1834084905817D-07 0.2214072876319D-07 0.2674381011444D-07
 0.3232361823545D-07 0.3909199409271D-07 0.4730762506882D-07 0.5728663576427D-07
 0.6941540159801D-07 0.8416644295945D-07 0.1021176325797D-06 0.1239759903987D-06
 0.1506064051514D-06 0.1830671041921D-06 0.2226524155922D-06 0.2709454064382D-06
 0.3298811479955D-06 0.4018243309745D-06 0.4896621843626D-06 0.5969179768309D-06
 0.7278862868136D-06 0.8877974042867D-06 0.1083012139900D-05 0.1321257336424D-05
 0.1611903170805D-05 0.1966296396662D-05 0.2398150043662D-05 0.2924009127211D-05
 0.3563791606851D-05 0.4341431541635D-05 0.5285622226954D-05 0.6430697289698D-05
 0.7817645654916D-05 0.9495317090799D-05 0.1152181320321D-04 0.1396615216320D-04
 0.1691020742869D-04 0.2045106249326D-04 0.2470379826831D-04 0.2980494930215D-04
 0.3591668186049D-04 0.4323208181739D-04 0.5198166900700D-04 0.6244175961344D-04
 0.7494487350497D-04 0.8989312149561D-04 0.1077748459907D-03 0.1291858159517D-03
 0.1548552191711D-03 0.1856781388987D-03 0.2227545353452D-03 0.2674367817127D-03
 0.3213853759813D-03 0.3866355560168D-03 0.4656741615773D-03 0.5615314441138D-03
 0.6778882416739D-03 0.8192081350645D-03 0.9908992035183D-03 0.1199525025064D-02
 0.1453077043454D-02 0.1761342378324D-02 0.2136386501327D-02 0.2593196233137D-02
-0.5236693396448D-13-0.5942340918017D-13-0.6626451517847D-13-0.7526293092616D-13
-0.8402992075800D-13-0.9400238917175D-13-0.1047781308844D-12-0.1156411008423D-12
-0.1275305886806D-12-0.1390719014868D-12-0.1510053394454D-12-0.1617514646054D-12
-0.1717752336532D-12-0.1799113804880D-12-0.1849714726034D-12-0.1855713794441D-12
-0.1802440417452D-12-0.1654327399666D-12-0.1403717954006D-12-0.1003385829819D-12
-0.4205043950961D-13 0.4052601529186D-13 0.1540946761330D-12 0.3045572076921D-12
 0.5010728983183D-12 0.7545325857244D-12 0.1075348042364D-11 0.1476769122346D-11
 0.1972527277823D-11 0.2578844032243D-11 0.3309211525951D-11 0.4176600922126D-11
 0.5193410445246D-11 0.6363326947932D-11 0.7681267720974D-11 0.9124843281803D-11
 0.1065104248051D-10 0.1217670569869D-10 0.1356813254465D-10 0.1461753876310D-10
 0.1501102487410D-10 0.1429168887444D-10 0.1179592084759D-10 0.6586572961532D-11
-0.2649238608414D-11-0.1773713132804D-10-0.4118406934402D-10-0.7641974111246D-10
-0.1281002916576D-09-0.2025171994233D-09-0.3081185593907D-09-0.4562154077528D-09
-0.6618774916319D-09-0.9451218784894D-09-0.1332432202360D-08-0.1858754151364D-08
-0.2570045296401D-08-0.3526597895390D-08-0.4807274140586D-08-0.6514999091557D-08
-0.8783723114326D-08-0.1178742653222D-07-0.1575147603721D-07-0.2096722210292D-07
-0.2781037209501D-07-0.3676444563498D-07-0.4845016635517D-07-0.6366278560526D-07
-0.8341861891609D-07-0.1090137634008D-06-0.1420969517377D-06-0.1847608178187D-06
-0.2396544886478D-06-0.3101236118558D-06-0.4003818978648D-06-0.5157228202668D-06
-0.6627769333699D-06-0.8498267720992D-06-0.1087186111189D-05-0.1387659937136D-05
-0.1767092912804D-05-0.2245027857263D-05-0.2845482392920D-05-0.3597871638535D-05
-0.4538083979958D-05-0.5709745289139D-05-0.7165676784564D-05-0.8969591625372D-05
-0.1119803294158D-04-0.1394261661393D-04-0.1731258082979D-04-0.2143774111027D-04
-0.2647186755739D-04-0.3259665351849D-04-0.4002633710697D-04-0.4901329034213D-04
-0.5985473952384D-04-0.7290119369043D-04-0.8856694444305D-04-0.1073436415022D-03
-0.1298176119855D-03-0.1566925371543D-03-0.1888185295346D-03-0.2272299315421D-03
-0.2731931459482D-03-0.3282674461041D-03-0.3943799529806D-03-0.4739180386081D-03
-0.5698396485675D-03-0.6858050495920D-03-0.8263297233158D-03-0.9969636914100D-03
-0.1204498469814D-02-0.1457213891145D-02-0.1765174093673D-02-0.2140602266017D-02
-0.2598361015316D-02-0.3156596527904D-02-0.3837595184403D-02-0.4668936342177D-02
-0.4260841003159D-15-0.1450526577630D-14-0.9275086762247D-15-0.1856491546468D-14
-0.2130416621999D-14-0.2307402323635D-14-0.2502294597314D-14-0.3275066853020D-14
-0.4187812459902D-14-0.3583058620512D-14-0.5578627883405D-14-0.5524296833420D-14
-0.7433035717127D-14-0.9549047984541D-14-0.1212052566501D-13-0.1529174466283D-13
-0.1921601936917D-13-0.2439122767029D-13-0.3033067040186D-13-0.3945283023614D-13
-0.4942589425828D-13-0.6294415636926D-13-0.7963158308394D-13-0.1019364218510D-12
-0.1291492643352D-12-0.1641922911003D-12-0.2086447559221D-12-0.2655458919874D-12
-0.3378754096930D-12-0.4288198514201D-12-0.5452706899549D-12-0.6937883151260D-12
-0.8825808437458D-12-0.1121620538887D-11-0.1426899884937D-11-0.1814514161112D-11
-0.2306453021026D-11-0.2932128033854D-11-0.3728318784042D-11-0.4738115670485D-11
-0.6022766560623D-11-0.7652824997441D-11-0.9723722790437D-11-0.1235219617719D-10
-0.1569072477297D-10-0.1992788608120D-10-0.2530328495543D-10-0.3212101043054D-10
-0.4076615618979D-10-0.5172799886742D-10-0.6561729211234D-10-0.8321207901337D-10
-0.1054909384545D-09-0.1336888945555D-09-0.1693625631431D-09-0.2144700096876D-09
-0.2714767731358D-09-0.3434769348003D-09-0.4343580435698D-09-0.5489934092114D-09
-0.6934869796282D-09-0.8754766736459D-09-0.1104498540044D-08-0.1392451631394D-08
-0.1754153891795D-08-0.2208029203770D-08-0.2776947103614D-08-0.3489236818971D-08
-0.4379919257320D-08-0.5492200550258D-08-0.6879261834056D-08-0.8606395783222D-08
-0.1075357061728D-07-0.1341845898091D-07-0.1672002880139D-07-0.2080275338542D-07
-0.2584156060589D-07-0.3204759560392D-07-0.3967493780145D-07-0.4902840282057D-07
-0.6047262203998D-07-0.7444262207834D-07-0.9145628487509D-07-0.1121291157297D-06
-0.1371921374448D-06-0.1675138982553D-06-0.2041283897339D-06-0.2482711185461D-06
-0.3014272404901D-06-0.3653967043534D-06-0.4423844459223D-06-0.5351258534098D-06
-0.6470631925482D-06-0.7825926432580D-06-0.9474105122251D-06-0.1148993573302D-05
-0.1397261771198D-05-0.1705480011594D-05-0.2091473565246D-05-0.2579239776676D-05
-0.3201059251153D-05-0.4000211881759D-05-0.5034423169046D-05-0.6380153828207D-05
-0.8137866693435D-05-0.1043837603929D-04-0.1345042782990D-04-0.1738964277028D-04
-0.2252909999116D-04-0.2921192963227D-04-0.3786671281544D-04-0.4902687786019D-04
-0.6335626114153D-04-0.8168389599188D-04-0.1050527968795D-03-0.1347887657185D-03
-0.1725972793075D-03-0.2206971382789D-03-0.2820004959138D-03-0.3603469378738D-03
 0.1194886662239D-14 0.1891666410056D-14 0.1973569053327D-14 0.2620936250373D-14
 0.3175507761617D-14 0.3805005890149D-14 0.5204835388719D-14 0.6391603695935D-14
 0.8242072307336D-14 0.9836504476667D-14 0.1287198849031D-13 0.1582706545630D-13
 0.2033193742413D-13 0.2572182334388D-13 0.3265955697826D-13 0.4174150218879D-13
 0.5297794501758D-13 0.6716802930061D-13 0.8528351848943D-13 0.1087896780341D-12
 0.1387870198204D-12 0.1763540829231D-12 0.2242579558345D-12 0.2852241072981D-12
 0.3632467363098D-12 0.4621252130613D-12 0.5879994408165D-12 0.7483976768663D-12
 0.9526478783679D-12 0.1211877220440D-11 0.1542112161947D-11 0.1962438552488D-11
 0.2497528995543D-11 0.3177615240316D-11 0.4043285251442D-11 0.5144166984206D-11
 0.6544327976640D-11 0.8324836779297D-11 0.1058910991617D-10 0.1346790031237D-10
 0.1712733734356D-10 0.2177817405764D-10 0.2768907359960D-10 0.3519861532901D-10
 0.4473807342745D-10 0.5685302680724D-10 0.7223528996468D-10 0.9175981075524D-10
 0.1165353756550D-09 0.1479654041955D-09 0.1878213587218D-09 0.2383441488181D-09
 0.3023623024656D-09 0.3834451704977D-09 0.4860923956842D-09 0.6159727153114D-09
 0.7802192894467D-09 0.9878011467373D-09 0.1249981641252D-08 0.1580889792206D-08
 0.1998226907237D-08 0.2524138556148D-08 0.3186290808442D-08 0.4019188164520D-08
 0.5065791643646D-08 0.6379491135035D-08 0.8026499542730D-08 0.1008875352784D-07
 0.1266740056631D-07 0.1588698403564D-07 0.1990041775572D-07 0.2489486977457D-07
 0.3109867503890D-07 0.3878936681304D-07 0.4830294514385D-07 0.6004441393778D-07
 0.7449964411766D-07 0.9224846951788D-07 0.1139789218480D-06 0.1405022725398D-06
 0.1727685173544D-06 0.2118815976422D-06 0.2591135970816D-06 0.3159167171320D-06
 0.3839318615373D-06 0.4649922228384D-06 0.5611206373904D-06 0.6745193318924D-06
 0.8075519769107D-06 0.9627188172384D-06 0.1142628944293D-05 0.1349976827838D-05
 0.1587537426678D-05 0.1858201364447D-05 0.2165085059996D-05 0.2511764378777D-05
 0.2902702276597D-05 0.3343961787640D-05 0.3844326212713D-05 0.4416972773670D-05
 0.5081877847026D-05 0.5869146099591D-05 0.6823471579331D-05 0.8009913499936D-05
 0.9521142327832D-05 0.1148621448394D-04 0.1408085066398D-04 0.1753902930398D-04
 0.2216564700733D-04 0.2834990880566D-04 0.3657936920922D-04 0.4745494829638D-04
 0.6170841329719D-04 0.8022536759790D-04 0.1040795333641D-03 0.1345871031395D-03
 0.1733939449931D-03 0.2226113759697D-03 0.2850185152929D-03 0.3643474232834D-03
-0.1518159448915D-14-0.2537719318640D-14-0.2730157853405D-14-0.3429248993126D-14
-0.4303849811716D-14-0.5023340080229D-14-0.6812080661178D-14-0.8341769655543D-14
-0.1083870267379D-13-0.1314357570888D-13-0.1698542340572D-13-0.2093138545286D-13
-0.2693763696220D-13-0.3429945656244D-13-0.4342698397278D-13-0.5573547231512D-13
-0.7064931204657D-13-0.8954539761974D-13-0.1136463519012D-12-0.1448010628099D-12
-0.1847118435825D-12-0.2344958562016D-12-0.2984114007080D-12-0.3798145995956D-12
-0.4832248116446D-12-0.6144503585290D-12-0.7822726643050D-12-0.9954727097475D-12
-0.1267191686536D-11-0.1611917290798D-11-0.2051029788696D-11-0.2609702521191D-11
-0.3320093361826D-11-0.4224004416256D-11-0.5373406776846D-11-0.6835500210045D-11
-0.8694269652661D-11-0.1105754548145D-10-0.1406248037204D-10-0.1788107608816D-10
-0.2273472782895D-10-0.2890106090611D-10-0.3673581433891D-10-0.4668646643145D-10
-0.5932211156022D-10-0.7536393200958D-10-0.9572395533468D-10-0.1215563319436D-09
-0.1543227567103D-09-0.1958701197721D-09-0.2485308853219D-09-0.3152517626541D-09
-0.3997493910000D-09-0.5067092759336D-09-0.6420349779285D-09-0.8131540520580D-09
-0.1029405486233D-08-0.1302517566474D-08-0.1647202916951D-08-0.2081894346029D-08
-0.2629654446341D-08-0.3319297741423D-08-0.4186766258749D-08-0.5276816970315D-08
-0.6645082383677D-08-0.8360574284474D-08-0.1050871783816D-07-0.1319500672641D-07
-0.1654938649210D-07-0.2073148523837D-07-0.2593680762972D-07-0.3240401832543D-07
-0.4042344906339D-07-0.5034692129159D-07-0.6259899568218D-07-0.7768966358137D-07
-0.9622850408982D-07-0.1189401488450D-06-0.1466809050891D-06-0.1804560651693D-06
-0.2214374734703D-06-0.2709804385490D-06-0.3306391924871D-06-0.4021795348283D-06
-0.4875876311354D-06-0.5890734748932D-06-0.7090685356436D-06-0.8502171659846D-06
-0.1015363908894D-05-0.1207540426473D-05-0.1429961355349D-05-0.1686043121711D-05
-0.1979470751091D-05-0.2314347922395D-05-0.2695484470339D-05-0.3128893706513D-05
-0.3622600661612D-05-0.4187887876739D-05-0.4841141684664D-05-0.5606487834985D-05
-0.6519436455986D-05-0.7631762858208D-05-0.9017852250794D-05-0.1078268794801D-04
-0.1307160489303D-04-0.1608180098152D-04-0.2007548633465D-04-0.2539438657467D-04
-0.3247529836536D-04-0.4186643834579D-04-0.5424482452326D-04-0.7043574752196D-04
-0.9143710762124D-04-0.1184536804007D-03-0.1529498443794D-03-0.1967329414425D-03
-0.2520835617690D-03-0.3219514457399D-03-0.4102361588487D-03-0.5221671464808D-03
