bcc Te -- Hedin-Lundqvist LDA                                                   
INPUT  IT=292 SPIN=1 NTYPE=  2
 -2.950000  2.950000  2.950000
  2.950000 -2.950000  2.950000
  2.950000  2.950000 -2.950000
    1  435  1.700000  0.030000    1
  0.000000  0.000000  0.000000
 0.1059975908049D+03 0.1059975168099D+03 0.1059974405251D+03 0.1059973618803D+03
 0.1059972808036D+03 0.1059971972206D+03 0.1059971110550D+03 0.1059970222279D+03
 0.1059969306582D+03 0.1059968362622D+03 0.1059967389536D+03 0.1059966386438D+03
 0.1059965352411D+03 0.1059964286513D+03 0.1059963187773D+03 0.1059962055189D+03
 0.1059960887730D+03 0.1059959684333D+03 0.1059958443904D+03 0.1059957165314D+03
 0.1059955847401D+03 0.1059954488967D+03 0.1059953088779D+03 0.1059951645563D+03
 0.1059950158011D+03 0.1059948624772D+03 0.1059947044456D+03 0.1059945415628D+03
 0.1059943736813D+03 0.1059942006489D+03 0.1059940223087D+03 0.1059938384993D+03
 0.1059936490543D+03 0.1059934538020D+03 0.1059932525658D+03 0.1059930451636D+03
 0.1059928314078D+03 0.1059926111050D+03 0.1059923840561D+03 0.1059921500559D+03
 0.1059919088928D+03 0.1059916603489D+03 0.1059914041998D+03 0.1059911402140D+03
 0.1059908681532D+03 0.1059905877717D+03 0.1059902988165D+03 0.1059900010267D+03
 0.1059896941336D+03 0.1059893778604D+03 0.1059890519218D+03 0.1059887160237D+03
 0.1059883698632D+03 0.1059880131282D+03 0.1059876454970D+03 0.1059872666383D+03
 0.1059868762106D+03 0.1059864738620D+03 0.1059860592298D+03 0.1059856319406D+03
 0.1059851916093D+03 0.1059847378392D+03 0.1059842702216D+03 0.1059837883353D+03
 0.1059832917463D+03 0.1059827800074D+03 0.1059822526576D+03 0.1059817092223D+03
 0.1059811492121D+03 0.1059805721227D+03 0.1059799774347D+03 0.1059793646127D+03
 0.1059787331051D+03 0.1059780823434D+03 0.1059774117419D+03 0.1059767206970D+03
 0.1059760085867D+03 0.1059752747701D+03 0.1059745185870D+03 0.1059737393567D+03
 0.1059729363780D+03 0.1059721089283D+03 0.1059712562631D+03 0.1059703776151D+03
 0.1059694721937D+03 0.1059685391842D+03 0.1059675777471D+03 0.1059665870172D+03
 0.1059655661033D+03 0.1059645140866D+03 0.1059634300208D+03 0.1059623129304D+03
 0.1059611618103D+03 0.1059599756249D+03 0.1059587533069D+03 0.1059574937566D+03
 0.1059561958408D+03 0.1059548583918D+03 0.1059534802062D+03 0.1059520600442D+03
 0.1059505966280D+03 0.1059490886409D+03 0.1059475347264D+03 0.1059459334863D+03
 0.1059442834801D+03 0.1059471197744D+03 0.1059477416588D+03 0.1059473176362D+03
 0.1059465052889D+03 0.1059454603830D+03 0.1059442476414D+03 0.1059429006191D+03
 0.1059414389719D+03 0.1059398751153D+03 0.1059382172744D+03 0.1059364710540D+03
 0.1059346403168D+03 0.1059327277068D+03 0.1059307349773D+03 0.1059286632035D+03
 0.1059265129261D+03 0.1059242842490D+03 0.1059219769084D+03 0.1059195903220D+03
 0.1059171236249D+03 0.1059145756957D+03 0.1059119451760D+03 0.1059092304857D+03
 0.1059064298348D+03 0.1059035412320D+03 0.1059005624929D+03 0.1058974912458D+03
 0.1058943249374D+03 0.1058910608368D+03 0.1058876960400D+03 0.1058842274730D+03
 0.1058806518167D+03 0.1058769657348D+03 0.1058731658593D+03 0.1058692486726D+03
 0.1058652105481D+03 0.1058610477465D+03 0.1058567564132D+03 0.1058523325735D+03
 0.1058477721299D+03 0.1058430708578D+03 0.1058382244016D+03 0.1058332282706D+03
 0.1058280778351D+03 0.1058227683217D+03 0.1058172948090D+03 0.1058116522230D+03
 0.1058058353325D+03 0.1057998387439D+03 0.1057936568967D+03 0.1057872840577D+03
 0.1057807143161D+03 0.1057739415778D+03 0.1057669595599D+03 0.1057597617846D+03
 0.1057523415734D+03 0.1057446920410D+03 0.1057368060886D+03 0.1057286763974D+03
 0.1057202954222D+03 0.1057116553839D+03 0.1057027482627D+03 0.1056935657906D+03
 0.1056840994436D+03 0.1056743404344D+03 0.1056642797036D+03 0.1056539079121D+03
 0.1056432154321D+03 0.1056321923388D+03 0.1056208284006D+03 0.1056091130708D+03
 0.1055970354774D+03 0.1055845844135D+03 0.1055717483272D+03 0.1055585153113D+03
 0.1055448730928D+03 0.1055308090217D+03 0.1055163100601D+03 0.1055013627704D+03
 0.1054859533040D+03 0.1054700673888D+03 0.1054536903168D+03 0.1054368069319D+03
 0.1054194016164D+03 0.1054014582777D+03 0.1053829603353D+03 0.1053638907059D+03
 0.1053442317903D+03 0.1053239654579D+03 0.1053030730321D+03 0.1052815352757D+03
 0.1052593323747D+03 0.1052364439229D+03 0.1052128489059D+03 0.1051885256845D+03
 0.1051634519784D+03 0.1051376048494D+03 0.1051109606837D+03 0.1050834951753D+03
 0.1050551833078D+03 0.1050259993370D+03 0.1049959167727D+03 0.1049649083605D+03
 0.1049329460639D+03 0.1049000010454D+03 0.1048660436482D+03 0.1048310433775D+03
 0.1047949688823D+03 0.1047577879362D+03 0.1047194674194D+03 0.1046799732998D+03
 0.1046392706149D+03 0.1045973234536D+03 0.1045540949384D+03 0.1045095472074D+03
 0.1044636413975D+03 0.1044163376270D+03 0.1043675949795D+03 0.1043173714878D+03
 0.1042656241188D+03 0.1042123087584D+03 0.1041573801982D+03 0.1041007921220D+03
 0.1040424970935D+03 0.1039824465455D+03 0.1039205907693D+03 0.1038568789056D+03
 0.1037912589372D+03 0.1037236776815D+03 0.1036540807860D+03 0.1035824127242D+03
 0.1035086167932D+03 0.1034326351128D+03 0.1033544086266D+03 0.1032738771042D+03
 0.1031909791453D+03 0.1031056521857D+03 0.1030178325045D+03 0.1029274552335D+03
 0.1028344543684D+03 0.1027387627807D+03 0.1026403122324D+03 0.1025390333912D+03
 0.1024348558481D+03 0.1023277081348D+03 0.1022175177441D+03 0.1021042111493D+03
 0.1019877138255D+03 0.1018679502711D+03 0.1017448440293D+03 0.1016183177088D+03
 0.1014882930057D+03 0.1013546907221D+03 0.1012174307858D+03 0.1010764322662D+03
 0.1009316133893D+03 0.1007828915494D+03 0.1006301833177D+03 0.1004734044476D+03
 0.1003124698756D+03 0.1001472937174D+03 0.9997778925986D+02 0.9980386894688D+02
 0.9962544436037D+02 0.9944242619527D+02 0.9925472422902D+02 0.9906224728552D+02
 0.9886490319387D+02 0.9866259874251D+02 0.9845523962956D+02 0.9824273041044D+02
 0.9802497444419D+02 0.9780187384030D+02 0.9757332940822D+02 0.9733924061211D+02
 0.9709950553383D+02 0.9685402084772D+02 0.9660268181081D+02 0.9634538227292D+02
 0.9608201471094D+02 0.9581247029230D+02 0.9553663897219D+02 0.9525440962928D+02
 0.9496567024418D+02 0.9467030812408D+02 0.9436821017594D+02 0.9405926322882D+02
 0.9374335440381D+02 0.9342037152714D+02 0.9309020357856D+02 0.9275274116295D+02
 0.9240787698860D+02 0.9205550633067D+02 0.9169552745372D+02 0.9132784196298D+02
 0.9095235505135D+02 0.9056897560879D+02 0.9017761616311D+02 0.8977819262803D+02
 0.8937062384581D+02 0.8895483092761D+02 0.8853073641542D+02 0.8809826331245D+02
 0.8765733405212D+02 0.8720786949680D+02 0.8674978807124D+02 0.8628300513964D+02
 0.8580743272788D+02 0.8532297967190D+02 0.8482955224143D+02 0.8432705524916D+02
 0.8381539361297D+02 0.8329447429884D+02 0.8276420853879D+02 0.8222451419563D+02
 0.8167531813487D+02 0.8111655846510D+02 0.8054818651896D+02 0.7997016846533D+02
 0.7938248646729D+02 0.7878513932686D+02 0.7817814258536D+02 0.7756152807495D+02
 0.7693534294353D+02 0.7629964819951D+02 0.7565451684662D+02 0.7500003170036D+02
 0.7433628299829D+02 0.7366336593468D+02 0.7298137826603D+02 0.7229041814661D+02
 0.7159058236132D+02 0.7088196512450D+02 0.7016465760592D+02 0.6943874832669D+02
 0.6870432453382D+02 0.6796147461089D+02 0.6721029150968D+02 0.6645087709236D+02
 0.6568334715665D+02 0.6490783678300D+02 0.6412450550553D+02 0.6333354169018D+02
 0.6253516543642D+02 0.6172962934594D+02 0.6091721666433D+02 0.6009823662807D+02
 0.5927301733104D+02 0.5844189699716D+02 0.5760521508350D+02 0.5676330497364D+02
 0.5591649000085D+02 0.5506508409724D+02 0.5420939754658D+02 0.5334974733446D+02
 0.5248647065151D+02 0.5161993950683D+02 0.5075057418968D+02 0.4987885352550D+02
 0.4900532036994D+02 0.4813058142619D+02 0.4725530112300D+02 0.4638018985931D+02
 0.4550598736898D+02 0.4463344227872D+02 0.4376328914369D+02 0.4289622437020D+02
 0.4203288249463D+02 0.4117381429801D+02 0.4031946820197D+02 0.3947017631988D+02
 0.3862614642097D+02 0.3778746089987D+02 0.3695408361715D+02 0.3612587516813D+02
 0.3530261671825D+02 0.3448404196886D+02 0.3366987603033D+02 0.3285987891303D+02
 0.3205388995981D+02 0.3125186788119D+02 0.3045391936996D+02 0.2966030818110D+02
 0.2887143713179D+02 0.2808779901347D+02 0.2730989976579D+02 0.2653816733027D+02
 0.2577286881167D+02 0.2501406112870D+02 0.2426159276996D+02 0.2351515830140D+02
 0.2277439035399D+02 0.2203896412612D+02 0.2130869006150D+02 0.2058357856117D+02
 0.1986387085168D+02 0.1915003829458D+02 0.1844275691038D+02 0.1774286523106D+02
 0.1705131302205D+02 0.1636910702860D+02 0.1569725839334D+02 0.1503673506420D+02
 0.1438842141861D+02 0.1375308651376D+02 0.1313136168939D+02 0.1252372772139D+02
 0.1193051126522D+02 0.1135188993380D+02 0.1078790499547D+02 0.1023848036277D+02
 0.9703446260888D+01 0.9182565770397D+01 0.8675562317149D+01 0.8182146213320D+01
 0.7702038530979D+01 0.7234990873776D+01 0.6780799975605D+01 0.6339315927770D+01
 0.5910442876264D+01 0.5494130365524D+01 0.5090353654637D+01 0.4699083222804D+01
 0.4320248660045D+01 0.3953709972886D+01 0.3599256680147D+01 0.3256655637636D+01
 0.2925755967541D+01 0.2606633056023D+01 0.2299721934553D+01
    2  435  1.000000  0.030000    3
  0.000000  0.500000  0.500000
  0.500000  0.500000  0.000000
  0.500000  0.000000  0.500000
 0.1999991133852D+01 0.1999990863811D+01 0.1999990585544D+01 0.1999990298801D+01
 0.1999990003324D+01 0.1999989698847D+01 0.1999989385095D+01 0.1999989061787D+01
 0.1999988728631D+01 0.1999988385326D+01 0.1999988031565D+01 0.1999987667029D+01
 0.1999987291389D+01 0.1999986904307D+01 0.1999986505435D+01 0.1999986094414D+01
 0.1999985670873D+01 0.1999985234432D+01 0.1999984784698D+01 0.1999984321264D+01
 0.1999983843716D+01 0.1999983351622D+01 0.1999982844539D+01 0.1999982322012D+01
 0.1999981783569D+01 0.1999981228726D+01 0.1999980656984D+01 0.1999980067827D+01
 0.1999979460726D+01 0.1999978835133D+01 0.1999978190487D+01 0.1999977526206D+01
 0.1999976841692D+01 0.1999976136329D+01 0.1999975409483D+01 0.1999974660499D+01
 0.1999973888703D+01 0.1999973093400D+01 0.1999972273874D+01 0.1999971429387D+01
 0.1999970559179D+01 0.1999969662468D+01 0.1999968738445D+01 0.1999967786279D+01
 0.1999966805113D+01 0.1999965794064D+01 0.1999964752221D+01 0.1999963678647D+01
 0.1999962572375D+01 0.1999961432410D+01 0.1999960257726D+01 0.1999959047264D+01
 0.1999957799936D+01 0.1999956514618D+01 0.1999955190155D+01 0.1999953825352D+01
 0.1999952418983D+01 0.1999950969781D+01 0.1999949476442D+01 0.1999947937621D+01
 0.1999946351934D+01 0.1999944717952D+01 0.1999943034206D+01 0.1999941299179D+01
 0.1999939511311D+01 0.1999937668991D+01 0.1999935770561D+01 0.1999933814313D+01
 0.1999931798486D+01 0.1999929721265D+01 0.1999927580781D+01 0.1999925375107D+01
 0.1999923102257D+01 0.1999920760186D+01 0.1999918346785D+01 0.1999915859883D+01
 0.1999913297241D+01 0.1999910656552D+01 0.1999907935440D+01 0.1999905131455D+01
 0.1999902242073D+01 0.1999899264693D+01 0.1999896196637D+01 0.1999893035141D+01
 0.1999889777361D+01 0.1999886420364D+01 0.1999882961129D+01 0.1999879396542D+01
 0.1999875723395D+01 0.1999871938380D+01 0.1999868038093D+01 0.1999864019022D+01
 0.1999859877549D+01 0.1999855609947D+01 0.1999851212375D+01 0.1999846680874D+01
 0.1999842011366D+01 0.1999837199648D+01 0.1999832241389D+01 0.1999827132127D+01
 0.1999821867261D+01 0.1999816442055D+01 0.1999810851624D+01 0.1999805090936D+01
 0.1999799154808D+01 0.1999793037895D+01 0.1999786734692D+01 0.1999780239526D+01
 0.1999773546550D+01 0.1999766649741D+01 0.1999759542891D+01 0.1999752219603D+01
 0.1999744673286D+01 0.1999736897147D+01 0.1999728884188D+01 0.1999720627196D+01
 0.1999712118739D+01 0.1999703351159D+01 0.1999694316565D+01 0.1999685006824D+01
 0.1999675413559D+01 0.1999665528133D+01 0.1999655341649D+01 0.1999644844940D+01
 0.1999634028556D+01 0.1999622882763D+01 0.1999611397529D+01 0.1999599562515D+01
 0.1999587367071D+01 0.1999574800219D+01 0.1999561850648D+01 0.1999548506702D+01
 0.1999534756372D+01 0.1999520587281D+01 0.1999505986675D+01 0.1999490941414D+01
 0.1999475437955D+01 0.1999459462345D+01 0.1999443000204D+01 0.1999426036716D+01
 0.1999408556611D+01 0.1999390544158D+01 0.1999371983142D+01 0.1999352856859D+01
 0.1999333148094D+01 0.1999312839106D+01 0.1999291911618D+01 0.1999270346791D+01
 0.1999248125218D+01 0.1999225226896D+01 0.1999201631217D+01 0.1999177316942D+01
 0.1999152262186D+01 0.1999126444399D+01 0.1999099840344D+01 0.1999072426074D+01
 0.1999044176915D+01 0.1999015067441D+01 0.1998985071452D+01 0.1999226028346D+01
 0.1999260920643D+01 0.1999275287242D+01 0.1999279602918D+01 0.1999277600266D+01
 0.1999271096055D+01 0.1999261129922D+01 0.1999248360439D+01 0.1999233235108D+01
 0.1999216073931D+01 0.1999197114600D+01 0.1999176538727D+01 0.1999154487902D+01
 0.1999131073962D+01 0.1999106385772D+01 0.1999080493841D+01 0.1999053453544D+01
 0.1999025307414D+01 0.1998996086830D+01 0.1998965813276D+01 0.1998934499319D+01
 0.1998902149394D+01 0.1998868760441D+01 0.1998834322464D+01 0.1998798819006D+01
 0.1998762227585D+01 0.1998724520091D+01 0.1998685663596D+01 0.1998645623064D+01
 0.1998604362389D+01 0.1998561844364D+01 0.1998518030643D+01 0.1998472881715D+01
 0.1998426356858D+01 0.1998378414110D+01 0.1998329010226D+01 0.1998278100641D+01
 0.1998225639428D+01 0.1998171579258D+01 0.1998115871358D+01 0.1998058465461D+01
 0.1997999309766D+01 0.1997938350892D+01 0.1997875533821D+01 0.1997810801858D+01
 0.1997744096574D+01 0.1997675357751D+01 0.1997604523334D+01 0.1997531529367D+01
 0.1997456309940D+01 0.1997378797126D+01 0.1997298920922D+01 0.1997216609180D+01
 0.1997131787548D+01 0.1997044379397D+01 0.1996954305751D+01 0.1996861485219D+01
 0.1996765833918D+01 0.1996667265393D+01 0.1996565690546D+01 0.1996461017546D+01
 0.1996353151751D+01 0.1996241995618D+01 0.1996127448614D+01 0.1996009407126D+01
 0.1995887764364D+01 0.1995762410261D+01 0.1995633231376D+01 0.1995500110790D+01
 0.1995362927992D+01 0.1995221558776D+01 0.1995075875121D+01 0.1994925745078D+01
 0.1994771032643D+01 0.1994611597634D+01 0.1994447295564D+01 0.1994277977504D+01
 0.1994103489945D+01 0.1993923674661D+01 0.1993738368555D+01 0.1993547403515D+01
 0.1993350606253D+01 0.1993147798148D+01 0.1992938795077D+01 0.1992723407245D+01
 0.1992501439009D+01 0.1992272688693D+01 0.1992036948406D+01 0.1991794003841D+01
 0.1991543634080D+01 0.1991285611383D+01 0.1991019700979D+01 0.1990745660845D+01
 0.1990463241476D+01 0.1990172185655D+01 0.1989872228207D+01 0.1989563095755D+01
 0.1989244506456D+01 0.1988916169739D+01 0.1988577786031D+01 0.1988229046470D+01
 0.1987869632617D+01 0.1987499216152D+01 0.1987117458562D+01 0.1986724010820D+01
 0.1986318513052D+01 0.1985900594195D+01 0.1985469871642D+01 0.1985025950877D+01
 0.1984568425096D+01 0.1984096874818D+01 0.1983610867484D+01 0.1983109957037D+01
 0.1982593683497D+01 0.1982061572511D+01 0.1981513134904D+01 0.1980947866195D+01
 0.1980365246118D+01 0.1979764738110D+01 0.1979145788792D+01 0.1978507827429D+01
 0.1977850265373D+01 0.1977172495491D+01 0.1976473891566D+01 0.1975753807685D+01
 0.1975011577603D+01 0.1974246514092D+01 0.1973457908255D+01 0.1972645028834D+01
 0.1971807121485D+01 0.1970943408024D+01 0.1970053085664D+01 0.1969135326210D+01
 0.1968189275235D+01 0.1967214051230D+01 0.1966208744721D+01 0.1965172417358D+01
 0.1964104100976D+01 0.1963002796620D+01 0.1961867473543D+01 0.1960697068165D+01
 0.1959490483003D+01 0.1958246585556D+01 0.1956964207169D+01 0.1955642141840D+01
 0.1954279145001D+01 0.1952873932257D+01 0.1951425178073D+01 0.1949931514434D+01
 0.1948391529446D+01 0.1946803765902D+01 0.1945166719794D+01 0.1943478838778D+01
 0.1941738520593D+01 0.1939944111427D+01 0.1938093904225D+01 0.1936186136954D+01
 0.1934218990740D+01 0.1932190588255D+01 0.1930098991462D+01 0.1927942199866D+01
 0.1925718148430D+01 0.1923424705479D+01 0.1921059670550D+01 0.1918620772164D+01
 0.1916105665547D+01 0.1913511930274D+01 0.1910837067852D+01 0.1908078499228D+01
 0.1905233562239D+01 0.1902299508982D+01 0.1899273503118D+01 0.1896152617112D+01
 0.1892933829393D+01 0.1889614021452D+01 0.1886189974872D+01 0.1882658368280D+01
 0.1879015774249D+01 0.1875258656120D+01 0.1871383364769D+01 0.1867386135311D+01
 0.1863263083750D+01 0.1859010203572D+01 0.1854623362291D+01 0.1850098297951D+01
 0.1845430615587D+01 0.1840615783662D+01 0.1835649130468D+01 0.1830525840524D+01
 0.1825240950961D+01 0.1819789347914D+01 0.1814165762933D+01 0.1808364769423D+01
 0.1802380779131D+01 0.1796208038702D+01 0.1789840626302D+01 0.1783272448363D+01
 0.1776497236437D+01 0.1769508544211D+01 0.1762299744693D+01 0.1754864027608D+01
 0.1747194397035D+01 0.1739283669318D+01 0.1731124471298D+01 0.1722709238892D+01
 0.1714030216090D+01 0.1705079454391D+01 0.1695848812757D+01 0.1686329958130D+01
 0.1676514366582D+01 0.1666393325155D+01 0.1655957934479D+01 0.1645199112243D+01
 0.1634107597592D+01 0.1622673956558D+01 0.1610888588611D+01 0.1598741734445D+01
 0.1586223485090D+01 0.1573323792502D+01 0.1560032481724D+01 0.1546339264780D+01
 0.1532233756427D+01 0.1517705491933D+01 0.1502743947035D+01 0.1487338560257D+01
 0.1471478757763D+01 0.1455153980944D+01 0.1438353716952D+01 0.1421067532386D+01
 0.1403285110369D+01 0.1384996291259D+01 0.1366191117251D+01 0.1346859881145D+01
 0.1326993179558D+01 0.1306581970905D+01 0.1285617638449D+01 0.1264092058774D+01
 0.1241997676042D+01 0.1219327582405D+01 0.1196075604998D+01 0.1172236399925D+01
 0.1147805553714D+01 0.1122779692736D+01 0.1097156601104D+01 0.1070935347661D+01
 0.1044116422649D+01 0.1016701884776D+01 0.9886955194367D+00 0.9601030089261D+00
 0.9309321156253D+00 0.9011928792270D+00 0.8708978292481D+00 0.8400622142491D+00
 0.8087042493952D+00 0.7768453842425D+00 0.7445105929204D+00 0.7117286891864D+00
 0.6785326691842D+00 0.6449600851310D+00 0.6110534534646D+00 0.5768607014893D+00
 0.5424356569424D+00 0.5078385853722D+00 0.4731367804485D+00 0.4384052139644D+00
 0.4037272516028D+00 0.3691954436310D+00 0.3349123998593D+00 0.3009917632320D+00
 0.2675592972605D+00 0.2347541093533D+00 0.2027300383901D+00 0.1716572383493D+00
 0.1417239975948D+00 0.1131388396931D+00 0.8613294641525D-01
  283
-0.1298431945546D+01-0.6564158340953D-34-0.9763772211458D+01-0.2373384576237D-18
-0.3507849717454D+01-0.6629791348328D-20-0.6292852471311D+01 0.4167732548584D-18
-0.3125928897055D+01 0.6397909752629D-20-0.2914314227013D+01-0.3706699860338D-18
-0.1137025856399D+01 0.1375072116168D-19-0.3125141467596D+01-0.4682038088652D-19
-0.4996518250853D+00-0.1994384543516D-19-0.8696100960067D+00 0.4828273374551D-18
-0.4274456617090D+00-0.2055999474292D-18-0.1265608434473D+01-0.1601613527823D-19
-0.4887710265692D+00-0.1808332247926D-18-0.8338909908500D+00 0.2241695929902D-19
-0.5563514040734D+00 0.4645198885817D-18-0.2718307246874D+00-0.1966601494567D-18
-0.3019314347182D+00-0.1575469681247D-18-0.1975989135274D+00 0.1645025162347D-19
-0.8204583504299D-01 0.8127870872226D-19-0.7987200302933D-01-0.2850957166952D-18
-0.2827307072856D+00 0.4773780850147D-19-0.7020030969430D-01-0.2745201096012D-19
-0.7541533842047D-01-0.3499715428312D-18-0.3645650995006D-01 0.2822686255709D-18
-0.2054023930946D+00-0.5763424375263D-19-0.2543155623903D-01 0.1457566515906D-18
-0.1532493561205D+00-0.2264849491609D-19 0.2613696900583D-02 0.3850308698210D-18
-0.3892545935649D-01 0.1832026001981D-19 0.1648431043794D-01-0.1628744941917D-19
 0.4104856662102D-02-0.1286519911767D-18 0.8271307246160D-02-0.5959055481024D-19
-0.9024847174217D-01 0.1474900927155D-19 0.1174497438379D-01 0.1238081663110D-18
 0.1159029694462D-01-0.1818652823236D-18 0.2303133284755D-01-0.5190694157931D-19
-0.1420991375376D+00 0.4868243717190D-19 0.1252619230095D-01-0.1289993635936D-18
 0.2462277260423D-01-0.1766984911131D-18 0.2484249064609D-01 0.1961647523076D-18
-0.1147653703474D-01-0.2350984304088D-19 0.1157547400696D-01-0.5476537069236D-19
 0.2276579987619D-01 0.4901419783239D-19 0.1149973878501D-01 0.1077149178612D-18
-0.3762435165855D-01 0.3322808796732D-19-0.3762798294490D-01-0.6179002437728D-19
 0.2090304824522D-01 0.1044850887226D-18-0.3104885533071D-01-0.3885499266414D-19
-0.1548189741730D-01 0.1520539799320D-19 0.1826984744481D-01-0.3697064114850D-19
 0.1828823993903D-01 0.1752058662259D-18 0.9182632506940D-02-0.1446091546506D-18
-0.2566380038477D-01 0.2972772719755D-19 0.1611058228522D-01-0.2171992990246D-18
-0.2141388558274D-01-0.8092301367743D-20 0.6984468509848D-02 0.6675981998971D-19
 0.6946896061784D-02 0.2500750961329D-20-0.3572706457852D-01-0.1478320435367D-20
 0.6119868650998D-02 0.1064046052686D-19 0.1217934601936D-01 0.7660874118482D-19
 0.1211942086777D-01 0.1415396044185D-19-0.1490113853915D-01 0.2466905296210D-19
 0.1054576228189D-01-0.8537741995966D-19 0.1056203307921D-01 0.1096121659062D-18
 0.5259708038028D-02-0.3462708158472D-19 0.9086251019297D-02 0.3092525820046D-19
 0.9085875833985D-02-0.4824532624590D-19-0.1043755390513D-01 0.9542123529447D-20
 0.7812812294177D-02 0.7406619095279D-19 0.7842606971521D-02 0.2656319589975D-19
 0.1954982932565D-02-0.4580202934745D-19-0.8743294873771D-02 0.1489446361474D-19
-0.2182541560882D-02-0.1298121323710D-19 0.3332088000570D-02-0.7068657763285D-19
 0.3371996328902D-02 0.2218601708068D-19-0.1469417451236D-01 0.2757180734848D-19
-0.7323281198639D-02-0.3705559544099D-19 0.5666911148941D-02-0.1182211465159D-19
 0.2832791049341D-02-0.5187009750635D-19-0.2061009719567D-02 0.4801592742095D-20
-0.6159383997890D-02-0.2602304276106D-19 0.4731928108545D-02-0.6405375159957D-20
 0.4746265022912D-02-0.7924974937060D-19 0.4805671096127D-02 0.4521033549963D-19
 0.1960154449101D-02 0.1678274946347D-19 0.1957811258488D-02-0.3096083909396D-19
 0.3929597502557D-02 0.4746901898183D-19-0.8838517166205D-02 0.2039590470371D-19
-0.4394396532880D-02-0.1065258587797D-19 0.1631696311552D-02 0.1948600779776D-19
 0.3224492205324D-02 0.2431881565760D-19-0.7456837442223D-02-0.1329940367717D-19
 0.2592163861407D-02-0.3354289794747D-19 0.2581175377610D-02 0.2816732963454D-19
 0.1313259124852D-02 0.1091991575003D-19 0.2059345375802D-02 0.6873556972201D-20
 0.2086523472044D-02 0.3395959435429D-19 0.2087222321960D-02 0.1884710552606D-19
-0.1358422662334D-02 0.5324864948977D-20 0.7999328067170D-03-0.3412789208385D-19
 0.8166419898245D-03-0.2817861593520D-20-0.2294204337931D-02-0.1755051400516D-21
-0.2309598567516D-02 0.8778546920513D-20 0.6122865400041D-03-0.6036000255988D-20
 0.1257812535341D-02 0.2460036987689D-19 0.1233072061788D-02-0.5232713779099D-19
 0.1258619616368D-02-0.3367733680068D-20-0.1957476633479D-02 0.5169866299573D-20
-0.1947637226635D-02 0.2796210414767D-20 0.9365300564165D-03 0.9079466475716D-20
 0.9551153279468D-03 0.1191270430408D-19-0.3286532821187D-02 0.5361638674529D-20
 0.7162359926504D-03-0.5191718333866D-20-0.1380714146185D-02 0.4776562197696D-20
-0.3455113188501D-03-0.3982553916784D-20 0.5454824505482D-03-0.2240580085865D-19
 0.5476850383217D-03 0.1435035880389D-21 0.5446121627065D-03 0.1244381510525D-19
 0.2738811365881D-03-0.1020463328428D-19 0.2670205963427D-03 0.7878624340844D-22
-0.1147588438851D-02-0.1144486799545D-19 0.2148438778911D-03 0.5957465274447D-20
 0.4231790679651D-03-0.1528740762389D-19 0.4262508187448D-03 0.1483928204363D-19
-0.1861672400593D-02 0.4042026038517D-20-0.9399819717565D-03-0.8167887918554D-20
 0.3460216782069D-03 0.6063306187313D-20 0.3234158803603D-03 0.3873973948658D-20
 0.2936122212508D-03 0.9024492455718D-20 0.2841344995724D-03 0.5219518210549D-20
-0.5948372548549D-03-0.3655270379094D-20 0.1349873093825D-03 0.4598009896873D-21
 0.2553739251899D-03-0.5951116551822D-20 0.1202182152113D-03 0.2188746654650D-20
 0.6696124945135D-04-0.5256762288213D-20-0.4399905963233D-03 0.1472020915942D-20
-0.9079627133841D-03-0.4872195677052D-20-0.4420881419290D-03 0.2678354289866D-20
 0.2548203706789D-03-0.4214212438646D-20 0.2402661464267D-03 0.1148654236795D-20
 0.1268273600258D-03-0.7639223230441D-20-0.6422802096136D-03 0.4065554440921D-20
 0.2485699559269D-03 0.9764667323823D-21 0.2220222173473D-03 0.4107300326557D-20
 0.1184236762914D-03-0.5656109260452D-20 0.1032370549666D-03 0.2965972113170D-20
-0.2197958569725D-03 0.8466774856880D-21 0.2413178842907D-03 0.2906285479060D-20
 0.2338939249619D-03-0.7961238467560D-20 0.2077253631172D-03 0.4377297056196D-20
-0.1457227099009D-03-0.5256232875748D-21 0.1197436200641D-03-0.2568635105441D-20
 0.2180511590056D-03 0.2628759353361D-20 0.1040000548561D-03 0.5347777290154D-21
-0.1375371146186D-03 0.1521737087961D-20-0.7696355528038D-04-0.1916510312312D-22
 0.2220863841825D-03-0.7602774308800D-21 0.2290188249417D-03 0.2245653218231D-20
 0.2046684807300D-03 0.7614018246808D-21-0.4876223365397D-04 0.7782194303156D-22
 0.2112675457477D-03-0.2201817054206D-20 0.2113688709859D-03 0.9445153697185D-21
 0.1965969950631D-03 0.1426703679805D-20 0.1963775820037D-03 0.7985823172640D-21
 0.1563690133425D-04 0.3357463323256D-22 0.1738177354066D-03-0.4245105109341D-22
 0.8202453993030D-04 0.2333334044926D-21 0.1688641468448D-03 0.1816599279156D-21
 0.1612689408032D-03 0.1590202296682D-21 0.1654536446157D-03 0.5910096600255D-21
 0.8071766061652D-04-0.2224921778547D-21 0.1142489589353D-03 0.5233165495489D-22
 0.1445251655663D-04-0.8971808694087D-22 0.7120923595096D-04 0.2750051583089D-22
 0.7148626425964D-04-0.4815552156560D-22 0.1360945045836D-03-0.8708010521459D-22
 0.6977374980907D-04-0.3958861931214D-22 0.1329951678116D-03-0.2866185480554D-22
 0.3307404573484D-04-0.1570869214667D-22 0.6598667348792D-04 0.6207404736571D-22
 0.1070060008146D-03-0.2260607120693D-21 0.5399674733695D-04 0.2982741838980D-21
 0.6587030224845D-04-0.1701142861265D-21 0.6780601786307D-04 0.3155791648947D-21
 0.7348980805933D-04 0.3524576718231D-21 0.7295959191960D-04-0.2457620408081D-21
 0.7292691207576D-04 0.1187495414744D-20 0.7583920123234D-04-0.3163344092760D-21
 0.7895595769049D-04 0.1141479883555D-21 0.6075306922989D-04-0.2026627835760D-21
 0.3683738013389D-04-0.9784641958620D-23 0.4195288083858D-04 0.3842598124073D-21
 0.1041692844719D-03-0.5029219862590D-21 0.5783183215199D-04 0.4961042878255D-21
 0.9418504190178D-05-0.2166136777642D-21 0.7986811342600D-05-0.4364215272150D-22
 0.4249020389489D-04-0.1316558760424D-21 0.4030650951468D-04-0.3236348709634D-21
 0.9650792031230D-04 0.1000288346975D-20-0.2587362183569D-04-0.8481163369971D-21
-0.2891016191065D-04 0.1672107456594D-20-0.1182109984195D-04 0.9663766066494D-21
-0.5032718705044D-04 0.1887002966167D-20-0.6028049417735D-04-0.7736969291062D-21
-0.4168980850130D-04-0.4914974819811D-21 0.3814606531923D-04-0.5880138790211D-21
-0.4028226127978D-04 0.1182555087132D-21-0.8008472303691D-04-0.1322688460591D-20
-0.2563847730711D-04-0.9949235199497D-21 0.8676733667305D-05-0.9394728922873D-22
 0.1698762808399D-04 0.3364591978535D-21-0.9580271106945D-04-0.3066178780143D-21
-0.8728603931939D-04 0.3567937710156D-21-0.9796314114466D-04-0.6041243782419D-21
-0.8006813657275D-04-0.6824717922076D-21-0.6827042845257D-04-0.1885552314301D-20
 0.9512552403325D-05 0.1783172025447D-21-0.1060380160479D-03 0.2474275278215D-21
-0.9838170462481D-04 0.1475816162873D-20-0.1030853919623D-03-0.1155442975734D-20
-0.9833611663789D-04-0.5341614412316D-21-0.4047501968883D-04-0.5189081031673D-21
-0.5592398269135D-05-0.2063430820764D-21 0.4014129435946D-05 0.2609433032092D-21
-0.1090473735460D-03 0.9928328840315D-21-0.9141653944149D-04-0.9493513052338D-21
-0.5325089771132D-04-0.3620917200246D-21-0.9863553849563D-04-0.2306248531670D-21
-0.2420233362545D-04 0.8010088511500D-21-0.9520435874499D-04-0.1458856721843D-20
-0.9125232390337D-05-0.3743240280718D-21-0.1267694113405D-05-0.6060045712970D-21
-0.9240028799008D-04-0.2686640564965D-21-0.4372833727821D-04-0.4188629397914D-21
-0.4457093479033D-04 0.1369800129441D-20-0.9272136739564D-04-0.1140598987922D-20
 0.8867821352435D-07 0.2630728398123D-22-0.9551174230132D-06-0.1051030033948D-20
-0.7485383245513D-04-0.7261388446961D-21-0.7755774342801D-04-0.6843685045658D-21
-0.3972920105276D-04 0.1337065994994D-20-0.4172567787035D-04 0.2205667660332D-21
-0.6131495890699D-04 0.7030070280755D-21-0.6233819337780D-04-0.9696599637332D-21
-0.6127167876835D-04 0.2254020789294D-20-0.6732448768894D-04 0.3788351761012D-21
 0.1235622648061D-05 0.3236137021604D-21-0.4158950533931D-04 0.1078340216357D-21
-0.1936554394511D-04 0.7843758511962D-21-0.2653294106883D-04 0.6503621074485D-21
 0.3026327531306D-04-0.6402071982818D-21 0.1549310068430D-04-0.2200795836310D-21
 0.8538846407915D-05 0.1066388439295D-20-0.1024705737816D-04-0.4889271589044D-22
-0.2710630802318D-04-0.7152199620754D-21 0.2232056143830D-04-0.1328332147070D-23
 0.4476192879093D-04-0.3963084975301D-21 0.1318265053983D-04 0.8657829651840D-21
-0.2553816956109D-05 0.1807879397692D-21 0.9645481930482D-06 0.1252466315574D-20
-0.1292168281776D-05 0.2219083569070D-21 0.5234647929498D-06-0.7232450502751D-21
-0.2251774480980D-04 0.6629846992559D-21 0.3036285490466D-04-0.7302578165018D-22
 0.1223117271681D-04-0.5115359184175D-22 0.1987309678232D-04-0.6185659193931D-21
 0.1683438754264D-04-0.2882170123793D-21 0.1778453929859D-04-0.2829901623403D-21
 0.3072392094477D-04-0.4469589903693D-22 0.2499222487855D-04 0.5371576579306D-21
 0.3035843996883D-04-0.2661232962169D-21 0.3496877346931D-04-0.4587020906847D-21
 0.1041939876104D-04 0.1320194098669D-21 0.1643958555401D-04 0.5233128795494D-21
 0.8205744340505D-04-0.2637442551142D-21 0.6724316745887D-04 0.8320665611522D-21
 0.2338177350578D-04 0.2238221283380D-21 0.5136413158879D-04-0.1268607785123D-21
 0.4733391118026D-04 0.8418841523026D-21 0.5006653798906D-04-0.7428628089792D-21
 0.8753230207598D-04-0.1846477032988D-21 0.5979812699395D-04 0.1485567805403D-21
 0.5113908554596D-04-0.1417848840239D-22
    1
    1    1  120    3
 0.4729864079241D-03 0.2328937527331D-03 0.2653199782640D-03 0.3006403085626D-03
 0.3370808618067D-03 0.3770479384384D-03 0.4179932822891D-03 0.4629913606879D-03
 0.5103887998523D-03 0.5607641682188D-03 0.6141734921430D-03 0.6706180478506D-03
 0.7300388618536D-03 0.7923108528830D-03 0.8572367594344D-03 0.9245410866115D-03
 0.9938643781146D-03 0.1064758238640D-02 0.1136681654137D-02 0.1208999321108D-02
 0.1280982858025D-02 0.1351815984727D-02 0.1420604948534D-02 0.1486395682508D-02
 0.1548199316377D-02 0.1605027719066D-02 0.1655940568602D-02 0.1700104970469D-02
 0.1736867652200D-02 0.1765838096849D-02 0.1786978478123D-02 0.1800692882266D-02
 0.1807904256723D-02 0.1810103454987D-02 0.1809351843287D-02 0.1808218922694D-02
 0.1809641219188D-02 0.1816699587155D-02 0.1832328616823D-02 0.1858990966011D-02
 0.1898365494702D-02 0.1951104560433D-02 0.2016708359545D-02 0.2093543146040D-02
 0.2179001552107D-02 0.2269775869568D-02 0.2362197449213D-02 0.2452590690807D-02
 0.2537597325429D-02 0.2614440845436D-02 0.2681116529462D-02 0.2736505423568D-02
 0.2780419029985D-02 0.2813585332580D-02 0.2837587273574D-02 0.2854763248457D-02
 0.2868076805625D-02 0.2880960327568D-02 0.2897135502466D-02 0.2920412062080D-02
 0.2954465680143D-02 0.3002596144444D-02 0.3067468102599D-02 0.3150839139259D-02
 0.3253284196920D-02 0.3373932171479D-02 0.3510240862975D-02 0.3657851132562D-02
 0.3810579954015D-02 0.3960632217411D-02 0.4099124442735D-02 0.4217003466256D-02
 0.4306384753696D-02 0.4362204230994D-02 0.4383876694239D-02 0.4376448187059D-02
 0.4350660145527D-02 0.4321561158694D-02 0.4305818970789D-02 0.4318466802306D-02
 0.4370097042244D-02 0.4465295733405D-02 0.4602551728115D-02 0.4775336276464D-02
 0.4973791339340D-02 0.5186501146261D-02 0.5402010437511D-02 0.5609949746699D-02
 0.5801760446034D-02 0.5971074533358D-02 0.6113816863139D-02 0.6228086603459D-02
 0.6313856073860D-02 0.6372507537724D-02 0.6406215050586D-02 0.6417169003849D-02
 0.6406635721629D-02 0.6373841976672D-02 0.6314674678497D-02 0.6220189495707D-02
 0.6074928948436D-02 0.5855062112086D-02 0.5526376335351D-02 0.5042178292405D-02
 0.4341200405530D-02 0.3345659808443D-02 0.1959677592952D-02 0.6832301619757D-04
-0.2462436633956D-02-0.5784680962010D-02-0.1006644398128D-01-0.1548917180959D-01
-0.2224602708624D-01-0.3054292137928D-01-0.4060401933712D-01-0.5268201560189D-01
-0.6707084710691D-01-0.8411601294532D-01-0.1042176358864D+00-0.1278256508743D+00
 0.1298832535881D-07 0.9408111134785D-08 0.1125285331050D-07 0.1342649188936D-07
 0.1594090054905D-07 0.1890987867347D-07 0.2234490349691D-07 0.2639867641472D-07
 0.3112574032918D-07 0.3664799139516D-07 0.4309092900841D-07 0.5059652334232D-07
 0.5932494852772D-07 0.6945629767657D-07 0.8119209173169D-07 0.9475691702109D-07
 0.1103998601916D-06 0.1283953375818D-06 0.1490441209420D-06 0.1726731546267D-06
 0.1996353400778D-06 0.2303078783345D-06 0.2650900134022D-06 0.3043995550133D-06
 0.3486679990980D-06 0.3983346741507D-06 0.4538399612682D-06 0.5156180466688D-06
 0.5840905460294D-06 0.6596622914531D-06 0.7427222605692D-06 0.8336529591946D-06
 0.9328532291781D-06 0.1040779927771D-05 0.1158014434717D-05 0.1285358145140D-05
 0.1423957392478D-05 0.1575451919127D-05 0.1742130587289D-05 0.1927069827970D-05
 0.2134223003858D-05 0.2368429548223D-05 0.2635322866376D-05 0.2941134427956D-05
 0.3292410115658D-05 0.3695671432815D-05 0.4157058096633D-05 0.4681982411760D-05
 0.5274812575877D-05 0.5938586407066D-05 0.6674743853702D-05 0.7482859071154D-05
 0.8360351242654D-05 0.9302153692626D-05 0.1030032568273D-04 0.1134359653311D-04
 0.1241683643795D-04 0.1350045596348D-04 0.1456974554737D-04 0.1559417732178D-04
 0.1653671252074D-04 0.1735318638265D-04 0.1799188533710D-04 0.1839349657582D-04
 0.1849169989239D-04 0.1821478988871D-04 0.1748886153360D-04 0.1624323245107D-04
 0.1441885206153D-04 0.1198032888142D-04 0.8931685206923D-05 0.5334757454749D-05
 0.1327141436542D-05-0.2866014525919D-05-0.6934124096520D-05-0.1050438155163D-04
-0.1318813144397D-04-0.1464292099714D-04-0.1463335886280D-04-0.1307123116691D-04
-0.1002283158770D-04-0.5685148857064D-05-0.3438146414418D-06 0.5671032569817D-05
 0.1201903656804D-04 0.1836891751765D-04 0.2440313296756D-04 0.2981082586851D-04
 0.3427223473918D-04 0.3743684190381D-04 0.3889619919242D-04 0.3815117037056D-04
 0.3457217522915D-04 0.2734996972558D-04 0.1543333696920D-04-0.2551397307250D-05
-0.2840554687812D-04-0.6449617484970D-04-0.1139368458573D-03-0.1808213498756D-03
-0.2705201793124D-03-0.3900469460218D-03-0.5484967886915D-03-0.7575519397652D-03
-0.1032042532674D-02-0.1390547091014D-02-0.1856021873752D-02-0.2456465414400D-02
-0.3225655776451D-02-0.4204036110839D-02-0.5439857238404D-02-0.6990701527484D-02
-0.8925501584072D-02-0.1132714154541D-01-0.1429570667220D-01-0.1795243841222D-01
-0.2244445082458D-01-0.2795025024053D-01-0.3468609895042D-01-0.4291338030649D-01
 0.2102486135974D-12 0.6798877982084D-09 0.8336294670138D-09 0.1017472161543D-08
 0.1236662030974D-08 0.1497457316432D-08 0.1807305597599D-08 0.2174980739113D-08
 0.2611130577862D-08 0.3128481811720D-08 0.3742349041766D-08 0.4471127912860D-08
 0.5337008458667D-08 0.6366777495876D-08 0.7592614194647D-08 0.9053331856864D-08
 0.1079567162388D-07 0.1287560912142D-07 0.1536039179477D-07 0.1833009203131D-07
 0.2187999427686D-07 0.2612245741047D-07 0.3118906083088D-07 0.3723220494550D-07
 0.4442579154459D-07 0.5296454564637D-07 0.6306092406199D-07 0.7493845829780D-07
 0.8882025691997D-07 0.1049109556102D-06 0.1233709539082D-06 0.1442822680185D-06
 0.1676067875656D-06 0.1931401508115D-06 0.2204676717433D-06 0.2489321578518D-06
 0.2776255927466D-06 0.3054170735482D-06 0.3310234449946D-06 0.3531213566785D-06
 0.3704862049311D-06 0.3821335585269D-06 0.3874340282878D-06 0.3861777771166D-06
 0.3785768373947D-06 0.3652100979471D-06 0.3469280865101D-06 0.3247409826733D-06
 0.2997115753608D-06 0.2728681098679D-06 0.2451439140593D-06 0.2173435656470D-06
 0.1901306808227D-06 0.1640310835640D-06 0.1394445866265D-06 0.1166598159935D-06
 0.9586806544887D-07 0.7717309545925D-07 0.6059505302864D-07 0.4606690420745D-07
 0.3342307032491D-07 0.2237975509769D-07 0.1250783250008D-07 0.3200973026833D-08
-0.6355293314741D-08-0.1720264606812D-07-0.3059772769527D-07-0.4793894530231D-07
-0.7059090593621D-07-0.9956059940063D-07-0.1349947195745D-06-0.1755264277950D-06
-0.2176211300103D-06-0.2552469407559D-06-0.2803412963041D-06-0.2844865815507D-06
-0.2617790154133D-06-0.2121436776414D-06-0.1437815099444D-06-0.7361517547482D-07
-0.2560291018634D-07-0.2793823902870D-07-0.1106247127584D-06-0.3045207728862D-06
-0.6421898977787D-06-0.1160325527115D-05-0.1903374079545D-05-0.2928127004621D-05
-0.4309302122791D-05-0.6146367114822D-05-0.8572033277068D-05-0.1176299080489D-04
-0.1595360445260D-04-0.2145350414171D-04-0.2867030694386D-04-0.3813921404822D-04
-0.5056199496851D-04-0.6685898080019D-04-0.8823925805334D-04-0.1162962494985D-03
-0.1531381588931D-03-0.2015649711249D-03-0.2653052367648D-03-0.3493258372939D-03
-0.4602256350603D-03-0.6067197174154D-03-0.8002166553845D-03-0.1055491893898D-02
-0.1391474050958D-02-0.1832195034325D-02-0.2408011743869D-02-0.3157276958808D-02
-0.4128689333200D-02-0.5384551442627D-02-0.7005096437709D-02-0.9093950430411D-02
-0.1178479704321D-01-0.1524952180554D-01-0.1970855108317D-01-0.2544460111386D-01
    2    2  120    8
 0.3988515479049D-03 0.6315609876533D-03 0.6705816596910D-03 0.7120199570069D-03
 0.7560276561580D-03 0.8027621248971D-03 0.8523949475902D-03 0.9051033627511D-03
 0.9610798006828D-03 0.1020526651916D-02 0.1083659341495D-02 0.1150706720234D-02
 0.1221911905560D-02 0.1297533175596D-02 0.1377844919964D-02 0.1463138651189D-02
 0.1553724080029D-02 0.1649930259778D-02 0.1752106803091D-02 0.1860625176843D-02
 0.1975880079599D-02 0.2098290907355D-02 0.2228303313468D-02 0.2366390868580D-02
 0.2513056827624D-02 0.2668836010791D-02 0.2834296805991D-02 0.3010043301217D-02
 0.3196717555023D-02 0.3395002015301D-02 0.3605622095130D-02 0.3829348917877D-02
 0.4067002241734D-02 0.4319453576968D-02 0.4587629508583D-02 0.4872515238953D-02
 0.5175158365893D-02 0.5496672912198D-02 0.5838243624579D-02 0.6201130561368D-02
 0.6586673989877D-02 0.6996299613941D-02 0.7431524158723D-02 0.7893961335376D-02
 0.8385328215992D-02 0.8907452048029D-02 0.9462277542257D-02 0.1005187466806D-01
 0.1067844699624D-01 0.1134434063107D-01 0.1205205377740D-01 0.1280424699060D-01
 0.1360375416678D-01 0.1445359432992D-01 0.1535698427861D-01 0.1631735216737D-01
 0.1733835209307D-01 0.1842387977412D-01 0.1957808941156D-01 0.2080541183050D-01
 0.2211057401432D-01 0.2349862014472D-01 0.2497493427782D-01 0.2654526480348D-01
 0.2821575083083D-01 0.2999295066656D-01 0.3188387257877D-01 0.3389600802371D-01
 0.3603736754638D-01 0.3831651959698D-01 0.4074263246976D-01 0.4332551965579D-01
 0.4607568883818D-01 0.4900439483258D-01 0.5212369677161D-01 0.5544651980171D-01
 0.5898672160870D-01 0.6275916410722D-01 0.6677979055862D-01 0.7106570840917D-01
 0.7563527821078D-01 0.8050820879457D-01 0.8570565908920D-01 0.9125034672755D-01
 0.9716666376091D-01 0.1034807998213D+00 0.1102208729035D+00 0.1174170682438D+00
 0.1251017858802D+00 0.1333097974154D+00 0.1420784129595D+00 0.1514476597427D+00
 0.1614604738477D+00 0.1721629072557D+00 0.1836043534734D+00 0.1958377944986D+00
 0.2089200739064D+00 0.2229121999168D+00 0.2378796833864D+00 0.2538929157153D+00
 0.2710275894261D+00 0.2893651636304D+00 0.3089933766072D+00 0.3300067960295D+00
 0.3525074031381D+00 0.3766051991344D+00 0.4024188164964D+00 0.4300761034378D+00
 0.4597146999916D+00 0.4914825465007D+00 0.5255383705744D+00 0.5620521376746D+00
 0.6012055691733D+00 0.6431927642131D+00 0.6882210676993D+00 0.7365123503226D+00
 0.7883048050899D+00 0.8438553741877D+00 0.9034428803825D+00 0.9673717205815D+00
-0.3705813356003D-07-0.4171630354245D-07-0.4702053733139D-07-0.5300009881202D-07
-0.5974106644662D-07-0.6734045044845D-07-0.7590767363312D-07-0.8556606826371D-07
-0.9645474894409D-07-0.1087305516975D-06-0.1225703313151D-06-0.1381735171283D-06
-0.1557650055723D-06-0.1755983874458D-06-0.1979596595432D-06-0.2231713345373D-06
-0.2515971333332D-06-0.2836472570276D-06-0.3197843556881D-06-0.3605302134237D-06
-0.4064733642468D-06-0.4582776193511D-06-0.5166917976795D-06-0.5825605244178D-06
-0.6568366667657D-06-0.7405951570466D-06-0.8350487335784D-06-0.9415656556095D-06
-0.1061689804820D-05-0.1197163217275D-05-0.1349951746839D-05-0.1522273928597D-05
-0.1716633637585D-05-0.1935857032493D-05-0.2183134210590D-05-0.2462066573712D-05
-0.2776719977650D-05-0.3131685275487D-05-0.3532146605164D-05-0.3983958491859D-05
-0.4493733548515D-05-0.5068941328580D-05-0.5718020477681D-05-0.6450505683511D-05
-0.7277171500950D-05-0.8210195110934D-05-0.9263341066386D-05-0.1045217053498D-04
-0.1179427825323D-04-0.1330956173897D-04-0.1502052613419D-04-0.1695263001409D-04
-0.1913467777338D-04-0.2159926526547D-04-0.2438328437268D-04-0.2752849669211D-04
-0.3108218432272D-04-0.3509788779414D-04-0.3963624439761D-04-0.4476593950847D-04
-0.5056478528041D-04-0.5712094560009D-04-0.6453432464818D-04-0.7291814205125D-04
-0.8240071814768D-04-0.9312749790049D-04-0.1052633411683D-03-0.1189951177800D-03
-0.1345346405156D-03-0.1521219812810D-03-0.1720292147702D-03-0.1945646492270D-03
-0.2200775832481D-03-0.2489636712679D-03-0.2816709587146D-03-0.3187066525008D-03
-0.3606447227997D-03-0.4081344328521D-03-0.4619098663550D-03-0.5228005972866D-03
-0.5917436122467D-03-0.6697966155268D-03-0.7581528886893D-03-0.8581578744770D-03
-0.9713277266684D-03-0.1099370032288D-02-0.1244207074725D-02-0.1408001957044D-02
-0.1593188092187D-02-0.1802502605815D-02-0.2039024402357D-02-0.2306217697507D-02
-0.2607982214025D-02-0.2948711181850D-02-0.3333358880071D-02-0.3767519359125D-02
-0.4257518760418D-02-0.4810523108420D-02-0.5434664594658D-02-0.6139188810323D-02
-0.6934625384239D-02-0.7832984627283D-02-0.8847982446814D-02-0.9995294101820D-02
-0.1129283858342D-01-0.1276109315217D-01-0.1442343805422D-01-0.1630653166448D-01
-0.1844071910578D-01-0.2086047864771D-01-0.2360492029737D-01-0.2671835633523D-01
-0.3025097742684D-01-0.3425968241921D-01-0.3880912240014D-01-0.4397302570977D-01
-0.4983588127333D-01-0.5649503249509D-01-0.6406321267435D-01-0.7267150576220D-01
 0.8295795680481D-07 0.9979402476003D-07 0.1124890483125D-06 0.1268010558948D-06
 0.1429362554227D-06 0.1611269296034D-06 0.1816352580955D-06 0.2047565590357D-06
 0.2308240789030D-06 0.2602134600037D-06 0.2933483075397D-06 0.3307062777400D-06
 0.3728259957541D-06 0.4203148442200D-06 0.4738577344531D-06 0.5342270342658D-06
 0.6022937437875D-06 0.6790401024113D-06 0.7655738123877D-06 0.8631441220207D-06
 0.9731598922562D-06 0.1097210057139D-05 0.1237086683890D-05 0.1394810993543D-05
 0.1572662699120D-05 0.1773213183714D-05 0.1999362854972D-05 0.2254383384471D-05
 0.2541965385704D-05 0.2866272124224D-05 0.3232000340856D-05 0.3644448756619D-05
 0.4109595544483D-05 0.4634185640375D-05 0.5225829643538D-05 0.5893115355278D-05
 0.6645733453244D-05 0.7494620221042D-05 0.8452118161022D-05 0.9532157720745D-05
 0.1075046247750D-04 0.1212478170100D-04 0.1367515211140D-04 0.1542419505308D-04
 0.1739745159040D-04 0.1962376184682D-04 0.2213569368937D-04 0.2497002874242D-04
 0.2816831016498D-04 0.3177746466448D-04 0.3585050504604D-04 0.4044732499629D-04
 0.4563559962918D-04 0.5149180526562D-04 0.5810237126391D-04 0.6556498743557D-04
 0.7399008259105D-04 0.8350249760992D-04 0.9424338181756D-04 0.1063723402087D-03
 0.1200698625956D-03 0.1355400760458D-03 0.1530138604394D-03 0.1727523734764D-03
 0.1950510422089D-03 0.2202440805701D-03 0.2487095951557D-03 0.2808753663718D-03
 0.3172253792440D-03 0.3583072036763D-03 0.4047403321643D-03 0.4572256056534D-03
 0.5165558255891D-03 0.5836277432654D-03 0.6594555785833D-03 0.7451862269239D-03
 0.8421163932005D-03 0.9517119013811D-03 0.1075629356750D-02 0.1215740540772D-02
 0.1374159828240D-02 0.1553274975299D-02 0.1755781730205D-02 0.1984722719370D-02
 0.2243531233047D-02 0.2536080427611D-02 0.2866738862471D-02 0.3240433119178D-02
 0.3662718663908D-02 0.4139860152657D-02 0.4678922789295D-02 0.5287876320585D-02
 0.5975714129718D-02 0.6752589527521D-02 0.7629972607398D-02 0.8620830631669D-02
 0.9739836576307D-02 0.1100360901862D-01 0.1243098934687D-01 0.1404336088548D-01
 0.1586501499390D-01 0.1792356999656D-01 0.2025044895113D-01 0.2288141926912D-01
 0.2585720169850D-01 0.2922415198043D-01 0.3303502105223D-01 0.3734980044278D-01
 0.4223666532691D-01 0.4777302696834D-01 0.5404672476919D-01 0.6115739056244D-01
 0.6921803865249D-01 0.7835695423191D-01 0.8871996988177D-01 0.1004732262354D+00
 0.1138065432920D+00 0.1289374922519D+00 0.1461162529092D+00 0.1656312944002D+00
 0.4460211671759D-11 0.9506642785875D-11 0.1138477864204D-10 0.1363467095492D-10
 0.1633010065601D-10 0.1955697117875D-10 0.2342283958653D-10 0.2805341821813D-10
 0.3359816315940D-10 0.4023965734332D-10 0.4819416909687D-10 0.5772112452618D-10
 0.6913025643769D-10 0.8279645512163D-10 0.9916263166360D-10 0.1187645645484D-09
 0.1422415777106D-09 0.1703590117882D-09 0.2040325415168D-09 0.2443620085439D-09
 0.2926613232700D-09 0.3505030711322D-09 0.4197741608476D-09 0.5027305686207D-09
 0.6020729457071D-09 0.7210366563884D-09 0.8634916329483D-09 0.1034074175425D-08
 0.1238328573964D-08 0.1482894397770D-08 0.1775715334873D-08 0.2126299635792D-08
 0.2546018924978D-08 0.3048482491700D-08 0.3649967238168D-08 0.4369942660816D-08
 0.5231693896749D-08 0.6263061694369D-08 0.7497330386336D-08 0.8974290419147D-08
 0.1074149147952D-07 0.1285575081172D-07 0.1538494596982D-07 0.1841014448570D-07
 0.2202814433286D-07 0.2635450031959D-07 0.3152710791964D-07 0.3771048481773D-07
 0.4510083661370D-07 0.5393208074331D-07 0.6448298884286D-07 0.7708565329935D-07
 0.9213551292914D-07 0.1101032187039D-06 0.1315486620832D-06 0.1571375473507D-06
 0.1876609409337D-06 0.2240583194720D-06 0.2674447036440D-06 0.3191425732319D-06
 0.3807193420715D-06 0.4540313320093D-06 0.5412752636164D-06 0.6450485103570D-06
 0.7684194697665D-06 0.9150096370922D-06 0.1089089207384D-05 0.1295688231691D-05
 0.1540725704783D-05 0.1831159249127D-05 0.2175158482012D-05 0.2582305512027D-05
 0.3063826712325D-05 0.3632860411380D-05 0.4304765955609D-05 0.5097480727816D-05
 0.6031932872915D-05 0.7132519073379D-05 0.8427659148130D-05 0.9950441918251D-05
 0.1173938051486D-04 0.1383930079883D-04 0.1630239285644D-04 0.1918946472190D-04
 0.2257144904599D-04 0.2653122914358D-04 0.3116586979278D-04 0.3658936417476D-04
 0.4293603974488D-04 0.5036480478533D-04 0.5906446536866D-04 0.6926040071175D-04
 0.8122294793341D-04 0.9527792753205D-04 0.1118198169219D-03 0.1313281707446D-03
 0.1543879608940D-03 0.1817145992431D-03 0.2141844416382D-03 0.2528716125008D-03
 0.2990919816794D-03 0.3544550563542D-03 0.4209244617765D-03 0.5008876035386D-03
 0.5972349725763D-03 0.7134496439678D-03 0.8537078087702D-03 0.1022991966008D-02
 0.1227219835013D-02 0.1473394746478D-02 0.1769786898349D-02 0.2126160529643D-02
 0.2554068762180D-02 0.3067245912789D-02 0.3682135157943D-02 0.4418595826203D-02
 0.5300836477782D-02 0.6358615612490D-02 0.7628735911760D-02 0.9156831349977D-02
-0.5324303893184D-11-0.3303008771762D-10-0.3956443611724D-10-0.4739237796240D-10
-0.5676840406383D-10-0.6800204668031D-10-0.8145743702740D-10-0.9757638924824D-10
-0.1168857138980D-09-0.1400170296207D-09-0.1677256517549D-09-0.2009178797428D-09
-0.2406789512649D-09-0.2883061798570D-09-0.3453580483810D-09-0.4136971021109D-09
-0.4955538331302D-09-0.5936017866979D-09-0.7110396105103D-09-0.8516981768995D-09
-0.1020163292661D-08-0.1221927045122D-08-0.1463558124928D-08-0.1752923266888D-08
-0.2099437006995D-08-0.2514359535530D-08-0.3011170870534D-08-0.3605990421024D-08
-0.4318103177825D-08-0.5170572094268D-08-0.6190970250064D-08-0.7412263031062D-08
-0.8873854521613D-08-0.1062282620821D-07-0.1271543051214D-07-0.1521884971551D-07
-0.1821330238767D-07-0.2179454374703D-07-0.2607683626790D-07-0.3119647633300D-07
-0.3731598708819D-07-0.4462908021675D-07-0.5336653669303D-07-0.6380317744840D-07
-0.7626609424409D-07-0.9114437495548D-07-0.1089005871335D-06-0.1300842931269D-06
-0.1553479689832D-06-0.1854657012816D-06-0.2213551246770D-06-0.2641031124710D-06
-0.3149958015374D-06-0.3755536307677D-06-0.4475721117392D-06-0.5331691726376D-06
-0.6348399954373D-06-0.7555203399684D-06-0.8986594490158D-06-0.1068303687995D-05
-0.1269192164252D-05-0.1506865572960D-05-0.1787789562108D-05-0.2119493851525D-05
-0.2510728280552D-05-0.2971636764213D-05-0.3513949955173D-05-0.4151197004616D-05
-0.4898936435491D-05-0.5775005473183D-05-0.6799786619710D-05-0.7996489272203D-05
-0.9391443510966D-05-0.1101440219749D-04-0.1289884669897D-04-0.1508229135811D-04
-0.1760658169719D-04-0.2051818248136D-04-0.2386845461602D-04-0.2771392442052D-04
-0.3211655690732D-04-0.3714405743721D-04-0.4287024421422D-04-0.4937556045032D-04
-0.5674783090178D-04-0.6508341622720D-04-0.7448898062090D-04-0.8508416899211D-04
-0.9700558736838D-04-0.1104125980599D-03-0.1254955761709D-03-0.1424874241566D-03
-0.1616792932870D-03-0.1834416137830D-03-0.2082516499553D-03-0.2367288722268D-03
-0.2696794119020D-03-0.3081507393627D-03-0.3534973884697D-03-0.4074580707160D-03
-0.4722438360900D-03-0.5506360625277D-03-0.6460921180823D-03-0.7628557274393D-03
-0.9060685825099D-03-0.1081880172267D-02-0.1297554576202D-02-0.1561576833904D-02
-0.1883768010016D-02-0.2275427974348D-02-0.2749537664902D-02-0.3321068272487D-02
-0.4007460397968D-02-0.4829349383565D-02-0.5811618385069D-02-0.6984852855292D-02
-0.8387243742559D-02-0.1006694057806D-01-0.1208479043556D-01-0.1451732917248D-01
-0.1255184722089D-15-0.1774106896040D-14-0.2782159458235D-14-0.3156608907179D-14
-0.2462204411779D-14-0.4262876767334D-14-0.4576110406720D-14-0.6084576649554D-14
-0.7257050298572D-14-0.9455140670150D-14-0.1138389226999D-13-0.1331279404119D-13
-0.1885488844968D-13-0.2164759534270D-13-0.2844980225356D-13-0.3605488678354D-13
-0.4484263771562D-13-0.5701205590552D-13-0.7326233294085D-13-0.9147539873946D-13
-0.1156165504075D-12-0.1488750403159D-12-0.1883654980137D-12-0.2387114409077D-12
-0.3038789705911D-12-0.3852411508335D-12-0.4903176189784D-12-0.6208857996909D-12
-0.7893194628724D-12-0.1003210129633D-11-0.1274680263281D-11-0.1618207205465D-11
-0.2054959043055D-11-0.2609007288955D-11-0.3313427237039D-11-0.4206334129038D-11
-0.5339544628538D-11-0.6776601070871D-11-0.8599764841378D-11-0.1090985424688D-10
-0.1384035096239D-10-0.1755593637920D-10-0.2226139002782D-10-0.2822262738531D-10
-0.3577440406848D-10-0.4533147989107D-10-0.5742857337219D-10-0.7273285167361D-10
-0.9208677140939D-10-0.1165529165624D-09-0.1474660491666D-09-0.1865090257376D-09
-0.2357923561367D-09-0.2979703509128D-09-0.3763730966892D-09-0.4751721323123D-09
-0.5995903894747D-09-0.7561646256431D-09-0.9530619732026D-09-0.1200469220250D-08
-0.1511087295822D-08-0.1900717707929D-08-0.2389002899852D-08-0.3000310476238D-08
-0.3764832348177D-08-0.4719903411899D-08-0.5911617536059D-08-0.7396770762988D-08
-0.9245218472691D-08-0.1154270179693D-07-0.1439425391012D-07-0.1792827728413D-07
-0.2230142336061D-07-0.2770443615206D-07-0.3436912554671D-07-0.4257674014558D-07
-0.5266799827962D-07-0.6505519934209D-07-0.8023693719153D-07-0.9881611938510D-07
-0.1215223163611D-06-0.1492398182325D-06-0.1830434264847D-06-0.2242447541931D-06
-0.2744530825985D-06-0.3356563917140D-06-0.4103305025789D-06-0.5015874062987D-06
-0.6133779914644D-06-0.7507700064287D-06-0.9203294232553D-06-0.1130642610760D-05
-0.1393028608678D-05-0.1722505460965D-05-0.2139091605085D-05-0.2669544358908D-05
-0.3349660092645D-05-0.4227285374363D-05-0.5366214654851D-05-0.6851172895392D-05
-0.8794103333208D-05-0.1134199602710D-04-0.1468650346921D-04-0.1907559893749D-04
-0.2482755486675D-04-0.3234757112808D-04-0.4214752118645D-04-0.5486955772312D-04
-0.7131486020681D-04-0.9247971095545D-04-0.1196025301087D-03-0.1542276462564D-03
-0.1982944721394D-03-0.2542644046196D-03-0.3253018730254D-03-0.4155297856421D-03
-0.5303820844078D-03-0.6770754678353D-03-0.8652164269010D-03-0.1107547120114D-02
 0.1861740845098D-14-0.2139085669473D-13-0.2685040807101D-13-0.3417114907676D-13
-0.4417918731283D-13-0.5579282959906D-13-0.7145309614471D-13-0.9101192720402D-13
-0.1159741852597D-12-0.1471512528840D-12-0.1873583252841D-12-0.2386340801496D-12
-0.3035650869766D-12-0.3864813330235D-12-0.4917046050642D-12-0.6259607367169D-12
-0.7969534572475D-12-0.1014252461512D-11-0.1290758216240D-11-0.1642450169307D-11
-0.2090820128666D-11-0.2660359355343D-11-0.3385788844096D-11-0.4308505491119D-11
-0.5482751081200D-11-0.6977230275501D-11-0.8878536243999D-11-0.1129771401940D-10
-0.1437542915505D-10-0.1829090218885D-10-0.2327164819674D-10-0.2960754336140D-10
-0.3766639689165D-10-0.4791619482855D-10-0.6095046358097D-10-0.7752482788036D-10
-0.9859817234459D-10-0.1253888027312D-09-0.1594425367004D-09-0.2027226511829D-09
-0.2577193341011D-09-0.3275923513044D-09-0.4163489522491D-09-0.5290688036975D-09
-0.6721889399146D-09-0.8538643247619D-09-0.1084418404290D-08-0.1376917250789D-08
-0.1747886528444D-08-0.2218218780950D-08-0.2814307606575D-08-0.3569474866273D-08
-0.4525762854467D-08-0.5736169570393D-08-0.7267450788747D-08-0.9203616782102D-08
-0.1165028484559D-07-0.1474009801296D-07-0.1863944941999D-07-0.2355680877942D-07
-0.2975301479557D-07-0.3755395217578D-07-0.4736612878100D-07-0.5969575517278D-07
-0.7517202036564D-07-0.9457538646000D-07-0.1188718208814D-06-0.1492540146735D-06
-0.1871907224008D-06-0.2344854665824D-06-0.2933458491274D-06-0.3664647216222D-06
-0.4571142879691D-06-0.5692539363093D-06-0.7076520663394D-06-0.8780213197290D-06
-0.1087165398471D-05-0.1343133807665D-05-0.1655378361287D-05-0.2034901843722D-05
-0.2494384712263D-05-0.3048269855857D-05-0.3712778053838D-05-0.4505817728102D-05
-0.5446741699474D-05-0.6555891204560D-05-0.7853853548346D-05-0.9360345316979D-05
-0.1109261933813D-04-0.1306328248777D-04-0.1527740585030D-04-0.1772881297553D-04
-0.2039545083272D-04-0.2323378807769D-04-0.2617225402377D-04-0.2910383584515D-04
-0.3187809760414D-04-0.3429307599731D-04-0.3608773833523D-04-0.3693594515329D-04
-0.3644311005411D-04-0.3414693647025D-04-0.2952365060712D-04-0.2200092550296D-04
-0.1097804322852D-04 0.4147399792543D-05 0.2394895325190D-04 0.4894256692568D-04
 0.7956912243691D-04 0.1162022838409D-03 0.1592005246980D-03 0.2090262563704D-03
 0.2664569057782D-03 0.3329107740793D-03 0.4109025418883D-03 0.5046278445382D-03
 0.6206533329506D-03 0.7686601206656D-03 0.9621603538151D-03 0.1219088886958D-02
-0.5234805175609D-15-0.2885920212409D-14-0.3899186112977D-14-0.5294558274410D-14
-0.6086188283173D-14-0.8178364324906D-14-0.9760810166678D-14-0.1230417123078D-13
-0.1578782217501D-13-0.2014506249346D-13-0.2543227654466D-13-0.3222078282092D-13
-0.4104589533287D-13-0.5180161049819D-13-0.6607883165121D-13-0.8400983078940D-13
-0.1060555463865D-12-0.1348513756593D-12-0.1716166719226D-12-0.2177871254434D-12
-0.2760981894037D-12-0.3515653231485D-12-0.4460349255100D-12-0.5662371930982D-12
-0.7194206764724D-12-0.9132818262055D-12-0.1159751092618D-11-0.1471929132892D-11
-0.1868559699765D-11-0.2371895581145D-11-0.3010130267752D-11-0.3819362883724D-11
-0.4845620278896D-11-0.6146578705560D-11-0.7795800192682D-11-0.9885093206314D-11
-0.1253172336886D-10-0.1588306248910D-10-0.2012621942620D-10-0.2549507086647D-10
-0.3228796395883D-10-0.4087821303179D-10-0.5173693238473D-10-0.6545784884564D-10
-0.8278593858520D-10-0.1046587986881D-09-0.1322546720162D-09-0.1670499116453D-09
-0.2108954875677D-09-0.2661091006705D-09-0.3355878982369D-09-0.4229514505026D-09
-0.5327125379713D-09-0.6704919198244D-09-0.8432795443140D-09-0.1059749985702D-08
-0.1330651572401D-08-0.1669275459180D-08-0.2092021345965D-08-0.2619075983848D-08
-0.3275225150550D-08-0.4090819790986D-08-0.5102910558006D-08-0.6356580689208D-08
-0.7906493402825D-08-0.9818666322908D-08-0.1217249317902D-07-0.1506300679393D-07
-0.1860337976486D-07-0.2292762419183D-07-0.2819345198457D-07-0.3458519395981D-07
-0.4231667258468D-07-0.5163386434875D-07-0.6281714365155D-07-0.7618289107681D-07
-0.9208421464883D-07-0.1109105882683D-06-0.1330863191052D-06-0.1590680082835D-06
-0.1893416435990D-06-0.2244207040932D-06-0.2648479785859D-06-0.3112056268222D-06
-0.3641409708848D-06-0.4244195792968D-06-0.4930230531629D-06-0.5713170220847D-06
-0.6613255933994D-06-0.7661626655465D-06-0.8906886860731D-06-0.1042483735151D-05
-0.1233254598197D-05-0.1480824516411D-05-0.1811887422996D-05-0.2265742142762D-05
-0.2899252136971D-05-0.3793295210334D-05-0.5060970423437D-05-0.6857804431941D-05
-0.9394136945036D-05-0.1294976144918D-04-0.1789075285314D-04-0.2468824092664D-04
-0.3393874210915D-04-0.4638562187249D-04-0.6294146310760D-04-0.8471178447346D-04
-0.1130219809755D-03-0.1494518192307D-03-0.1958857395873D-03-0.2545927009687D-03
-0.3283563029944D-03-0.4206838856346D-03-0.5361307602904D-03-0.6807803180016D-03
-0.8629192638056D-03-0.1093935388338D-02-0.1389439609507D-02-0.1770573667368D-02
