bcc Te -- Hedin-Lundqvist LDA                                                   
INPUT  IT=157 SPIN=1 NTYPE=  2
 -3.700000  3.700000  3.700000
  3.700000 -3.700000  3.700000
  3.700000  3.700000 -3.700000
    1  435  2.000000  0.030000    1
  0.000000  0.000000  0.000000
 0.8951685020242D-04 0.9462537216051D-04 0.1000254060540D-03 0.1057335680221D-03
 0.1117673671837D-03 0.1181454354789D-03 0.1248874108792D-03 0.1320140510886D-03
 0.1395472973384D-03 0.1475103418878D-03 0.1559276992954D-03 0.1648252817310D-03
 0.1742304786206D-03 0.1841722407922D-03 0.1946811694353D-03 0.2057896100908D-03
 0.2175317520203D-03 0.2299437332107D-03 0.2430637513517D-03 0.2569321811308D-03
 0.2715916982028D-03 0.2870874101878D-03 0.3034669951515D-03 0.3207808479269D-03
 0.3390822347613D-03 0.3584274567697D-03 0.3788760226551D-03 0.4004908312490D-03
 0.4233383644359D-03 0.4474888910165D-03 0.4730166821584D-03 0.5000002390825D-03
 0.5285225336847D-03 0.5586712627918D-03 0.5905391168805D-03 0.6242240640212D-03
 0.6598296499437D-03 0.6974653151260D-03 0.7372467298596D-03 0.7792961483202D-03
 0.8237427827151D-03 0.8707231986321D-03 0.9203817327925D-03 0.9728709344781D-03
 0.1028352031961D-02 0.1086995425361D-02 0.1148981207329D-02 0.1214499713393D-02
 0.1283752103173D-02 0.1356950974727D-02 0.1434321013511D-02 0.1516099678058D-02
 0.1602537924389D-02 0.1693900971473D-02 0.1790469109748D-02 0.1892538555459D-02
 0.2000422353133D-02 0.2114451328989D-02 0.2234975098239D-02 0.2362363129027D-02
 0.2497005866501D-02 0.2639315920062D-02 0.2789729317688D-02 0.2948706830703D-02
 0.3116735373191D-02 0.3294329480139D-02 0.3482032868661D-02 0.3680420086946D-02
 0.3890098256006D-02 0.4111708908910D-02 0.4345929933554D-02 0.4593477624214D-02
 0.4855108848152D-02 0.5131623333619D-02 0.5423866086037D-02 0.5732729939216D-02
 0.6059158249432D-02 0.6404147740069D-02 0.6768751504974D-02 0.7154082179659D-02
 0.7561315289239D-02 0.7991692783018D-02 0.8446526766013D-02 0.8927203437946D-02
 0.9435187251423D-02 0.9972025301147D-02 0.1053935195679D-01 0.1113889375240D-01
 0.1177247454795D-01 0.1244202097481D-01 0.1314956818432D-01 0.1389726591241D-01
 0.1468738487977D-01 0.1552232354492D-01 0.1640461522907D-01 0.1733693563255D-01
 0.1832211076490D-01 0.1936312530957D-01 0.2046313144787D-01 0.2162545816461D-01
 0.2285362106355D-01 0.2415133271926D-01 0.2552251359073D-01 0.2697130353169D-01
 0.2850207392498D-01 0.3011944047586D-01 0.3182827669739D-01 0.3363372812692D-01
 0.3554122730760D-01 0.3755650957840D-01 0.3968562971372D-01 0.4193497945451D-01
 0.4431130598031D-01 0.4682173136640D-01 0.4947377308009D-01 0.5227536556790D-01
 0.5523488298725D-01 0.5836116314308D-01 0.6166353268821D-01 0.6515183365148D-01
 0.6883645136059D-01 0.7272834382543D-01 0.7683907265919D-01 0.8118083560765D-01
 0.8576650076831D-01 0.9060964258020D-01 0.9572457966767D-01 0.1011264146317D+00
 0.1068310758776D+00 0.1128553615695D+00 0.1192169858343D+00 0.1259346272779D+00
 0.1330279799661D+00 0.1405178069554D+00 0.1484259964885D+00 0.1567756209888D+00
 0.1655909989642D+00 0.1748977599559D+00 0.1847229126589D+00 0.1950949163548D+00
 0.2060437557873D+00 0.2176010196424D+00 0.2297999827521D+00 0.2426756922042D+00
 0.2562650574885D+00 0.2706069448492D+00 0.2857422760091D+00 0.3017141313900D+00
 0.3185678580685D+00 0.3363511825610D+00 0.3551143286423D+00 0.3749101403695D+00
 0.3957942104727D+00 0.4178250142723D+00 0.4410640493133D+00 0.4655759808652D+00
 0.4914287934507D+00 0.5186939485740D+00 0.5474465487864D+00 0.5777655082423D+00
 0.6097337298764D+00 0.6434382893433D+00 0.6789706258126D+00 0.7164267397219D+00
 0.7559073975987D+00 0.7975183439799D+00 0.8413705204787D+00 0.8875802920299D+00
 0.9362696802953D+00 0.9875666041792D+00 0.1041605127372D+01 0.1098525712834D+01
 0.1158475483971D+01 0.1221608492471D+01 0.1288085992273D+01 0.1358076719518D+01
 0.1431757178191D+01 0.1509311930602D+01 0.1590933892594D+01 0.1676824632560D+01
 0.1767194673669D+01 0.1862263798365D+01 0.1962261354403D+01 0.2067426560925D+01
 0.2178008813941D+01 0.2294267989385D+01 0.2416474742455D+01 0.2544910801647D+01
 0.2679869255371D+01 0.2821654829394D+01 0.2970584152689D+01 0.3126986009207D+01
 0.3291201573098D+01 0.3463584624080D+01 0.3644501740141D+01 0.3834332463738D+01
 0.4033469437871D+01 0.4242318508096D+01 0.4461298785694D+01 0.4690842667618D+01
 0.4931395807923D+01 0.5183417035173D+01 0.5447378210215D+01 0.5723764017831D+01
 0.6013071685800D+01 0.6315810624324D+01 0.6632501978283D+01 0.6963678084589D+01
 0.7309881826362D+01 0.7671665875178D+01 0.8049591812440D+01 0.8444229120434D+01
 0.8856154033054D+01 0.9285948236563D+01 0.9734197409445D+01 0.1020148959107D+02
 0.1068841336782D+02 0.1119555586695D+02 0.1172350054495D+02 0.1227282476193D+02
 0.1284409712850D+02 0.1343787461831D+02 0.1405469943019D+02 0.1469509559745D+02
 0.1535956532865D+02 0.1604858507656D+02 0.1676260132580D+02 0.1750202609392D+02
 0.1826723214408D+02 0.1905854790240D+02 0.1987625208745D+02 0.2072056804583D+02
 0.2159165780760D+02 0.2248961586484D+02 0.2341446268705D+02 0.2436613799293D+02
 0.2534449379560D+02 0.2634928725005D+02 0.2738017333371D+02 0.2843669739921D+02
 0.2951828764009D+02 0.3062424752616D+02 0.3175374826203D+02 0.3290582133828D+02
 0.3407935125109D+02 0.3527306847134D+02 0.3648554275890D+02 0.3771517692274D+02
 0.3896020114103D+02 0.4021866795933D+02 0.4148844810310D+02 0.4276722723804D+02
 0.4405250383696D+02 0.4534158830102D+02 0.4663160351088D+02 0.4791948697037D+02
 0.4920199472893D+02 0.5047570725204D+02 0.5173703743919D+02 0.5298224094526D+02
 0.5420742901462D+02 0.5540858396276D+02 0.5658157750303D+02 0.5772219202543D+02
 0.5882614499611D+02 0.5988911653238D+02 0.6090678028340D+02 0.6187483759125D+02
 0.6278905500224D+02 0.6364530500026D+02 0.6443960995019D+02 0.6516818898713D+02
 0.6582750773822D+02 0.6641433044701D+02 0.6692577426736D+02 0.6735936509659D+02
 0.6771309458216D+02 0.6798547745528D+02 0.6817560866912D+02 0.6828321927457D+02
 0.6830873036214D+02 0.6825330375980D+02 0.6811888871052D+02 0.6790826298026D+02
 0.6762506754478D+02 0.6727383312775D+02 0.6685999771892D+02 0.6638991320928D+02
 0.6587084038066D+02 0.6531093033374D+02 0.6471919180311D+02 0.6410544251403D+02
 0.6348024444678D+02 0.6285482128603D+02 0.6224095856822D+02 0.6165088510956D+02
 0.6109713699184D+02 0.6059240318991D+02 0.6014935508973D+02 0.5978045957209D+02
 0.5949777909902D+02 0.5931275911753D+02 0.5923600756168D+02 0.5927706777275D+02
 0.5944418924322D+02 0.5974410124810D+02 0.6018179353692D+02 0.6076030748679D+02
 0.6148054630223D+02 0.6234110625580D+02 0.6333813871861D+02 0.6446524388313D+02
 0.6571340776348D+02 0.6707098100907D+02 0.6852371148978D+02 0.7005482795844D+02
 0.7164518518221D+02 0.7327346526913D+02 0.7491644576538D+02 0.7654932284019D+02
 0.7814610108998D+02 0.7968003285144D+02 0.8112411539126D+02 0.8245162535562D+02
 0.8363669664116D+02 0.8465491283617D+02 0.8548392365832D+02 0.8610404619873D+02
 0.8649886160214D+02 0.8665576416390D+02 0.8656647219974D+02 0.8622745325878D+02
 0.8564028033805D+02 0.8481186181577D+02 0.8375457434719D+02 0.8248623728529D+02
 0.8102996703909D+02 0.7941385080134D+02 0.7767049401709D+02 0.7583637780142D+02
 0.7395110237456D+02 0.7205645229318D+02 0.7019538118307D+02 0.6841085170862D+02
 0.6674465167141D+02 0.6523612000556D+02 0.6392092561468D+02 0.6282982665161D+02
 0.6198757274997D+02 0.6141186635815D+02 0.6111255883142D+02 0.6109098223226D+02
 0.6133958929933D+02 0.6184179301985D+02 0.6257216884098D+02 0.6349688730138D+02
 0.6457450862860D+02 0.6575699934655D+02 0.6699109129305D+02 0.6821979105775D+02
 0.6938415541788D+02 0.7042511576595D+02 0.7128545010074D+02 0.7191167284455D+02
 0.7225593075150D+02 0.7227767746250D+02 0.7194521152915D+02 0.7123686826924D+02
 0.7014195561805D+02 0.6866125741556D+02 0.6680720392657D+02 0.6460357728070D+02
 0.6208486560243D+02 0.5929518179739D+02 0.5628687361991D+02 0.5311879079565D+02
 0.4985434059997D+02 0.4655934652579D+02 0.4329983271204D+02 0.4013979206644D+02
 0.3713903603155D+02 0.3435121813135D+02 0.3182208418861D+02 0.2958807023825D+02
 0.2767521818744D+02 0.2609857825424D+02 0.2486196039326D+02 0.2395819689784D+02
 0.2336977036141D+02 0.2306986475149D+02 0.2302366840500D+02 0.2319005925891D+02
 0.2352332660748D+02 0.2397516712214D+02 0.2449650228269D+02 0.2503944288900D+02
 0.2555888796549D+02 0.2601413746234D+02 0.2636999187634D+02 0.2659780576160D+02
 0.2667592625140D+02 0.2659009989919D+02 0.2633323894738D+02 0.2590523083191D+02
 0.2531215227513D+02 0.2456564184214D+02 0.2368176812201D+02 0.2268017287756D+02
 0.2158283066957D+02 0.2041317493427D+02 0.1919494476542D+02 0.1795146877026D+02
 0.1670473126754D+02 0.1547492434212D+02 0.1427980490384D+02 0.1313454431883D+02
 0.1205138075677D+02 0.1103973444260D+02 0.1010612637320D+02 0.9254475516265D+01
 0.8486155680230D+01 0.7800431237187D+01 0.7194588132623D+01 0.6664437171678D+01
 0.6204503870065D+01 0.5808578162335D+01 0.5469913403899D+01 0.5181709668650D+01
 0.4937153411428D+01 0.4729670637022D+01 0.4552792542103D+01 0.4400414378193D+01
 0.4266956677742D+01 0.4148061997713D+01 0.4041013311727D+01
    2  435  1.000000  0.030000    3
  0.000000  0.500000  0.500000
  0.500000  0.500000  0.000000
  0.500000  0.000000  0.500000
 0.2232031924690D-10 0.2370048964363D-10 0.2516600236922D-10 0.2672213452559D-10
 0.2837448952020D-10 0.3012901724450D-10 0.3199203554464D-10 0.3397025278565D-10
 0.3607079227526D-10 0.3830121774667D-10 0.4066956067785D-10 0.4318434901067D-10
 0.4585463816327D-10 0.4869004343985D-10 0.5170077474947D-10 0.5489767315225D-10
 0.5829225022769D-10 0.6189672931299D-10 0.6572408961859D-10 0.6978811272303D-10
 0.7410343256617D-10 0.7868558790995D-10 0.8355107839685D-10 0.8871742369890D-10
 0.9420322700839D-10 0.1000282417701D-09 0.1062134429224D-09 0.1127811021329D-09
 0.1197548684404D-09 0.1271598531418D-09 0.1350227203174D-09 0.1433717825344D-09
 0.1522371032861D-09 0.1616506049398D-09 0.1716461838064D-09 0.1822598318422D-09
 0.1935297667986D-09 0.2054965695010D-09 0.2182033300961D-09 0.2316958028308D-09
 0.2460225714009D-09 0.2612352235323D-09 0.2773885368602D-09 0.2945406757494D-09
 0.3127534014023D-09 0.3320922938423D-09 0.3526269881770D-09 0.3744314248905D-09
 0.3975841167974D-09 0.4221684313302D-09 0.4482728908349D-09 0.4759914908264D-09
 0.5054240392336D-09 0.5366765153126D-09 0.5698614513620D-09 0.6050983373775D-09
 0.6425140521784D-09 0.6822433197298D-09 0.7244291943725D-09 0.7692235752993D-09
 0.8167877544715D-09 0.8672929967944D-09 0.9209211569022D-09 0.9778653332716D-09
 0.1038330564583D-08 0.1102534567311D-08 0.1170708519836D-08 0.1243097893924D-08
 0.1319963339927D-08 0.1401581624392D-08 0.1488246626830D-08 0.1580270396892D-08
 0.1677984279284D-08 0.1781740105969D-08 0.1891911462986D-08 0.2008895034681D-08
 0.2133112033342D-08 0.2265009714887D-08 0.2405062989230D-08 0.2553776129144D-08
 0.2711684587402D-08 0.2879356923607D-08 0.3057396851295D-08 0.3246445410297D-08
 0.3447183276411D-08 0.3660333210975D-08 0.3886662662947D-08 0.4126986530659D-08
 0.4382170097496D-08 0.4653132145831D-08 0.4940848264777D-08 0.5246354360933D-08
 0.5570750389884D-08 0.5915204314717D-08 0.6280956310629D-08 0.6669323227934D-08
 0.7081703334962D-08 0.7519581350212D-08 0.7984533786953D-08 0.8478234626735D-08
 0.9002461347803D-08 0.9559101322045D-08 0.1015015860862D-07 0.1077776116606D-07
 0.1144416851486D-07 0.1215177986890D-07 0.1290314277143D-07 0.1370096226230D-07
 0.1454811061781D-07 0.1544763768742D-07 0.1640278187056D-07 0.1741698176946D-07
 0.1849388856969D-07 0.1963737917912D-07 0.2085157017963D-07 0.2214083264159D-07
 0.2350980785796D-07 0.2496342404601D-07 0.2650691408208D-07 0.2814583433093D-07
 0.2988608464523D-07 0.3173392959469D-07 0.3369602100825D-07 0.3577942190718D-07
 0.3799163192579D-07 0.4034061429400D-07 0.4283482449026D-07 0.4548324066166D-07
 0.4829539593293D-07 0.5128141270361D-07 0.5445203906558D-07 0.5781868746804D-07
 0.6139347578185D-07 0.6518927089116D-07 0.6921973497985D-07 0.7349937467487D-07
 0.7804359323639D-07 0.8286874596293D-07 0.8799219901763D-07 0.9343239188952D-07
 0.9920890372290D-07 0.1053425237310D-06 0.1118553259663D-06 0.1187707486941D-06
 0.1261136786992D-06 0.1339105407688D-06 0.1421893927175D-06 0.1509800262676D-06
 0.1603140741803D-06 0.1702251239794D-06 0.1807488387164D-06 0.1919230851664D-06
 0.2037880699726D-06 0.2163864841716D-06 0.2297636566509D-06 0.2439677170604D-06
 0.2590497688243D-06 0.2750640727861D-06 0.2920682422140D-06 0.3101234498277D-06
 0.3292946476144D-06 0.3496508002141D-06 0.3712651326816D-06 0.3942153935564D-06
 0.4185841341697D-06 0.4444590051661D-06 0.4719330713292D-06 0.5011051458120D-06
 0.5320801450220D-06 0.5649694653509D-06 0.5998913831680D-06 0.6369714794455D-06
 0.6763430906291D-06 0.7181477872558D-06 0.7625358820878D-06 0.8096669695787D-06
 0.8597104986153D-06 0.9128463805264D-06 0.9692656345776D-06 0.1029171073228D-05
 0.1092778029657D-05 0.1160315130067D-05 0.1232025113572D-05 0.1308165702599D-05
 0.1389010526892D-05 0.1474850104457D-05 0.1565992882769D-05 0.1662766344290D-05
 0.1765518179921D-05 0.1874617534599D-05 0.1990456329723D-05 0.2113450666885D-05
 0.2244042317868D-05 0.2382700306415D-05 0.2529922587316D-05 0.2686237828505D-05
 0.2852207303070D-05 0.3028426897282D-05 0.3215529242184D-05 0.3414185976127D-05
 0.3625110146303D-05 0.3849058757795D-05 0.4086835479234D-05 0.4339293514401D-05
 0.4607338650381D-05 0.4891932492501D-05 0.5194095898019D-05 0.5514912620174D-05
 0.5855533176052D-05 0.6217178951243D-05 0.6601146556513D-05 0.7008812450895D-05
 0.7441637848674D-05 0.7901173926355D-05 0.8389067348810D-05 0.8907066133261D-05
 0.9457025872752D-05 0.1004091633963D-04 0.1066082849285D-04 0.1131898191485D-04
 0.1201773270068D-04 0.1275958183135D-04 0.1354718405649D-04 0.1438335732044D-04
 0.1527109276393D-04 0.1621356533339D-04 0.1721414503965D-04 0.1827640890170D-04
 0.1940415361678D-04 0.2060140900393D-04 0.2187245226435D-04 0.2322182310855D-04
 0.2465433980461D-04 0.2617511619991D-04 0.2778957977737D-04 0.2950349080744D-04
 0.3132296266116D-04 0.3325448335481D-04 0.3530493840058D-04 0.3748163503843D-04
 0.3979232793696D-04 0.4224524644434D-04 0.4484912349000D-04 0.4761322622678D-04
 0.5054738852544D-04 0.5366204542482D-04 0.5696826965886D-04 0.6047781038094D-04
 0.6420313421745D-04 0.6815746878640D-04 0.7235484882951D-04 0.7681016510986D-04
 0.8153921623860D-04 0.8655876360369D-04 0.9188658958283D-04 0.9754155923106D-04
 0.1035436856506D-03 0.1099141992573D-03 0.1166756211587D-03 0.1238518409108D-03
 0.1314681988801D-03 0.1395515734855D-03 0.1481304736164D-03 0.1572351365104D-03
 0.1668976314051D-03 0.1771519693022D-03 0.1880342192060D-03 0.1995826311676D-03
 0.2118377665677D-03 0.2248426360282D-03 0.2386428453776D-03 0.2532867501408D-03
 0.2688256190228D-03 0.2853138069077D-03 0.3028089378816D-03 0.3213720988543D-03
 0.3410680443722D-03 0.3619654132183D-03 0.3841369575003D-03 0.4076597848330D-03
 0.4326156144182D-03 0.4590910477160D-03 0.4871778545217D-03 0.5169732752934D-03
 0.5485803405609D-03 0.5821082083854D-03 0.6176725207592D-03 0.6553957800226D-03
 0.6954077462787D-03 0.7378458569462D-03 0.7828556695704D-03 0.8305913291237D-03
 0.8812160609766D-03 0.9349026909598D-03 0.9918341937104D-03 0.1052204270909D-02
 0.1116217960707D-02 0.1184092279999D-02 0.1256056901031D-02 0.1332354864132D-02
 0.1413243328049D-02 0.1498994360029D-02 0.1589895766945D-02 0.1686251969997D-02
 0.1788384924317D-02 0.1896635086008D-02 0.2011362428187D-02 0.2132947508873D-02
 0.2261792591750D-02 0.2398322823558D-02 0.2542987468648D-02 0.2696261204780D-02
 0.2858645480724D-02 0.3030669939878D-02 0.3212893910313D-02 0.3405907965842D-02
 0.3610335558029D-02 0.3826834724347D-02 0.4056099871678D-02 0.4298863641062D-02
 0.4555898852019D-02 0.4828020533101D-02 0.5116088035596D-02 0.5421007238541D-02
 0.5743732839828D-02 0.6085270743067D-02 0.6446680532843D-02 0.6829078049629D-02
 0.7233638053910D-02 0.7661596993531D-02 0.8114255859444D-02 0.8592983146710D-02
 0.9099217901606D-02 0.9634472874929D-02 0.1020033775559D-01 0.1079848251071D-01
 0.1143066079677D-01 0.1209871347448D-01 0.1280457218326D-01 0.1355026301375D-01
 0.1433791022169D-01 0.1516974003344D-01 0.1604808446895D-01 0.1697538524555D-01
 0.1795419766619D-01 0.1898719457895D-01 0.2007717027546D-01 0.2122704444558D-01
 0.2243986602158D-01 0.2371881705119D-01 0.2506721640275D-01 0.2648852347064D-01
 0.2798634163066D-01 0.2956442167051D-01 0.3122666487302D-01 0.3297712603623D-01
 0.3482001603436D-01 0.3675970427755D-01 0.3880072056663D-01 0.4094775681608D-01
 0.4320566799938D-01 0.4557947292143D-01 0.4807435401898D-01 0.5069565695460D-01
 0.5344888899019D-01 0.5633971714651D-01 0.5937396485169D-01 0.6255760836210D-01
 0.6589677136279D-01 0.6939771933491D-01 0.7306685172917D-01 0.7691069396928D-01
 0.8093588679026D-01 0.8514917552687D-01 0.8955739623366D-01 0.9416746189812D-01
 0.9898634489382D-01 0.1040210598507D+00 0.1092786419827D+00 0.1147661262988D+00
 0.1204905214856D+00 0.1264587851634D+00 0.1326777929657D+00 0.1391543097828D+00
 0.1458949536487D+00 0.1529061630335D+00 0.1601941554060D+00 0.1677648906244D+00
 0.1756240242033D+00 0.1837768673499D+00 0.1922283348936D+00 0.2009829026910D+00
 0.2100445508388D+00 0.2194167193990D+00 0.2291022473968D+00 0.2391033287642D+00
 0.2494214481397D+00 0.2600573388022D+00 0.2710109169310D+00 0.2822812446269D+00
 0.2938664640450D+00 0.3057637690147D+00 0.3179693420312D+00 0.3304783383031D+00
 0.3432848286232D+00 0.3563818016937D+00 0.3697611153023D+00 0.3834135240458D+00
 0.3973286429479D+00 0.4114950066266D+00 0.4259000508692D+00 0.4405302113584D+00
 0.4553709263737D+00 0.4704067867614D+00 0.4856215625915D+00 0.5009984145358D+00
 0.5165199517812D+00 0.5321685148089D+00 0.5479262699726D+00 0.5637755821262D+00
 0.5796991490839D+00 0.5956804832569D+00 0.6117040993634D+00 0.6277561258004D+00
 0.6438245561605D+00 0.6599000247502D+00 0.6759761260858D+00 0.6920503849191D+00
 0.7081246560624D+00 0.7242063112003D+00 0.7403087186385D+00 0.7564526932933D+00
 0.7726670554489D+00 0.7889904170725D+00 0.8054718948976D+00
  529
 0.2152133016302D+04 0.0000000000000D+00 0.2365584757829D+05 0.8567972220991D-52
 0.1088139829539D+05 0.0000000000000D+00 0.3999044615514D+05-0.3924885853141D-27
 0.1839708912611D+05-0.8357742495488D-28 0.3382007374684D+05 0.7540329463587D-28
 0.1037031815412D+05 0.1699568900744D-52 0.5719113932849D+05-0.4281195684853D-27
 0.6571204571406D+04 0.8508065839635D-28 0.2415876561945D+05 0.3037616365021D-27
 0.1208341764509D+05-0.3328519393140D-52 0.2221069863627D+05 0.7476284427471D-52
 0.2041697806786D+05-0.7348437057986D-28 0.1875956696380D+05 0.4077205930430D-27
 0.3446593572490D+05 0.0000000000000D+00 0.1721767104061D+05 0.2266971971601D-27
 0.2906239157670D+05-0.1307973405676D-27 0.6676915724243D+04 0.5406803564912D-53
 0.1226555084768D+05-0.9495604537334D-28 0.1225502892628D+05-0.9332580707268D-53
 0.1126002037544D+05 0.3063273921526D-52 0.2808418812875D+04 0.0000000000000D+00
 0.2066127778657D+05 0.1030520704032D-26 0.1031223849964D+05-0.4640826040817D-27
 0.9466257380831D+04 0.2509358361226D-28 0.1739792248163D+05 0.8184840861350D-53
 0.7972038388966D+04 0.0000000000000D+00 0.1462454547642D+05-0.9167329225104D-28
 0.2239979347875D+04 0.3448726175188D-28 0.1231890086382D+05-0.3917680227950D-27
 0.3077222722202D+04 0.1502512066482D-52 0.6132544889049D+04 0.7512567483365D-53
 0.5638365970895D+04 0.0000000000000D+00 0.5170625507591D+04 0.5630732685028D-42
 0.5173673114041D+04-0.5629938436090D-42 0.1031006054699D+05 0.4233138558294D-27
 0.9476473588633D+04 0.4137849628519D-28 0.4329315986091D+04-0.7336341557630D-28
 0.7268142668624D+04-0.2654174835123D-28 0.7281293457944D+04-0.1991359167797D-27
 0.8280068550947D+03 0.0000000000000D+00 0.3056520690235D+04-0.4774622803014D-28
 0.6092228872937D+04 0.4097677280933D-27 0.3032409716045D+04-0.4815319448262D-53
 0.2796154034797D+04 0.1066557654540D-52 0.2775994838036D+04-0.3555189108596D-53
 0.5115758945047D+04 0.2367832695391D-29 0.2325095091124D+04 0.1902656916130D-28
 0.1168323035643D+04 0.1816643735003D-28 0.4273679721634D+04 0.8746645277268D-54
 0.4253231029943D+04 0.3013139712562D-27 0.2134607899557D+04 0.4919942866188D-29
 0.1955479371934D+04 0.0000000000000D+00 0.3571407898913D+04-0.1169705895992D-26
 0.1625382704917D+04 0.1238923756154D-28 0.1486510944661D+04 0.1491124843766D-53
 0.1475144631997D+04 0.0000000000000D+00 0.2715822660721D+04 0.1952180373324D-52
 0.1247310646856D+04 0.6291756404933D-28 0.2486615336861D+04 0.4099987950581D-27
 0.2462613954724D+04 0.1298711438750D-28 0.1138464129674D+04-0.4305474822894D-28
 0.2076573515043D+04-0.2989918716607D-27 0.2066840768140D+04 0.2577687242208D-27
 0.1026605756538D+04-0.3955480349890D-29 0.1727790851843D+04-0.1939764917151D-27
 0.1710948784954D+04 0.3828483358642D-28 0.7862252821077D+03-0.1510915597447D-29
 0.1433442672752D+04 0.4564421423047D-27 0.1423149970089D+04-0.2394182225204D-27
 0.3583252716622D+03 0.0000000000000D+00 0.6522537049140D+03-0.5171936962748D-53
 0.1604719303745D+03 0.0000000000000D+00 0.5959189981569D+03 0.9771921042805D-28
 0.5851189228369D+03-0.2142993714457D-29 0.1084203941505D+04-0.4900830084459D-28
 0.5332492127725D+03-0.5876574179307D-29 0.9828651035508D+03-0.1149674245423D-27
 0.4907922984665D+03-0.4009454429550D-27 0.1506356815693D+03-0.2273614550074D-53
 0.4425964152444D+03 0.4547229179566D-53 0.8220888132918D+03 0.1555278789575D-27
 0.8144932093971D+03-0.9132881776029D-28 0.8059115656653D+03-0.1743209337862D-27
 0.3395679618898D+03 0.1863466694627D-53 0.3398914465052D+03-0.3809823910864D-28
 0.6767114283573D+03 0.3177170361906D-27 0.6174037557070D+03 0.3412401508574D-53
 0.3036377260896D+03 0.3412401508574D-53 0.2763444869804D+03-0.3669050196202D-28
 0.5573930796010D+03 0.4588417185589D-27 0.5023954846278D+03 0.7600720625701D-28
 0.4614798473244D+03 0.0000000000000D+00 0.4628878485238D+03-0.9935607012636D-28
 0.2245038386428D+03-0.3151634927921D-28 0.3803906609897D+03 0.1453903140770D-27
 0.3766023993187D+03-0.9103458078521D-28 0.3706780160481D+03-0.2668431643198D-29
 0.8632025292176D+02-0.5979307265881D-29 0.1562965027508D+03-0.3463971261215D-29
 0.1527899964472D+03 0.0000000000000D+00 0.1410324583497D+03 0.0000000000000D+00
 0.1422546775399D+03 0.0000000000000D+00 0.1297683614188D+03 0.0000000000000D+00
 0.2557423602639D+03 0.6949488684629D-28 0.2574194814917D+03 0.6430682465358D-27
 0.2516724395445D+03-0.2923438433965D-29 0.1174931134682D+03 0.1162248199892D-29
 0.1157316891525D+03-0.3019936483839D-28 0.2127729111414D+03 0.7717944721483D-29
 0.2068601634337D+03 0.2080763526073D-27 0.1902494524426D+03 0.4566862335006D-54
 0.1739791454816D+03 0.4546916996621D-47 0.7881319364951D+02-0.2614058015192D-28
 0.1876628565595D+02 0.1294551538133D-30 0.1423499558867D+03-0.7295485323406D-28
 0.1393539746927D+03 0.2693092674651D-27 0.1418073880958D+03-0.3177175770986D-28
 0.6958375399408D+02 0.2132556276610D-28 0.6796592509354D+02-0.1172810980164D-28
 0.6151817429375D+02 0.5468445466262D-53 0.5787527551041D+02-0.2816228296145D-42
 0.1139995066823D+03 0.1407710288585D-27 0.1153550639549D+03-0.3011514243530D-27
 0.1045900985939D+03-0.4990325084396D-28 0.5034853093702D+02 0.5236377251904D-29
 0.9486377546742D+02 0.5962267581071D-27 0.9102459092788D+02 0.8629453226607D-29
 0.7696861025177D+02-0.5631182750381D-42 0.7594038229546D+02 0.5542285954351D-28
 0.3354409068827D+02-0.1082862754416D-28 0.3154592582387D+02 0.1114060949874D-53
 0.6201410860263D+02-0.7886993550187D-29 0.3030302695049D+02-0.3454281583825D-28
 0.1567236870099D+02 0.0000000000000D+00 0.2842075783544D+02 0.2276862966072D-53
 0.5466895303909D+02 0.4553725929409D-53 0.2817269744347D+02 0.2276862966072D-53
 0.5115841406150D+02 0.4755315461812D-28 0.5038646135589D+02-0.4155091637861D-28
 0.2549503649817D+02-0.8050159630602D-30 0.4580160050461D+02-0.4781875931351D-28
 0.4144931651705D+02 0.1516629012600D-27 0.4001557282996D+02-0.5791010668214D-28
 0.2039580845722D+02 0.3915822864259D-28 0.1933494583688D+02-0.6439557722180D-32
 0.1859667670266D+02-0.6924342377748D-53 0.3344705192882D+02-0.9842669523776D-29
 0.3309109944467D+02-0.1535989975845D-28 0.3137331928513D+02-0.4116242524437D-28
 0.1462867552806D+02 0.3429221682119D-28 0.1353137309915D+02 0.1630643407974D-27
 0.2630187623177D+02 0.3271308391429D-28 0.1270200496429D+02 0.2112323266144D-28
 0.2426193160610D+02-0.1058232378713D-52 0.1179146044139D+02-0.4232925941901D-53
 0.2163861927043D+02 0.2519991996610D-28 0.2174153496504D+02-0.6757298206154D-41
 0.2054447180781D+02 0.1872083023120D-28 0.1905671659138D+02 0.1749490005761D-28
 0.1741800635536D+02 0.3722902452453D-53 0.1737529514208D+02-0.2116821059898D-27
 0.1656675358116D+02-0.1060064424620D-27 0.1407162698261D+02-0.3223974426676D-28
 0.2074125368287D+01-0.7697041702258D-54 0.1114189992708D+02 0.7107367392818D-54
 0.5536205822881D+01-0.2461631028642D-28 0.1121801253531D+02-0.1326196087941D-28
 0.1073388447099D+02-0.4850458640684D-28 0.1102652612782D+02-0.3622694189972D-28
 0.5354263528587D+01 0.0000000000000D+00 0.9909211897264D+01-0.1364714530132D-52
 0.1144012419402D+01 0.0000000000000D+00 0.4456920618568D+01-0.1939465812814D-28
 0.4459068092675D+01 0.3193390263363D-28 0.8597895527515D+01-0.5627351500950D-28
 0.4096905418905D+01-0.9008780604367D-29 0.7969110318269D+01 0.1162879427726D-28
 0.2013409494947D+01 0.7461167910003D-29 0.3666347910941D+01-0.4071089161740D-29
 0.7076465282305D+01-0.6320828360945D-28 0.3579902759681D+01-0.2096258568964D-28
 0.3211301925479D+01-0.3164357282976D-53 0.2932319525855D+01 0.3164357282976D-53
 0.5659858171952D+01-0.1912893485874D-28 0.5673509382156D+01-0.2555199267286D-28
 0.5707510096630D+01 0.1081671886608D-27 0.5478237928748D+01 0.9634331728207D-28
 0.5238231098656D+01 0.3957714077766D-29 0.2507672117603D+01 0.6446330928196D-28
 0.4500546552425D+01 0.3262874473917D-53 0.4381104664589D+01-0.8301786883502D-28
 0.3991453541840D+01-0.5666676075276D-54 0.1860624665061D+01 0.0000000000000D+00
 0.3476022163227D+01-0.4424439904390D-28 0.1661275941969D+01 0.1799816394337D-28
 0.1576513069512D+01-0.2547747478494D-29 0.1591179047364D+01 0.2491276799743D-28
 0.2958613877858D+01-0.1171025167422D-28 0.2804316747537D+01 0.1456014045565D-54
 0.2824521437842D+01 0.1040138169956D-28 0.1368725678019D+01 0.8547099568363D-29
 0.2169665324348D+01-0.4214288049392D-28 0.2245020365026D+01-0.1479802468829D-27
 0.2079792601767D+01 0.4543401640001D-29 0.1965046709817D+01 0.2980640663488D-29
 0.8069477803607D+00 0.0000000000000D+00 0.1745929616906D+01 0.1392463373688D-27
 0.7708666685585D+00-0.1496952413595D-29 0.7186075595944D+00-0.5822365131034D-54
 0.7307771106565D+00-0.2328946892366D-53 0.1277057698992D+01 0.6314226624447D-28
 0.1345203990449D+01-0.1245300100937D-28 0.1377456353377D+01 0.2569239869118D-27
 0.1295187654445D+01-0.2562220871404D-28 0.1212809768706D+01 0.8310224237920D-29
 0.5702850359244D+00-0.8013901676112D-29 0.1008609782015D+01 0.6334591045719D-28
 0.1054183789143D+01 0.2241564692276D-28 0.1070894040996D+01 0.1647362688057D-53
 0.1048193430807D+01 0.5983915348448D-28 0.4757264420844D+00-0.9456870452613D-29
 0.4459748474890D+00 0.8922772198154D-54 0.8968527374371D+00 0.5353659060856D-53
 0.7912493249254D+00-0.8283024559917D-28 0.7456483382337D+00 0.7349104256949D-30
 0.3101704714620D+00 0.1412610105304D-28 0.6405245739009D+00 0.5305553588778D-53
 0.1648049430653D+00-0.8488892813632D-53 0.5814987786676D+00 0.4717006983108D-30
 0.5479725459218D+00-0.4419902676436D-53 0.2879146322750D+00 0.2209951357122D-53
 0.4821755678157D+00-0.1084932872379D-27 0.2408877863921D+00-0.1973024065346D-28
 0.2543615273407D+00-0.3899498515786D-28 0.4778068822073D+00 0.7506305728530D-29
 0.4246513742715D+00 0.5333983592076D-29 0.4448459883257D+00 0.3014449928682D-28
 0.3753875118797D+00-0.6906249796242D-28 0.3523919843424D+00-0.8411653632495D-29
 0.1913007769392D+00-0.1048904929189D-27 0.1753381691623D+00-0.5167663869922D-29
 0.2890472012756D+00 0.5653268285457D-28 0.2884842700840D+00-0.5891594815882D-28
 0.2961290930996D+00-0.2565545901457D-28 0.2723549513466D+00 0.3401689379996D-28
 0.2783858546189D-01 0.2676050902994D-29 0.2233538282501D+00 0.2544893420683D-28
 0.1118432011393D+00 0.8412843992212D-28 0.9757118716045D-01-0.1805727382589D-29
 0.1963266310126D+00 0.9926866366882D-53 0.9580774533362D-01 0.7445132064531D-53
 0.8547535435744D-01 0.2481713738083D-53 0.5643372721347D-01-0.6164620604839D-54
 0.1607204272901D+00 0.2930085477065D-28 0.5067652014571D-01 0.4333067629211D-29
 0.1481758269966D+00-0.5570959364437D-28 0.6559698569967D-01-0.7052347396724D-31
 0.9155404795989D-01 0.2445098576100D-28 0.1314419732736D+00 0.4809864417787D-53
 0.1237677790403D+00-0.2893188792646D-29 0.1365937599326D+00-0.1202467201198D-53
 0.1146504333619D+00 0.8643814044874D-29 0.5593775688740D-01-0.1180390745908D-53
 0.7243748822593D-01 0.1384873714649D-52 0.9805145882130D-01 0.2313771014568D-28
 0.9470338208682D-01 0.2586018707929D-28 0.1016054561734D+00 0.1100375255316D-27
 0.3305408863170D-01-0.4306112795622D-29 0.3818710815287D-01 0.6436765052327D-29
 0.5836717205921D-01 0.1487835183659D-28 0.7636711544720D-01 0.1624743824374D-27
 0.3347391235201D-01 0.9378539630603D-30 0.3541618251165D-01 0.4358574726513D-53
 0.6526693535589D-01 0.8416521844082D-53 0.5832633790151D-01 0.6312380736520D-53
 0.2219421158729D-01-0.2701771466353D-28 0.5743780652804D-01-0.9561452732447D-28
 0.5430073375555D-01-0.2577145013128D-29 0.5595529810939D-01-0.7254802898100D-28
 0.3972212718185D-01 0.1138186920932D-28 0.3607258051763D-01-0.4696639254823D-28
 0.3824722690160D-01-0.2253175345150D-28 0.2757369429962D-01-0.2847051732925D-29
 0.3011243607414D-01-0.1225714530136D-28 0.3189018964630D-01-0.3585137871917D-28
 0.1243967588701D-01 0.3809261482977D-29 0.7296769326272D-02 0.4512544638978D-46
 0.2003426982279D-01 0.1642108304739D-27 0.2277163659572D-01-0.9311773960405D-29
 0.2154086641383D-01-0.8048703152944D-47 0.2237899982076D-01 0.4165446772475D-46
 0.1230948230474D-01 0.2982496833556D-46 0.1017313554311D-01-0.1736967612111D-29
 0.1048388303540D-01 0.1805752702624D-46 0.9189395715778D-02 0.1084819051568D-46
 0.7800129943443D-02-0.5234437911245D-46 0.1551088470949D-01-0.1136162776332D-45
 0.1778149869861D-01 0.2163248191272D-27 0.1493305108557D-01-0.4078600974311D-29
 0.1355037724897D-01 0.1478422449438D-28 0.1369035290518D-01 0.8709162247992D-29
 0.7336336511970D-02-0.5651166071054D-29 0.1237244769320D-01 0.1101485322081D-27
 0.5423350012523D-02 0.3281272647782D-29-0.9877968840480D-03 0.6335862849710D-51
 0.1067693194026D-01-0.1781600910918D-46-0.4399885687375D-02-0.2883205308952D-29
 0.8542612930882D-02-0.7023638920173D-43 0.7885963423497D-02 0.2355028464991D-28
 0.3360275830601D-02 0.3700635298586D-29-0.1094709396278D-02 0.1149399463289D-28
-0.1251385593862D-02 0.6414412439233D-47 0.5754135383963D-02-0.2933588367563D-28
 0.2785496859207D-02 0.6915649896873D-29 0.5816380882041D-02-0.7565093398553D-47
 0.2939110256502D-02 0.9858510574824D-47 0.5520506340444D-02 0.1482098715735D-28
-0.1683013294914D-02 0.2059771780119D-46 0.4717588388928D-02 0.1918722905977D-46
 0.3749211076991D-02-0.3531286346344D-28 0.4146539095579D-02 0.2165291395221D-28
 0.3340386693507D-02 0.2719587740931D-29-0.4657746224693D-03-0.4103622734141D-28
-0.8768528029245D-03 0.1496220535800D-28 0.2565992318728D-02 0.6519609367467D-28
 0.2596359470447D-02-0.1312880353442D-28 0.2991375824768D-02 0.0000000000000D+00
 0.2502404114472D-02-0.9137738773294D-29 0.1212179326731D-02-0.8690935457270D-30
-0.4347530028829D-03 0.3712914792303D-28 0.1657283758431D-02-0.4589810248688D-28
 0.1485025078269D-02 0.3810431084104D-30 0.4966800210427D-03 0.0000000000000D+00
 0.8054732986123D-03 0.2946250403704D-28 0.6795259641711D-03-0.2714110530658D-27
-0.1751349509556D-03 0.0000000000000D+00-0.3465198987117D-03 0.0000000000000D+00
 0.4221052166632D-03 0.0000000000000D+00 0.3873446165049D-04 0.0000000000000D+00
-0.4230713382402D-03-0.2721617619630D-28-0.6243002577062D-03 0.8574251217522D-28
 0.1536402650704D-03 0.2601464043313D-28 0.1283018672997D-03 0.7594833777634D-28
 0.1554721344113D-03 0.8346537535500D-29 0.3638589311152D-04-0.5662674787931D-30
-0.1444977851884D-03-0.2687702775013D-29-0.6332675546285D-04 0.2377744256060D-29
-0.3806521363356D-03-0.2685969235193D-28-0.2604942487179D-03 0.1841581406327D-28
-0.6399091973863D-03 0.3167684118590D-42-0.1984742532175D-03 0.1184798440707D-46
-0.4883883383113D-03-0.2180705213113D-28-0.4871332244358D-03-0.4999517144795D-29
-0.5115767734111D-03 0.1746211270088D-28-0.6163559608100D-03 0.3189849909049D-28
-0.7710180654565D-03-0.4921072095203D-28-0.8566426349828D-03-0.1206317804646D-28
-0.7031031308462D-03 0.2818089363566D-42-0.1517378631115D-03-0.2253713788359D-41
-0.3358663867331D-03-0.1759766768396D-42-0.3432862575215D-03 0.3791354300857D-45
-0.3494737420830D-03-0.1759824586940D-43-0.1303954856132D-02 0.8870065117490D-30
-0.7747179640038D-03 0.2231384075924D-28-0.8085383186182D-03-0.5086309601513D-28
-0.3737170247911D-03 0.2111731117582D-42-0.7247430411339D-03-0.4739887744500D-29
-0.3450989138218D-03-0.5811584478487D-30-0.1100424884045D-02 0.1717019830929D-29
-0.7620119916817D-03 0.3295525834526D-28-0.7096473226919D-03-0.5429654392113D-29
-0.1876873640862D-02 0.1759824586940D-43-0.7489803422990D-03 0.2227687928202D-28
-0.3809635905122D-03-0.1349997394936D-27-0.1356102403344D-02 0.2297454815286D-28
-0.7062627366879D-03-0.5516726629159D-29-0.7522560016161D-03 0.1529532680857D-28
-0.7158240183723D-03 0.5803860781385D-29-0.6848763942271D-03 0.1212331099841D-28
-0.5918100925853D-03 0.5455039733145D-29-0.1005200657592D-02-0.3168194922280D-28
-0.3352733666008D-03-0.1452584503402D-30-0.3281768700701D-03 0.3654599179091D-28
-0.6420958251831D-03 0.2471021990813D-29-0.6378761360159D-03 0.1410229125820D-42
-0.6021825791234D-03 0.1066318596751D-45-0.5929652933150D-03 0.2814771929540D-42
-0.2735019164935D-03 0.2961995389688D-47-0.2982777233018D-03-0.3518467216417D-43
-0.3569015121305D-03-0.1756901715675D-28-0.4950006907948D-03 0.1248183801005D-30
-0.6008502149768D-03-0.1572715251184D-28-0.4641187911421D-03 0.3604174708249D-29
-0.2249825361683D-03-0.9468342624065D-30-0.5044351127650D-03-0.4739195179759D-46
-0.3944905475540D-03-0.1787914664939D-28-0.3906911404418D-03 0.4223580003971D-42
-0.3922988015491D-03-0.8771112491078D-29-0.2281242378512D-03-0.1564188398293D-29
-0.3110242537691D-03-0.2465294944840D-42-0.3035353642015D-03 0.5058913162563D-28
-0.2523221407668D-03 0.1109221892708D-27-0.2859561564790D-03-0.1372082431634D-28
-0.1260708102232D-03-0.1248927665830D-28-0.1064381512511D-03 0.1009510856710D-27
-0.5632676497030D-04 0.4739195179759D-46-0.6125556356429D-04 0.1037280754981D-28
-0.3176335128866D-04 0.0000000000000D+00 0.3189327334111D-04-0.9919360981518D-29
 0.1457474726557D-04 0.1622151056636D-28 0.3056427095161D-04-0.2929950599841D-28
 0.3808387784874D-04-0.6290716048909D-28 0.2074047838756D-04 0.4418726129746D-30
 0.3729802593653D-04-0.3901895310455D-29 0.3916570507456D-04 0.6967395318006D-29
 0.3302616437174D-04-0.7719537563288D-30 0.1041205791516D-03 0.2271952110748D-28
 0.1117439056851D-03 0.4184865877290D-28 0.1750730175851D-03-0.9998049966777D-29
 0.1781589610835D-03 0.0000000000000D+00 0.1765698028626D-03 0.1026618572787D-27
 0.1760932463409D-03 0.2957757958117D-29 0.3059114324863D-03 0.4284563512468D-28
 0.3066069652257D-03 0.1167837496412D-28 0.1825086695010D-03-0.8763247205351D-29
 0.2097660095958D-03 0.1502249103357D-28 0.4195784486033D-03-0.2481717750965D-29
 0.4193996546868D-03-0.4485144204709D-28 0.4195586569280D-03 0.2296940547636D-28
 0.4195835184595D-03-0.7962328565431D-29 0.2097793771290D-03 0.2553173804631D-30
 0.2348456472498D-03 0.0000000000000D+00 0.2347879565355D-03 0.0000000000000D+00
 0.5151549022591D-03 0.9371339067276D-29 0.5151478086270D-03 0.3832175035502D-28
 0.5151474307165D-03 0.5274772374242D-30 0.5151493419262D-03 0.4900887347958D-28
 0.5556745757845D-03 0.1704000047309D-28 0.5556742338220D-03-0.2045363288579D-28
 0.1389213515711D-03-0.1330323247507D-30 0.5911102271204D-03 0.6888311558273D-29
 0.5911086076989D-03-0.5499615078568D-28 0.2955574061058D-03 0.4096021794071D-28
 0.3106584472952D-03-0.1836161554823D-28 0.3106585763674D-03 0.1069799422649D-28
 0.3106600826164D-03-0.1046869255455D-27 0.6462051486288D-03-0.1277449314350D-29
 0.6462054074269D-03-0.1764362773729D-28 0.6462054924175D-03 0.1765970195849D-28
 0.6462069148825D-03-0.7029419605224D-28 0.6462047829368D-03 0.3617933105649D-29
 0.3328638380010D-03-0.5875915880365D-28 0.8321585846538D-04 0.5408709657851D-30
 0.3399376554563D-03 0.5981968449190D-29 0.6798753095737D-03 0.1484327120956D-28
 0.6798753095312D-03-0.5461523495241D-28 0.6798753095187D-03-0.1257877697745D-28
 0.3399376566625D-03 0.8660576575701D-30 0.6886831721972D-03-0.5030940232327D-28
 0.6886831692354D-03-0.3302418816878D-29 0.6886831675167D-03-0.1221261771116D-27
 0.3443415865787D-03-0.8297953713129D-29 0.6922220617867D-03-0.6755251554301D-28
 0.6922220599111D-03-0.1302938795736D-28 0.6922220595110D-03-0.3654321230653D-28
 0.6922220592116D-03 0.7560382128797D-28 0.3453000743908D-03 0.2702071836310D-28
 0.3453000762139D-03 0.1082157489079D-29 0.6839600900602D-03-0.1846672350205D-28
 0.6839600882305D-03-0.5342793176273D-28 0.3419800439479D-03 0.2376629694726D-29
 0.3419800441610D-03-0.2311648107079D-28 0.6839600899653D-03 0.3513799716532D-29
 0.6563548434857D-03 0.7603766300219D-29 0.6563548427224D-03-0.2208034026701D-29
 0.6563548423378D-03-0.2063495889267D-29 0.6563548413927D-03 0.1143120047874D-27
 0.6563548422344D-03 0.2430984556561D-28 0.6358263985712D-03-0.1702215594927D-28
 0.3179132001351D-03-0.9184336668229D-30 0.3055740797747D-03 0.1905616353574D-29
 0.6111481607071D-03-0.1059922542909D-28 0.3055740803206D-03-0.3708055471791D-29
 0.5825988948688D-03 0.7813187939445D-29 0.5825988949769D-03-0.6932703393091D-29
 0.2752383328587D-03-0.1716962744110D-28 0.5504766648857D-03 0.4094764075209D-28
 0.5504766547458D-03-0.1382297671699D-27 0.5150960619524D-03-0.1583983118845D-28
 0.2575480304014D-03 0.1274708561255D-28 0.4767854244066D-03 0.1755635291463D-28
 0.4767854231007D-03 0.3843587258965D-29 0.4767854232173D-03 0.2633861728466D-28
 0.4767854193214D-03 0.8958736388639D-28 0.4767854235588D-03-0.6641508474729D-29
 0.4767854240845D-03 0.5095805876638D-29 0.2179420407839D-03 0.1443791989942D-28
 0.4358840809994D-03-0.2270231449123D-28 0.3927396204716D-03 0.3936583507013D-28
 0.3927396208394D-03 0.1974631683261D-28 0.3927396175761D-03-0.1042087518871D-27
 0.5795086556343D-04-0.2533254218988D-30 0.1738525951380D-03-0.1143853176424D-28
 0.3011368847504D-03-0.2918048483159D-29 0.3011368825442D-03-0.8054016547808D-29
 0.3011368801467D-03 0.1199054808901D-27 0.3011368809166D-03-0.1165703178969D-28
 0.3011368761707D-03 0.8287300340882D-28 0.3011368816318D-03 0.9639411204455D-29
 0.2533911875508D-03-0.3982960500939D-28 0.1266955937756D-03 0.4001377156919D-29
 0.1024112738456D-03-0.9561987682371D-30 0.1024112739173D-03 0.5937474131245D-29
 0.2048225464119D-03-0.9301502417392D-29 0.1557809954736D-03-0.2310022693762D-28
 0.1557809931769D-03 0.3623010975246D-29 0.1557809931425D-03 0.8857122845137D-29
 0.1066099405924D-03 0.9739185794294D-28 0.5330497107312D-04 0.1037869950613D-28
 0.5330497305020D-04 0.3793285893662D-29 0.9207382482922D-05-0.2106824275143D-28
 0.9207381479979D-05-0.3445734719816D-28 0.9207379500416D-05-0.4992581391705D-28
 0.9207377831516D-05-0.2791454847209D-28 0.9207378614611D-05-0.3532369191950D-28
 0.9207379204675D-05 0.3162332131245D-28 0.9207377539876D-05-0.2188577261453D-28
 0.9207382432042D-05-0.1852570392631D-29
    1
    1    1  120    3
 0.9114685557816D-04 0.1031682911353D-03 0.1166050904474D-03 0.1315944199098D-03
 0.1482807001349D-03 0.1668167088783D-03 0.1873614305820D-03 0.2100805627204D-03
 0.2351436668105D-03 0.2627247254692D-03 0.2929975103523D-03 0.3261365315054D-03
 0.3623109576704D-03 0.4016847797096D-03 0.4444098543448D-03 0.4906255509632D-03
 0.5404496962113D-03 0.5939789814212D-03 0.6512773137456D-03 0.7123764751554D-03
 0.7772632135240D-03 0.8458798811664D-03 0.9181099457778D-03 0.9937802017322D-03
 0.1072644610933D-02 0.1154388563577D-02 0.1238612098118D-02 0.1324837106307D-02
 0.1412490622627D-02 0.1500916100803D-02 0.1589357855421D-02 0.1676977694283D-02
 0.1762841444052D-02 0.1845942107804D-02 0.1925189765915D-02 0.1999442051340D-02
 0.2067498543521D-02 0.2128138674889D-02 0.2180121760180D-02 0.2222231698388D-02
 0.2253282845637D-02 0.2272170133348D-02 0.2277879871444D-02 0.2269543283102D-02
 0.2246449820652D-02 0.2208100859974D-02 0.2154222484892D-02 0.2084815040987D-02
 0.2000161496545D-02 0.1900867534017D-02 0.1787861677998D-02 0.1662420738214D-02
 0.1526157411972D-02 0.1381026009290D-02 0.1229294984368D-02 0.1073529081458D-02
 0.9165440140200D-03 0.7613644299079D-03 0.6111601467107D-03 0.4691807805444D-03
 0.3386770583973D-03 0.2228153276264D-03 0.1245908453113D-03 0.4672980772990D-04
-0.8395378856231D-05-0.3886585734706D-04-0.4328492953692D-04-0.2086669558633D-04
 0.2852491978201D-04 0.1043141477492D-03 0.2052165458816D-03 0.3292151435655D-03
 0.4736150130646D-03 0.6350634607753D-03 0.8096654798092D-03 0.9930412885184D-03
 0.1180503944375D-02 0.1367154402327D-02 0.1548103890213D-02 0.1718593497538D-02
 0.1874249769375D-02 0.2011203157230D-02 0.2126354793403D-02 0.2217469598572D-02
 0.2283427214044D-02 0.2324272599749D-02 0.2341427992218D-02 0.2337686368385D-02
 0.2317373447951D-02 0.2286286213979D-02 0.2251794165641D-02 0.2222736627934D-02
 0.2209471781982D-02 0.2223745150146D-02 0.2278703338821D-02 0.2388748346215D-02
 0.2569548819462D-02 0.2837894056004D-02 0.3211735217281D-02 0.3710066641931D-02
 0.4353030786283D-02 0.5161860581364D-02 0.6159073470014D-02 0.7368511096250D-02
 0.8815637111081D-02 0.1052769916356D-01 0.1253415128866D-01 0.1486697532663D-01
 0.1756130529125D-01 0.2065599418374D-01 0.2419457789699D-01 0.2822617495907D-01
 0.3280690059401D-01 0.3800112491335D-01 0.4388338689225D-01 0.5054019245567D-01
 0.5807290785293D-01 0.6660080590342D-01 0.7626575683874D-01 0.8723711488887D-01
 0.9200373404684D-09 0.1121520854402D-08 0.1365883932188D-08 0.1661924038792D-08
 0.2020167689388D-08 0.2453176697761D-08 0.2975933752845D-08 0.3606258396938D-08
 0.4365332872537D-08 0.5278260469721D-08 0.6374774054623D-08 0.7689979767957D-08
 0.9265299263198D-08 0.1114944452226D-07 0.1339966204368D-07 0.1608298878621D-07
 0.1927787031175D-07 0.2307576113695D-07 0.2758319451127D-07 0.3292378018615D-07
 0.3924082536460D-07 0.4669976499040D-07 0.5549142335273D-07 0.6583491279469D-07
 0.7798160409164D-07 0.9221848806228D-07 0.1088729099918D-06 0.1283163157606D-06
 0.1509697868876D-06 0.1773079889461D-06 0.2078654616202D-06 0.2432405093589D-06
 0.2841020829063D-06 0.3311931515006D-06 0.3853379695528D-06 0.4474442162005D-06
 0.5185102327493D-06 0.5996251231002D-06 0.6919753264592D-06 0.7968413681406D-06
 0.9156033055472D-06 0.1049732412155D-05 0.1200794523694D-05 0.1370435065527D-05
 0.1560379025760D-05 0.1772406812770D-05 0.2008350231708D-05 0.2270056140859D-05
 0.2559376768944D-05 0.2878118938616D-05 0.3228027022832D-05 0.3610714090379D-05
 0.4027637559575D-05 0.4480008115608D-05 0.4968758164052D-05 0.5494427023174D-05
 0.6057121334022D-05 0.6656376672232D-05 0.7291113608621D-05 0.7959475589262D-05
 0.8658788353806D-05 0.9385378838515D-05 0.1013454656769D-04 0.1090037675722D-04
 0.1167573697824D-04 0.1245210112555D-04 0.1321959586011D-04 0.1396686096739D-04
 0.1468117536669D-04 0.1534839895244D-04 0.1595322324039D-04 0.1647925494927D-04
 0.1690946349535D-04 0.1722649141526D-04 0.1741338288180D-04 0.1745422386284D-04
 0.1733524131092D-04 0.1704584430366D-04 0.1658013763885D-04 0.1593838279283D-04
 0.1512886651400D-04 0.1416971415224D-04 0.1309098684552D-04 0.1193673137276D-04
 0.1076723655879D-04 0.9661376740797D-05 0.8719395408807D-05 0.8066271265487D-05
 0.7856272951009D-05 0.8279397411138D-05 0.9570272381881D-05 0.1202063164283D-04
 0.1599592071601D-04 0.2195628666022D-04 0.3048187123632D-04 0.4230096315348D-04
 0.5831988780192D-04 0.7965151279353D-04 0.1076428468702D-03 0.1439001102226D-03
 0.1903192918341D-03 0.2491263821317D-03 0.3229464896742D-03 0.4149065264029D-03
 0.5287918832763D-03 0.6692384030492D-03 0.8419627230780D-03 0.1053979962654D-02
 0.1313814356645D-02 0.1631677107776D-02 0.2019711974367D-02 0.2492361902531D-02
 0.3067034383376D-02 0.3765027216025D-02 0.4612724133678D-02 0.5642727734774D-02
 0.6894946258371D-02 0.8417542639894D-02 0.1026850661143D-01 0.1251813392980D-01
 0.3143558054078D-13 0.4083729770027D-13 0.5301006944435D-13 0.6875615931299D-13
 0.8910516115516D-13 0.1153766045366D-12 0.1492596412731D-12 0.1929132172812D-12
 0.2490935112236D-12 0.3213132195432D-12 0.4140434998375D-12 0.5329651713616D-12
 0.6852868003710D-12 0.8801367408973D-12 0.1129059579294D-11 0.1446623005389D-11
 0.1851183516872D-11 0.2365817932250D-11 0.3019491771343D-11 0.3848468933852D-11
 0.4898078778688D-11 0.6224823227981D-11 0.7899000167652D-11 0.1000782102331D-10
 0.1265925591360D-10 0.1598654022464D-10 0.2015373539293D-10 0.2536213196067D-10
 0.3185807111377D-10 0.3994187008939D-10 0.4997859615248D-10 0.6241004268572D-10
 0.7776918074477D-10 0.9669565857148D-10 0.1199542228141D-09 0.1484538752189D-09
 0.1832700779439D-09 0.2256662100835D-09 0.2771182687401D-09 0.3393353128031D-09
 0.4142820202366D-09 0.5041916917683D-09 0.6115778044153D-09 0.7392251249540D-09
 0.8901752816099D-09 0.1067671994826D-08 0.1275090950986D-08 0.1515803038681D-08
 0.1793003937800D-08 0.2109431720867D-08 0.2467035762529D-08 0.2866462101222D-08
 0.3306465392643D-08 0.3783060129623D-08 0.4288569695975D-08 0.4810302217463D-08
 0.5329157764622D-08 0.5817723873284D-08 0.6238381708654D-08 0.6540860026470D-08
 0.6659999197965D-08 0.6512968376891D-08 0.5997237814482D-08 0.4988263465632D-08
 0.3338744645497D-08 0.8782550603343D-09-0.2583900755025D-08-0.7254868797760D-08
-0.1334873524678D-07-0.2107478392133D-07-0.3061807595656D-07-0.4211664217189D-07
-0.5562910342423D-07-0.7110118740854D-07-0.8832188336400D-07-0.1068856756899D-06
-0.1261496561886D-06-0.1452095960386D-06-0.1628812503044D-06-0.1777204453223D-06
-0.1880556431165D-06-0.1920717180292D-06-0.1878891100379D-06-0.1736632880165D-06
-0.1475896183493D-06-0.1077983083224D-06-0.5193020202185D-07 0.2367819081534D-07
 0.1255119084956D-06 0.2651689017068D-06 0.4627841169025D-06 0.7514757223698D-06
 0.1183035345069D-05 0.1834367288274D-05 0.2814660039630D-05 0.4272416045461D-05
 0.6402576536320D-05 0.9453392477702D-05 0.1373494217353D-04 0.1963105721379D-04
 0.2761996425702D-04 0.3830746690247D-04 0.5247966031647D-04 0.7117646264055D-04
 0.9578799178530D-04 0.1281655706008D-03 0.1707438980608D-03 0.2266661528159D-03
 0.2999263166413D-03 0.3955529929451D-03 0.5198941533785D-03 0.6810528446268D-03
 0.8895253461739D-03 0.1159021020894D-02 0.1507434601980D-02 0.1957912181285D-02
 0.2540125344708D-02 0.3291976625271D-02 0.4262194569417D-02 0.5514072014844D-02
    2    2  120    8
-0.5192731666202D-07-0.5847236546486D-07-0.6584113167773D-07-0.7413688463793D-07
-0.8347601759496D-07-0.9398922727315D-07-0.1058237896287D-06-0.1191450576048D-06
-0.1341393478617D-06-0.1510157960165D-06-0.1700100239243D-06-0.1913864843466D-06
-0.2154430525180D-06-0.2425139988684D-06-0.2729758057426D-06-0.3072508418636D-06
-0.3458147411824D-06-0.3892010388681D-06-0.4380103953837D-06-0.4929164630811D-06
-0.5546775540989D-06-0.6241438724766D-06-0.7022722914530D-06-0.7901354581305D-06
-0.8889402326703D-06-0.1000039181958D-05-0.1124953864190D-05-0.1265388950234D-05
-0.1423261658502D-05-0.1600719483445D-05-0.1800176846889D-05-0.2024337411826D-05
-0.2276240272072D-05-0.2559287253329D-05-0.2877301177279D-05-0.3234560017686D-05
-0.3635869269790D-05-0.4086604782501D-05-0.4592803747192D-05-0.5161216831898D-05
-0.5799422668053D-05-0.6515892794177D-05-0.7320133444783D-05-0.8222766623085D-05
-0.9235707879443D-05-0.1037226434951D-04-0.1164735779326D-04-0.1307764606356D-04
-0.1468179839484D-04-0.1648064618352D-04-0.1849752704476D-04-0.2075846559749D-04
-0.2329260367519D-04-0.2613242345634D-04-0.2931427440927D-04-0.3287865064869D-04
-0.3687084642391D-04-0.4134128345854D-04-0.4634632988670D-04-0.5194869991601D-04
-0.5821845229586D-04-0.6523348214737D-04-0.7308075941370D-04-0.8185689993348D-04
-0.9166970640284D-04-0.1026388581845D-03-0.1148977772866D-03-0.1285944767171D-03
-0.1438938542520D-03-0.1609786619123D-03-0.1800523555621D-03-0.2013402399513D-03
-0.2250929026673D-03-0.2515876070440D-03-0.2811324977912D-03-0.3140681539314D-03
-0.3507727765846D-03-0.3916640111985D-03-0.4372051686139D-03-0.4879073894134D-03
-0.5443372476510D-03-0.6071191185561D-03-0.6769444930698D-03-0.7545747023978D-03
-0.8408520936051D-03-0.9367032037266D-03-0.1043152344147D-02-0.1161325009104D-02
-0.1292464459266D-02-0.1437935577028D-02-0.1599244679262D-02-0.1778043910768D-02
-0.1976155363791D-02-0.2195575424366D-02-0.2438504164793D-02-0.2707350092709D-02
-0.3004764948022D-02-0.3333649040962D-02-0.3697193430304D-02-0.4098884400416D-02
-0.4542555088020D-02-0.5032390071619D-02-0.5572987252495D-02-0.6169362222940D-02
-0.6827025992511D-02-0.7551988083438D-02-0.8350852804646D-02-0.9230825979958D-02
-0.1019983293737D-01-0.1126652856638D-01-0.1244044682574D-01-0.1373201235896D-01
-0.1515272465935D-01-0.1671517550666D-01-0.1843326985058D-01-0.2032224584697D-01
-0.2239894986252D-01-0.2468186237487D-01-0.2719145078612D-01-0.2995023904510D-01
 0.2108039746993D-11 0.2518381945770D-11 0.3008739704924D-11 0.3594717940709D-11
 0.4294977406736D-11 0.5131803839871D-11 0.6131841971692D-11 0.7326912854523D-11
 0.8755059867052D-11 0.1046171045491D-10 0.1250117028988D-10 0.1493828287883D-10
 0.1785055556718D-10 0.2133052008861D-10 0.2548877934691D-10 0.3045735125727D-10
 0.3639400889290D-10 0.4348706703204D-10 0.5196154198600D-10 0.6208595080024D-10
 0.7418111075324D-10 0.8862981091502D-10 0.1058892818326D-09 0.1265049985839D-09
 0.1511284322664D-09 0.1805365725573D-09 0.2156572154264D-09 0.2575967366786D-09
 0.3076758957277D-09 0.3674692778542D-09 0.4388562603901D-09 0.5240767220378D-09
 0.6258033434482D-09 0.7472208123964D-09 0.8921280324456D-09 0.1065050169173D-08
 0.1271383676772D-08 0.1517554664542D-08 0.1811223735670D-08 0.2161510126138D-08
 0.2579281600731D-08 0.3077469785267D-08 0.3671479668913D-08 0.4379635572978D-08
 0.5223757188806D-08 0.6229787117487D-08 0.7428605474871D-08 0.8856908622986D-08
 0.1055835655063D-07 0.1258481067886D-07 0.1499794209524D-07 0.1787096737010D-07
 0.2129091111053D-07 0.2536103743265D-07 0.3020401152342D-07 0.3596531404764D-07
 0.4281767388191D-07 0.5096581550433D-07 0.6065267603107D-07 0.7216604384129D-07
 0.8584721833791D-07 0.1021002774571D-06 0.1214042019461D-06 0.1443257230281D-06
 0.1715362666460D-06 0.2038299079506D-06 0.2421468992012D-06 0.2875986871858D-06
 0.3415008012445D-06 0.4054075932996D-06 0.4811580710923D-06 0.5709243858208D-06
 0.6772757268962D-06 0.8032457148530D-06 0.9524217117847D-06 0.1129038780284D-05
 0.1338104101990D-05 0.1585528097381D-05 0.1878298295504D-05 0.2224661328145D-05
 0.2634365965658D-05 0.3118916528183D-05 0.3691910426218D-05 0.4369390112640D-05
 0.5170312324063D-05 0.6117032026833D-05 0.7235951031968D-05 0.8558184039929D-05
 0.1012044437608D-04 0.1196594996952D-04 0.1414562982443D-04 0.1671934144042D-04
 0.1975749368840D-04 0.2334267130703D-04 0.2757180484336D-04 0.3255831026642D-04
 0.3843497722862D-04 0.4535679904492D-04 0.5350481396121D-04 0.6308986355262D-04
 0.7435778189118D-04 0.8759448407917D-04 0.1031330797644D-03 0.1213609261622D-03
 0.1427296299412D-03 0.1677649527087D-03 0.1970809221833D-03 0.2313938947608D-03
 0.2715422410997D-03 0.3185056617436D-03 0.3734321056898D-03 0.4376632697876D-03
 0.5127700175534D-03 0.6005854212324D-03 0.7032512472948D-03 0.8232620073738D-03
 0.9635306176647D-03 0.1127454832469D-02 0.1319021343141D-02 0.1542920726411D-02
-0.4150116852781D-11-0.4958469284838D-11-0.5924510990933D-11-0.7079005463521D-11
-0.8458735015459D-11-0.1010763304516D-10-0.1207822341518D-10-0.1443323547933D-10
-0.1724766621037D-10-0.2061106740916D-10-0.2463049243287D-10-0.2943376940751D-10
-0.3517368464824D-10-0.4203264693404D-10-0.5022866982308D-10-0.6002198541645D-10
-0.7172357944381D-10-0.8570462837637D-10-0.1024086191946D-09-0.1223647704628D-09
-0.1462053208222D-09-0.1746846121598D-09-0.2087036063690D-09-0.2493370898817D-09
-0.2978685630546D-09-0.3558287152531D-09-0.4250451067942D-09-0.5076968559269D-09
-0.6063849777343D-09-0.7242100071891D-09-0.8648720386462D-09-0.1032780322876D-08
-0.1233195106743D-08-0.1472383311193D-08-0.1757818915130D-08-0.2098402993517D-08
-0.2504747803199D-08-0.2989487607755D-08-0.3567679223041D-08-0.4257241930485D-08
-0.5079523423647D-08-0.6059917582524D-08-0.7228663827097D-08-0.8621718866733D-08
-0.1028187938468D-07-0.1226000747801D-07-0.1461661493340D-07-0.1742357629513D-07
-0.2076635606340D-07-0.2474641683065D-07-0.2948433481142D-07-0.3512316794471D-07
-0.4183282849097D-07-0.4981478915439D-07-0.5930817690710D-07-0.7059636125724D-07
-0.8401547251163D-07-0.9996353258303D-07-0.1189123627238D-06-0.1414203059384D-06
-0.1681487556484D-06-0.1998798431490D-06-0.2375394936691D-06-0.2822218445720D-06
-0.3352213372788D-06-0.3980666910296D-06-0.4725652868813D-06-0.5608502894261D-06
-0.6654424380629D-06-0.7893152020950D-06-0.9359805537834D-06-0.1109579537904D-05
-0.1315001457912D-05-0.1558009286844D-05-0.1845405803780D-05-0.2185208034045D-05
-0.2586878215338D-05-0.3061566869484D-05-0.3622435438357D-05-0.4284993580012D-05
-0.5067550452760D-05-0.5991685255121D-05-0.7082875223080D-05-0.8371151232375D-05
-0.9891974086903D-05-0.1168714002197D-04-0.1380599753568D-04-0.1630670094298D-04
-0.1925788036572D-04-0.2274035678476D-04-0.2684942783797D-04-0.3169718380305D-04
-0.3741559152005D-04-0.4415959210775D-04-0.5211122456836D-04-0.6148369499882D-04
-0.7252683818238D-04-0.8553245163378D-04-0.1008414776908D-03-0.1188509714159D-03
-0.1400236436908D-03-0.1648970959492D-03-0.1940966637010D-03-0.2283479712634D-03
-0.2684947623148D-03-0.3155163619063D-03-0.3705527927982D-03-0.4349297231627D-03
-0.5101938804171D-03-0.5981479564034D-03-0.7008999201051D-03-0.8209100686937D-03
-0.9610567363854D-03-0.1124697549818D-02-0.1315754636001D-02-0.1538793309933D-02
-0.1799136650610D-02-0.2102975458317D-02-0.2457538973366D-02-0.2871274917829D-02
 0.9492788061682D-15 0.1206401601516D-14 0.1533085665746D-14 0.1948125818771D-14
 0.2475386547544D-14 0.3145169737201D-14 0.3995944142754D-14 0.5076550557492D-14
 0.6448977485528D-14 0.8191910082875D-14 0.1040520498862D-13 0.1321558104484D-13
 0.1678382282000D-13 0.2131391680033D-13 0.2706462842079D-13 0.3436416641063D-13
 0.4362876008307D-13 0.5538620691753D-13 0.7030563932018D-13 0.8923527716139D-13
 0.1132501242411D-12 0.1437124090621D-12 0.1823479402435D-12 0.2313427626052D-12
 0.2934652008657D-12 0.3722202873920D-12 0.4720445600806D-12 0.5985523970570D-12
 0.7588464701692D-12 0.9619100545612D-12 0.1219101076049D-11 0.1544775435495D-11
 0.1957071682447D-11 0.2478899865421D-11 0.3139184597543D-11 0.3974429750990D-11
 0.5030682709422D-11 0.6366004387802D-11 0.8053563618259D-11 0.1018552318127D-10
 0.1287790098405D-10 0.1627665981995D-10 0.2056531523641D-10 0.2597444465044D-10
 0.3279353696708D-10 0.4138577494737D-10 0.5220640279101D-10 0.6582558017837D-10
 0.8295669564848D-10 0.1044914782427D-09 0.1315433610656D-09 0.1655010531217D-09
 0.2080944304820D-09 0.2614756184233D-09 0.3283182213386D-09 0.4119388813814D-09
 0.5164451634061D-09 0.6469157534072D-09 0.8096182181845D-09 0.1012272487611D-08
 0.1264366909811D-08 0.1577537539589D-08 0.1966018683409D-08 0.2447178659232D-08
 0.3042148399457D-08 0.3776560235292D-08 0.4681402553909D-08 0.5794008463291D-08
 0.7159178829782D-08 0.8830456116233D-08 0.1087153565733D-07 0.1335782450719D-07
 0.1637810895200D-07 0.2003632658283D-07 0.2445336190198D-07 0.2976883910868D-07
 0.3614276614580D-07 0.4375698173853D-07 0.5281616779547D-07 0.6354838193934D-07
 0.7620476631839D-07 0.9105844845730D-07 0.1084022319141D-06 0.1285452850094D-06
 0.1518084812019D-06 0.1785191030480D-06 0.2090048409616D-06 0.2435887654652D-06
 0.2825858864010D-06 0.3263046940020D-06 0.3750551050096D-06 0.4291687019261D-06
 0.4890335045621D-06 0.5551512847751D-06 0.6282188738960D-06 0.7092416904433D-06
 0.7996741882945D-06 0.9015897838098D-06 0.1017856413861D-05 0.1152301998514D-05
 0.1309805554951D-05 0.1496264371778D-05 0.1718303112613D-05 0.1982623618929D-05
 0.2294773084207D-05 0.2657176663184D-05 0.3066137477449D-05 0.3507630836551D-05
 0.3951596722022D-05 0.4344619596977D-05 0.4600735457056D-05 0.4590392986333D-05
 0.4127150173719D-05 0.2952013156073D-05 0.7140118440349D-06-0.3054086194524D-05
-0.8968963098451D-05-0.1784242549479D-04-0.3074761515803D-04-0.4911204401149D-04
-0.1418455526702D-14-0.1802659520101D-14-0.2290797856740D-14-0.2910948873863D-14
-0.3698763755338D-14-0.4699508753762D-14-0.5970649922960D-14-0.7585136327448D-14
-0.9635562070378D-14-0.1223944680053D-13-0.1554592905071D-13-0.1974425153171D-13
-0.2507452484898D-13-0.3184135097352D-13-0.4043111635171D-13-0.5133386478432D-13
-0.6517103364209D-13-0.8273056674835D-13-0.1050113515908D-12-0.1332795379722D-12
-0.1691396817368D-12-0.2146249108990D-12-0.2723108138029D-12-0.3454595764621D-12
-0.4382019925075D-12-0.5557677716402D-12-0.7047758982634D-12-0.8936019059336D-12
-0.1132840796088D-11-0.1435891577820D-11-0.1819693690037D-11-0.2305656004312D-11
-0.2920825981825D-11-0.3699362966077D-11-0.4684389947978D-11-0.5930324785906D-11
-0.7505805706177D-11-0.9497369472049D-11-0.1201406048363D-10-0.1519321633725D-10
-0.1920770532963D-10-0.2427499377896D-10-0.3066846950983D-10-0.3873159682015D-10
-0.4889555273598D-10-0.6170122786610D-10-0.7782655772517D-10-0.9812053593966D-10
-0.1236453405913D-09-0.1557285886552D-09-0.1960278539589D-09-0.2466103968720D-09
-0.3100512122960D-09-0.3895537266125D-09-0.4890974828566D-09-0.6136191669883D-09
-0.7692328108147D-09-0.9634983189143D-09-0.1205745992829D-08-0.1507469556865D-08
-0.1882797833975D-08-0.2349061443014D-08-0.2927466592090D-08-0.3643897725351D-08
-0.4529860613378D-08-0.5623593781199D-08-0.6971357475548D-08-0.8628930758115D-08
-0.1066331949722D-07-0.1315470625369D-07-0.1619862681506D-07-0.1990840071601D-07
-0.2441776750856D-07-0.2988374424939D-07-0.3648960321175D-07-0.4444796869962D-07
-0.5400385168585D-07-0.6543761787207D-07-0.7906759827590D-07-0.9525238984173D-07
-0.1143924396651D-06-0.1369311250845D-06-0.1633548977956D-06-0.1941930948664D-06
-0.2300171492665D-06-0.2714406831497D-06-0.3191207079009D-06-0.3737629807012D-06
-0.4361327759833D-06-0.5070767399223D-06-0.5875580754527D-06-0.6787142714142D-06
-0.7819402033850D-06-0.8990081970461D-06-0.1032225304129D-05-0.1184637919570D-05
-0.1360271090474D-05-0.1564401289744D-05-0.1803817583936D-05-0.2087038631575D-05
-0.2424373575145D-05-0.2827740207502D-05-0.3310016386089D-05-0.3883759999757D-05
-0.4558936418291D-05-0.5339410890789D-05-0.6217731093923D-05-0.7167923013315D-05
-0.8135814083436D-05-0.9026660621324D-05-0.9689567294237D-05-0.9898548930960D-05
-0.9329241343587D-05-0.7530619119308D-05-0.3888726307084D-05 0.2420223941406D-05
 0.1249504936974D-04 0.2779994532208D-04 0.5029410812855D-04 0.8261134368064D-04
 0.5367442972629D-18 0.7243216494137D-18 0.9774194841352D-18 0.1318911666660D-17
 0.1779650710964D-17 0.2401252554012D-17 0.3239843317274D-17 0.4371124437222D-17
 0.5897169109746D-17 0.7955639505803D-17 0.1073214228282D-16 0.1447693929809D-16
 0.1952743721339D-16 0.2633845913059D-16 0.3552312236403D-16 0.4790778822891D-16
 0.6460614901703D-16 0.8711902259237D-16 0.1174685991781D-15 0.1583793674732D-15
 0.2135215139016D-15 0.2878384524644D-15 0.3879877814441D-15 0.5229344875916D-15
 0.7047481271114D-15 0.9496761794637D-15 0.1279585930527D-14 0.1723902748476D-14
 0.2322214789563D-14 0.3127772379681D-14 0.4212185788931D-14 0.5671733774442D-14
 0.7635828813746D-14 0.1027837344914D-13 0.1383298841842D-13 0.1861342643403D-13
 0.2504092103689D-13 0.3368081638240D-13 0.4529158790331D-13 0.6089043100554D-13
 0.8184095646468D-13 0.1099703525222D-12 0.1477258567623D-12 0.1983835405397D-12
 0.2663266869143D-12 0.3574167425018D-12 0.4794870257394D-12 0.6429994804585D-12
 0.8619171654255D-12 0.1154862479198D-11 0.1546652618912D-11 0.2070332950680D-11
 0.2769866299463D-11 0.3703684630253D-11 0.4949373020265D-11 0.6609837031305D-11
 0.8821408827502D-11 0.1176448290534D-10 0.1567744232018D-10 0.2087485484764D-10
 0.2777119169584D-10 0.3691167070993D-10 0.4901224890611D-10 0.6501133310840D-10
 0.8613641412356D-10 0.1139896472635D-09 0.1506573114254D-09 0.1988492587900D-09
 0.2620756820774D-09 0.3448700917915D-09 0.4530688764604D-09 0.5941596413351D-09
 0.7777119304290D-09 0.1015905624415D-08 0.1324172689770D-08 0.1721968422486D-08
 0.2233685725446D-08 0.2889722786874D-08 0.3727705259223D-08 0.4793852747787D-08
 0.6144456901656D-08 0.7847412165660D-08 0.9983694178411D-08 0.1264863005062D-07
 0.1595272267302D-07 0.2002170618818D-07 0.2499538065892D-07 0.3102465636117D-07
 0.3826606361835D-07 0.4687286511301D-07 0.5698173677823D-07 0.6869396128611D-07
 0.8205003273343D-07 0.9699689304706D-07 0.1133473331882D-06 0.1307321686059D-06
 0.1485468663649D-06 0.1658965984367D-06 0.1815458732172D-06 0.1938826901532D-06
 0.2009101598124D-06 0.2002828557462D-06 0.1894071314676D-06 0.1656260611539D-06
 0.1265049880859D-06 0.7022642248376D-07-0.3917940933139D-08-0.9497139875103D-07
-0.1997703986210D-06-0.3125213049179D-06-0.4246516153314D-06-0.5250790858785D-06
-0.6010253837634D-06-0.6393437928396D-06-0.6280917612997D-06-0.5576518593599D-06
-0.4201115614854D-06-0.2049188950647D-06 0.1119340856271D-06 0.5884909256085D-06
-0.6169043727595D-18-0.8325576566310D-18-0.1123549266162D-17-0.1516178344438D-17
-0.2045923691278D-17-0.2760631811241D-17-0.3724830076757D-17-0.5025551479504D-17
-0.6780144972853D-17-0.9146844510525D-17-0.1233900320332D-16-0.1664425961545D-16
-0.2245034341426D-16-0.3027993547170D-16-0.4083744580672D-16-0.5507227824548D-16
-0.7426371371271D-16-0.1001354952877D-15-0.1350098215867D-15-0.1820148748955D-15
-0.2453639085688D-15-0.3307308425936D-15-0.4457555623126D-15-0.6007231917863D-15
-0.8094783791430D-15-0.1090652964424D-14-0.1469317082955D-14-0.1979196994629D-14
-0.2665654284938D-14-0.3589686188293D-14-0.4833294684784D-14-0.6506691835285D-14
-0.8757965696210D-14-0.1178603590325D-13-0.1585802402683D-13-0.2133251684265D-13
-0.2869071983547D-13-0.3857814737864D-13-0.5186038687915D-13-0.6969764694233D-13
-0.9364433365451D-13-0.1257820152489D-12-0.1688967895560D-12-0.2267157448483D-12
-0.3042219138749D-12-0.4080734724699D-12-0.5471610300405D-12-0.7333480841358D-12
-0.9824531390251D-12-0.1315552045537D-11-0.1760701249228D-11-0.2355216821958D-11
-0.3148682447280D-11-0.4206915647226D-11-0.5617186496074D-11-0.7495075530694D-11
-0.9993465027184D-11-0.1331430795048D-10-0.1772399393784D-10-0.2357337075108D-10
-0.3132375571196D-10-0.4158064854241D-10-0.5513727505425D-10-0.7303066975453D-10
-0.9661361164546D-10-0.1276465782127D-09-0.1684147141402D-09-0.2218759955834D-09
-0.2918477889798D-09-0.3832405351425D-09-0.5023482871900D-09-0.6572075392008D-09
-0.8580362336674D-09-0.1117766099115D-08-0.1452680176742D-08-0.1883166956534D-08
-0.2434596878402D-08-0.3138322437585D-08-0.4032788651452D-08-0.5164727682786D-08
-0.6590381036120D-08-0.8376665681457D-08-0.1060214375479D-07-0.1335760894514D-07
-0.1674600904895D-07-0.2088135823989D-07-0.2588615828352D-07-0.3188678470332D-07
-0.3900613733040D-07-0.4735286391045D-07-0.5700636588136D-07-0.6799703924099D-07
-0.8028132092662D-07-0.9371192311187D-07-0.1080042280109D-06-0.1227016700753D-06
-0.1371443204176D-06-0.1504482064727D-06-0.1615050600961D-06-0.1690169182143D-06
-0.1715816815918D-06-0.1678500495309D-06-0.1567718532105D-06-0.1379489318696D-06
-0.1120974107508D-06-0.8160974279639D-07-0.5117041711335D-07-0.2835332488277D-07
-0.2406845643540D-07-0.5270745781911D-07-0.1317867048983D-06-0.2809462429362D-06
-0.5202176181347D-06-0.8677344898058D-06-0.1337357163838D-05-0.1937209674943D-05
-0.2670646622590D-05-0.3541698977180D-05-0.4567211586213D-05-0.5797518721649D-05
 0.1506878345102D-17 0.2033312685640D-17 0.2743572468910D-17 0.3701814676364D-17
 0.4994569449781D-17 0.6738544142213D-17 0.9091133933787D-17 0.1226459232430D-16
 0.1654514488723D-16 0.2231872967076D-16 0.3010571691617D-16 0.4060766976228D-16
 0.5477037760460D-16 0.7386874600855D-16 0.9962123509565D-16 0.1343439045161D-15
 0.1811580009706D-15 0.2442694131973D-15 0.3293450042522D-15 0.4440193759341D-15
 0.5985765035310D-15 0.8068681323103D-15 0.1087548183974D-14 0.1465734777313D-14
 0.1975244747199D-14 0.2661599189013D-14 0.3586063748859D-14 0.4831080258589D-14
 0.6507563637953D-14 0.8764707967645D-14 0.1180315255163D-13 0.1589266122260D-13
 0.2139584815727D-13 0.2880001617540D-13 0.3875984719992D-13 0.5215464791605D-13
 0.7016505048798D-13 0.9437576089175D-13 0.1269131143411D-12 0.1706291533194D-12
 0.2293477997987D-12 0.3081939233390D-12 0.4140328762711D-12 0.5560573076906D-12
 0.7465698852845D-12 0.1002026749869D-11 0.1344427240936D-11 0.1803163430615D-11
 0.2417479166771D-11 0.3239736469430D-11 0.4339749601665D-11 0.5810530022717D-11
 0.7775891321569D-11 0.1040050510737D-10 0.1390317802477D-10 0.1857435746772D-10
 0.2479917590236D-10 0.3308773605147D-10 0.4411483877490D-10 0.5877200066767D-10
 0.7823541513086D-10 0.1040545535692D-09 0.1382673834938D-09 0.1835498252203D-09
 0.2434090539977D-09 0.3224327728690D-09 0.4266095629271D-09 0.5637391439817D-09
 0.7439556603145D-09 0.9803923573576D-09 0.1290021787663D-08 0.1694712617486D-08
 0.2222551124892D-08 0.2909483693665D-08 0.3801343660750D-08 0.4956333754815D-08
 0.6448039319865D-08 0.8369051016367D-08 0.1083527038111D-07 0.1399096285129D-07
 0.1801459739648D-07 0.2312547903840D-07 0.2959111832164D-07 0.3773521090814D-07
 0.4794598510978D-07 0.6068455800983D-07 0.7649277077159D-07 0.9599983850040D-07
 0.1199269720753D-06 0.1490890935171D-06 0.1843927617829D-06 0.2268297872902D-06
 0.2774665903002D-06 0.3374307593030D-06 0.4078981497523D-06 0.4900873317249D-06
 0.5852724508827D-06 0.6948322245523D-06 0.8203602125893D-06 0.9638716480674D-06
 0.1128151459670D-05 0.1317298510292D-05 0.1537525959822D-05 0.1798277501723D-05
 0.2113702758794D-05 0.2504503356965D-05 0.3000094143459D-05 0.3640932939297D-05
 0.4480724431009D-05 0.5588042141379D-05 0.7046690521106D-05 0.8953944096531D-05
 0.1141559591765D-04 0.1453665970787D-04 0.1840652170791D-04 0.2307735330566D-04
 0.2853450921038D-04 0.3465703594988D-04 0.4116482511615D-04 0.4754523252859D-04
