  -1.0457559588164801E-018   1.8932376087692876E-020  -5.2052125344945076E-019   9.9999999999999995E-021
  -4.8427830157080227E-019  -5.9003323436535847E-019  -5.4324067023038543E-019  -4.0058212143988491E-019
   9.2906997903917862E-021   8.9829621726574713E-021   8.8262613892027089E-021   8.6851096120451056E-021
  -1.4824164150381788E-018   2.7527908893364259E-020  -1.0457559588164801E-018   1.8932376087692876E-020
  -4.1484095562512445E-019  -4.5663439579429740E-019  -4.4530782315492256E-019  -4.0123734380662807E-019
   8.7504899461051959E-021   8.6060615698629171E-021   8.5652201370981739E-021   8.4801434740009285E-021
  -1.8969258860699601E-018   3.5922054569304013E-020  -1.4824164150381788E-018   2.7527908893364259E-020
  -4.0511001747400615E-019  -4.2335707247751366E-019  -4.1937640267598518E-019  -3.9647985840968313E-019
   8.4942245147865279E-021   8.3977207513780987E-021   8.3802478998417141E-021   8.3147122384123744E-021
  -2.2992316377023067E-018   4.4167463613967716E-020  -1.8969258860699601E-018   3.5922054569304013E-020
  -3.9803405951941402E-019  -4.0717117915650762E-019  -4.0536252553749416E-019  -3.9073304088666230E-019
   8.3198816620423758E-021   8.2470200298195849E-021   8.2374854841969642E-021   8.1835615779067613E-021
  -2.6925906151973243E-018   5.2293813501536518E-020  -2.2992316377023067E-018   4.4167463613967716E-020
  -3.9149712509276959E-019  -3.9640180075947535E-019  -3.9543819668082896E-019  -3.8497674499672714E-019
   8.1860071067627996E-021   8.1272197916205881E-021   8.1212391447075221E-021   8.0751743459937838E-021
   1.5384906258651167E-017   3.2624117871389138E-020   5.1791866824326853E-018   9.9999999999999995E-021
   8.4930502669339423E-018   8.4178577740695166E-018   1.0403720018397617E-017   1.5098111605442684E-017
   1.7057537372595151E-020   2.1999994224386683E-020   2.3608999023539249E-020   2.7469183359887826E-020
   3.1187519349003469E-017   6.4353178313900096E-020   1.5384906258651167E-017   3.2624117871389138E-020
   1.4526353941414904E-017   1.4801590861467184E-017   1.5921437169651349E-017   1.8843268538461856E-017
   2.6841234553020651E-020   3.1375668781836642E-020   3.2361292048013055E-020   3.6059206442345696E-020
   5.1110057565653080E-017   1.0447703541483879E-019   3.1187519349003469E-017   6.4353178313900096E-020
   1.8598029091183017E-017   1.9323201131895072E-017   1.9983113587777223E-017   2.2324570769370058E-017
   3.5793816838042729E-020   3.9859666430239242E-020   4.0587014439622921E-020   4.4055964027865115E-020
   7.4593328436625930E-017   1.5236814884504848E-019   5.1110057565653080E-017   1.0447703541483879E-019
   2.2184723450991648E-017   2.3074589984462230E-017   2.3525482654006588E-017   2.5514756497907839E-017
   4.3919078440737218E-020   4.7686862434237360E-020   4.8245631066464199E-020   5.1562615139117768E-020
   1.0126529724691820E-016   2.0757001504986289E-019   7.4593328436625930E-017   1.5236814884504848E-019
   2.5429320489544753E-017   2.6369867335899210E-017   2.6706380765395081E-017   2.8449996169620262E-017
   5.1479824370106112E-020   5.5038420543644260E-020   5.5483958311284926E-020   5.8686615148921904E-020
   6.7477726689388207E-017   6.0584310981642830E-020   1.2112285847422979E-017   9.9999999999999995E-021
   3.0914024110717412E-017   4.0457820104191072E-017   5.9056095979649299E-017   1.0225078877339324E-016
   2.6505083766471096E-020   4.3719648207289250E-020   5.4342008480004172E-020   8.0877468748799110E-020
   1.9783476179195640E-016   1.7296364529013299E-019   6.7477726689388207E-017   6.0584310981642830E-020
   9.6046287457623704E-017   1.1555191282000249E-016   1.3549741022968277E-016   1.8399727705841495E-016
   7.6472796609189195E-020   1.0561044369225620E-019   1.1701790445915267E-019   1.5254651293893411E-019
   4.2151272301295214E-016   3.6643126509854836E-019   1.9783476179195640E-016   1.7296364529013299E-019
   1.7913805608203174E-016   2.1058302144912677E-016   2.2866844753169368E-016   2.8442677328230188E-016
   1.4863632745295746E-019   1.8678495456146890E-019   1.9858783828064836E-019   2.4142380571330016E-019
   7.5484303427703235E-016   6.5767242733967670E-019   4.2151272301295214E-016   3.6643126509854836E-019
   2.8028543879384444E-016   3.2150120491988967E-016   3.3824279510141097E-016   4.0020842874803538E-016
   2.3840574178332034E-019   2.8480479974641909E-019   2.9645043633574959E-019   3.4653075949911270E-019
   1.2120078068000320E-015   1.0620641861890657E-018   7.5484303427703235E-016   6.5767242733967670E-019
   3.9685176463377212E-016   4.4629499213008704E-016   4.6200517293278977E-016   5.2953654037847303E-016
   3.4410550225500529E-019   3.9821836232903627E-019   4.0955260777927462E-019   4.6670311062470694E-019
   1.9730393741146087E-016   1.0968337163112209E-019   1.9338541641750228E-017   9.9999999999999995E-021
   6.7718877829550808E-017   1.0923926106993275E-016   1.9010599077013229E-016   4.0138299310858300E-016
   3.6352106756660374E-020   7.3233668406584075E-020   1.0677616367041472E-019   2.0172845887607461E-019
   8.4083590510985008E-016   4.5837429128421422E-019   1.9730393741146087E-016   1.0968337163112209E-019
   3.7671328989733326E-016   5.2399977048720274E-016   6.8120414607317461E-016   1.0740706831722477E-015
   1.8987324025399027E-019   3.0249814599097603E-019   3.6715704672556056E-019   5.6296189223148938E-019
   2.3536569375556477E-015   1.2793969064051996E-018   8.4083590510985008E-016   4.5837429128421422E-019
   1.0336932322512793E-015   1.3565094981850976E-015   1.5705270683941260E-015   2.1891598292650600E-015
   5.3948154403754891E-019   7.5663996466065780E-019   8.5288376876646171E-019   1.1676066798341245E-018
   5.2193174263475782E-015   2.8480827969925218E-018   2.3536569375556477E-015   1.2793969064051996E-018
   2.1357458711973682E-015   2.6788254638655938E-015   2.9429781463395606E-015   3.8146098411439066E-015
   1.1395444266004531E-018   1.4884929635620129E-018   1.6127829630822900E-018   2.0700190636348737E-018
   9.9871103292068097E-015   5.4872601949161193E-018   5.2193174263475782E-015   2.8480827969925218E-018
   3.7557604472274600E-015   4.5544592456494869E-015   4.8637412636738635E-015   6.0145959512812303E-015
   2.0394262574051933E-018   2.5448538472226088E-018   2.6944270952572450E-018   3.3170762451766813E-018
   4.7603328638929495E-016   1.8982134973129495E-019   2.6672348875352672E-017   9.9999999999999995E-021
   1.1909321661349588E-016   2.2812401830612696E-016   4.6735958775756155E-016   1.1861051963427808E-015
   4.6345687179261913E-020   1.1036276236206215E-019   1.8749983705044644E-019   4.3685721238349046E-019
   2.9295160752122492E-015   1.1547164721696052E-018   4.7603328638929495E-016   1.8982134973129495E-019
   1.1393869935213506E-015   1.8034531126640941E-015   2.6079977437243813E-015   4.7586080266394255E-015
   4.2069998991378509E-019   7.5836606002327176E-019   1.0158672083218224E-018   1.8202042080258884E-018
   1.0783498188204305E-014   4.2467727729644923E-018   2.9295160752122492E-015   1.1547164721696052E-018
   4.5654760308861299E-015   6.6181768859872811E-015   8.2333607889809976E-015   1.2855341297129647E-014
   1.7321539812555130E-018   2.6835169857865867E-018   3.2341496880269740E-018   4.9848504758866875E-018
   2.9673729029321586E-014   1.1743148979765378E-017   1.0783498188204305E-014   4.2467727729644923E-018
   1.2443631048750204E-014   1.6947597848312808E-014   1.9588466496881178E-014   2.7825625307565493E-014
   4.8172029971679533E-018   6.8345752351634577E-018   7.7679606934202282E-018   1.0955982386469994E-017
   6.7813468725389508E-014   2.7039072065882000E-017   2.9673729029321586E-014   1.1743148979765378E-017
   2.7198986688218671E-014   3.5390032954996263E-014   3.9240533571122614E-014   5.2378318435951174E-014
   1.0705035651467522E-017   1.4337066700096620E-017   1.5729979253047169E-017   2.0936410958944641E-017
   1.0119386436984354E-015   3.1326543687653654E-019   3.4056772208835256E-017   9.9999999999999995E-021
   1.8509397580194775E-016   4.1041078586792578E-016   9.7411336263198743E-016   2.9131489561358266E-015
   5.6408240789829580E-020   1.5505193119643147E-019   3.0324221487265924E-019   8.4659608833120844E-019
   8.8850625794825447E-015   2.7371833214494322E-018   1.0119386436984354E-015   3.1326543687653654E-019
   2.9115180360852639E-015   5.1729510537769631E-015   8.3014053497109166E-015   1.7378512771643631E-014
   8.4918680452301076E-019   1.7070012218309274E-018   2.5254872752781893E-018   5.2293435086961268E-018
   4.2861814348132719E-014   1.3213399779351581E-017   8.8850625794825447E-015   2.7371833214494322E-018
   1.6788401430524074E-014   2.6650432569790145E-014   3.5736838055103988E-014   6.2297567931588739E-014
   4.9985256789422825E-018   8.4782651948011801E-018   1.0967876493701283E-017   1.8966489691465693E-017
   1.4626040588464346E-013   4.5341635023895819E-017   4.2861814348132719E-014   1.3213399779351581E-017
   6.0102509738327549E-014   8.8346256719878278E-014   1.0790390408303817E-013   1.6778871787490395E-013
   1.8230599079500094E-017   2.7924959421116026E-017   3.3449611614851862E-017   5.1789670315829563E-017
   3.9928123710306720E-013   1.2477007108585800E-016   1.4626040588464346E-013   4.5341635023895819E-017
   1.6308457637472100E-013   2.2667164793251159E-013   2.6210607555299577E-013   3.7748496396480677E-013
   5.0256655945730494E-017   7.1924163350130409E-017   8.2143890858523860E-017   1.1817785200873406E-016
   1.9586273324327063E-015   4.9455062789891773E-019   4.1468907168197700E-017   9.9999999999999995E-021
   2.6574405986890652E-016   6.6938133409694310E-016   1.8132121713992169E-015   6.2720194807258252E-015
   6.6508556282193448E-020   2.0727904945354531E-019   4.6076961179781396E-019   1.5046978886085939E-018
   2.4166397171976377E-014   6.1036102047986226E-018   1.9586273324327063E-015   4.9455062789891773E-019
   6.5837233887225697E-015   1.2979881590686351E-014   2.3004904764728808E-014   5.4693322937709144E-014
   1.5877274951567643E-018   3.5193574480353678E-018   5.7354183488972594E-018   1.3557078372376213E-017
   1.5187553567474495E-013   3.8436613138047730E-017   2.4166397171976377E-014   6.1036102047986226E-018
   5.3680948780609727E-014   9.2636236537780672E-014   1.3393925724369896E-013   2.5942289467304261E-013
   1.3148366212448403E-017   2.4232885566994188E-017   3.3686839155355216E-017   6.5010201942347430E-017
   6.4120087535709487E-013   1.6327567926851699E-016   1.5187553567474495E-013   3.8436613138047730E-017
   2.5080892821718839E-013   3.9580476733452511E-013   5.1198907887020006E-013   8.6955541746746127E-013
   6.2502013583505790E-017   1.0281188030670120E-016   1.3012303462126246E-016   2.2066255334338246E-016
   2.0892134578781293E-012   5.3643863807130504E-016   6.4120087535709487E-013   1.6327567926851699E-016
   8.4266741046612191E-013   1.2461467441039511E-012   1.5069443090111712E-012   2.3392259784298394E-012
   2.1322343396347135E-016   3.2478250460638091E-016   3.8727270953107957E-016   6.0164389057833616E-016
   3.5233016997023837E-015   7.5045661207338842E-019   4.8897824021259129E-017   9.9999999999999995E-021
   3.6105439854655333E-016   1.0183114476241504E-015   3.1070628505230498E-015   1.2234620259245792E-014
   7.6631740006429560E-020   2.6703355913892367E-019   6.6686139152126933E-019   2.4983180311135151E-018
   6.0082907380182244E-014   1.2850152106970930E-017   3.5233016997023837E-015   7.5045661207338842E-019
   1.3552795471704132E-014   2.9363937394173680E-014   5.7157991629717831E-014   1.5276098056339199E-013
   2.7865177689236988E-018   6.7503109310926157E-018   1.2066128161131047E-017   3.2178777016014216E-017
   4.8824790323825495E-013   1.0475948260975969E-016   6.0082907380182244E-014   1.2850152106970930E-017
   1.5341350774800607E-013   2.8600488618797163E-013   4.4530338686249347E-013   9.5295992129949986E-013
   3.1914775772900974E-017   6.3504161697022810E-017   9.4805436185671477E-017   2.0292201147844296E-016
   2.5416965782346801E-012   5.4896325181523585E-016   4.8824790323825495E-013   1.0475948260975969E-016
   9.2820946640809945E-013   1.5653660943121948E-012   2.1461840441895146E-012   3.9693823065670328E-012
   1.9622929156723340E-016   3.4501426055519846E-016   4.6187803516595236E-016   8.5520873222332220E-016
   9.8685785985406958E-012   2.1498135111272849E-015   2.5416965782346801E-012   5.4896325181523585E-016
   3.8476840802431368E-012   6.0324820547956569E-012   7.6416568293564434E-012   1.2765330273288757E-011
   8.2555871226628525E-016   1.3336037712861566E-015   1.6632511281980551E-015   2.7858330446375859E-015
   5.9750257101731829E-015   1.1000005430235222E-018   5.6337661975509122E-017   9.9999999999999995E-021
   4.7103085262739840E-016   1.4704743707732975E-015   4.9976384829222603E-015   2.2104871729167531E-014
   8.6769805619370256E-020   3.3430979879499840E-019   9.2830243808197940E-019   3.9280089787678084E-018
   1.3846939189760123E-013   2.5670447657351684E-017   5.9750257101731829E-015   1.1000005430235222E-018
   2.5889167048722879E-014   6.1145661867155996E-014   1.2998146956775210E-013   3.8682276720602926E-013
   4.6392091339366149E-018   1.2192424054733141E-017   2.3788814974865075E-017   7.0820995492835911E-017
   1.4428012831417071E-012   2.6862048866325496E-016   1.3846939189760123E-013   2.5670447657351684E-017
   3.9955652260960028E-013   8.0036036694841350E-013   1.3389938155600094E-012   3.1477264598381893E-012
   7.2237189855213029E-017   1.5433181248340094E-016   2.4703724746582499E-016   5.8272493628175493E-016
   9.2224372279174939E-012   1.7290468479753596E-015   1.4428012831417071E-012   2.6862048866325496E-016
   3.1036795222020330E-012   5.5706198785552528E-012   8.0936592793885563E-012   1.6245577830565065E-011
   5.6963161628568575E-016   1.0661092318158352E-015   1.5097388588810834E-015   3.0412303581931061E-015
   4.2576919573085425E-011   8.0529554475714387E-015   9.2224372279174939E-012   1.7290468479753596E-015
   1.5805017757127624E-011   2.6187175588829265E-011   3.4776689205470517E-011   6.2394146725280394E-011
   2.9429358843425874E-015   5.0255829861123532E-015   6.5619230372807320E-015   1.1825503666447723E-014
   9.6529932306450556E-015   1.5644342876612188E-018   6.3785000521232963E-017   9.9999999999999995E-021
   5.9567684262115654E-016   2.0391421230836559E-015   7.6464800233200161E-015   3.7568328245314438E-014
   9.6918092085099038E-020   4.0910446424906974E-019   1.2518802921780363E-018   5.9077181210280017E-018
   2.9905552879009475E-013   4.8911941529601836E-017   9.6529932306450556E-015   1.5644342876612188E-018
   4.6528836155865857E-014   1.1897282467207631E-013   2.7470127929995565E-013   9.0253816925676855E-013
   7.3885662011197324E-018   2.0936709876216749E-017   4.4370231085906906E-017   1.4608259532627662E-016
   3.9601700487680555E-012   6.5108822631120064E-016   2.9905552879009475E-013   4.8911941529601836E-017
   9.6227968803772741E-013   2.0613519350989336E-012   3.6958630922211529E-012   9.4899773771898621E-012
   1.5383594804433670E-016   3.5120972586223157E-016   6.0146040607505515E-016   1.5538814967706822E-015
   3.0934218489734112E-011   5.1230615023582695E-015   3.9601700487680555E-012   6.5108822631120064E-016
   9.5102096636617452E-012   1.8100758508170663E-011   2.7846629500643442E-011   6.0439304964506384E-011
   1.5419587716675555E-015   3.0607779036812600E-015   4.5822766000512971E-015   1.0003771877149741E-014
   1.6936427255222237E-010   2.8301361588689061E-014   3.0934218489734112E-011   5.1230615023582695E-015
   5.9205867474414364E-011   1.0337270636480286E-010   1.4394291024209584E-010   2.7674322368671787E-010
   9.7359840417161087E-015   1.7525054271328342E-014   2.3963473547279081E-014   4.6356760839053784E-014
  -2.1134049867987161E-020   1.9999078206669848E-020  -9.9522251553383936E-021   9.9999999999999995E-021
  -9.9522287225427762E-021  -1.2425064945054481E-020  -1.1600541532254813E-020  -9.0875065987312356E-021
   9.9994874756591878E-021   9.9991594630602698E-021   9.9989946589675117E-021   9.9986735203043421E-021
  -3.1090060259360203E-020   2.9997489728688724E-020  -2.1134049867987161E-020   1.9999078206669848E-020
  -9.2969479918237909E-021  -1.0365647947111433E-020  -1.0151791219637262E-020  -9.4042360229170902E-021
   9.9987312987253440E-021   9.9984490532499345E-021   9.9983733609587195E-021   9.9980930049706169E-021
  -4.0901229321458364E-020   3.9995308060064227E-020  -3.1090060259360203E-020   2.9997489728688724E-020
  -9.4695215292341223E-021  -9.9989001880397475E-021  -9.9231964354115410E-021  -9.5532995964522666E-021
   9.9981123430673328E-021   9.9978417389826907E-021   9.9977944266266063E-021   9.9975253139671029E-021
  -5.0685360641857875E-020   4.9992561327830262E-020  -4.0901229321458364E-020   3.9995308060064227E-020
  -9.5813182779795058E-021  -9.8900269108500975E-021  -9.8556670005414297E-021  -9.6320818216345045E-021
   9.9975348294161290E-021   9.9972701637400166E-021   9.9972359821792489E-021   9.9969724853415607E-021
  -6.0464010511146460E-020   5.9989265273476580E-020  -5.0685360641857875E-020   4.9992561327830262E-020
  -9.6463957980575942E-021  -9.8462507687773665E-021  -9.8280348248067266E-021  -9.6769322305057413E-021
   9.9969781077197273E-021   9.9967171439361944E-021   9.9966904394206405E-021   9.9964303994444859E-021
   4.9847599537989835E-016   4.2098284256798504E-020   2.7625950688526369E-016   9.9999999999999995E-021
   1.1208166199335641E-016   2.1659928825223993E-016   2.3547882581347953E-016   3.1706104084301259E-016
   2.4226941156316264E-020   2.9649533526104420E-020   3.3801430316852206E-020   4.1460836698561525E-020
   8.1089867320102525E-016   9.1200053708264173E-020   4.9847599537989835E-016   4.2098284256798504E-020
   3.0141476746442837E-016   2.9252543921921661E-016   3.3044780566994685E-016   3.2717480968400606E-016
   4.0102338716294303E-020   4.8238397734079686E-020   4.9705546756617920E-020   5.8620389011104538E-020
   1.1435142550952813E-015   1.5801087096087336E-019   8.1089867320102525E-016   9.1200053708264173E-020
   3.2921418803869819E-016   3.2092678623045918E-016   3.4308553491957749E-016   3.3845466102676475E-016
   5.7809848241409562E-020   6.6212124820801942E-020   6.7276962163259209E-020   7.6076881306123355E-020
   1.4843834446529186E-015   2.4261140234074560E-019   1.1435142550952813E-015   1.5801087096087336E-019
   3.3922803401809783E-016   3.3340436538578518E-016   3.4762519127181764E-016   3.4392799001251993E-016
   7.5629569628537026E-020   8.4132587980248987E-020   8.4987303169269929E-020   9.3733836351658718E-020
   1.8296050514109080E-015   3.4501244634801427E-019   1.4843834446529186E-015   2.4261140234074560E-019
   3.4425709305198020E-016   3.4006816210415079E-016   3.4993859184219934E-016   3.4705903960325566E-016
   9.3451989554377739E-020   1.0201555157498606E-019   1.0273158563080687E-019   1.1146000007764839E-019
   2.0745391142551072E-015   8.6502063823008751E-020   6.2107867866489203E-016   9.9999999999999995E-021
   5.4398463687872389E-016   1.2468574672434664E-015   1.5695572253742807E-015   2.5439485914270735E-015
   4.1984599967008090E-020   6.0725307383608344E-020   8.2737887142858840E-020   1.3010139391811006E-019
   5.0631708733058475E-015   2.7544327885573368E-019   2.0745391142551072E-015   8.6502063823008751E-020
   2.3572876892028581E-015   2.6379210309235655E-015   3.2977777151740118E-015   3.7031053729064274E-015
   1.2254592662966675E-019   1.7626476027912494E-019   1.9206165947114868E-019   2.7444852406613538E-019
   9.4650121303020800E-015   6.3148394544852426E-019   5.0631708733058475E-015   2.7544327885573368E-019
   3.7446121279852417E-015   4.1137785341056012E-015   4.6607773486624032E-015   5.1173236484561403E-015
   2.6295868783039546E-019   3.4303506292943105E-019   3.6050991975031136E-019   4.6619534636686317E-019
   1.5269619079139053E-014   1.2078439026412668E-018   9.4650121303020800E-015   6.3148394544852426E-019
   5.1290108252816288E-015   5.5640360966565798E-015   6.0247173615930347E-015   6.5211239512409751E-015
   4.5689750905648211E-019   5.6317571191110498E-019   5.8171218589329128E-019   7.1148643849118024E-019
   2.2477883996010530E-014   2.0574147486106893E-018   1.5269619079139053E-014   1.2078439026412668E-018
   6.5227098106690730E-015   7.0021880527362562E-015   7.3993152022878897E-015   7.9238731805114936E-015
   7.0375363280115081E-019   8.3630859883378726E-019   8.5550974455892787E-019   1.0100347562299537E-018
   6.0039416254352848E-015   1.6451333410679234E-019   9.8329412879497089E-016   9.9999999999999995E-021
   1.3468524067461392E-015   3.6888562358266359E-015   5.3193470431659502E-015   1.0760626015110571E-014
   6.0638140447877330E-020   1.0120098423890331E-019   1.6725387675324476E-019   3.2953214220858062E-019
   2.1615780117632707E-014   7.7304613077511025E-019   6.0039416254352848E-015   1.6451333410679234E-019
   9.9100216423034941E-015   1.2697532888352254E-014   1.7766471153478630E-014   2.2833001227219281E-014
   3.1174470890881689E-019   5.2281185972480558E-019   6.1521769924179161E-019   1.0633929531678961E-018
   5.3573435018660674E-014   2.3493451122072657E-018   2.1615780117632707E-014   7.7304613077511025E-019
   2.3287526290539802E-014   2.8461487754237140E-014   3.4631220021193330E-014   4.2272987564767046E-014
   9.8833420179926942E-019   1.4495586014181955E-018   1.6000351186606754E-018   2.3702722466359216E-018
   1.0765488907428477E-013   5.6049175738251488E-018   5.3573435018660674E-014   2.3493451122072657E-018
   4.2377905064586299E-014   5.0235076221667566E-014   5.7101699852155981E-014   6.7437267121511130E-014
   2.2798727230009469E-018   3.0878374163930858E-018   3.2991245716415178E-018   4.4796380706371426E-018
   1.8971372680537504E-013   1.1445622443066999E-017   1.0765488907428477E-013   5.6049175738251488E-018
   6.7350675695690711E-014   7.7968703037072431E-014   8.5336598469269244E-014   9.8391747678167443E-014
   4.3795100533366055E-018   5.6326672283584919E-018   5.9049424591102687E-018   7.5894997871769677E-018
   1.4447407733794707E-014   2.9254467664981637E-019   1.3520094231607528E-015   9.9999999999999995E-021
   2.5315814057103493E-015   8.1249290224466871E-015   1.3296401554759648E-014   3.3198147303680714E-014
   7.9626412943978091E-020   1.5064510347378331E-019   2.9977869486971619E-019   7.1479405026792122E-019
   7.5435613729528145E-014   2.0166073624507974E-018   1.4447407733794707E-014   2.9254467664981637E-019
   3.1044255780226264E-014   4.5040251796631837E-014   7.0564224971536214E-014   1.0367602665783819E-013
   6.9849411487741348E-019   1.3359899717686249E-018   1.7155034668075119E-018   3.5428951227762004E-018
   2.4751173258059899E-013   8.0945919313151114E-018   7.5435613729528145E-014   2.0166073624507974E-018
   1.0743073374005287E-013   1.4423405476555608E-013   1.8983932958925720E-013   2.5687921065674570E-013
   3.2220615699094569E-018   5.2593580082796164E-018   6.1520852000418338E-018   1.0422959426633526E-017
   6.1963212830602914E-013   2.4054728806151908E-017   2.4751173258059899E-013   8.0945919313151114E-018
   2.5838818898302360E-013   3.3190716623646204E-013   3.9879144002384127E-013   5.1293697284895075E-013
   9.8432441651390574E-018   1.4544209249028868E-017   1.6203529789215835E-017   2.4422099007392318E-017
   1.3078178964990077E-012   5.8855690059598561E-017   6.1963212830602914E-013   2.4054728806151908E-017
   5.1183832450827910E-013   6.3519105518683254E-013   7.2444344634930467E-013   8.9800728157731894E-013
   2.3566134230595282E-017   3.2631014820547181E-017   3.5294714666636451E-017   4.9388174315717370E-017
   3.0717776784509356E-014   4.9064044881208378E-019   1.7238055810739052E-015   9.9999999999999995E-021
   4.1015906144596858E-015   1.5134207699579074E-014   2.7825625820759681E-014   8.3942569565475557E-014
   9.8773345190446394E-020   2.0892228543047328E-019   4.9310396253603570E-019   1.3810168517490380E-018
   2.2851846785674762E-013   4.8997429665112892E-018   3.0717776784509356E-014   4.9064044881208378E-019
   8.0912850165447568E-014   1.3152269454042739E-013   2.2961974365275108E-013   3.8360641988162526E-013
   1.4194426400146176E-018   3.0432946719364338E-018   4.2793546847039944E-018   1.0389873752899761E-017
   9.8835353917119377E-013   2.5826319487137729E-017   2.2851846785674762E-013   4.8997429665112892E-018
   4.0700764991932102E-013   5.9397732653760944E-013   8.4832593347827195E-013   1.2673962579355932E-012
   9.3575819530023787E-018   1.6862691878225344E-017   2.0991553406703244E-017   4.0493386600899080E-017
   3.0782323142799731E-012   9.5360290085464939E-017   9.8835353917119377E-013   2.5826319487137729E-017
   1.2856626983861164E-012   1.7769139299224860E-012   2.2659085338962123E-012   3.1679650246291604E-012
   3.7681465581633460E-017   6.0379452284270388E-017   7.0498785431353996E-017   1.1776588257708104E-016
   7.7775906923155307E-012   2.7924021421311311E-016   3.0782323142799731E-012   9.5360290085464939E-017
   3.1649208056433047E-012   4.1892870607806176E-012   4.9990777534939887E-012   6.6544998340208229E-012
   1.1224480450562984E-016   1.6655670197641230E-016   1.8677102374287581E-016   2.8437928882168313E-016
   5.9560080970126095E-014   7.8223398299679992E-019   2.0972943840661672E-015   9.9999999999999995E-021
   6.0582682514624117E-015   2.5294937719337918E-014   5.1748520216673240E-014   1.8463153539287492E-013
   1.1800744606401653E-019   2.7597756152088171E-019   7.6011932315315988E-019   2.4432026825686991E-018
   6.1976662277746623E-013   1.1136538862072492E-017   5.9560080970126095E-014   7.8223398299679992E-019
   1.8510234118411318E-013   3.3401842266148359E-013   6.4540271299251356E-013   1.2172946383519334E-012
   2.6676758268940715E-018   6.3243117386360831E-018   9.7370476261400842E-018   2.7335434718007744E-017
   3.5097171433520767E-012   7.6548155796949718E-017   6.1976662277746623E-013   1.1136538862072492E-017
   1.3309113243897909E-012   2.0935055771135550E-012   3.2463555370559310E-012   5.3290695707189003E-012
   2.4661403662250111E-017   4.8728240534535220E-017   6.4633751365475917E-017   1.4108431414699095E-016
   1.3564537659796660E-011   3.5000200879814196E-016   3.5097171433520767E-012   7.6548155796949718E-017
   5.4828021011628168E-012   8.1030662196721232E-012   1.0989976935821869E-011   1.6660034686516708E-011
   1.3001893731018832E-016   2.2480775425665938E-016   2.7586294611223952E-016   5.0936277995916752E-016
   4.0979359577967006E-011   1.2245803285463167E-015   1.3564537659796660E-011   3.5000200879814196E-016
   1.6713353391073577E-011   2.3491775490001792E-011   2.9406245331549547E-011   4.1979536474845832E-011
   4.8057540051701436E-016   7.6116905117004803E-016   8.8776749928574067E-016   1.4690214170604567E-015
   1.0743345415849373E-013   1.1940894269322220E-018   2.4718102651784374E-015   9.9999999999999995E-021
   8.4022798836776291E-015   3.9185046737415118E-014   8.8423964909839146E-014   3.6614956018170568E-013
   1.3729443988647030E-019   3.5178457762506376E-019   1.1137492486355598E-018   4.0361744691856157E-018
   1.5352646194740289E-012   2.3812163023016439E-017   1.0743345415849373E-013   1.1940894269322220E-018
   3.8364433111968810E-013   7.6250765136814937E-013   1.6187205055204708E-012   3.4208863469962841E-012
   4.7034625573953272E-018   1.2195225119970889E-017   2.0515456068313319E-017   6.5583616642541562E-017
   1.1288470510649624E-011   2.1180050866968059E-016   1.5352646194740289E-012   2.3812163023016439E-017
   3.8715638177972641E-012   6.5200103582773040E-012   1.0965993516281084E-011   1.9675663780139527E-011
   5.9832086895643944E-017   1.2884480900863780E-016   1.8200231133392502E-016   4.4640374629921529E-016
   5.3950741549075433E-011   1.1942923787649303E-015   1.1288470510649624E-011   2.1180050866968059E-016
   2.0642018314073248E-011   3.2444365332290349E-011   4.6841166693538499E-011   7.6760543864823882E-011
   4.0958486116110499E-016   7.6096923273473390E-016   9.8253846458480423E-016   1.9983509647713160E-015
   1.9454233968028220E-010   4.9820989846338041E-015   5.3950741549075433E-011   1.1942923787649303E-015
   7.7592874793446383E-011   1.1535016691256543E-010   1.5169636014653822E-010   2.3186365987558703E-010
   1.8718537314721367E-015   3.1536809571874792E-015   3.8333037269974900E-015   6.8810165353711651E-015
   1.8279342973553058E-013   1.7562833138226206E-018   2.8469953550180045E-015   9.9999999999999995E-021
   1.1133983380498044E-014   5.7382326586865890E-014   1.4172846940383742E-013   6.7032303092117061E-013
   1.5661589693262228E-019   4.3632916336876739E-019   1.5669330291209082E-018   6.3145596010237493E-018
   3.5245523123845874E-012   4.8184945853759640E-017   1.8279342973553058E-013   1.7562833138226206E-018
   7.3567385069518163E-013   1.5995355114613216E-012   3.7043722398835039E-012   8.7070639425095093E-012
   7.8650360791238291E-018   2.2105011255789067E-017   4.0507848684557637E-017   1.4548121927980488E-016
   3.3334142477925011E-011   5.5006328813833353E-016   3.5245523123845874E-012   4.8184945853759640E-017
   1.0229232808600016E-011   1.8344489641888034E-011   3.3395624287051554E-011   6.5148080326763360E-011
   1.3519784170209049E-016   3.1555870362898048E-016   4.7399808520079395E-016   1.2969586343458039E-015
   1.9617131466769140E-010   3.8073564852633267E-015   3.3334142477925011E-011   5.5006328813833353E-016
   7.0015765836273924E-011   1.1647723942662769E-010   1.7900744949256892E-010   3.1603788946393106E-010
   1.1906357309103734E-015   2.3683853659421459E-015   3.2177858301074793E-015   7.1807810597403327E-015
   8.4243463881742790E-010   1.8888829440578240E-014   1.9617131466769140E-010   3.8073564852633267E-015
   3.2303102228863460E-010   5.0608333934734474E-010   6.9974173325066880E-010   1.1428987774137574E-009
   6.6992363205256104E-015   1.1969986363739527E-014   1.5179094472789925E-014   2.9491439738304958E-014
   2.9637434919249215E-013   2.5021975020128692E-018   3.2226404302160731E-015   9.9999999999999995E-021
   1.4253587965292462E-014   8.0464503343051445E-014   2.1605626832567094E-013   1.1516151212709193E-012
   1.7596104251967536E-019   5.2960303423954659E-019   2.1326171100953287E-018   9.4527836808877907E-018
   7.5833618975915845E-012   9.2808618437318045E-017   2.9637434919249215E-013   2.5021975020128692E-018
   1.3247349045383102E-012   3.1320463857953562E-012   7.8616101052134574E-012   2.0409877403838623E-011
   1.2579384949563319E-017   3.8043297206838674E-017   7.5678842607013508E-017   3.0181486103456340E-016
   9.1349990296600880E-011   1.3482401968265267E-015   7.5833618975915845E-012   9.2808618437318045E-017
   2.4928864724711800E-011   4.7399450896880181E-011   9.3149996202252336E-011   1.9657201147107905E-010
   2.8726744687783866E-016   7.2306394771547946E-016   1.1526844792193348E-015   3.4938251695877838E-015
   6.5877398308189747E-010   1.1397746155325476E-014   9.1349990296600880E-011   1.3482401968265267E-015
   2.1721158711106790E-010   3.8085705613632001E-010   6.2271151316212466E-010   1.1801952310038227E-009
   3.2230647970614516E-015   6.8424689906914606E-015   9.7754469382721387E-015   2.3838139096005054E-014
   3.3602237521418040E-009   6.7053090760001320E-014   6.5877398308189747E-010   1.1397746155325476E-014
   1.2238482354277299E-009   2.0140520107213645E-009   2.9284217713925705E-009   5.0999028147038408E-009
   2.2219493670668121E-014   4.1993359877932150E-014   5.5575680672726238E-014   1.1657449285607019E-013
