  -1.0656814628983009E-018   1.8893505425076585E-020  -5.2893093442922531E-019   9.9999999999999995E-021
  -4.9094596317364373E-019  -6.0307465005847678E-019  -5.5344794152445785E-019  -4.1651202447493987E-019
   9.2686233305320856E-021   8.9482975902073678E-021   8.7830322541683924E-021   8.6297495311759038E-021
  -1.5203220659529863E-018   2.7421579725326166E-020  -1.0656814628983009E-018   1.8893505425076585E-020
  -4.3049349124649321E-019  -4.7511913208590041E-019  -4.6286845641494342E-019  -4.2137495007993200E-019
   8.6967375761108286E-021   8.5401953848277451E-021   8.4957083311492531E-021   8.3999007934326741E-021
  -1.9566289276906330E-018   3.5724603634519677E-020  -1.5203220659529863E-018   2.7421579725326166E-020
  -4.2521760705368107E-019  -4.4544109024469201E-019  -4.4095858649789745E-019  -4.1982420988701946E-019
   8.4146180050713728E-021   8.3074513285959040E-021   8.2878858680970655E-021   8.2128510567037469E-021
  -2.3836321754569950E-018   4.3858404108148019E-020  -1.9566289276906330E-018   3.5724603634519677E-020
  -4.2137297163190021E-019  -4.3206005687182954E-019  -4.2992778913258083E-019  -4.1667082295745198E-019
   8.2183302396409415E-021   8.1359485296254273E-021   8.1250296993430636E-021   8.0625161441921114E-021
  -2.8040735234301555E-018   5.1854870387752898E-020  -2.3836321754569950E-018   4.3858404108148019E-020
  -4.1743454494473936E-019  -4.2362319663424218E-019  -4.2243056315530433E-019  -4.1310602331513096E-019
   8.0651371761368145E-021   7.9977091138663395E-021   7.9907321170960634E-021   7.9367780395676612E-021
   1.5023379927428193E-017   3.2632473915418928E-020   5.0937767545115456E-018   9.9999999999999995E-021
   8.3503279461509275E-018   8.1849599127225929E-018   1.0168991322158981E-017   1.4519388621585810E-017
   1.7043394959963777E-020   2.2017779938461265E-020   2.3589646743999625E-020   2.7536595167628032E-020
   3.0180390834663638E-017   6.4422498171110227E-020   1.5023379927428193E-017   3.2632473915418928E-020
   1.4007872791448685E-017   1.4195762972272424E-017   1.5294446423865497E-017   1.7953773859688147E-017
   2.6889529952059853E-020   3.1440883766877979E-020   3.2406641294581492E-020   3.6155565459169014E-020
   4.9095126416005148E-017   1.0465003906242035E-019   3.0180390834663638E-017   6.4422498171110227E-020
   1.7733559647597807E-017   1.8343985632209511E-017   1.8987970432047088E-017   2.1090941711938048E-017
   3.5884405074534796E-020   3.9967352156437168E-020   4.0679091539167758E-020   4.4187952882116088E-020
   7.1207264786615789E-017   1.5268280583532107E-019   4.9095126416005148E-017   1.0465003906242035E-019
   2.0965826050334977E-017   2.1725459250756773E-017   2.2163264325709952E-017   2.3929557020395432E-017
   4.4048384987362277E-020   4.7832188750178807E-020   4.8378088612391338E-020   5.1727660924901746E-020
   9.6147466867624231E-017   2.0805894203534428E-019   7.1207264786615789E-017   1.5268280583532107E-019
   2.3853622793778608E-017   2.4655924308743095E-017   2.4980979411549723E-017   2.6513782251686415E-017
   5.1643442071732305E-020   5.5216041518170466E-020   5.5650651429100068E-020   5.8879989233865874E-020
   6.5996013683040774E-017   6.0701027556491198E-020   1.1927512640566191E-017   9.9999999999999995E-021
   3.0444555256626967E-017   3.9541452531238499E-017   5.7993945365361580E-017   9.8895655205020347E-017
   2.6492709921584322E-020   4.3822054999867153E-020   5.4343750524853795E-020   8.1381844367920959E-020
   1.9209410055737607E-016   1.7366517288367354E-019   6.5996013683040774E-017   6.0701027556491198E-020
   9.3280303019864345E-017   1.1181043199716153E-016   1.3134800443926063E-016   1.7699134535330299E-016
   7.6797797445483647E-020   1.0616623997256046E-019   1.1751215114898167E-019   1.5363029227452614E-019
   4.0687752297939291E-016   3.6853001473504050E-019   1.9209410055737607E-016   1.7366517288367354E-019
   1.7254575146658814E-016   2.0222445942842895E-016   2.1983949463045104E-016   2.7202687494775288E-016
   1.4960761083639502E-019   1.8815313355359650E-019   1.9990537890603005E-019   2.4346441535255326E-019
   7.2505226210184711E-016   6.6232103333495785E-019   4.0687752297939291E-016   3.6853001473504050E-019
   2.6823092997110092E-016   3.0688574920293521E-016   3.2311276037010142E-016   3.8082048561755109E-016
   2.4036230036220651E-019   2.8732636298521304E-019   2.9892964659385253E-019   3.4987179207916619E-019
   1.1592542909150430E-015   1.0707418176112855E-018   7.2505226210184711E-016   6.6232103333495785E-019
   3.7775222751918585E-016   4.2387256447107084E-016   4.3903215044297154E-016   5.0165051553190473E-016
   3.4738036433297693E-019   4.0221983024715610E-019   4.1351871174797943E-019   4.7166725733471802E-019
   1.9294207514711303E-016   1.1003665865027887E-019   1.9048479596979202E-017   9.9999999999999995E-021
   6.6715533095009979E-017   1.0691494357195166E-016   1.8696248016340934E-016   3.8889119273507096E-016
   3.6339192244635708E-020   7.3453447174304384E-020   1.0679422820913437E-019   2.0338540889015999E-019
   8.1721860866592789E-016   4.6105670207892544E-019   1.9294207514711303E-016   1.1003665865027887E-019
   3.6696510208613174E-016   5.0854272010468192E-016   6.6261011277425835E-016   1.0363884332688770E-015
   1.9080888386898795E-019   3.0450402099565521E-019   3.6905302459424268E-019   5.6819728552309555E-019
   2.2756787737800859E-015   1.2896946099839584E-018   8.1721860866592789E-016   4.6105670207892544E-019
   9.9942217879492285E-016   1.3079369531497116E-015   1.5164117250636220E-015   2.1026414554633583E-015
   5.4388314779977171E-019   7.6371118833722616E-019   8.6004065245125898E-019   1.1804406180534558E-018
   5.0243343155673205E-015   2.8761556597922785E-018   2.2756787737800859E-015   1.2896946099839584E-018
   2.0532814302930443E-015   2.5695098813112855E-015   2.8256106633648460E-015   3.6484107310780987E-015
   1.1514775640337935E-018   1.5055038003253423E-018   1.6301113506137981E-018   2.0960584329378457E-018
   9.5779076105282133E-015   5.5496496453872526E-018   5.0243343155673205E-015   2.8761556597922785E-018
   3.5940064360097223E-015   4.3497694291293151E-015   4.6484002699313710E-015   5.7310939356342638E-015
   2.0645177425550958E-018   2.5781851262861145E-018   2.7283395828362471E-018   3.3633967527700248E-018
   4.6530904690462245E-016   1.9063658806657235E-019   2.6274764505795962E-017   9.9999999999999995E-021
   1.1734517457925458E-016   2.2341104683028980E-016   4.5995273605659607E-016   1.1501329540399323E-015
   4.6331302452634595E-020   1.1073321797717817E-019   1.8752804466493257E-019   4.4096570066257802E-019
   2.8483377523687624E-015   1.1628868272910212E-018   4.6530904690462245E-016   1.9063658806657235E-019
   1.1119838973720380E-015   1.7526045924834640E-015   2.5416066162852746E-015   4.5977659178753251E-015
   4.2279778996631067E-019   7.6402493922595091E-019   1.0214551877911925E-018   1.8397433913460952E-018
   1.0435040264260782E-014   4.2872639248828598E-018   2.8483377523687624E-015   1.1628868272910212E-018
   4.4232899504658020E-015   6.3941742668297821E-015   7.9679606662302066E-015   1.2372655254766334E-014
   1.7476255057304621E-018   2.7116124817173226E-018   3.2640880824925668E-018   5.0472359514007916E-018
   2.8598618414806347E-014   1.1879420121981588E-017   1.0435040264260782E-014   4.2872639248828598E-018
   1.1992162990586731E-014   1.6296432067128020E-014   1.8857580891062993E-014   2.6681279996304631E-014
   4.8734118161941720E-018   6.9224445898859686E-018   7.8610997862183500E-018   1.1112436614189554E-017
   6.5128634406393221E-014   2.7400178632386966E-017   2.8598618414806347E-014   1.1879420121981588E-017
   2.6099706019387800E-014   3.3896082544742210E-014   3.7615781270262324E-014   5.0056662300124389E-014
   1.0852935273706825E-017   1.4549156583971738E-017   1.5952433264984719E-017   2.1268436090812531E-017
   9.8868148266671417E-016   3.1489481201047905E-019   3.3550603576847262E-017   9.9999999999999995E-021
   1.8238924349952999E-016   4.0207332125245344E-016   9.5905053241052757E-016   2.8261483237137105E-015
   5.6391933436739117E-020   1.5560657677292484E-019   3.0327271826932567E-019   8.5521834854163429E-019
   8.6399226971399671E-015   2.7591000861384650E-018   9.8868148266671417E-016   3.1489481201047905E-019
   2.8453114471766280E-015   5.0303151071381564E-015   8.1001336024561526E-015   1.6801238420474275E-014
   8.5327078561895396E-019   1.7208195597793748E-018   2.5395933912361594E-018   5.2911349571178904E-018
   4.1497082828570032E-014   1.3353216531856326E-017   8.6399226971399671E-015   2.7591000861384650E-018
   1.6288184110570740E-014   2.5778872583068911E-014   3.4635293656832316E-014   6.0026444198207191E-014
   5.0450061534928624E-018   8.5732606943741273E-018   1.1074567042777191E-017   1.9224037046511671E-017
   1.4106317016476702E-013   4.5922207896941772E-017   4.1497082828570032E-014   1.3353216531856326E-017
   5.8010484528729981E-014   8.5078578493810701E-014   1.0405105017420968E-013   1.6112678215241126E-013
   1.8456131496308307E-017   2.8309398297716672E-017   3.3875349465483505E-017   5.2588321167803974E-017
   3.8382035845239401E-013   1.2660463586513856E-016   1.4106317016476702E-013   4.5922207896941772E-017
   1.5676177134732889E-013   2.1747803334353541E-013   2.5172111655862105E-013   3.6138305857412001E-013
   5.0997640578464414E-017   7.3065630647828015E-017   8.3383343057199477E-017   1.2019897982066130E-016
   1.9127829504654131E-015   4.9750298415823949E-019   4.0853569986476150E-017   9.9999999999999995E-021
   2.6187016667949317E-016   6.5592871178006357E-016   1.7856064013697442E-015   6.0866358898945133E-015
   6.6490074615935224E-020   2.0805148811671345E-019   4.6079279873639445E-019   1.5208392566272861E-018
   2.3498945268742868E-014   6.1571732954135061E-018   1.9127829504654131E-015   4.9750298415823949E-019
   6.4406081627220315E-015   1.2625584128432240E-014   2.2467595546339338E-014   5.2890006397399550E-014
   1.5949475323553228E-018   3.5497445818500754E-018   5.7672193786981861E-018   1.3729146414079754E-017
   1.4708246240300825E-013   3.8873901941026632E-017   2.3498945268742868E-014   6.1571732954135061E-018
   5.2136316965750348E-014   8.9672441061292871E-014   1.2994434893528091E-013   2.5013120584669453E-013
   1.3272438573560921E-017   2.4517574732782836E-017   3.4023320497971173E-017   6.5946142838609801E-017
   6.1871244442802799E-013   1.6551046914679782E-016   1.4708246240300825E-013   3.8873901941026632E-017
   2.4234021163901633E-013   3.8153877443370128E-013   4.9427544109749530E-013   8.3581124944870953E-013
   6.3302176391898663E-017   1.0429285169661341E-016   1.3184037482745782E-016   2.2425077379458588E-016
   2.0095537465017193E-012   5.4485130047094802E-016   6.1871244442802799E-013   1.6551046914679782E-016
   8.1095263172635495E-013   1.1969787717797781E-012   1.4490801550247482E-012   2.2419773271067383E-012
   2.1649756503461032E-016   3.3017958774477540E-016   3.9335795921457795E-016   6.1247232899158387E-016
   3.4395066029144091E-015   7.5542737892751953E-019   4.8172963464434785E-017   9.9999999999999995E-021
   3.5579864438939186E-016   9.9799828978780781E-016   3.0602489279455054E-015   1.1875708756843824E-014
   7.6610930243733364E-020   2.6805743847268487E-019   6.6686584649501057E-019   2.5261067733859928E-018
   5.8416232877591351E-014   1.2971498209568291E-017   3.4395066029144091E-015   7.5542737892751953E-019
   1.3268931816337809E-014   2.8565109472219896E-014   5.5863036598041186E-014   1.4773513369120164E-013
   2.7984013938478942E-018   6.8118390398998986E-018   1.2131715318892034E-017   3.2610914872412876E-017
   4.7291632581576201E-013   1.0601853295710336E-016   5.8416232877591351E-014   1.2971498209568291E-017
   1.4912699439222772E-013   2.7698214490111711E-013   4.3236080056287424E-013   9.1918767230881384E-013
   3.2215846557002538E-017   6.4278302172830038E-017   9.5765157738443363E-017   2.0597944210566113E-016
   2.4533564216780317E-012   5.5685314749183331E-016   4.7291632581576201E-013   1.0601853295710336E-016
   8.9760861229347592E-013   1.5099700442339159E-012   2.0736901974351891E-012   3.8177114795419324E-012
   1.9879306615214206E-016   3.5014987109176979E-016   4.6811796926205767E-016   8.6967894034858260E-016
   9.4964778245900362E-012   2.1851342838154379E-015   2.4533564216780317E-012   5.5685314749183331E-016
   3.7061039004234429E-012   5.7991784793373202E-012   7.3550701340451046E-012   1.2244127290283734E-011
   8.3858156737438576E-016   1.3565008860317181E-015   1.6901082797733633E-015   2.8378869189570796E-015
   5.8309516390542358E-015   1.1079016867265827E-018   5.5503046737176252E-017   9.9999999999999995E-021
   4.6418041390277308E-016   1.4413006345059885E-015   4.9228889326659783E-015   2.1460132005655649E-014
   8.6746567133122888E-020   3.3561879069058286E-019   9.2827492518124855E-019   3.9728761214827105E-018
   1.3460382980599629E-013   2.5928196479964338E-017   5.8309516390542358E-015   1.1079016867265827E-018
   2.5363550050101560E-014   5.9481489980488604E-014   1.2711177304508990E-013   3.7408719290039385E-013
   4.6577118088334739E-018   1.2308870054675979E-017   2.3914636774529806E-017   7.1817043292181471E-017
   1.3976011838091883E-012   2.7199461501137815E-016   1.3460382980599629E-013   2.5928196479964338E-017
   3.8867698331905572E-013   7.7532978246297844E-013   1.3009019572204539E-012   3.0368436613332314E-012
   7.2912057590566234E-017   1.5627274013772567E-016   2.4955064089921798E-016   5.9183969152402940E-016
   8.9039093075920714E-012   1.7548571268144026E-015   1.3976011838091883E-012   2.7199461501137815E-016
   3.0033711629129112E-012   5.3760845293857011E-012   7.8254377016811155E-012   1.5631433117650760E-011
   5.7715958699044759E-016   1.0823881751571984E-015   1.5304526331049133E-015   3.0943338673034743E-015
   4.0984782515752299E-011   8.1900441136748258E-015   8.9039093075920714E-012   1.7548571268144026E-015
   1.5233838091825851E-011   2.5189492269085718E-011   3.3496350004778629E-011   5.9879716609406842E-011
   2.9902211410272283E-015   5.1140204404027452E-015   6.6699361136950698E-015   1.2052987671939679E-014
   9.4174614198788344E-015   1.5764242731018629E-018   6.2840471559508926E-017   9.9999999999999995E-021
   5.8701882346482859E-016   1.9988531237632716E-015   7.5327210648126507E-015   3.6477558489299279E-014
   9.6892355514397715E-020   4.1073225495668593E-019   1.2518057465801137E-018   5.9765772800231811E-018
   2.9064414392302835E-013   4.9429673303372889E-017   9.4174614198788344E-015   1.5764242731018629E-018
   4.5608857861037316E-014   1.1572644423551101E-013   2.6877152043797851E-013   8.7275530781088055E-013
   7.4161200598258025E-018   2.1145000583731398E-017   4.4597542748517222E-017   1.4821828745730308E-016
   3.8361531715806250E-012   6.5957618804193645E-016   2.9064414392302835E-013   4.9429673303372889E-017
   9.3667951127224377E-013   1.9972022207424445E-012   3.5926518911087486E-012   9.1566664309709543E-012
   1.5525049233713830E-016   3.5575046690374646E-016   6.0757525106234633E-016   1.5789771601620577E-015
   2.9870388792690846E-011   5.2019224923967009E-015   3.8361531715806250E-012   6.5957618804193645E-016
   9.2080872352983387E-012   1.7474749108474992E-011   2.6938236118795617E-011   5.8171356036821802E-011
   1.5624453309617798E-015   3.1085033750353584E-015   4.6457858000393776E-015   1.0183054145017340E-014
   1.6307037843010299E-010   2.8796939430129043E-014   2.9870388792690846E-011   5.2019224923967009E-015
   5.7097977211654630E-011   9.9479552608634081E-011   1.3872231173295180E-010   2.6569823192964657E-010
   9.8944071984491668E-015   1.7839511342272452E-014   2.4363464903203625E-014   4.7269741936992726E-014
  -2.1249338704992328E-020   1.9999071352240567E-020  -9.9998737848217802E-021   9.9999999999999995E-021
  -9.9999772217894697E-021  -1.2499481055137712E-020  -1.1666065340046596E-020  -9.1657195088652141E-021
   9.9994837518377519E-021   9.9991533877005530E-021   9.9989870661636737E-021   9.9986634538771946E-021
  -3.1294393476348417E-020   2.9997470101937988E-020  -2.1249338704992328E-020   1.9999071352240567E-020
  -9.3741040036242323E-021  -1.0457097992280123E-020  -1.0240380509533488E-020  -9.5012676208850794E-021
   9.9987215579752206E-021   9.9984367088446887E-021   9.9983601943187575E-021   9.9980771338824327E-021
  -4.1211576215903081E-020   3.9995269534057575E-020  -3.1294393476348417E-020   2.9997470101937988E-020
  -9.5664019032887893E-021  -1.0106230098642978E-020  -1.0029032031078245E-020  -9.6661702745967410E-021
   9.9980966023392422E-021   9.9978231532644089E-021   9.9977752452079777E-021   9.9975031934334945E-021
  -5.1116207232783494E-020   4.9992497425250806E-020  -4.1211576215903081E-020   3.9995269534057575E-020
  -9.6941446905729968E-021  -1.0011385896069562E-020  -9.9760766343461500E-021  -9.7587163498780333E-021
   9.9975127808869159E-021   9.9972450436181625E-021   9.9972103792889021E-021   9.9969437204583403E-021
  -6.1028214211212921E-020   5.9989169145911584E-020  -5.1116207232783494E-020   4.9992497425250806E-020
  -9.7730124778719300E-021  -9.9802253430865370E-021  -9.9613393662156405E-021  -9.8158999741003035E-021
   9.9969493894228625E-021   9.9966851404845616E-021   9.9966580219720489E-021   9.9963946096285726E-021
   4.9672103773851853E-016   4.2064336750545290E-020   2.7494313149251504E-016   9.9999999999999995E-021
   1.1244255902419798E-016   2.1597560115595325E-016   2.3512149432311809E-016   3.1603068749368029E-016
   2.4194067786229113E-020   2.9623505252576755E-020   3.3761209072887956E-020   4.1422524066113172E-020
   8.0823807454890571E-016   9.1117465918485431E-020   4.9672103773851853E-016   4.2064336750545290E-020
   3.0055910340753192E-016   2.9167551848584061E-016   3.2948016196035209E-016   3.2623175656240574E-016
   4.0062859893348106E-020   4.8191035205681683E-020   4.9656348971378178E-020   5.8561146760173009E-020
   1.1399055885709927E-015   1.5785949874631275E-019   8.0823807454890571E-016   9.1117465918485431E-020
   3.2826270831763898E-016   3.2001537403774359E-016   3.4210029465161144E-016   3.3751103843617264E-016
   5.7751572210178064E-020   6.6144073945793706E-020   6.7207888252733568E-020   7.5996700359731241E-020
   1.4798373403151289E-015   2.4236927805438233E-019   1.1399055885709927E-015   1.5785949874631275E-019
   3.3827995654163710E-016   3.3249037755011228E-016   3.4666423391764717E-016   3.4300133098766150E-016
   7.5549974128926307E-020   8.4042406308018553E-020   8.4896298689598234E-020   9.3631291724257650E-020
   1.8241410353849423E-015   3.4465657902426337E-019   1.4798373403151289E-015   2.4236927805438233E-019
   3.4332830791095148E-016   3.3916618354945809E-016   3.4900467193390222E-016   3.4615215154120802E-016
   9.3349825768193358E-020   1.0190229146304514E-019   1.0261760376491840E-019   1.1133418959516582E-019
   2.0670560554858910E-015   8.6407160423183775E-020   6.1811932882722041E-016   9.9999999999999995E-021
   5.4407774242493167E-016   1.2421683407243983E-015   1.5655663896149106E-015   2.5340731568484762E-015
   4.1910699517113997E-020   6.0666469431409919E-020   8.2614628632874933E-020   1.2997006689341900E-019
   5.0456930560903174E-015   2.7511610621282207E-019   2.0670560554858910E-015   8.6407160423183775E-020
   2.3493620351590608E-015   2.6291133123568281E-015   3.2866305959870104E-015   3.6909721517798237E-015
   1.2239794315143926E-019   1.7604915581940999E-019   1.9182804570976685E-019   2.7410132852803681E-019
   9.4332396754361662E-015   6.3069786178232480E-019   5.0456930560903174E-015   2.7511610621282207E-019
   3.7322543047939107E-015   4.1004682218948136E-015   4.6455177141497020E-015   5.1010535391921477E-015
   2.6262833834877510E-019   3.4259301350234996E-019   3.6004891725322062E-019   4.6557833355710020E-019
   1.5219564485188174E-014   1.2062821583230588E-018   9.4332396754361662E-015   6.3069786178232480E-019
   5.1126304862487585E-015   5.5465617312714746E-015   6.0056344876866454E-015   6.5009259343470437E-015
   4.5629515400484075E-019   5.6241775487272341E-019   5.8093304458317452E-019   7.1050902632776782E-019
   2.2405706845801497E-014   2.0546688932887100E-018   1.5219564485188174E-014   1.2062821583230588E-018
   6.5024585234412075E-015   6.9807446973687440E-015   7.3765142537318363E-015   7.8998777380375820E-015
   7.0278872513898928E-019   8.3514290010705884E-019   8.5432097383418973E-019   1.0086039367724198E-018
   5.9817735678878458E-015   1.6431870396112798E-019   9.7860890538510014E-016   9.9999999999999995E-021
   1.3458052369702108E-015   3.6738391468163324E-015   5.3045575157824861E-015   1.0716389412848622E-014
   6.0521142549879391E-020   1.0110728697340979E-019   1.6698073971852797E-019   3.2921502783301295E-019
   2.1539522687574393E-014   7.7204478700758631E-019   5.9817735678878458E-015   1.6431870396112798E-019
   9.8756212023644708E-015   1.2653515649467140E-014   1.7704239318368096E-014   2.2755363580084349E-014
   3.1133685575558403E-019   5.2212445460437422E-019   6.1441439771179589E-019   1.0619419378908258E-018
   5.3389227964290135E-014   2.3461549867654061E-018   2.1539522687574393E-014   7.7204478700758631E-019
   2.3207610254700799E-014   2.8365659364271696E-014   3.4513116953641002E-014   4.2133068769768303E-014
   9.8700009427271061E-019   1.4475459384760700E-018   1.5978415416671344E-018   2.3668861439877985E-018
   1.0729280371007904E-013   5.5970089927093812E-018   5.3389227964290135E-014   2.3461549867654061E-018
   4.2236689933997909E-014   5.0070287487132464E-014   5.6912641972006001E-014   6.7218905622458615E-014
   2.2766397687038587E-018   3.0833603507065446E-018   3.2943798210944869E-018   4.4730039233579271E-018
   1.8908778255934213E-013   1.1428948766927383E-017   1.0729280371007904E-013   5.5970089927093812E-018
   6.7131785361671988E-014   7.7718518355957818E-014   8.5060899479892287E-014   9.8079252062206257E-014
   4.3730490246370410E-018   5.6242110145387709E-018   5.8961250147686709E-018   7.5779175620560854E-018
   1.4392983422024433E-014   2.9219515376639049E-019   1.3455673517959043E-015   9.9999999999999995E-021
   2.5284695520302849E-015   8.0905757198703466E-015   1.3258596777704660E-014   3.3057681874190880E-014
   7.9465544015045931E-020   1.5051550660735705E-019   2.9926014573813990E-019   7.1415407389230309E-019
   7.5166924447110339E-014   2.0138910215662660E-018   1.4392983422024433E-014   2.9219515376639049E-019
   3.0936218218250926E-014   4.4881186146606336E-014   7.0314133411923184E-014   1.0331678881520541E-013
   6.9753068866838735E-019   1.3341853616696599E-018   1.7131799389772924E-018   3.5379139168369618E-018
   2.4665168492817297E-013   8.0831506815349862E-018   7.5166924447110339E-014   2.0138910215662660E-018
   1.0705549740075344E-013   1.4373974238366593E-013   1.8917968772403042E-013   2.5601420527022960E-013
   3.2175783208193421E-018   5.2518122968535005E-018   6.1434081746604034E-018   1.0407538695965171E-017
   6.1752400731790700E-013   2.4019387844437350E-017   2.4665168492817297E-013   8.0831506815349862E-018
   2.5751009299308105E-013   3.3079669188100128E-013   3.9744361395371690E-013   5.1124322967588660E-013
   9.8288470987208022E-018   1.4522420670553113E-017   1.6179525801542754E-017   2.4384682934501646E-017
   1.3034495422433978E-012   5.8766397411046996E-017   6.1752400731790700E-013   2.4019387844437350E-017
   5.1013940451159850E-013   6.3310904566013984E-013   7.2205103618484152E-013   8.9509364135138308E-013
   2.3530252535154983E-017   3.2580399067984506E-017   3.5240378235043718E-017   4.9310250258446417E-017
   3.0600040162489124E-014   4.9006330082590794E-019   1.7155919801135459E-015   9.9999999999999995E-021
   4.0954733755512422E-015   1.5068779422919108E-014   2.7746285287643224E-014   8.3581086297577533E-014
   9.8568238555563363E-020   2.0875606539015780E-019   4.9221492123918204E-019   1.3798695931412045E-018
   2.2770068524393154E-013   4.8930095858013893E-018   3.0600040162489124E-014   4.9006330082590794E-019
   8.0633241578742486E-014   1.3105192597662129E-013   2.2880374043119425E-013   3.8225929609428113E-013
   1.4173998018090354E-018   3.0391591021253835E-018   4.2734126443777674E-018   1.0375134415037553E-017
   9.8490239027820093E-013   2.5789013237869517E-017   2.2770068524393154E-013   4.8930095858013893E-018
   4.0557313713745533E-013   5.9192318872875235E-013   8.4534890394627988E-013   1.2630929077180964E-012
   9.3443692030177873E-018   1.6838094598629538E-017   2.0961564330090973E-017   4.0432334851949947E-017
   3.0677007292596748E-012   9.5217094016390072E-017   9.8490239027820093E-013   2.5789013237869517E-017
   1.2812465766539491E-012   1.7709070877630203E-012   2.2581640297456184E-012   3.1574012222176166E-012
   3.7625537766120707E-017   6.0287484222204914E-017   7.0392908914962367E-017   1.1758216063066807E-016
   7.7514518213417141E-012   2.7880716656429402E-016   3.0677007292596748E-012   9.5217094016390072E-017
   3.1542951495466687E-012   4.1753999989789394E-012   4.9823704942841725E-012   6.6326704164193446E-012
   1.1207124194803031E-016   1.6629401032650034E-016   1.8647925834042939E-016   2.8392265600553368E-016
   5.9328319440383952E-014   7.8133830984321066E-019   2.0873011873060550E-015   9.9999999999999995E-021
   6.0481983105650511E-015   2.5183969411684625E-014   5.1601551439673254E-014   1.8382686950518661E-013
   1.1775790026856961E-019   2.7577412333217965E-019   7.5870493201158957E-019   2.4413138481031556E-018
   6.1754238309802819E-013   1.1121082916568128E-017   5.9328319440383952E-014   7.8133830984321066E-019
   1.8446943999107125E-013   3.3280878825568763E-013   6.4311326688729018E-013   1.2129708316688386E-012
   2.6636933672565378E-018   6.3157643994047235E-018   9.7232461281771258E-018   2.7296753217929266E-017
   3.4974353991529657E-012   7.6436135255132984E-017   6.1754238309802819E-013   1.1121082916568128E-017
   1.3261997764874850E-012   2.0862296405258080E-012   3.2349007346290236E-012   5.3108975695324776E-012
   2.4626290227068267E-017   4.8656532337814469E-017   6.4540849101703815E-017   1.4086926092528434E-016
   1.3518001845020409E-011   3.4946956828294732E-016   3.4974353991529657E-012   7.6436135255132984E-017
   5.4638476691445947E-012   8.0755145165683808E-012   1.0952163675230671E-011   1.6604194622461961E-011
   1.2982461011851621E-016   2.2446219528395039E-016   2.7544601248660682E-016   5.0855957250725555E-016
   4.0841197789700973E-011   1.2226564045826148E-015   1.3518001845020409E-011   3.4946956828294732E-016
   1.6656858239641096E-011   2.3413397105732720E-011   2.9307264712869439E-011   4.1840993791237960E-011
   4.7982643181734137E-016   7.5995749382633875E-016   8.8637060807687991E-016   1.4666383821742253E-015
   1.0700981680518026E-013   1.1927656960416074E-018   2.4600325781283886E-015   9.9999999999999995E-021
   8.3873067523167567E-015   3.9011348555842917E-014   8.8174431648479215E-014   3.6453983820135019E-013
   1.3700033268965990E-019   3.5154338796914019E-019   1.1116247902371262E-018   4.0332574871474520E-018
   1.5297421548990955E-012   2.3779001752540708E-017   1.0700981680518026E-013   1.1927656960416074E-018
   3.8234802388511366E-013   7.5971602748334861E-013   1.6130032553555895E-012   3.4086074390005013E-012
   4.6962108365771934E-018   1.2178944519760993E-017   2.0485819319873120E-017   6.5491677823149190E-017
   1.1248940967154862E-011   2.1148800145138352E-016   1.5297421548990955E-012   2.3779001752540708E-017
   3.8578378172568996E-012   6.4972835427903261E-012   1.0927188706480452E-011   1.9608410557736135E-011
   5.9746384988424385E-017   1.2865437408274432E-016   1.8173991096591712E-016   4.4571904310730955E-016
   5.3765435344946743E-011   1.1924606052628981E-015   1.1248940967154862E-011   2.1148800145138352E-016
   2.0570364198584041E-011   3.2333683749985093E-011   4.6679324594955580E-011   7.6502585378285921E-011
   4.0897092424807302E-016   7.5979342496455770E-016   9.8104972711220021E-016   1.9951783944674981E-015
   1.9388541683775064E-010   4.9742077150893579E-015   5.3765435344946743E-011   1.1924606052628981E-015
   7.7329454616040100E-011   1.1496382367742357E-010   1.5118345056170217E-010   2.3109588586253173E-010
   1.8689254168641203E-015   3.1486350295239342E-015   3.8272518172634057E-015   6.8697835485199568E-015
   1.8206413365469249E-013   1.7544029385775425E-018   2.8334299885937296E-015   9.9999999999999995E-021
   1.1113154864793172E-014   5.7125984547936015E-014   1.4133131870464031E-013   6.6735646062664672E-013
   1.5627714868639542E-019   4.3604972207862996E-019   1.5638838913802246E-018   6.3102732558611501E-018
   3.5118449886155421E-012   4.8117915129744371E-017   1.8206413365469249E-013   1.7544029385775425E-018
   7.3321784898937800E-013   1.5936187072519275E-012   3.6913648051457929E-012   8.6755002559802796E-012
   7.8525580595043834E-018   2.2075984230582937E-017   4.0448250115494645E-017   1.4528004639534144E-016
   3.3217429336252161E-011   5.4924738881661563E-016   3.5118449886155421E-012   4.8117915129744371E-017
   1.0192985598374641E-011   1.8280420955684029E-011   3.3277309334075190E-011   6.4925059907926662E-011
   1.3500313569952209E-016   3.1509166678857053E-016   4.7331351852993823E-016   1.2949633357846879E-015
   1.9549735915291357E-010   3.8014853505505407E-015   3.3217429336252161E-011   5.4924738881661563E-016
   6.9772075600912591E-011   1.1607916580063192E-010   1.7838729749794355E-010   3.1497457670190510E-010
   1.1888500209229854E-015   2.3647150962864361E-015   3.2129084704341755E-015   7.1693306160393455E-015
   8.3958824808203643E-010   1.8858753029493779E-014   1.9549735915291357E-010   3.8014853505505407E-015
   3.2193120945334633E-010   5.0438442730327339E-010   6.9736884251956355E-010   1.1391075844757177E-009
   6.6887416472094980E-015   1.1950778142595923E-014   1.5155103199073082E-014   2.9443101743111923E-014
   2.9517957340093802E-013   2.4996124367788985E-018   3.2072851923764965E-015   9.9999999999999995E-021
   1.4225950874319879E-014   8.0102879635323658E-014   2.1545505710536604E-013   1.1464919048956698E-012
   1.7557759847730628E-019   5.2928486053002044E-019   2.1283987693816210E-018   9.4467297623728023E-018
   7.5559515319129608E-012   9.2680076714925117E-017   2.9517957340093802E-013   2.4996124367788985E-018
   1.3203641909304752E-012   3.1203468906434474E-012   7.8341904663135422E-012   2.0335192846227675E-011
   1.2558913296691790E-017   3.7994288178715166E-017   7.5565496883310524E-017   3.0140430224813421E-016
   9.1030327475795642E-011   1.3462338759663216E-015   7.5559515319129608E-012   9.2680076714925117E-017
   2.4840701162745507E-011   4.7233650947904445E-011   9.2819986511011594E-011   1.9589827958271841E-010
   2.8685139275995749E-016   7.2199472566197239E-016   1.1510175058160403E-015   3.4884469397923946E-015
   6.5651154811691322E-010   1.1380106748643359E-014   9.1030327475795642E-011   1.3462338759663216E-015
   2.1645432657881091E-010   3.7955431608243535E-010   6.2055053856903960E-010   1.1762232879649443E-009
   3.2182343307193365E-015   6.8318490871568650E-015   9.7606431481007908E-015   2.3800018434827568E-014
   3.3488705762290403E-009   6.6945953442506688E-014   6.5651154811691322E-010   1.1380106748643359E-014
   1.2196732875623721E-009   2.0072822207381273E-009   2.9184719769683664E-009   5.0829724856974023E-009
   2.2184690930234534E-014   4.1925870064661518E-014   5.5487862188949263E-014   1.1638292472572392E-013
