  -1.0656814655107568E-018   1.8893505418397409E-020  -5.2893094254729332E-019   9.9999999999999995E-021
  -4.9094595396207574E-019  -6.0307464571647860E-019  -5.5344793574634167E-019  -4.1651202089306550E-019
   9.2686233200768619E-021   8.9482975841856469E-021   8.7830322471660075E-021   8.6297495276042803E-021
  -1.5203220652789559E-018   2.7421579716748688E-020  -1.0656814655107568E-018   1.8893505418397409E-020
  -4.3049348753276082E-019  -4.7511912888018905E-019  -4.6286845315121169E-019  -4.2137494701363299E-019
   8.6967375724847058E-021   8.5401953828501521E-021   8.4957083293838358E-021   8.3999007931549896E-021
  -1.9566289239282730E-018   3.5724603626986902E-020  -1.5203220652789559E-018   2.7421579716748688E-020
  -4.2521760398690982E-019  -4.4544108715530519E-019  -4.4095858343662352E-019  -4.1982420672513461E-019
   8.4146180047482770E-021   8.3074513295520003E-021   8.2878858692553920E-021   8.2128510590662280E-021
  -2.3836321683911466E-018   4.3858404104195698E-020  -1.9566289239282730E-018   3.5724603626986902E-020
  -4.2137296847222720E-019  -4.3206005355549036E-019  -4.2992778585157048E-019  -4.1667081949089306E-019
   8.2183302419780966E-021   8.1359485331323381E-021   8.1250297030136062E-021   8.0625161489827869E-021
  -2.8040735127098659E-018   5.1854870389761288E-020  -2.3836321683911466E-018   4.3858404104195698E-020
  -4.1743454147987978E-019  -4.2362319296577406E-019  -4.2243055951954162E-019  -4.1310601946180347E-019
   8.0651371809118749E-021   7.9977091197659504E-021   7.9907321231302847E-021   7.9367780466891814E-021
   1.5023379875825827E-017   3.2632473805682461E-020   5.0937766733575223E-018   9.9999999999999995E-021
   8.3503280436261724E-018   8.1849599119958671E-018   1.0168991369974555E-017   1.4519388607242818E-017
   1.7043394840333140E-020   2.2017779851268994E-020   2.3589646616515091E-020   2.7536595058193460E-020
   3.0180390787986264E-017   6.4422497931687536E-020   1.5023379875825827E-017   3.2632473805682461E-020
   1.4007872796429726E-017   1.4195762975497836E-017   1.5294446427103851E-017   1.7953773871329549E-017
   2.6889529838994019E-020   3.1440883639282195E-020   3.2406641163424429E-020   3.6155565311623196E-020
   4.9095126389372483E-017   1.0465003865876353E-019   3.0180390787986264E-017   6.4422497931687536E-020
   1.7733559658368714E-017   1.8343985651666044E-017   1.8987970450097923E-017   2.1090941746420687E-017
   3.5884404928484728E-020   3.9967351992917783E-020   4.0679091374536083E-020   4.4187952699063566E-020
   7.1207264806989367E-017   1.5268280523135425E-019   4.9095126389372483E-017   1.0465003865876353E-019
   2.0965826083776639E-017   2.1725459297206742E-017   2.2163264370950444E-017   2.3929557085610289E-017
   4.4048384805242194E-020   4.7832188550202285E-020   4.8378088412026362E-020   5.1727660705844819E-020
   9.6147466968952096E-017   2.0805894119488041E-019   7.1207264806989367E-017   1.5268280523135425E-019
   2.3853622858158403E-017   2.4655924389110404E-017   2.4980979490959290E-017   2.6513782353478601E-017
   5.1643441853284219E-020   5.5216041281820211E-020   5.5650651192726690E-020   5.8879988978778908E-020
   6.5996013420983487E-017   6.0701027253607875E-020   1.1927512465102154E-017   9.9999999999999995E-021
   3.0444555478867666E-017   3.9541452337280442E-017   5.7993945424644477E-017   9.8895654732570479E-017
   2.6492709661598702E-020   4.3822054806545062E-020   5.4343750130026661E-020   8.1381843986905090E-020
   1.9209410000843086E-016   1.7366517194724589E-019   6.5996013420983487E-017   6.0701027253607875E-020
   9.3280302795161285E-017   1.1181043173362689E-016   1.3134800411673426E-016   1.7699134502880077E-016
   7.6797797013490735E-020   1.0616623937982553E-019   1.1751215049913697E-019   1.5363029139041228E-019
   4.0687752209808150E-016   3.6853001266515817E-019   1.9209410000843086E-016   1.7366517194724589E-019
   1.7254575113254449E-016   2.0222445911461483E-016   2.1983949425608307E-016   2.7202687466396357E-016
   1.4960760998237699E-019   1.8815313245727918E-019   1.9990537775774332E-019   2.4346441389505194E-019
   7.2505226099117750E-016   6.6232102948178053E-019   4.0687752209808150E-016   3.6853001266515817E-019
   2.6823092967040696E-016   3.0688574898353997E-016   3.2311276009876197E-016   3.8082048552356482E-016
   2.4036229893107868E-019   2.8732636123754250E-019   2.9892964479629261E-019   3.4987178990098550E-019
   1.1592542898467277E-015   1.0707418111768704E-018   7.2505226099117750E-016   6.6232102948178053E-019
   3.7775222740705998E-016   4.2387256451612293E-016   4.3903215044432681E-016   5.0165051580534226E-016
   3.4738036217728393E-019   4.0221982770019916E-019   4.1351870915338630E-019   4.7166725428608406E-019
   1.9294207424815080E-016   1.1003665802494128E-019   1.9048479321566324E-017   9.9999999999999995E-021
   6.6715533462882702E-017   1.0691494280833465E-016   1.8696248016475459E-016   3.8889119015044561E-016
   3.6339191836079913E-020   7.3453446866376388E-020   1.0679422731525895E-019   2.0338540795029713E-019
   8.1721860575209264E-016   4.6105669920863241E-019   1.9294207424815080E-016   1.1003665802494128E-019
   3.6696510088459319E-016   5.0854271840036647E-016   6.6261011050458296E-016   1.0363884303291591E-015
   1.9080888264263376E-019   3.0450401906622946E-019   3.6905302227262663E-019   5.6819728178180070E-019
   2.2756787670679509E-015   1.2896946015911661E-018   8.1721860575209264E-016   4.6105669920863241E-019
   9.9942217582616296E-016   1.3079369497299304E-015   1.5164117208173662E-015   2.1026414509743922E-015
   5.4388314426152091E-019   7.6371118324250340E-019   8.6004064681460360E-019   1.1804406099194667E-018
   5.0243343036461089E-015   2.8761556403235080E-018   2.2756787670679509E-015   1.2896946015911661E-018
   2.0532814256623073E-015   2.5695098764525192E-015   2.8256106575847505E-015   3.6484107257321019E-015
   1.1514775561759404E-018   1.5055037897955849E-018   1.6301113393735982E-018   2.0960584178797444E-018
   9.5779075931572090E-015   5.5496496064212880E-018   5.0243343036461089E-015   2.8761556403235080E-018
   3.5940064304600716E-015   4.3497694239631849E-015   4.6484002638103839E-015   5.7310939310593935E-015
   2.0645177278111618E-018   2.5781851074483814E-018   2.7283395631285322E-018   3.3633967276216961E-018
   4.6530904444247723E-016   1.9063658693388244E-019   2.6274764128308843E-017   9.9999999999999995E-021
   1.1734517511011246E-016   2.2341104493784740E-016   4.5995273591937509E-016   1.1501329450604532E-015
   4.6331301892416422E-020   1.1073321754984106E-019   1.8752804294059355E-019   4.4096569873000910E-019
   2.8483377410299227E-015   1.1628868194765751E-018   4.6530904444247723E-016   1.9063658693388244E-019
   1.1119838934373516E-015   1.7526045855807143E-015   2.5416066064278009E-015   4.5977659020702918E-015
   4.2279778698944712E-019   7.6402493407386731E-019   1.0214551808610438E-018   1.8397433783968868E-018
   1.0435040228801937E-014   4.2872638946949125E-018   2.8483377410299227E-015   1.1628868194765751E-018
   4.4232899347775319E-015   6.3941742463739057E-015   7.9679606390296720E-015   1.2372655221047401E-014
   1.7476254935633007E-018   2.7116124623030475E-018   3.2640880596044479E-018   5.0472359139317313E-018
   2.8598618333219575E-014   1.1879420034796269E-017   1.0435040228801937E-014   4.2872638946949125E-018
   1.1992162955918594E-014   1.6296432025752654E-014   1.8857580839753025E-014   2.6681279939575854E-014
   4.8734117805313097E-018   6.9224445378451506E-018   7.8610997281156444E-018   1.1112436528155245E-017
   6.5128634255164850E-014   2.7400178423369311E-017   2.8598618333219575E-014   1.1879420034796269E-017
   2.6099705960987878E-014   3.3896082480404595E-014   3.7615781193097389E-014   5.0056662223679747E-014
   1.0852935190440239E-017   1.4549156469565007E-017   1.5952433141257220E-017   2.1268435919353552E-017
   9.8868147687825716E-016   3.1489481012492344E-019   3.3550603096275344E-017   9.9999999999999995E-021
   1.8238924420961130E-016   4.0207331749048771E-016   9.5905053206467991E-016   2.8261482993719443E-015
   5.6391932723389074E-020   1.5560657622253841E-019   3.0327271528055049E-019   8.5521834501997364E-019
   8.6399226603533147E-015   2.7591000667024861E-018   9.8868147687825716E-016   3.1489481012492344E-019
   2.8453114370521489E-015   5.0303150850773503E-015   8.1001335692517712E-015   1.6801238355139957E-014
   8.5327077916238321E-019   1.7208195478131650E-018   2.5395933730519010E-018   5.2911349185728639E-018
   4.1497082675626632E-014   1.3353216433048715E-017   8.6399226603533147E-015   2.7591000667024861E-018
   1.6288184046862728E-014   2.5778872491075184E-014   3.4635293525013369E-014   6.0026444012600072E-014
   5.0450061168662809E-018   8.5732606302537842E-018   1.1074566961865341E-017   1.9224036896972847E-017
   1.4106316971868251E-013   4.5922207542397452E-017   4.1497082675626632E-014   1.3353216433048715E-017
   5.8010484337157142E-014   8.5078578242906144E-014   1.0405104984581077E-013   1.6112678174374433E-013
   1.8456131355450158E-017   2.8309398075263240E-017   3.3875349204453481E-017   5.2588320741208803E-017
   3.8382035743506020E-013   1.2660463484804999E-016   1.4106316971868251E-013   4.5922207542397452E-017
   1.5676177092680693E-013   2.1747803283303906E-013   2.5172111592357615E-013   3.6138305785822916E-013
   5.0997640169909930E-017   7.3065630046946377E-017   8.3383342382305577E-017   1.2019897880550139E-016
   1.9127829383079740E-015   4.9750298121064338E-019   4.0853569402263432E-017   9.9999999999999995E-021
   2.6187016758458154E-016   6.5592870522668453E-016   1.7856064007764944E-015   6.0866358338433246E-015
   6.6490073748645011E-020   2.0805148744011129E-019   4.6079279394587531E-019   1.5208392507432415E-018
   2.3498945163750271E-014   6.1571732506844195E-018   1.9127829383079740E-015   4.9750298121064338E-019
   6.4406081403894455E-015   1.2625584068188383E-014   2.2467595452186782E-014   5.2890006171514007E-014
   1.5949475195394273E-018   3.5497445568562171E-018   5.7672193355689980E-018   1.3729146312452797E-017
   1.4708246183178013E-013   3.8873901643291988E-017   2.3498945163750271E-014   6.1571732506844195E-018
   5.2136316749333792E-014   8.9672440718363221E-014   1.2994434840583695E-013   2.5013120501044502E-013
   1.3272438474295957E-017   2.4517574543897463E-017   3.4023320242324551E-017   6.5946142308905406E-017
   6.1871244233858783E-013   1.6551046782347290E-016   1.4708246183178013E-013   3.8873901643291988E-017
   2.4234021076814767E-013   3.8153877320090288E-013   4.9427543938649351E-013   8.3581124709790565E-013
   6.3302175895146123E-017   1.0429285085202907E-016   1.3184037378308238E-016   2.2425077191571647E-016
   2.0095537407145024E-012   5.4485129593527875E-016   6.1871244233858783E-013   1.6551046782347290E-016
   8.1095262929761313E-013   1.1969787685995748E-012   1.4490801508908194E-012   2.2419773219770844E-012
   2.1649756324962049E-016   3.3017958494582197E-016   3.9335795593948785E-016   6.1247232365059489E-016
   3.4395065795169023E-015   7.5542737454248048E-019   4.8172962776243618E-017   9.9999999999999995E-021
   3.5579864550505284E-016   9.9799827934005589E-016   3.0602489271178148E-015   1.1875708642023159E-014
   7.6610929222012193E-020   2.6805743766692822E-019   6.6686583926182697E-019   2.5261067641753599E-018
   5.8416232606198827E-014   1.2971498113420584E-017   3.4395065795169023E-015   7.5542737454248048E-019
   1.3268931772211532E-014   2.8565109325876447E-014   5.5863036363313106E-014   1.4773513300950091E-013
   2.7984013701790819E-018   6.8118389918897353E-018   1.2131715224688489E-017   3.2610914629933088E-017
   4.7291632391123227E-013   1.0601853212414246E-016   5.8416232606198827E-014   1.2971498113420584E-017
   1.4912699375003743E-013   2.7698214378893552E-013   4.3236079871912929E-013   9.1918766906403350E-013
   3.2215846310292638E-017   6.4278301667067745E-017   9.5765157003660525E-017   2.0597944041258207E-016
   2.4533564130095795E-012   5.5685314292319458E-016   4.7291632391123227E-013   1.0601853212414246E-016
   8.9760860887189673E-013   1.5099700390461408E-012   2.0736901897862108E-012   3.8177114680534834E-012
   1.9879306456129477E-016   3.5014986819321606E-016   4.6811796548056240E-016   8.6967893288546077E-016
   9.4964777956444840E-012   2.1851342651440891E-015   2.4533564130095795E-012   5.5685314292319458E-016
   3.7061038884597399E-012   5.7991784626218943E-012   7.3550701112620028E-012   1.2244127259581898E-011
   8.3858156031856405E-016   1.3565008742770921E-015   1.6901082654170060E-015   2.8378868936186054E-015
   5.8309515970619833E-015   1.1079016804600579E-018   5.5503045944786544E-017   9.9999999999999995E-021
   4.6418041524445449E-016   1.4413006188798862E-015   4.9228889316889133E-015   2.1460131790321124E-014
   8.6746565956650863E-020   3.3561878975285542E-019   9.2827491476074844E-019   3.9728761077764888E-018
   1.3460382915879893E-013   2.5928196285350026E-017   5.8309515970619833E-015   1.1079016804600579E-018
   2.5363549969904385E-014   5.9481489656317511E-014   1.2711177251612426E-013   3.7408719105563361E-013
   4.6577117676541797E-018   1.2308869968485836E-017   2.3914636582443282E-017   7.1817042759827404E-017
   1.3976011780290610E-012   2.7199461283202738E-016   1.3460382915879893E-013   2.5928196285350026E-017
   3.8867698160860914E-013   7.7532977923075697E-013   1.3009019514966920E-012   3.0368436501580661E-012
   7.2912057020637070E-017   1.5627273888926920E-016   2.4955063895201359E-016   5.9183968657686168E-016
   8.9039092750877314E-012   1.7548571121267647E-015   1.3976011780290610E-012   2.7199461283202738E-016
   3.0033711509549600E-012   5.3760845100872131E-012   7.8254376714444167E-012   1.5631433068333803E-011
   5.7715958230434837E-016   1.0823881660451511E-015   1.5304526205608546E-015   3.0943338402520628E-015
   4.0984782385601446E-011   8.1900440422755996E-015   8.9039092750877314E-012   1.7548571121267647E-015
   1.5233838039876391E-011   2.5189492192178135E-011   3.3496349894677555E-011   5.9879716449494528E-011
   2.9902211154888469E-015   5.1140203953403550E-015   6.6699360561918911E-015   1.2052987562339673E-014
   9.4174613486920579E-015   1.5764242644388136E-018   6.2840470662769295E-017   9.9999999999999995E-021
   5.8701882504790923E-016   1.9988531014938485E-015   7.5327210638637094E-015   3.6477558112412702E-014
   9.6892354182954822E-020   4.1073225388424277E-019   1.2518057321238571E-018   5.9765772604337272E-018
   2.9064414248052498E-013   4.9429672929780980E-017   9.4174613486920579E-015   1.5764242644388136E-018
   4.5608857724582649E-014   1.1572644356941476E-013   2.6877151933940935E-013   8.7275530324876672E-013
   7.4161199916779747E-018   2.1145000437365757E-017   4.4597542379036511E-017   1.4821828636757043E-016
   3.8361531553859181E-012   6.5957618267473748E-016   2.9064414248052498E-013   4.9429672929780980E-017
   9.3667950710456918E-013   1.9972022121537886E-012   3.5926518749599249E-012   9.1566663961003607E-012
   1.5525049110055412E-016   3.5575046403074571E-016   6.0757524625291215E-016   1.5789771468018687E-015
   2.9870388680958306E-011   5.2019224481566785E-015   3.8361531553859181E-012   6.5957618267473748E-016
   9.2080871973986307E-012   1.7474749043659443E-011   2.6938236010959767E-011   5.8171355846797270E-011
   1.5624453181330114E-015   3.1085033485151162E-015   4.6457857615323963E-015   1.0183054054663611E-014
   1.6307037789610494E-010   2.8796939175041649E-014   2.9870388680958306E-011   5.2019224481566785E-015
   5.7097977008551552E-011   9.9479552291681308E-011   1.3872231125600814E-010   2.6569823118694927E-010
   9.8944071129840095E-015   1.7839511182988211E-014   2.4363464690762859E-014   4.7269741500823693E-014
  -2.1249331979993044E-020   1.9999071352476445E-020  -9.9998778440891152E-021   9.9999999999999995E-021
  -9.9999656582098244E-021  -1.2499470947217157E-020  -1.1666054747255613E-020  -9.1657077682682033E-021
   9.9994837517280927E-021   9.9991533878913134E-021   9.9989870664343286E-021   9.9986634544792869E-021
  -3.1294373152473496E-020   2.9997470103160773E-020  -2.1249331979993044E-020   1.9999071352476445E-020
  -9.3740923586670051E-021  -1.0457084252521065E-020  -1.0240367188981690E-020  -9.5012517932101924E-021
   9.9987215585630972E-021   9.9984367097686100E-021   9.9983601953531022E-021   9.9980771352994657E-021
  -4.1211537838946699E-020   3.9995269537174933E-020  -3.1294373152473496E-020   2.9997470103160773E-020
  -9.5663861683279622E-021  -1.0106211892856459E-020  -1.0029014178493679E-020  -9.6661498078109975E-021
   9.9980966037479426E-021   9.9978231550991415E-021   9.9977752471467482E-021   9.9975031958452252E-021
  -5.1116146021028832E-020   4.9992497431351243E-020  -4.1211537838946699E-020   3.9995269537174933E-020
  -9.6941242738712285E-021  -1.0011362931356110E-020  -9.9760539529625532E-021  -9.7586910499842328E-021
   9.9975127832928267E-021   9.9972450465440398E-021   9.9972103823136187E-021   9.9969437240497031E-021
  -6.1028125274106506E-020   5.9989169156268717E-020  -5.1116146021028832E-020   4.9992497431351243E-020
  -9.7729872086312711E-021  -9.9801975079543315E-021  -9.9613117645580797E-021  -9.8158697648099098E-021
   9.9969493930098363E-021   9.9966851446858935E-021   9.9966580262686030E-021   9.9963946145859930E-021
   4.9672100321899379E-016   4.2064327708164035E-020   2.7494301988298711E-016   9.9999999999999995E-021
   1.1244274561053383E-016   2.1597562633149361E-016   2.3512160044826170E-016   3.1603070084599583E-016
   2.4194059277553635E-020   2.9623498284254699E-020   3.3761198471610249E-020   4.1422513459700671E-020
   8.0823807345219302E-016   9.1117443783318398E-020   4.9672100321899379E-016   4.2064327708164035E-020
   3.0055914584456834E-016   2.9167554817144537E-016   3.2948019568035826E-016   3.2623178785101929E-016
   4.0062849087276644E-020   4.8191022483800237E-020   4.9656335680584953E-020   5.8561131034879191E-020
   1.1399056178290830E-015   1.5785945863836122E-019   8.0823807345219302E-016   9.1117443783318398E-020
   3.2826273983666796E-016   3.2001540336590191E-016   3.4210032498915002E-016   3.3751106971456808E-016
   5.7751556720272403E-020   6.6144056175057529E-020   6.7207870161467386E-020   7.5996679736934737E-020
   1.4798374008231017E-015   2.4236921492268061E-019   1.1399056178290830E-015   1.5785945863836122E-019
   3.3827998770264629E-016   3.3249040826561192E-016   3.4666426524237295E-016   3.4300136324549644E-016
   7.5549953640519895E-020   8.4042383430972520E-020   8.4896275569163189E-020   9.3631266065125140E-020
   1.8241411284017073E-015   3.4465648776241790E-019   1.4798374008231017E-015   2.4236921492268061E-019
   3.4332834010258155E-016   3.3916621569739725E-016   3.4900470455567182E-016   3.4615218486291315E-016
   9.3349800193384753E-020   1.0190226345039797E-019   1.0261757555078618E-019   1.1133415884267073E-019
   2.0670558708834734E-015   8.6407135019947012E-020   6.1811907791732294E-016   9.9999999999999995E-021
   5.4407821825024477E-016   1.2421681900713589E-015   1.5655666684403984E-015   2.5340728225231429E-015
   4.1910680388537367E-020   6.0666453577807688E-020   8.2614596297802479E-020   1.2997002997992441E-019
   5.0456928206499958E-015   2.7511601855865920E-019   2.0670558708834734E-015   8.6407135019947012E-020
   2.3493620151016428E-015   2.6291132637363155E-015   3.2866305214244408E-015   3.6909721131759790E-015
   1.2239790272689470E-019   1.7604909816279816E-019   1.9182798269388782E-019   2.7410123679200655E-019
   9.4332393949403230E-015   6.3069765451833368E-019   5.0456928206499958E-015   2.7511601855865920E-019
   3.7322542552305161E-015   4.1004681839670739E-015   4.6455176510330570E-015   5.1010535205111847E-015
   2.6262825074828405E-019   3.4259289836835878E-019   3.6004879653726392E-019   4.6557817519851721E-019
   1.5219564190685891E-014   1.2062817543551388E-018   9.4332393949403230E-015   6.3069765451833368E-019
   5.1126304594521104E-015   5.5465617220243776E-015   6.0056344621301798E-015   6.5009259467121812E-015
   4.5629499907165927E-019   5.6241756271669975E-019   5.8093284639574715E-019   7.1050878172427854E-019
   2.2405706575486598E-014   2.0546681960853843E-018   1.5219564190685891E-014   1.2062817543551388E-018
   6.5024585312874090E-015   6.9807447244021876E-015   7.3765142703971604E-015   7.8998777879181327E-015
   7.0278848337332628E-019   8.3514261147711369E-019   8.5432067884152998E-019   1.0086035863708583E-018
   5.9817729158756266E-015   1.6431865156106035E-019   9.7860850814618892E-016   9.9999999999999995E-021
   1.3458060840324489E-015   3.6738383942700544E-015   5.3045581200915953E-015   1.0716387333620873E-014
   6.0521112265577634E-020   1.0110726156190259E-019   1.6698066833599070E-019   3.2921493730499798E-019
   2.1539521238528967E-014   7.7204451912251610E-019   5.9817729158756266E-015   1.6431865156106035E-019
   9.8756207805043290E-015   1.2653514968160569E-014   1.7704238314005636E-014   2.2755362591083314E-014
   3.1133674481607967E-019   5.2212427122132036E-019   6.1441418128203993E-019   1.0619415555459341E-018
   5.3389225150431819E-014   2.3461541490776859E-018   2.1539521238528967E-014   7.7204451912251610E-019
   2.3207609156133803E-014   2.8365658178185925E-014   3.4513115337114461E-014   4.2133067284682523E-014
   9.8699974070963341E-019   1.4475454148493329E-018   1.5978409665472666E-018   2.3668852762281849E-018
   1.0729279903808206E-013   5.5970069584170910E-018   5.3389225150431819E-014   2.3461541490776859E-018
   4.2236688334507886E-014   5.0070285800185004E-014   5.6912639884132488E-014   6.7218903622758610E-014
   2.2766389368492426E-018   3.0833592158136195E-018   3.2943786120469804E-018   4.4730022634659882E-018
   1.8908777555795226E-013   1.1428944560421625E-017   1.0729279903808206E-013   5.5970069584170910E-018
   6.7131783285981908E-014   7.7718516184197240E-014   8.5060896943815233E-014   9.8079249577214371E-014
   4.3730474042605323E-018   5.6242089195923685E-018   5.8961228223644848E-018   7.5779147238529669E-018
   1.4392981604610695E-014   2.9219505907368688E-019   1.3455668056018006E-015   9.9999999999999995E-021
   2.5284708479249303E-015   8.0905737205971324E-015   1.3258598055885152E-014   3.3057674393163879E-014
   7.9465502374814989E-020   1.5051547123035055E-019   2.9926001057508483E-019   7.1415388845643555E-019
   7.5166918670006081E-014   2.0138902960947908E-018   1.4392981604610695E-014   2.9219505907368688E-019
   3.0936216712745513E-014   4.4881182949152836E-014   7.0314128596787330E-014   1.0331678258774645E-013
   6.9753042790322544E-019   1.3341848805557410E-018   1.7131793136030533E-018   3.5379126059058094E-018
   2.4665166932497334E-013   8.0831476868865477E-018   7.5166918670006081E-014   2.0138902960947908E-018
   1.0705549069836686E-013   1.4373973427402399E-013   1.8917967600103735E-013   2.5601419268131419E-013
   3.2175771323722152E-018   5.2518103350405553E-018   6.1434058960735771E-018   1.0407534750150061E-017
   6.1752397351837316E-013   2.4019378789991151E-017   2.4665166932497334E-013   8.0831476868865477E-018
   2.5751007937747395E-013   3.3079667589794667E-013   3.9744359341552371E-013   5.1124320715598409E-013
   9.8288433920784764E-018   1.4522415148416155E-017   1.6179519674936514E-017   2.4384673579843798E-017
   1.3034494788715092E-012   5.8766374983638929E-017   6.1752397351837316E-013   2.4019378789991151E-017
   5.1013938117126096E-013   6.3310901870186232E-013   7.2205100391561322E-013   8.9509360571260456E-013
   2.3530243530319013E-017   3.2580386527368464E-017   3.5240364704717422E-017   4.9310231167395924E-017
   3.0600035833113759E-014   4.9006314345709598E-019   1.7155912837194595E-015   9.9999999999999995E-021
   4.0954751964923877E-015   1.5068775314589757E-014   2.7746287885449651E-014   8.3581065699794634E-014
   9.8568185464508116E-020   2.0875601972321738E-019   4.9221468991689968E-019   1.3798692559978332E-018
   2.2770066661384516E-013   4.8930077901379799E-018   3.0600035833113759E-014   4.9006314345709598E-019
   8.0633237952970918E-014   1.3105191504309775E-013   2.2880372404247606E-013   3.8225926856026960E-013
   1.4173992515540843E-018   3.0391579989613888E-018   4.2734110469046093E-018   1.0375130536799220E-017
   9.8490232284016852E-013   2.5789003499134417E-017   2.2770066661384516E-013   4.8930077901379799E-018
   4.0557310864968896E-013   5.9192315093100043E-013   8.4534884497713382E-013   1.2630928368919833E-012
   9.3443656986201352E-018   1.6838088207240588E-017   2.0961556442930186E-017   4.0432319255016949E-017
   3.0677005440140399E-012   9.5217057441614133E-017   9.8490232284016852E-013   2.5789003499134417E-017
   1.2812464987504708E-012   1.7709069888027921E-012   2.2581638951967528E-012   3.1574010602936678E-012
   3.7625523357462616E-017   6.0287460921139669E-017   7.0392881853738566E-017   1.1758211474765917E-016
   7.7514513985687805E-012   2.7880705815845399E-016   3.0677005440140399E-012   9.5217057441614133E-017
   3.1542949806070566E-012   4.1753997893590356E-012   4.9823702325268759E-012   6.6326701029495571E-012
   1.1207119836961423E-016   1.6629394525431083E-016   1.8647918560615231E-016   2.8392254421049866E-016
   5.9328310241768121E-014   7.8133806404953683E-019   2.0873003400280891E-015   9.9999999999999995E-021
   6.0482007322058971E-015   2.5183962114826650E-014   5.1601556400678824E-014   1.8382682164722334E-013
   1.1775783567455401E-019   2.7577406708463661E-019   7.5870456444448776E-019   2.4413132855644180E-018
   6.1754233065337513E-013   1.1121078799399275E-017   5.9328310241768121E-014   7.8133806404953683E-019
   1.8446943306534357E-013   3.3280875703354412E-013   6.4311322151645690E-013   1.2129707323042963E-012
   2.6636922992342449E-018   6.3157621163447046E-018   9.7232424226684501E-018   2.7296743034837875E-017
   3.4974351506152722E-012   7.6436106079020144E-017   6.1754233065337513E-013   1.1121078799399275E-017
   1.3261996786118633E-012   2.0862294988114305E-012   3.2349004956954270E-012   5.3108972521458042E-012
   2.4626280908815631E-017   4.8656513714795175E-017   6.4540824634871745E-017   1.4086920606957576E-016
   1.3518000989043318E-011   3.4946943263025148E-016   3.4974351506152722E-012   7.6436106079020144E-017
   5.4638473122090591E-012   8.0755140318421154E-012   1.0952162973635901E-011   1.6604193707403196E-011
   1.2982456001746444E-016   2.2446210776968647E-016   2.7544590579000314E-016   5.0855937217054441E-016
   4.0841195433643158E-011   1.2226559242437841E-015   1.3518000989043318E-011   3.4946943263025148E-016
   1.6656857273908293E-011   2.3413395831347058E-011   2.9307263043114951E-011   4.1840991644766729E-011
   4.7982624368641489E-016   7.5995719381153859E-016   8.8637025953110078E-016   1.4666377993095017E-015
   1.0700979891218272E-013   1.1927653304674074E-018   2.4600315795515613E-015   9.9999999999999995E-021
   8.3873098500415882E-015   3.9011336773966771E-014   8.8174440514210474E-014   3.6453973956939090E-013
   1.3700025656104830E-019   3.5154332086651433E-019   1.1116242386109732E-018   4.0332566072884200E-018
   1.5297420212020122E-012   2.3778992925537014E-017   1.0700979891218272E-013   1.1927653304674074E-018
   3.8234801289780531E-013   7.5971594891321716E-013   1.6130031470794570E-012   3.4086071288558240E-012
   4.6962088992119067E-018   1.2178940163044617E-017   2.0485811374644655E-017   6.5491653595827210E-017
   1.1248940154454935E-011   2.1148792022266759E-016   1.5297420212020122E-012   2.3778992925537014E-017
   3.8578375285854570E-012   6.4972830857475606E-012   1.0927187877892701E-011   1.9608409343651552E-011
   5.9746362234848170E-017   1.2865432464820794E-016   1.8173984177735628E-016   4.4571886869680689E-016
   5.3765431862426634E-011   1.1924601395828600E-015   1.1248940154454935E-011   2.1148792022266759E-016
   2.0570362800122034E-011   3.2333681735585836E-011   4.6679321483210805E-011   7.6502581010114846E-011
   4.0897076583735202E-016   7.5979312733292241E-016   9.8104934571018145E-016   1.9951776042375950E-015
   1.9388540533610382E-010   4.9742057493113410E-015   5.3765431862426634E-011   1.1924601395828600E-015
   7.7329449932366791E-011   1.1496381714666222E-010   1.5118344155771180E-010   2.3109587350094825E-010
   1.8689246810117787E-015   3.1486337805609915E-015   3.8272503060774065E-015   6.8697808040823095E-015
   1.8206410122201451E-013   1.7544024160300164E-018   2.8334288384476525E-015   9.9999999999999995E-021
   1.1113158713841685E-014   5.7125966767589074E-014   1.4133133361461132E-013   6.6735627482315871E-013
   1.5627706100257511E-019   4.3604964385514571E-019   1.5638831001428948E-018   6.3102719471814445E-018
   3.5118446733083789E-012   4.8117897294066686E-017   1.8206410122201451E-013   1.7544024160300164E-018
   7.3321783463255391E-013   1.5936185279023488E-012   3.6913645750059599E-012   8.6754993920690157E-012
   7.8525547367907686E-018   2.2075976445981580E-017   4.0448234163141223E-017   1.4527999331318365E-016
   3.3217426923137787E-011   5.4924717713060456E-016   3.5118446733083789E-012   4.8117897294066686E-017
   1.0192984842660795E-011   1.8280419640042731E-011   3.3277306791286916E-011   6.4925055793656350E-011
   1.3500308398963875E-016   3.1509154559608389E-016   4.7331333784134306E-016   1.2949628281547348E-015
   1.9549734637829994E-010   3.8014838608576587E-015   3.3217426923137787E-011   5.4924717713060456E-016
   6.9772070752276178E-011   1.1607915843301366E-010   1.7838728534274962E-010   3.1497455842717024E-010
   1.1888495597704240E-015   2.3647141677434194E-015   3.2129072196246411E-015   7.1693277678557787E-015
   8.3958819765664162E-010   1.8858745551852140E-014   1.9549734637829994E-010   3.8014838608576587E-015
   3.2193118946741322E-010   5.0438439800511160E-010   6.9736879995129806E-010   1.1391075222898166E-009
   6.6887390088904680E-015   1.1950773390576968E-014   1.5155097204433125E-014   2.9443089947056229E-014
   2.9517951791563057E-013   2.4996117140022537E-018   3.2072838904753155E-015   9.9999999999999995E-021
   1.4225955549847230E-014   8.0102854126116251E-014   2.1545508089707356E-013   1.1464915785547045E-012
   1.7557749922410897E-019   5.2928477092499117E-019   2.1283976752386210E-018   9.4467278924621896E-018
   7.5559508344074544E-012   9.2680042514908770E-017   2.9517951791563057E-013   2.4996117140022537E-018
   1.3203641769849859E-012   3.1203465123178435E-012   7.8341900214946361E-012   2.0335190654340997E-011
   1.2558907860609934E-017   3.7994275003835685E-017   7.5565466593691329E-017   3.0140419374977509E-016
   9.1030320865418663E-011   1.3462333562863814E-015   7.5559508344074544E-012   9.2680042514908770E-017
   2.4840699367964818E-011   4.7233647486750076E-011   9.2819979454347075E-011   1.9589826693590814E-010
   2.8685128224736042E-016   7.2199444828153516E-016   1.1510170654444029E-015   3.4884455729295984E-015
   6.5651150520472082E-010   1.1380102280913222E-014   9.1030320865418663E-011   1.3462333562863814E-015
   2.1645431138056277E-010   3.7955429180831001E-010   6.2055049582167461E-010   1.1762232193952811E-009
   3.2182330821499565E-015   6.8318464020169610E-015   9.7606393480312739E-015   2.3800008965514606E-014
   3.3488703745146261E-009   6.6945926852703932E-014   6.5651150520472082E-010   1.1380102280913222E-014
   1.2196732108218379E-009   2.0072821029675112E-009   2.9184717965088891E-009   5.0829722060847920E-009
   2.2184682176921015E-014   4.1925853377200834E-014   5.5487840233157972E-014   1.1638287803310568E-013
