bcc Te -- Hedin-Lundqvist LDA                                                   
INPUT  IT=131 SPIN=1 NTYPE=  2
 -3.200000  3.200000  3.200000
  3.200000 -3.200000  3.200000
  3.200000  3.200000 -3.200000
    1  435  2.000000  0.030000    1
  0.000000  0.000000  0.000000
 0.1039978047170D+03 0.1039977368988D+03 0.1039976669873D+03 0.1039975949180D+03
 0.1039975206242D+03 0.1039974440375D+03 0.1039973650870D+03 0.1039972836998D+03
 0.1039971998010D+03 0.1039971133129D+03 0.1039970241557D+03 0.1039969322472D+03
 0.1039968375025D+03 0.1039967398341D+03 0.1039966391518D+03 0.1039965353628D+03
 0.1039964283712D+03 0.1039963180782D+03 0.1039962043822D+03 0.1039960871781D+03
 0.1039959663578D+03 0.1039958418098D+03 0.1039957134192D+03 0.1039955810674D+03
 0.1039954446324D+03 0.1039953039882D+03 0.1039951590051D+03 0.1039950095493D+03
 0.1039948554830D+03 0.1039946966639D+03 0.1039945329456D+03 0.1039943641770D+03
 0.1039941902024D+03 0.1039940108614D+03 0.1039938259884D+03 0.1039936354131D+03
 0.1039934389595D+03 0.1039932364464D+03 0.1039930276872D+03 0.1039928124891D+03
 0.1039925906539D+03 0.1039923619767D+03 0.1039921262469D+03 0.1039918832468D+03
 0.1039916327526D+03 0.1039913745330D+03 0.1039911083501D+03 0.1039908339584D+03
 0.1039905511047D+03 0.1039902595284D+03 0.1039899589604D+03 0.1039896491238D+03
 0.1039893297327D+03 0.1039890004927D+03 0.1039886611003D+03 0.1039883112424D+03
 0.1039879505965D+03 0.1039875788301D+03 0.1039871956004D+03 0.1039868005541D+03
 0.1039863933270D+03 0.1039859735436D+03 0.1039855408169D+03 0.1039850947479D+03
 0.1039846349254D+03 0.1039841609255D+03 0.1039836723111D+03 0.1039831686319D+03
 0.1039826494234D+03 0.1039821142070D+03 0.1039815624893D+03 0.1039809937616D+03
 0.1039804074995D+03 0.1039798031627D+03 0.1039791801939D+03 0.1039785380188D+03
 0.1039778760454D+03 0.1039771936633D+03 0.1039764902435D+03 0.1039757651374D+03
 0.1039750176764D+03 0.1039742471715D+03 0.1039734529122D+03 0.1039726341662D+03
 0.1039717901786D+03 0.1039709201712D+03 0.1039700233418D+03 0.1039690988634D+03
 0.1039681458836D+03 0.1039671635236D+03 0.1039661508774D+03 0.1039651070113D+03
 0.1039640309626D+03 0.1039629217389D+03 0.1039617783172D+03 0.1039605996429D+03
 0.1039593846289D+03 0.1039581321545D+03 0.1039568410643D+03 0.1039555101674D+03
 0.1039541382360D+03 0.1039527240045D+03 0.1039512661682D+03 0.1039497633819D+03
 0.1039482142591D+03 0.1039466173704D+03 0.1039449712421D+03 0.1039432743551D+03
 0.1039415251435D+03 0.1039397219926D+03 0.1039378632383D+03 0.1039359471646D+03
 0.1039339720029D+03 0.1039319359295D+03 0.1039298370646D+03 0.1039276734702D+03
 0.1039254431484D+03 0.1039231440394D+03 0.1039207740199D+03 0.1039183309007D+03
 0.1039158124250D+03 0.1039132162661D+03 0.1039105400256D+03 0.1039077812303D+03
 0.1039049373311D+03 0.1039020056996D+03 0.1038989836262D+03 0.1038958683173D+03
 0.1038926568929D+03 0.1038893463839D+03 0.1038859337290D+03 0.1038824157724D+03
 0.1038787892603D+03 0.1038750508383D+03 0.1038711970480D+03 0.1038672243239D+03
 0.1038631289899D+03 0.1038589072562D+03 0.1038545552153D+03 0.1038500688389D+03
 0.1038454439737D+03 0.1038406763375D+03 0.1038357615156D+03 0.1038306949564D+03
 0.1038254719673D+03 0.1038200877099D+03 0.1038145371961D+03 0.1038088152830D+03
 0.1038029166685D+03 0.1037968358857D+03 0.1037905672987D+03 0.1037841050964D+03
 0.1037774432880D+03 0.1037705756966D+03 0.1037634959542D+03 0.1037561974952D+03
 0.1037486735507D+03 0.1037409171418D+03 0.1037329210737D+03 0.1037246779286D+03
 0.1037161800588D+03 0.1037074195802D+03 0.1036983883644D+03 0.1036890780314D+03
 0.1036794799421D+03 0.1036695851902D+03 0.1036593845941D+03 0.1036488686884D+03
 0.1036380277154D+03 0.1036268516161D+03 0.1036153300213D+03 0.1036034522418D+03
 0.1035912072594D+03 0.1035785837162D+03 0.1035655699049D+03 0.1035521537585D+03
 0.1035383228390D+03 0.1035240643269D+03 0.1035093650094D+03 0.1034942112693D+03
 0.1034785890729D+03 0.1034624839574D+03 0.1034458810192D+03 0.1034287649002D+03
 0.1034111197753D+03 0.1033929293388D+03 0.1033741767906D+03 0.1033548448223D+03
 0.1033349156025D+03 0.1033143707627D+03 0.1032931913817D+03 0.1032713579709D+03
 0.1032488504584D+03 0.1032256481732D+03 0.1032017298292D+03 0.1031770735086D+03
 0.1031516566455D+03 0.1031254560085D+03 0.1030984476841D+03 0.1030706070587D+03
 0.1030419088017D+03 0.1030123268469D+03 0.1029818343751D+03 0.1029504037958D+03
 0.1029180067286D+03 0.1028846139856D+03 0.1028501955522D+03 0.1028147205690D+03
 0.1027781573135D+03 0.1027404731812D+03 0.1027016346677D+03 0.1026616073502D+03
 0.1026203558695D+03 0.1025778439123D+03 0.1025340341933D+03 0.1024888884383D+03
 0.1024423673671D+03 0.1023944306772D+03 0.1023450370279D+03 0.1022941440250D+03
 0.1022417082059D+03 0.1021876850259D+03 0.1021320288452D+03 0.1020746929160D+03
 0.1020156293720D+03 0.1019547892174D+03 0.1018921223182D+03 0.1018275773940D+03
 0.1017611020112D+03 0.1016926425778D+03 0.1016221443394D+03 0.1015495513764D+03
 0.1014748066037D+03 0.1013978517705D+03 0.1013186274633D+03 0.1012370731095D+03
 0.1011531269833D+03 0.1010667262130D+03 0.1009778067901D+03 0.1008863035803D+03
 0.1007921503360D+03 0.1006952797107D+03 0.1005956232742D+03 0.1004931115305D+03
 0.1003876739356D+03 0.1002792389179D+03 0.1001677338984D+03 0.1000530853123D+03
 0.9993521863111D+02 0.9981405838476D+02 0.9968952818395D+02 0.9956155074183D+02
 0.9943004789510D+02 0.9929494062382D+02 0.9915614906967D+02 0.9901359255213D+02
 0.9886718958211D+02 0.9871685787259D+02 0.9856251434578D+02 0.9840407513629D+02
 0.9824145558993D+02 0.9807457025761D+02 0.9790333288420D+02 0.9772765639178D+02
 0.9754745285736D+02 0.9736263348481D+02 0.9717310857126D+02 0.9697878746798D+02
 0.9677957853658D+02 0.9657538910083D+02 0.9636612539554D+02 0.9615169251331D+02
 0.9593199435147D+02 0.9570693356047D+02 0.9547641149701D+02 0.9524032818395D+02
 0.9499858228122D+02 0.9475107107044D+02 0.9449769045855D+02 0.9423833500361D+02
 0.9397289796897D+02 0.9370127140905D+02 0.9342334629316D+02 0.9313901267006D+02
 0.9284815987905D+02 0.9255067680816D+02 0.9224645220323D+02 0.9193537502450D+02
 0.9161733485015D+02 0.9129222231700D+02 0.9095992959131D+02 0.9062035085048D+02
 0.9027338276029D+02 0.8991892491772D+02 0.8955688023572D+02 0.8918715523100D+02
 0.8880966018789D+02 0.8842430915762D+02 0.8803101977481D+02 0.8762971286344D+02
 0.8722031184062D+02 0.8680274192230D+02 0.8637692918372D+02 0.8594279952484D+02
 0.8550027763140D+02 0.8504928603881D+02 0.8458974440608D+02 0.8412156909554D+02
 0.8364467317156D+02 0.8315896685202D+02 0.8266435846741D+02 0.8216075587537D+02
 0.8164806830740D+02 0.8112620851076D+02 0.8059509510616D+02 0.8005465497491D+02
 0.7950482558619D+02 0.7894555707361D+02 0.7837681400644D+02 0.7779857669299D+02
 0.7721084202180D+02 0.7661362371944D+02 0.7600695209929D+02 0.7539087321908D+02
 0.7476544759042D+02 0.7413074838826D+02 0.7348685937003D+02 0.7283387247320D+02
 0.7217188536522D+02 0.7150099892364D+02 0.7082131498172D+02 0.7013293430722D+02
 0.6943595520143D+02 0.6873047264571D+02 0.6801657841048D+02 0.6729436196228D+02
 0.6656391256851D+02 0.6582532226543D+02 0.6507869000731D+02 0.6432412639170D+02
 0.6356175912294D+02 0.6279173825076D+02 0.6201424117492D+02 0.6122947611784D+02
 0.6043768406231D+02 0.5963913780903D+02 0.5883413865207D+02 0.5802300986175D+02
 0.5720608861345D+02 0.5638371652153D+02 0.5555623161299D+02 0.5472396235336D+02
 0.5388722651198D+02 0.5304633449918D+02 0.5220159840054D+02 0.5135334429953D+02
 0.5050192723797D+02 0.4964774537252D+02 0.4879125247097D+02 0.4793296545782D+02
 0.4707346733379D+02 0.4621340341175D+02 0.4535347247005D+02 0.4449441188735D+02
 0.4363697920289D+02 0.4278192981649D+02 0.4192999361635D+02 0.4108185055991D+02
 0.4023810800520D+02 0.3939927991749D+02 0.3856577058888D+02 0.3773786292948D+02
 0.3691571363814D+02 0.3609935511132D+02 0.3528870580502D+02 0.3448358850339D+02
 0.3368375721301D+02 0.3288893130230D+02 0.3209883585906D+02 0.3131324526053D+02
 0.3053202597158D+02 0.2975517297892D+02 0.2898283214742D+02 0.2821530153623D+02
 0.2745300348504D+02 0.2669642805251D+02 0.2594605075233D+02 0.2520224398754D+02
 0.2446520326656D+02 0.2373491333694D+02 0.2301116444942D+02 0.2229362030164D+02
 0.2158191201938D+02 0.2087574152105D+02 0.2017496306781D+02 0.1947964061609D+02
 0.1879006665623D+02 0.1810675799548D+02 0.1743042323902D+02 0.1676192311858D+02
 0.1610221611613D+02 0.1545231044506D+02 0.1481320984870D+02 0.1418587357145D+02
 0.1357117384660D+02 0.1296987141599D+02 0.1238258951501D+02 0.1180980674672D+02
 0.1125184802128D+02 0.1070889360811D+02 0.1018098431853D+02 0.9668043552589D+01
 0.9169891832429D+01 0.8686277203675D+01 0.8216893430292D+01 0.7761412417207D+01
 0.7319499393929D+01 0.6890840366915D+01 0.6475149211749D+01 0.6072184032973D+01
 0.5681739244687D+01 0.5303651943195D+01 0.4937780734180D+01 0.4584006492507D+01
 0.4242206364209D+01 0.3912258416024D+01 0.3594019311628D+01 0.3287338132508D+01
 0.2992042036094D+01 0.2707963431476D+01 0.2434943482786D+01 0.2172887423215D+01
 0.1921801109295D+01 0.1681873863678D+01 0.1453519292152D+01
    2  435  1.200000  0.030000    3
  0.000000  0.500000  0.500000
  0.500000  0.500000  0.000000
  0.500000  0.000000  0.500000
 0.1999995024723D+01 0.1999994873200D+01 0.1999994717064D+01 0.1999994556171D+01
 0.1999994390379D+01 0.1999994219538D+01 0.1999994043494D+01 0.1999993862088D+01
 0.1999993675158D+01 0.1999993482534D+01 0.1999993284045D+01 0.1999993079510D+01
 0.1999992868746D+01 0.1999992651563D+01 0.1999992427766D+01 0.1999992197153D+01
 0.1999991959517D+01 0.1999991714643D+01 0.1999991462312D+01 0.1999991202296D+01
 0.1999990934362D+01 0.1999990658267D+01 0.1999990373764D+01 0.1999990080596D+01
 0.1999989778500D+01 0.1999989467203D+01 0.1999989146425D+01 0.1999988815879D+01
 0.1999988475265D+01 0.1999988124278D+01 0.1999987762602D+01 0.1999987389911D+01
 0.1999987005869D+01 0.1999986610131D+01 0.1999986202341D+01 0.1999985782132D+01
 0.1999985349125D+01 0.1999984902931D+01 0.1999984443147D+01 0.1999983969361D+01
 0.1999983481146D+01 0.1999982978062D+01 0.1999982459656D+01 0.1999981925462D+01
 0.1999981374999D+01 0.1999980807771D+01 0.1999980223269D+01 0.1999979620965D+01
 0.1999979000318D+01 0.1999978360768D+01 0.1999977701741D+01 0.1999977022643D+01
 0.1999976322863D+01 0.1999975601771D+01 0.1999974858717D+01 0.1999974093034D+01
 0.1999973304031D+01 0.1999972490999D+01 0.1999971653205D+01 0.1999970789896D+01
 0.1999969900295D+01 0.1999968983600D+01 0.1999968038987D+01 0.1999967065605D+01
 0.1999966062578D+01 0.1999965029003D+01 0.1999963963950D+01 0.1999962866460D+01
 0.1999961735546D+01 0.1999960570188D+01 0.1999959369339D+01 0.1999958131917D+01
 0.1999956856808D+01 0.1999955542865D+01 0.1999954188905D+01 0.1999952793709D+01
 0.1999951356021D+01 0.1999949874547D+01 0.1999948347953D+01 0.1999946774865D+01
 0.1999945153867D+01 0.1999943483501D+01 0.1999941762261D+01 0.1999939988600D+01
 0.1999938160919D+01 0.1999936277574D+01 0.1999934336870D+01 0.1999932337060D+01
 0.1999930276343D+01 0.1999928152864D+01 0.1999925964711D+01 0.1999923709916D+01
 0.1999921386447D+01 0.1999918992214D+01 0.1999916525061D+01 0.1999913982767D+01
 0.1999911363044D+01 0.1999908663532D+01 0.1999905881803D+01 0.1999903015351D+01
 0.1999900061596D+01 0.1999897017879D+01 0.1999893881460D+01 0.1999890649515D+01
 0.1999887319135D+01 0.1999883887321D+01 0.1999880350983D+01 0.1999876706939D+01
 0.1999872951908D+01 0.1999869082508D+01 0.1999865095256D+01 0.1999860986562D+01
 0.1999856752728D+01 0.1999852389941D+01 0.1999847894274D+01 0.1999843261678D+01
 0.1999838487984D+01 0.1999833568892D+01 0.1999828499974D+01 0.1999823276667D+01
 0.1999817894266D+01 0.1999812347927D+01 0.1999806632654D+01 0.1999800743303D+01
 0.1999794674569D+01 0.1999788420990D+01 0.1999781976933D+01 0.1999775336597D+01
 0.1999768494002D+01 0.1999761442986D+01 0.1999754177201D+01 0.1999746690103D+01
 0.1999738974951D+01 0.1999731024797D+01 0.1999722832481D+01 0.1999714390627D+01
 0.1999705691631D+01 0.1999696727660D+01 0.1999687490642D+01 0.1999677972257D+01
 0.1999668163933D+01 0.1999658056836D+01 0.1999647641864D+01 0.1999636909637D+01
 0.1999625850488D+01 0.1999614454456D+01 0.1999602711277D+01 0.1999590610374D+01
 0.1999578140846D+01 0.1999565291462D+01 0.1999552050647D+01 0.1999538406474D+01
 0.1999524346651D+01 0.1999509858513D+01 0.1999494929008D+01 0.1999479544687D+01
 0.1999463691688D+01 0.1999447355729D+01 0.1999430522093D+01 0.1999413175612D+01
 0.1999395300656D+01 0.1999376881119D+01 0.1999357900404D+01 0.1999338341407D+01
 0.1999318186503D+01 0.1999297417528D+01 0.1999276015765D+01 0.1999253961926D+01
 0.1999231236135D+01 0.1999207817908D+01 0.1999183686138D+01 0.1999158819072D+01
 0.1999133194295D+01 0.1999106788707D+01 0.1999079578503D+01 0.1999051539151D+01
 0.1999022645372D+01 0.1998992871114D+01 0.1998962189529D+01 0.1998930572952D+01
 0.1998897992870D+01 0.1998864419901D+01 0.1998829823768D+01 0.1998794173266D+01
 0.1998757436237D+01 0.1998719579545D+01 0.1998680569036D+01 0.1998640369518D+01
 0.1998598944720D+01 0.1998556257264D+01 0.1998512268631D+01 0.1998466939124D+01
 0.1998420227832D+01 0.1998372092594D+01 0.1998322489960D+01 0.1998271375153D+01
 0.1998218702026D+01 0.1998164423019D+01 0.1998108489120D+01 0.1998050849816D+01
 0.1997991453051D+01 0.1997930245173D+01 0.1997867170891D+01 0.1997802173221D+01
 0.1997735193434D+01 0.1997666171005D+01 0.1997595043553D+01 0.1997521746789D+01
 0.1997446214454D+01 0.1997368378259D+01 0.1997288167825D+01 0.1997205510613D+01
 0.1997120331862D+01 0.1997032554520D+01 0.1996942099172D+01 0.1996848883967D+01
 0.1996752824544D+01 0.1996653833953D+01 0.1996551822578D+01 0.1996446698048D+01
 0.1996338365161D+01 0.1996226725789D+01 0.1996111678791D+01 0.1995993119916D+01
 0.1995870941714D+01 0.1995745033428D+01 0.1995615280897D+01 0.1995481566450D+01
 0.1995343768795D+01 0.1995201762907D+01 0.1995055419913D+01 0.1994904606972D+01
 0.1994749187151D+01 0.1994589019299D+01 0.1994423957912D+01 0.1994253853002D+01
 0.1994078549955D+01 0.1993897889384D+01 0.1993711706986D+01 0.1993519833383D+01
 0.1993322093964D+01 0.1993118308724D+01 0.1992908292092D+01 0.1992691852760D+01
 0.1992468793499D+01 0.1992238910975D+01 0.1992001995559D+01 0.1991757831123D+01
 0.1991506194846D+01 0.1991246856991D+01 0.1990979580696D+01 0.1990704121746D+01
 0.1990420228340D+01 0.1990127640852D+01 0.1989826091584D+01 0.1989515304509D+01
 0.1989194995009D+01 0.1988864869600D+01 0.1988524625653D+01 0.1988173951100D+01
 0.1987812524137D+01 0.1987440012911D+01 0.1987056075202D+01 0.1986660358090D+01
 0.1986252497613D+01 0.1985832118415D+01 0.1985398833380D+01 0.1984952243256D+01
 0.1984491936263D+01 0.1984017487693D+01 0.1983528459492D+01 0.1983024399829D+01
 0.1982504842657D+01 0.1981969307246D+01 0.1981417297714D+01 0.1980848302534D+01
 0.1980261794028D+01 0.1979657227842D+01 0.1979034042402D+01 0.1978391658359D+01
 0.1977729478005D+01 0.1977046884676D+01 0.1976343242133D+01 0.1975617893922D+01
 0.1974870162711D+01 0.1974099349610D+01 0.1973304733456D+01 0.1972485570088D+01
 0.1971641091588D+01 0.1970770505499D+01 0.1969872994015D+01 0.1968947713147D+01
 0.1967993791855D+01 0.1967010331155D+01 0.1965996403197D+01 0.1964951050302D+01
 0.1963873283980D+01 0.1962762083902D+01 0.1961616396846D+01 0.1960435135604D+01
 0.1959217177849D+01 0.1957961364969D+01 0.1956666500859D+01 0.1955331350671D+01
 0.1953954639524D+01 0.1952535051174D+01 0.1951071226627D+01 0.1949561762728D+01
 0.1948005210676D+01 0.1946400074516D+01 0.1944744809558D+01 0.1943037820771D+01
 0.1941277461092D+01 0.1939462029717D+01 0.1937589770301D+01 0.1935658869060D+01
 0.1933667453148D+01 0.1931613588300D+01 0.1929495277065D+01 0.1927310456685D+01
 0.1925056996930D+01 0.1922732697923D+01 0.1920335287842D+01 0.1917862420613D+01
 0.1915311673488D+01 0.1912680544601D+01 0.1909966450411D+01 0.1907166723129D+01
 0.1904278608020D+01 0.1901299260709D+01 0.1898225744332D+01 0.1895055026728D+01
 0.1891783977447D+01 0.1888409364823D+01 0.1884927852857D+01 0.1881335998172D+01
 0.1877630246771D+01 0.1873806930909D+01 0.1869862265725D+01 0.1865792346041D+01
 0.1861593142903D+01 0.1857260500322D+01 0.1852790131740D+01 0.1848177616762D+01
 0.1843418397566D+01 0.1838507775659D+01 0.1833440908279D+01 0.1828212805233D+01
 0.1822818325318D+01 0.1817252173316D+01 0.1811508896494D+01 0.1805582881823D+01
 0.1799468352643D+01 0.1793159366189D+01 0.1786649810493D+01 0.1779933402365D+01
 0.1773003684610D+01 0.1765854024590D+01 0.1758477611905D+01 0.1750867457683D+01
 0.1743016392848D+01 0.1734917068370D+01 0.1726561954258D+01 0.1717943340978D+01
 0.1709053339407D+01 0.1699883883652D+01 0.1690426732176D+01 0.1680673472362D+01
 0.1670615523016D+01 0.1660244141052D+01 0.1649550425675D+01 0.1638525327544D+01
 0.1627159654978D+01 0.1615444086115D+01 0.1603369177417D+01 0.1590925379346D+01
 0.1578103047672D+01 0.1564892463200D+01 0.1551283846224D+01 0.1537267381180D+01
 0.1522833234606D+01 0.1507971585401D+01 0.1492672647017D+01 0.1476926704026D+01
 0.1460724139095D+01 0.1444055477003D+01 0.1426911416724D+01 0.1409282884144D+01
 0.1391161069999D+01 0.1372537492203D+01 0.1353404040447D+01 0.1333753049807D+01
 0.1313577352310D+01 0.1292870363376D+01 0.1271626141563D+01 0.1249839489440D+01
 0.1227506021901D+01 0.1204622284202D+01 0.1181185829823D+01 0.1157195357462D+01
 0.1132650800133D+01 0.1107553484065D+01 0.1081906229702D+01 0.1055713537209D+01
 0.1028981700070D+01 0.1001719021435D+01 0.9739359434872D+00 0.9456452988393D+00
 0.9168624583954D+00 0.8876056257979D+00 0.8578960047062D+00 0.8277581465484D+00
 0.7972201418567D+00 0.7663140298484D+00 0.7350760221686D+00 0.7035469880947D+00
 0.6717727169080D+00 0.6398045015913D+00 0.6076994528675D+00 0.5755212051010D+00
 0.5433403063634D+00 0.5112350845719D+00 0.4792921400022D+00 0.4476074297730D+00
 0.4162869040491D+00 0.3854478695648D+00 0.3552198268992D+00 0.3257461871675D+00
 0.2971853544017D+00 0.2697128840236D+00 0.2435228552180D+00 0.2188305445788D+00
 0.1958741598220D+00 0.1749181513250D+00 0.1562554245226D+00
  217
-0.1110457338093D+01 0.6503147940049D-33-0.7469650548437D+01-0.1210794186038D-17
-0.2782553375989D+01 0.2628517978850D-19-0.4634149376829D+01 0.2177750793864D-17
-0.2409711639194D+01-0.2437184730953D-19-0.2022252882039D+01-0.1963323536871D-17
-0.8473354053532D+00-0.5297530207865D-19-0.2044343077811D+01-0.6827840814168D-18
-0.3570057407814D+00 0.7319198309905D-19-0.5298734956408D+00 0.2612343241185D-17
-0.2552123420703D+00-0.5667684351838D-18-0.8754903252615D+00 0.5976356857639D-19
-0.2656355934031D+00-0.4165793414875D-18-0.5590359681777D+00-0.7938731376055D-19
-0.2698146362130D+00 0.1872862271682D-17-0.1298904160495D+00-0.1348820944245D-17
-0.1176543033500D+00-0.1612427700239D-17-0.1260636331458D+00-0.5288425820319D-19
-0.2345213218013D-01 0.3651015785214D-18-0.2125142481592D-01-0.6289286864343D-18
-0.1764373057762D+00-0.1598415620780D-18-0.4426519868355D-01 0.8699869069468D-19
-0.2449101235638D-02-0.7676875486666D-18-0.3069050831770D-02 0.1601349390087D-17
-0.1266773176005D+00 0.1832384368251D-18 0.1647928857963D-01-0.1457974124970D-18
-0.9254674073799D-01 0.7344928758460D-19 0.2366260123575D-01 0.1653005772622D-17
-0.2300994077356D-01-0.5959636912657D-19 0.2748035827673D-01-0.2736940369427D-19
 0.7013440699181D-02-0.7242053430828D-19 0.1411902073424D-01-0.7130031702095D-18
-0.5251237766408D-01-0.3708936439081D-19 0.1302017479423D-01 0.4540774900590D-18
 0.1356190984998D-01-0.8459160794238D-19 0.2692170871723D-01-0.1073480469803D-17
-0.8082517496799D-01-0.1342128504856D-18 0.1220359244638D-01-0.3300381453592D-18
 0.2122975238371D-01-0.5012586756444D-18 0.2077773516917D-01 0.3643866485925D-18
-0.6208250751700D-02 0.5800312590476D-19 0.8893816589158D-02 0.4407999272424D-20
 0.1779199682347D-01-0.4393519258217D-18 0.8829089858762D-02 0.6683019237596D-18
-0.2007001506586D-01-0.8998938831362D-19-0.1989122923117D-01 0.1541005267005D-18
 0.1464369650207D-01 0.2314507945589D-18-0.1610622374683D-01 0.9913878709140D-19
-0.8083996565575D-02-0.3714687053459D-19 0.1209047390788D-01-0.2053723596421D-18
 0.1194923717806D-01 0.7790058518789D-18 0.6122366043526D-02-0.2356880225191D-19
-0.1315719285399D-01-0.7335018210963D-19 0.9834741862908D-02-0.3166456358015D-19
-0.1072439027705D-01 0.2495005915577D-19 0.3811492818986D-02 0.2340306422736D-18
 0.3904815492471D-02-0.2592170579803D-18-0.1760649697203D-01 0.1693837838512D-19
 0.3073779559555D-02 0.3908438982480D-19 0.6164189289791D-02-0.6908585429834D-19
 0.6138770936273D-02-0.4129138380000D-18-0.7202388457512D-02-0.6084178182778D-19
 0.4892676515788D-02-0.1037340551157D-19 0.4772060455040D-02 0.2440810899351D-18
 0.2414311255177D-02-0.1282826853340D-18 0.3810036827266D-02-0.2389448712026D-19
 0.3793061515035D-02-0.2051847633596D-18-0.4805906650881D-02-0.1578265910807D-19
 0.2941320320222D-02 0.1491270551825D-18 0.2973034565336D-02-0.2020864949023D-18
 0.7610879720007D-03 0.2091040124286D-19-0.3905899433571D-02-0.2643505605420D-19
-0.9876922541763D-03 0.2066861167807D-19 0.1193137277642D-02 0.3209264506648D-19
 0.1093869111226D-02 0.1672462040231D-18-0.6302570912165D-02-0.4790536521245D-19
-0.3185885959713D-02 0.5967249490488D-19 0.1859757104180D-02-0.1027107960508D-18
 0.9310028481646D-03-0.1286252690600D-19-0.8440981526397D-03-0.1042692121179D-19
-0.2545603982045D-02 0.4293642942681D-19 0.1453176192026D-02 0.7356627970823D-20
 0.1483255250577D-02-0.2243712657558D-19 0.1373125367725D-02 0.1991672351340D-18
 0.5731879123001D-03 0.2467633142226D-19 0.5889423117431D-03 0.1415625712710D-19
 0.1136640480651D-02 0.1817178252764D-19-0.3146689657846D-02-0.3325073572192D-19
-0.1579555775324D-02 0.1823255549650D-19 0.4510521851835D-03 0.5818738303046D-19
 0.9332548859610D-03-0.5600673284797D-19-0.2432138543622D-02 0.2535054256635D-19
 0.7859515517354D-03-0.1332995536541D-19 0.7567351512489D-03 0.1340959965861D-19
 0.3956380830268D-03-0.4833928817414D-19 0.6455901914190D-03-0.2756964068175D-19
 0.6202019755837D-03 0.6194801476651D-19 0.6683591127014D-03-0.7396112740589D-19
-0.3408379670923D-03-0.6904453965169D-20 0.2811088634902D-03 0.1321581103329D-19
 0.2879027059309D-03-0.2404954781665D-19-0.4818360567018D-03 0.2823300962978D-20
-0.4829561694200D-03-0.1047158575401D-19 0.2411490063773D-03 0.3320671070834D-20
 0.4659400568099D-03 0.3376857167189D-19 0.4905847017390D-03 0.1867272238238D-19
 0.5001358381895D-03-0.3629878301269D-19-0.3239262726554D-03-0.7031616633998D-20
-0.3239947834075D-03-0.1635869058600D-20 0.4227823800618D-03 0.5640604828219D-20
 0.4371329489106D-03-0.3084938296352D-19-0.3960690742532D-03-0.2669291135783D-20
 0.3824028052935D-03-0.3456853547503D-20-0.9870341484566D-04-0.4358368842319D-20
-0.2148200127107D-04 0.2155353535199D-20 0.3476720129142D-03 0.5475006461476D-20
 0.3448739608987D-03-0.1324695333948D-19 0.3471777812323D-03-0.5034508739148D-20
 0.1752657104860D-03-0.3143247875343D-20 0.1775906460256D-03 0.1275278817280D-19
-0.1640616630956D-04 0.5557445411834D-20 0.1498820469577D-03 0.3424682668089D-20
 0.3097155934015D-03-0.4271161134812D-20 0.3068969140491D-03 0.4832991153798D-20
 0.5384871910678D-04-0.1194927838381D-20 0.3365624320033D-04 0.3343199387459D-20
 0.2758077104940D-03-0.1577267593447D-20 0.2763712723200D-03 0.9396917384271D-20
 0.2368543293918D-03 0.1306927862973D-20 0.2391448191613D-03-0.2598390877401D-20
 0.9036675957191D-04 0.5259424050444D-21 0.1019427363040D-03 0.3564854799522D-22
 0.1989246798557D-03-0.1750833586944D-21 0.1014847928143D-03 0.2915318837993D-21
 0.5211257680199D-04 0.1266891347380D-21 0.1008352762780D-03 0.1493386923915D-21
 0.2028429061590D-03-0.3858272200701D-21 0.1021615291507D-03 0.1756123726249D-21
 0.1661703002549D-03-0.2896776492076D-21 0.1653951187314D-03 0.1124246120699D-20
 0.8453888050391D-04-0.7709026227443D-21 0.2085357415861D-03 0.1276457175890D-20
 0.1298387969470D-03 0.3199189216694D-21 0.1359567571267D-03-0.3510048958023D-20
 0.6608100654012D-04-0.6393765377426D-21 0.7040322931503D-04 0.1952908691875D-20
 0.9958692237364D-04 0.5032605094711D-21 0.9586962073279D-04-0.1496075045704D-20
 0.9679360869638D-04-0.1551518894755D-20 0.1060064525252D-03 0.5089200317061D-20
 0.9554883247102D-04-0.1073998384837D-20 0.3114315573093D-04-0.1939957539579D-20
 0.7239708667242D-04-0.5165893865829D-20 0.3779095468287D-04 0.2842080007572D-20
 0.1644002875674D-03 0.2440514165112D-20 0.8573840554260D-04-0.4492022913785D-21
 0.3787454676164D-04 0.2235799060668D-20 0.3506952379871D-04 0.2476056866349D-21
 0.4883040385899D-04 0.6005497388537D-20 0.1505120124188D-03-0.1037646058483D-20
 0.1423899269094D-04-0.1355442621445D-20 0.1397768144596D-04 0.3687765449328D-20
 0.2574050472479D-04 0.6050826240684D-20-0.6717034932479D-05 0.1914302763449D-21
 0.1637752980736D-04 0.4989513317006D-21-0.2125013644443D-04-0.5487236901731D-21
-0.4184155351359D-05-0.2414796658626D-20-0.1591795311778D-04 0.3287241972361D-20
-0.7126155630578D-05 0.5659044565863D-20-0.9866642805153D-05-0.3943400280020D-20
-0.4303954639070D-05 0.2162449140920D-20 0.9275803069429D-04-0.9957728376816D-21
 0.1172895013022D-04-0.6571237204075D-21-0.1233638033899D-04-0.6723757948231D-21
-0.1353849183596D-04-0.1388794022381D-20-0.1594209114536D-04 0.4077613065590D-20
-0.7991347024778D-05-0.4000808526454D-20 0.7346738090033D-04 0.2370385105859D-20
 0.1862139585650D-04 0.1245141162374D-20 0.3919857834381D-04-0.2487809973351D-20
-0.1916779588185D-04-0.3380990306268D-20-0.1313215160620D-04-0.3287117155504D-20
 0.3265469907207D-04 0.2156209342491D-20 0.3405646334313D-04-0.2309165821281D-20
-0.1999980858609D-04-0.2913210298123D-21-0.2116120543549D-04-0.3515294536453D-22
-0.2333214274635D-04-0.5709082923443D-20-0.1877392957146D-04 0.4365799051929D-20
-0.1916696120994D-04-0.6621767987889D-20 0.3155537675986D-04 0.1009251122416D-20
-0.1417675398035D-04 0.1782689714907D-20-0.1421011081210D-04 0.3181825928150D-20
 0.6142619498147D-04 0.1596918760127D-20 0.2887202360298D-04-0.1724089491053D-20
-0.5664350800056D-05 0.3483855198997D-20-0.4392560016802D-05-0.2618676151473D-20
 0.3082633655681D-04-0.1036799322630D-21 0.3013923766341D-04 0.1330154441099D-20
 0.5674979446881D-04-0.3156264554111D-20 0.5642588619648D-05-0.1985832798125D-20
 0.3073080771859D-05-0.3379542273918D-20 0.1380745658539D-05 0.6633073946474D-23
 0.1455245713624D-04 0.9318744327321D-22 0.1401250485223D-04 0.1365936744210D-20
 0.1042944638555D-04-0.3712234848893D-20 0.6577612447781D-04 0.7714919352751D-21
 0.1061682908319D-04-0.3550619694891D-21 0.2532879767376D-04-0.5345967466657D-21
 0.4478049642055D-05 0.1527641788716D-20 0.3230941998278D-04 0.6117976763859D-21
 0.3108516838494D-04-0.1006340374799D-20 0.3242312398572D-04-0.1792527428427D-21
 0.3162258639956D-04 0.1570039150289D-20 0.3402238454530D-04 0.9531977225574D-21
 0.3005464794908D-04-0.2608807757021D-20 0.2265996272766D-04 0.2448587686704D-20
 0.3209843539761D-04-0.5128673150144D-21
    1
    1    1  120    3
 0.2218039422052D-03 0.2440522156722D-03 0.2679272595742D-03 0.2937570629488D-03
 0.3215029654548D-03 0.3511964777652D-03 0.3828352611163D-03 0.4163938158687D-03
 0.4518071975427D-03 0.4889755673418D-03 0.5277587378217D-03 0.5679685147911D-03
 0.6093706373741D-03 0.6516758354890D-03 0.6945442015470D-03 0.7375775080775D-03
 0.7803280181067D-03 0.8222942305033D-03 0.8629370107427D-03 0.9016818652738D-03
 0.9379462625415D-03 0.9711521663144D-03 0.1000768565637D-02 0.1026337134778D-02
 0.1047531454452D-02 0.1064193810120D-02 0.1076404555387D-02 0.1084516091935D-02
 0.1089210090084D-02 0.1091496420577D-02 0.1092718236883D-02 0.1094472431813D-02
 0.1098525216891D-02 0.1106635361430D-02 0.1120393269482D-02 0.1141001917516D-02
 0.1169133221262D-02 0.1204787070102D-02 0.1247281639331D-02 0.1295277170599D-02
 0.1346928020915D-02 0.1400037549550D-02 0.1452286301046D-02 0.1501408359033D-02
 0.1545387711765D-02 0.1582571680924D-02 0.1611784057218D-02 0.1632356853731D-02
 0.1644165231896D-02 0.1647597087873D-02 0.1643534167341D-02 0.1633284170443D-02
 0.1618526866650D-02 0.1601222741943D-02 0.1583534305076D-02 0.1567715341063D-02
 0.1556010082758D-02 0.1550525044510D-02 0.1553106090497D-02 0.1565197694422D-02
 0.1587706250304D-02 0.1620862728857D-02 0.1664100552595D-02 0.1715972694816D-02
 0.1774120253920D-02 0.1835357182604D-02 0.1895878156191D-02 0.1951682436085D-02
 0.1999160963321D-02 0.2035886844168D-02 0.2061361969500D-02 0.2077617042122D-02
 0.2089255622566D-02 0.2102949318344D-02 0.2126269247369D-02 0.2166376590350D-02
 0.2228771040792D-02 0.2316660938981D-02 0.2430810084848D-02 0.2569983882258D-02
 0.2731525085393D-02 0.2912108704837D-02 0.3108271278691D-02 0.3316924280654D-02
 0.3535568726905D-02 0.3762487574307D-02 0.3996685202391D-02 0.4237835031830D-02
 0.4486009717778D-02 0.4741426336951D-02 0.5003991381502D-02 0.5272849275995D-02
 0.5545711134471D-02 0.5818188264052D-02 0.6082871001018D-02 0.6328403042484D-02
 0.6538293444131D-02 0.6689723961884D-02 0.6752116672146D-02 0.6685762926043D-02
 0.6440309590632D-02 0.5953463855684D-02 0.5149793296573D-02 0.3939975032962D-02
 0.2220449304309D-02-0.1263803322554D-03-0.3231454246086D-02-0.7238265586457D-02
-0.1230219039049D-01-0.1859099186649D-01-0.2628666037993D-01-0.3559006705206D-01
-0.4672780689009D-01-0.5996283247465D-01-0.7560643833702D-01-0.9403302863580D-01
-0.1156927028592D+00-0.1411234401176D+00-0.1709571955080D+00-0.2059259747371D+00
 0.6141216231523D-08 0.7266088288558D-08 0.8577394229733D-08 0.1011443519795D-07
 0.1191063683510D-07 0.1400745368104D-07 0.1645105835523D-07 0.1929427674103D-07
 0.2259582242002D-07 0.2642190015518D-07 0.3084622625335D-07 0.3595050117115D-07
 0.4182488701764D-07 0.4856828545332D-07 0.5628816712040D-07 0.6510082008226D-07
 0.7513043100917D-07 0.8650893583303D-07 0.9937418342280D-07 0.1138692746736D-06
 0.1301396709145D-06 0.1483320254597D-06 0.1685905469759D-06 0.1910561083454D-06
 0.2158628817018D-06 0.2431398827354D-06 0.2730106198259D-06 0.3056016598516D-06
 0.3410505222266D-06 0.3795284145448D-06 0.4212631242773D-06 0.4665822543457D-06
 0.5159529808640D-06 0.5700410249632D-06 0.6297510155133D-06 0.6962738075402D-06
 0.7710894593652D-06 0.8559622639802D-06 0.9528730594502D-06 0.1063948284633D-05
 0.1191331097214D-05 0.1337077537041D-05 0.1503011181549D-05 0.1690630234303D-05
 0.1900976496587D-05 0.2134566441329D-05 0.2391265911764D-05 0.2670226839491D-05
 0.2969741661087D-05 0.3287158241424D-05 0.3618690943158D-05 0.3959300128290D-05
 0.4302447236341D-05 0.4639943115019D-05 0.4961656252235D-05 0.5255356382507D-05
 0.5506424472260D-05 0.5697774562489D-05 0.5809687094174D-05 0.5820015486983D-05
 0.5704430772515D-05 0.5437343466269D-05 0.4993143213236D-05 0.4348594200315D-05
 0.3485939324258D-05 0.2397608037040D-05 0.1091582663293D-05-0.4022276678510D-06
-0.2026975991859D-05-0.3696254360265D-05-0.5297661125766D-05-0.6703180428152D-05
-0.7787504538999D-05-0.8449059712724D-05-0.8629308723092D-05-0.8322484273592D-05
-0.7574875279985D-05-0.6473880844329D-05-0.5133605643395D-05-0.3680517554643D-05
-0.2244397734120D-05-0.9540930508297D-06 0.6054612782286D-07 0.6630807403473D-06
 0.7004327999925D-06-0.9714683959914D-08-0.1695777456046D-05-0.4652429037782D-05
-0.9266617433020D-05-0.1604940336703D-04-0.2567693311126D-04-0.3904134381263D-04
-0.5731671192091D-04-0.8204165109448D-04-0.1152265617854D-03-0.1594888861760D-03
-0.2182275566528D-03-0.2958423370577D-03-0.3980108863473D-03-0.5320291799074D-03
-0.7072239038857D-03-0.9354356453826D-03-0.1231567640596D-02-0.1614186759414D-02
-0.2106161218091D-02-0.2735335977238D-02-0.3535255712166D-02-0.4546028467631D-02
-0.5815419228494D-02-0.7400401833744D-02-0.9369269201089D-02-0.1180455599087D-01
-0.1480668893199D-01-0.1849858205549D-01-0.2303094570436D-01-0.2858880472449D-01
-0.3539910691599D-01-0.4374033163584D-01-0.5395377983594D-01-0.6645734969533D-01
 0.4524026786323D-09 0.5470904066967D-09 0.6596394835627D-09 0.7933462558196D-09
 0.9521631249160D-09 0.1140859282110D-08 0.1365184222058D-08 0.1632040502928D-08
 0.1949885544040D-08 0.2328785533098D-08 0.2781057289728D-08 0.3321411162659D-08
 0.3967721132521D-08 0.4741471810028D-08 0.5668386851043D-08 0.6779336529927D-08
 0.8110947203729D-08 0.9706601948986D-08 0.1161698688873D-07 0.1390091513981D-07
 0.1662529869797D-07 0.1986487941506D-07 0.2370066578609D-07 0.2821720887507D-07
 0.3349742607781D-07 0.3961549330283D-07 0.4662581616025D-07 0.5455003957554D-07
 0.6336019876167D-07 0.7296260880428D-07 0.8318158159385D-07 0.9375166529093D-07
 0.1043173909742D-06 0.1144506726954D-06 0.1236801583535D-06 0.1315378730073D-06
 0.1376077454617D-06 0.1415755120960D-06 0.1432602686056D-06 0.1426310259337D-06
 0.1397963981165D-06 0.1349816635753D-06 0.1284900319702D-06 0.1206663784049D-06
 0.1118604376956D-06 0.1024024478703D-06 0.9258397828935D-07 0.8265106413238D-07
 0.7280038845558D-07 0.6318306672839D-07 0.5390772060009D-07 0.4504689905002D-07
 0.3664083199638D-07 0.2870166690232D-07 0.2121451886579D-07 0.1413772351837D-07
 0.7399607220865D-08 0.8939410397912D-09-0.5527893585741D-08-0.1206606798652D-07
-0.1898330962579D-07-0.2661476837095D-07-0.3537410730058D-07-0.4574940991817D-07
-0.5828119672353D-07-0.7351148175756D-07-0.9189741578763D-07-0.1136911704960D-06
-0.1388166553633D-06-0.1668082257806D-06-0.1969163205178D-06-0.2284775757266D-06
-0.2615686102088D-06-0.2978158333292D-06-0.3411052163442D-06-0.3979699723112D-06
-0.4775964077827D-06-0.5916492995466D-06-0.7541878690797D-06-0.9819495421540D-06
-0.1295094460989D-05-0.1718475943291D-05-0.2283400069300D-05-0.3029950877891D-05
-0.4009940961776D-05-0.5290700894553D-05-0.6959937815107D-05-0.9132043727527D-05
-0.1195633096523D-04-0.1562786058767D-04-0.2040177861060D-04-0.2661237189755D-04
-0.3469858719943D-04-0.4523821593529D-04-0.5899391947412D-04-0.7697491881731D-04
-0.1005196059501D-03-0.1314050970786D-03-0.1719912802288D-03-0.2254074666198D-03
-0.2957907257765D-03-0.3885852565468D-03-0.5109128792557D-03-0.6720272805008D-03
-0.8838698066484D-03-0.1161758808761D-02-0.1525261003980D-02-0.1999330215840D-02
-0.2615819357118D-02-0.3415520753809D-02-0.4450876939330D-02-0.5789556062997D-02
-0.7519039470859D-02-0.9752506929489D-02-0.1263632186447D-01-0.1635975824249D-01
-0.2116767124205D-01-0.2737723878739D-01-0.3539977873993D-01-0.4576906985246D-01
    2    2  120    8
 0.5243663568520D-03 0.5567997429982D-03 0.5912443692319D-03 0.6278245100165D-03
 0.6666733657797D-03 0.7079315404413D-03 0.7517492796440D-03 0.7982852806467D-03
 0.8477091496493D-03 0.9002000614122D-03 0.9559494787707D-03 0.1015159701008D-02
 0.1078046936094D-02 0.1144839604652D-02 0.1215781876231D-02 0.1291131751916D-02
 0.1371164997583D-02 0.1456173049742D-02 0.1546467469812D-02 0.1642377499951D-02
 0.1744255188794D-02 0.1852472631851D-02 0.1967427676435D-02 0.2089540909985D-02
 0.2219262122670D-02 0.2357066798889D-02 0.2503463554090D-02 0.2658990178792D-02
 0.2824221923344D-02 0.2999767184979D-02 0.3186276898193D-02 0.3384439519797D-02
 0.3594991837175D-02 0.3818713323035D-02 0.4056438189216D-02 0.4309049242116D-02
 0.4577491556164D-02 0.4862765342377D-02 0.5165941694937D-02 0.5488154578499D-02
 0.5830618415153D-02 0.6194619380710D-02 0.6581535375864D-02 0.6992825950384D-02
 0.7430055313903D-02 0.7894881044710D-02 0.8389079836443D-02 0.8914535265894D-02
 0.9473267079321D-02 0.1006741706441D-01 0.1069928271340D-01 0.1137130177270D-01
 0.1208608956758D-01 0.1284642251595D-01 0.1365528087998D-01 0.1451582940468D-01
 0.1543146671826D-01 0.1640580419047D-01 0.1744272099881D-01 0.1854634166658D-01
 0.1972109886523D-01 0.2097170764450D-01 0.2230323802965D-01 0.2372108653389D-01
 0.2523105790192D-01 0.2683933485981D-01 0.2855257154999D-01 0.3037785894031D-01
 0.3232283269679D-01 0.3439563611100D-01 0.3660504071495D-01 0.3896040778749D-01
 0.4147182712948D-01 0.4415007231956D-01 0.4700676163254D-01 0.5005431033383D-01
 0.5330611152008D-01 0.5677648750867D-01 0.6048089686166D-01 0.6443587937824D-01
 0.6865929649584D-01 0.7317027195895D-01 0.7798946311432D-01 0.8313900300793D-01
 0.8864280923151D-01 0.9452651910882D-01 0.1008178472375D+00 0.1075465172494D+00
 0.1147446644140D+00 0.1224467680800D+00 0.1306901118636D+00 0.1395147045623D+00
 0.1489638084660D+00 0.1590838568510D+00 0.1699250462985D+00 0.1815412392092D+00
 0.1939906566093D+00 0.2073357460099D+00 0.2216439661211D+00 0.2369876594738D+00
 0.2534449167389D+00 0.2710994410197D+00 0.2900415487138D+00 0.3103680151830D+00
 0.3321832165304D+00 0.3555990188802D+00 0.3807360704632D+00 0.4077237371770D+00
 0.4367016313881D+00 0.4678195877787D+00 0.5012394363313D+00 0.5371350744071D+00
 0.5756944595465D+00 0.6171197425400D+00 0.6616295423661D+00 0.7094591183285D+00
 0.7608629481707D+00 0.8161151986884D+00 0.8755128800733D+00 0.9393770573922D+00
-0.4704847634478D-07-0.5303678613777D-07-0.5978822083571D-07-0.6740005217330D-07
-0.7598202544222D-07-0.8565784796897D-07-0.9656704449332D-07-0.1088669041228D-06
-0.1227348335047D-06-0.1383708321997D-06-0.1560004686138D-06-0.1758780527807D-06
-0.1982904113239D-06-0.2235609172718D-06-0.2520542989662D-06-0.2841817612007D-06
-0.3204071037423D-06-0.3612532407943D-06-0.4073099815124D-06-0.4592423080326D-06
-0.5178002963234D-06-0.5838296381778D-06-0.6582842678019D-06-0.7422397289263D-06
-0.8369092750959D-06-0.9436608404810D-06-0.1064037540700D-05-0.1199779298490D-05
-0.1352848895587D-05-0.1525459478802D-05-0.1720107767993D-05-0.1939609056950D-05
-0.2187139400746D-05-0.2466280290970D-05-0.2781072339966D-05-0.3136072035151D-05
-0.3536420191940D-05-0.3987914262053D-05-0.4497095421275D-05-0.5071340634069D-05
-0.5718973723294D-05-0.6449382390232D-05-0.7273159871677D-05-0.8202254202285D-05
-0.9250148297887D-05-0.1043205036006D-04-0.1176512350016D-04-0.1326872840547D-04
-0.1496471580562D-04-0.1687773606169D-04-0.1903561256290D-04-0.2146973590149D-04
-0.2421553999364D-04-0.2731300612996D-04-0.3080726966775D-04-0.3474926341326D-04
-0.3919649298255D-04-0.4421385696701D-04-0.4987463822304D-04-0.5626155210780D-04
-0.6346801271264D-04-0.7159947234590D-04-0.8077503997956D-04-0.9112919826347D-04
-0.1028138694656D-03-0.1160006145271D-03-0.1308832816034D-03-0.1476808183583D-03
-0.1666406620931D-03-0.1880423530750D-03-0.2122018788291D-03-0.2394762978295D-03
-0.2702693285733D-03-0.3050372790105D-03-0.3442962112445D-03-0.3886295772502D-03
-0.4386974137878D-03-0.4952461522749D-03-0.5591204336567D-03-0.6312757539126D-03
-0.7127936165338D-03-0.8048977989369D-03-0.9089739060476D-03-0.1026590224814D-02
-0.1159522846342D-02-0.1309782614051D-02-0.1479647366340D-02-0.1671696540013D-02
-0.1888852761084D-02-0.2134426325685D-02-0.2412168636405D-02-0.2726329643046D-02
-0.3081726685909D-02-0.3483818452831D-02-0.3938794094494D-02-0.4453669346202D-02
-0.5036401744073D-02-0.5696016321104D-02-0.6442756886439D-02-0.7288250643074D-02
-0.8245708239858D-02-0.9330143714313D-02-0.1055864036393D-01-0.1195064589060D-01
-0.1352833118815D-01-0.1531698776252D-01-0.1734551060669D-01-0.1964693606659D-01
-0.2225908869332D-01-0.2522529867302D-01-0.2859526353398D-01-0.3242599225347D-01
-0.3678293155224D-01-0.4174119967090D-01-0.4738704600064D-01-0.5381945121581D-01
-0.6115203609749D-01-0.6951517748315D-01-0.7905856024485D-01-0.8995408065436D-01
 0.1086219288906D-06 0.1224540348151D-06 0.1380494540854D-06 0.1556330062615D-06
 0.1754583326990D-06 0.1978113570809D-06 0.2230145587091D-06 0.2514314841274D-06
 0.2834721682690D-06 0.3195988671469D-06 0.3603329351220D-06 0.4062621442539D-06
 0.4580494175885D-06 0.5164421180126D-06 0.5822831744249D-06 0.6565228921824D-06
 0.7402330952981D-06 0.8346221382031D-06 0.9410529117727D-06 0.1061061891192D-05
 0.1196382062941D-05 0.1348967163704D-05 0.1521020778053D-05 0.1715027176929D-05
 0.1933788388730D-05 0.2180463264559D-05 0.2458614706381D-05 0.2772259397275D-05
 0.3125927701508D-05 0.3524726965022D-05 0.3974417687388D-05 0.4481494016311D-05
 0.5053280394940D-05 0.5698034135317D-05 0.6425068353846D-05 0.7244881901530D-05
 0.8169315973218D-05 0.9211719349718D-05 0.1038714725941D-04 0.1171257130489D-04
 0.1320713266773D-04 0.1489240834304D-04 0.1679273310525D-04 0.1893553849945D-04
 0.2135176106262D-04 0.2407627340071D-04 0.2714840332553D-04 0.3061248171107D-04
 0.3451850131633D-04 0.3892281361826D-04 0.4388896744751D-04 0.4948859226171D-04
 0.5580246418712D-04 0.6292163144254D-04 0.7094876716037D-04 0.7999960005248D-04
 0.9020463775157D-04 0.1017109822100D-03 0.1146845242322D-03 0.1293122560743D-03
 0.1458050629816D-03 0.1644006665864D-03 0.1853671824244D-03 0.2090068797614D-03
 0.2356607077310D-03 0.2657130994944D-03 0.2995977630418D-03 0.3378038100718D-03
 0.3808831610359D-03 0.4294584173326D-03 0.4842323456755D-03 0.5459979610283D-03
 0.6156507500249D-03 0.6942016246913D-03 0.7827926424753D-03 0.8827137613476D-03
 0.9954230986527D-03 0.1122568578622D-02 0.1266014127964D-02 0.1427867769301D-02
 0.1610515439106D-02 0.1816657413782D-02 0.2049352248912D-02 0.2312063802327D-02
 0.2608718044960D-02 0.2943764148930D-02 0.3322247655835D-02 0.3749889100236D-02
 0.4233178385903D-02 0.4779475523291D-02 0.5397131235896D-02 0.6095615881723D-02
 0.6885672901214D-02 0.7779482169197D-02 0.8790854993434D-02 0.9935441681537D-02
 0.1123097784326D-01 0.1269754912169D-01 0.1435790705665D-01 0.1623780805476D-01
 0.1836642391757D-01 0.2077678938706D-01 0.2350634478997D-01 0.2659753821830D-01
 0.3009856476847D-01 0.3406419021796D-01 0.3855676449324D-01 0.4364735948949D-01
 0.4941714851465D-01 0.5595894036890D-01 0.6337901678442D-01 0.7179912425039D-01
 0.8135880959715D-01 0.9221790947692D-01 0.1045594100077D+00 0.1185924699092D+00
 0.1345559417533D+00 0.1527221937959D+00 0.1734017486803D+00 0.1969486567123D+00
 0.2664890908886D-11 0.3185100096056D-11 0.3806017619378D-11 0.4548023383202D-11
 0.5434986383327D-11 0.6495308907212D-11 0.7761569880061D-11 0.9274650627562D-11
 0.1108287677632D-10 0.1324340335660D-10 0.1582497131402D-10 0.1890964764554D-10
 0.2259640534976D-10 0.2700089041401D-10 0.3226486417069D-10 0.3855411382766D-10
 0.4607120668077D-10 0.5505403034269D-10 0.6578966336950D-10 0.7862060774951D-10
 0.9395640848629D-10 0.1122875250852D-09 0.1341995101510D-09 0.1603962152269D-09
 0.1917171478839D-09 0.2291684044050D-09 0.2739546865704D-09 0.3275210299054D-09
 0.3915968888205D-09 0.4682574330594D-09 0.5599896229678D-09 0.6697799011765D-09
 0.8012093997345D-09 0.9585827917559D-09 0.1147069040902D-08 0.1372883891502D-08
 0.1643502322461D-08 0.1967922303366D-08 0.2356980896165D-08 0.2823738970763D-08
 0.3383948822829D-08 0.4056625382406D-08 0.4864735006284D-08 0.5836050465448D-08
 0.7004172794467D-08 0.8409805877402D-08 0.1010228814977D-07 0.1214150367220D-07
 0.1460018147320D-07 0.1756677129275D-07 0.2114891944881D-07 0.2547781344562D-07
 0.3071344538777D-07 0.3705120831043D-07 0.4472989916330D-07 0.5404175576747D-07
 0.6534467056359D-07 0.7907749993015D-07 0.9577873653629D-07 0.1161099160778D-06
 0.1408842027694D-06 0.1711022016873D-06 0.2079957425748D-06 0.2530826682217D-06
 0.3082338490865D-06 0.3757569166472D-06 0.4584986222907D-06 0.5599724931672D-06
 0.6845147024504D-06 0.8374778991886D-06 0.1025467464120D-05 0.1256634315518D-05
 0.1541030674842D-05 0.1891049313575D-05 0.2321955163783D-05 0.2852538343857D-05
 0.3505900785091D-05 0.4310416945546D-05 0.5300884089469D-05 0.6519917845028D-05
 0.8019611430349D-05 0.9863533691405D-05 0.1212908494014D-04 0.1491031131963D-04
 0.1832119344692D-04 0.2249954093484D-04 0.2761150170795D-04 0.3385685974127D-04
 0.4147511468489D-04 0.5075258210085D-04 0.6203049200915D-04 0.7571442953329D-04
 0.9228509611404D-04 0.1123109321585D-03 0.1364626249235D-03 0.1655304069457D-03
 0.2004443377069D-03 0.2422991180912D-03 0.2923839839194D-03 0.3522203311586D-03
 0.4236082123028D-03 0.5086859439409D-03 0.6100048024448D-03 0.7306250413404D-03
 0.8742357352434D-03 0.1045306718243D-02 0.1249274571863D-02 0.1492771864986D-02
 0.1783898856495D-02 0.2132546394944D-02 0.2550763310930D-02 0.3053176701638D-02
 0.3657452732636D-02 0.4384811555863D-02 0.5260587607842D-02 0.6314873921420D-02
 0.7583266821909D-02 0.9107807512627D-02 0.1093819226129D-01 0.1313343115979D-01
-0.6413507303361D-11-0.7669201528497D-11-0.9172363916181D-11-0.1097067943837D-10
-0.1312088270562D-10-0.1569288782270D-10-0.1876978036757D-10-0.2244972473053D-10
-0.2685255542676D-10-0.3211743351690D-10-0.3841580115754D-10-0.4595098606727D-10
-0.5496286897421D-10-0.6574434489709D-10-0.7864157178872D-10-0.9407131069050D-10
-0.1125283910747D-09-0.1346109364667D-09-0.1610281760512D-09-0.1926350503133D-09
-0.2304506173765D-09-0.2756960555468D-09-0.3298346105822D-09-0.3946163591122D-09
-0.4721367062448D-09-0.5649068712491D-09-0.6759329019048D-09-0.8088163412608D-09
-0.9678707541183D-09-0.1158266791314D-08-0.1386199252615D-08-0.1659093874128D-08
-0.1985854398353D-08-0.2377155503557D-08-0.2845801392192D-08-0.3407156213487D-08
-0.4079653357253D-08-0.4885422307816D-08-0.5851033980723D-08-0.7008405588347D-08
-0.8395880432813D-08-0.1005955604517D-07-0.1205485145267D-07-0.1444844072357D-07
-0.1732055184085D-07-0.2076778708134D-07-0.2490649679735D-07-0.2987690758131D-07
-0.3584808178715D-07-0.4302399148372D-07-0.5165081121561D-07-0.6202587506254D-07
-0.7450845408304D-07-0.8953298243985D-07-0.1076250167994D-06-0.1294208347622D-06
-0.1556911078372D-06-0.1873700112472D-06-0.2255904207211D-06-0.2717272112837D-06
-0.3274496738562D-06-0.3947860267538D-06-0.4762015376616D-06-0.5746947134542D-06
-0.6939137902813D-06-0.8383001249467D-06-0.1013261817671D-05-0.1225387271725D-05
-0.1482703616278D-05-0.1794994057189D-05-0.2174181523264D-05-0.2634798823352D-05
-0.3194555900667D-05-0.3875033194063D-05-0.4702516042425D-05-0.5709011074023D-05
-0.6933465221057D-05-0.8423244769703D-05-0.1023590140317D-04-0.1244130525838D-04
-0.1512417903012D-04-0.1838714272662D-04-0.2235431028232D-04-0.2717558726034D-04
-0.3303171768835D-04-0.4014028072055D-04-0.4876269442468D-04-0.5921249958926D-04
-0.7186499179948D-04-0.8716858770654D-04-0.1056580197615D-03-0.1279699262717D-03
-0.1548610027209D-03-0.1872295990471D-03-0.2261410833053D-03-0.2728584176382D-03
-0.3288785970771D-03-0.3959773380841D-03-0.4762632574363D-03-0.5722454410818D-03
-0.6869165426626D-03-0.8238574322134D-03-0.9873667222317D-03-0.1182623783216D-02
-0.1415889476167D-02-0.1694755871878D-02-0.2028449006075D-02-0.2428197662279D-02
-0.2907670021789D-02-0.3483492112304D-02-0.4175845374564D-02-0.5009159985341D-02
-0.6012898824038D-02-0.7222460012069D-02-0.8680202370258D-02-0.1043665636637D-01
-0.1255195736533D-01-0.1509763319888D-01-0.1815884556880D-01-0.2183731292126D-01
-0.5986127617438D-14-0.6710238007793D-14-0.8560394336996D-14-0.1020862908101D-13
-0.1410293678614D-13-0.1647555936039D-13-0.2133222007615D-13-0.2646383394730D-13
-0.3410532621080D-13-0.4338696628180D-13-0.5477635533267D-13-0.7030186433952D-13
-0.8889147683069D-13-0.1137025326689D-12-0.1436869341771D-12-0.1851411712351D-12
-0.2332813535772D-12-0.2977843910506D-12-0.3779267328300D-12-0.4812460052805D-12
-0.6126734783521D-12-0.7794352358995D-12-0.9928492542908D-12-0.1264355132537D-11
-0.1607990569370D-11-0.2046874206967D-11-0.2605489896946D-11-0.3316419633000D-11
-0.4221101538455D-11-0.5371724120666D-11-0.6837816958425D-11-0.8702004307438D-11
-0.1107557617079D-10-0.1409592319915D-10-0.1793871867216D-10-0.2282755476294D-10
-0.2904795095988D-10-0.3695956201370D-10-0.4702351854422D-10-0.5982454698524D-10
-0.7610106639508D-10-0.9679826474884D-10-0.1231112330244D-09-0.1565567823064D-09
-0.1990632273535D-09-0.2530738305354D-09-0.3216877956836D-09-0.4088311994206D-09
-0.5194817373856D-09-0.6599419785305D-09-0.8381888807211D-09-0.1064314067414D-08
-0.1351078327406D-08-0.1714598821739D-08-0.2175234559389D-08-0.2758665479986D-08
-0.3497267470674D-08-0.4431816569404D-08-0.5613630795362D-08-0.7107212227548D-08
-0.8993560360610D-08-0.1137426097482D-07-0.1437655521683D-07-0.1815960213501D-07
-0.2292218144369D-07-0.2891214899400D-07-0.3643802120030D-07-0.4588308097203D-07
-0.5772253475087D-07-0.7254423616617D-07-0.9107365971277D-07-0.1142037842850D-06
-0.1430307060409D-06-0.1788957278615D-06-0.2234348570450D-06-0.2786364217763D-06
-0.3469076882935D-06-0.4311509271467D-06-0.5348495002374D-06-0.6621637332867D-06
-0.8180364215426D-06-0.1008306539201D-05-0.1239829791850D-05-0.1520602954856D-05
-0.1859889295185D-05-0.2268340653037D-05-0.2758113434836D-05-0.3342975202712D-05
-0.4038403809189D-05-0.4861684799968D-05-0.5832026044685D-05-0.6970722635633D-05
-0.8301434761650D-05-0.9850675307336D-05-0.1164866265975D-04-0.1373076229765D-04
-0.1613984404483D-04-0.1892999669014D-04-0.2217220265402D-04-0.2596273642843D-04
-0.3043526091907D-04-0.3577776812421D-04-0.4225571948319D-04-0.5024281870785D-04
-0.6026095662573D-04-0.7303067450699D-04-0.8953338270961D-04-0.1110859769522D-03
-0.1394282641271D-03-0.1768228110991D-03-0.2261672813962D-03-0.2911194266647D-03
-0.3762380617831D-03-0.4871468493332D-03-0.6307368688424D-03-0.8154336569877D-03
-0.1051571892456D-02-0.1351936237782D-02-0.1732548340718D-02-0.2213790927810D-02
 0.4167544172789D-14 0.4901205304257D-14 0.6256231829471D-14 0.8102412012240D-14
 0.1011759470447D-13 0.1305118165815D-13 0.1626857541844D-13 0.2068735639753D-13
 0.2653039521066D-13 0.3345241569762D-13 0.4265848149378D-13 0.5436706147071D-13
 0.6898614155339D-13 0.8757556997443D-13 0.1116652820917D-12 0.1421382989876D-12
 0.1806067312098D-12 0.2300547345424D-12 0.2926466119627D-12 0.3723128942632D-12
 0.4739831199905D-12 0.6028459647535D-12 0.7679475703439D-12 0.9775015803847D-12
 0.1243899422987D-11 0.1583020233457D-11 0.2014617549882D-11 0.2563948471781D-11
 0.3262911406649D-11 0.4152631368112D-11 0.5284896520784D-11 0.6725737392083D-11
 0.8559226657976D-11 0.1089177590853D-10 0.1385964878985D-10 0.1763580668789D-10
 0.2243868238767D-10 0.2854817122704D-10 0.3631848134077D-10 0.4620065853737D-10
 0.5876616552311D-10 0.7474199191042D-10 0.9505058985374D-10 0.1208632936731D-09
 0.1536658273830D-09 0.1953424402234D-09 0.2482835970566D-09 0.3155175963935D-09
 0.4008824456855D-09 0.5092384881890D-09 0.6467365079922D-09 0.8211583098425D-09
 0.1042342746560D-08 0.1322720967106D-08 0.1677990570440D-08 0.2127955777692D-08
 0.2697585889064D-08 0.3418333006796D-08 0.4329779591693D-08 0.5481689436054D-08
 0.6936559448128D-08 0.8772785720470D-08 0.1108858733154D-07 0.1400684755003D-07
 0.1768109035060D-07 0.2230280961993D-07 0.2811046437096D-07 0.3540044502996D-07
 0.4454043591005D-07 0.5598557881749D-07 0.7029800883378D-07 0.8817027588317D-07
 0.1104533761499D-06 0.1381899862641D-06 0.1726537829949D-06 0.2153954627681D-06
 0.2682964242443D-06 0.3336306408029D-06 0.4141356660817D-06 0.5130929990491D-06
 0.6344186285222D-06 0.7827635030840D-06 0.9636245998367D-06 0.1183465986275D-05
 0.1449850952205D-05 0.1771585257486D-05 0.2158875154479D-05 0.2623504291006D-05
 0.3179041378641D-05 0.3841095514565D-05 0.4627652142598D-05 0.5559537651452D-05
 0.6661092717618D-05 0.7961168236011D-05 0.9494616773748D-05 0.1130451746855D-04
 0.1344547173145D-04 0.1598841407663D-04 0.1902753346756D-04 0.2269004908816D-04
 0.2714978050568D-04 0.3264561242795D-04 0.3950615706880D-04 0.4818199918924D-04
 0.5928704612984D-04 0.7365036592676D-04 0.9237989635171D-04 0.1169389422972D-03
 0.1492363608827D-03 0.1917306961044D-03 0.2475491883781D-03 0.3206226578343D-03
 0.4158402893391D-03 0.5392311634659D-03 0.6981875964975D-03 0.9017534874447D-03
 0.1161016913957D-02 0.1489660586101D-02 0.1904746245302D-02 0.2427824733284D-02
-0.9255606618632D-14-0.1132567060700D-13-0.1441454875707D-13-0.1808348673007D-13
-0.2333853479110D-13-0.2935573924743D-13-0.3714541663065D-13-0.4733235859563D-13
-0.5993464335481D-13-0.7619657260255D-13-0.9686921047719D-13-0.1237109463537D-12
-0.1571027694455D-12-0.1998814212987D-12-0.2543454823292D-12-0.3243140055108D-12
-0.4121904699227D-12-0.5249657269995D-12-0.6678441378635D-12-0.8501404706023D-12
-0.1081965536600D-11-0.1377355733286D-11-0.1753356202782D-11-0.2231942686262D-11
-0.2840620925566D-11-0.3615925282128D-11-0.4602548255585D-11-0.5858153126254D-11
-0.7456270775269D-11-0.9490230638566D-11-0.1207907966183D-10-0.1537383710122D-10
-0.1956698882612D-10-0.2490174606284D-10-0.3168959051183D-10-0.4032659521494D-10
-0.5131434278228D-10-0.6529149916366D-10-0.8306968559388D-10-0.1056811938323D-09
-0.1344336875554D-09-0.1709926654931D-09-0.2174693292010D-09-0.2765449719439D-09
-0.3516203000093D-09-0.4470096954709D-09-0.5681850470678D-09-0.7220781496428D-09
-0.9174732635408D-09-0.1165493253408D-08-0.1480214950664D-08-0.1879443285985D-08
-0.2385688259989D-08-0.3027384164672D-08-0.3840429828523D-08-0.4870106832236D-08
-0.6173488761491D-08-0.7822445861767D-08-0.9907396843395D-08-0.1254196959166D-07
-0.1586880485699D-07-0.2006673946475D-07-0.2535969698705D-07-0.3202765517262D-07
-0.4042013602405D-07-0.5097274768187D-07-0.6422741139567D-07-0.8085698344481D-07
-0.1016951301878D-06-0.1277723844622D-06-0.1603594801968D-06-0.2010191122077D-06
-0.2516674276210D-06-0.3146465069666D-06-0.3928092351134D-06-0.4896177052920D-06
-0.6092563019777D-06-0.7567600494121D-06-0.9381585189551D-06-0.1160634542366D-05
-0.1432696276078D-05-0.1764359479396D-05-0.2167335675587D-05-0.2655219779206D-05
-0.3243669316800D-05-0.3950565790982D-05-0.4796148409018D-05-0.5803111857147D-05
-0.6996663905638D-05-0.8404549324150D-05-0.1005706200735D-04-0.1198709861078D-04
-0.1423034703345D-04-0.1682577398281D-04-0.1981666022135D-04-0.2325256939965D-04
-0.2719278840136D-04-0.3171200610892D-04-0.3690923181491D-04-0.4292127783477D-04
-0.4994241930400D-04-0.5825219838299D-04-0.6825357041819D-04-0.8052378460982D-04
-0.9588033452713D-04-0.1154640367584D-03-0.1408406719285D-03-0.1741216126073D-03
-0.2181027290519D-03-0.2764194637500D-03-0.3537155300494D-03-0.4558229302554D-03
-0.5899546600351D-03-0.7649179401249D-03-0.9913694248297D-03-0.1282152302470D-02
-0.1652783175538D-02-0.2122187565995D-02-0.2713818337915D-02-0.3457318602990D-02
