bcc Sb -- Hedin-Lundqvist LDA                                                   
INPUT  IT=213 SPIN=1 NTYPE=  2
 -3.850000  3.850000  3.850000
  3.850000 -3.850000  3.850000
  3.850000  3.850000 -3.850000
    1  435  1.700000  0.030000    1
  0.000000  0.000000  0.000000
 0.1019981871381D+03 0.1019981311650D+03 0.1019980734652D+03 0.1019980139853D+03
 0.1019979526705D+03 0.1019978894641D+03 0.1019978243080D+03 0.1019977571419D+03
 0.1019976879040D+03 0.1019976165303D+03 0.1019975429551D+03 0.1019974671105D+03
 0.1019973889264D+03 0.1019973083309D+03 0.1019972252496D+03 0.1019971396059D+03
 0.1019970513207D+03 0.1019969603127D+03 0.1019968664980D+03 0.1019967697900D+03
 0.1019966700996D+03 0.1019965673348D+03 0.1019964614010D+03 0.1019963522004D+03
 0.1019962396324D+03 0.1019961235931D+03 0.1019960039757D+03 0.1019958806698D+03
 0.1019957535618D+03 0.1019956225345D+03 0.1019954874672D+03 0.1019953482353D+03
 0.1019952047105D+03 0.1019950567605D+03 0.1019949042490D+03 0.1019947470353D+03
 0.1019945849747D+03 0.1019944179178D+03 0.1019942457105D+03 0.1019940681943D+03
 0.1019938852055D+03 0.1019936965755D+03 0.1019935021305D+03 0.1019933016913D+03
 0.1019930950732D+03 0.1019928820859D+03 0.1019926625331D+03 0.1019924362125D+03
 0.1019922029156D+03 0.1019919624275D+03 0.1019917145266D+03 0.1019914589845D+03
 0.1019911955658D+03 0.1019909240277D+03 0.1019906441203D+03 0.1019903555855D+03
 0.1019900581577D+03 0.1019897515627D+03 0.1019894355182D+03 0.1019891097331D+03
 0.1019887739072D+03 0.1019884277313D+03 0.1019880708864D+03 0.1019877030438D+03
 0.1019873238647D+03 0.1019869329998D+03 0.1019865300892D+03 0.1019861147616D+03
 0.1019856866346D+03 0.1019852453138D+03 0.1019847903927D+03 0.1019843214522D+03
 0.1019838380606D+03 0.1019833397724D+03 0.1019828261288D+03 0.1019822966566D+03
 0.1019817508681D+03 0.1019811882607D+03 0.1019806083162D+03 0.1019800105002D+03
 0.1019793942622D+03 0.1019787590347D+03 0.1019781042323D+03 0.1019774292520D+03
 0.1019767334721D+03 0.1019760162516D+03 0.1019752769298D+03 0.1019745148257D+03
 0.1019737292373D+03 0.1019729194407D+03 0.1019720846901D+03 0.1019712242164D+03
 0.1019703372269D+03 0.1019694229044D+03 0.1019684804064D+03 0.1019675088647D+03
 0.1019665073841D+03 0.1019654750417D+03 0.1019644108864D+03 0.1019633139375D+03
 0.1019621831842D+03 0.1019610175845D+03 0.1019598160641D+03 0.1019585775157D+03
 0.1019573007979D+03 0.1019559847337D+03 0.1019546281102D+03 0.1019532296768D+03
 0.1019517881444D+03 0.1019503021839D+03 0.1019487704255D+03 0.1019471914568D+03
 0.1019455638219D+03 0.1019438860200D+03 0.1019421565038D+03 0.1019403736782D+03
 0.1019385358990D+03 0.1019366414710D+03 0.1019346886467D+03 0.1019326756247D+03
 0.1019306005476D+03 0.1019284615009D+03 0.1019262565109D+03 0.1019239835426D+03
 0.1019216404984D+03 0.1019192252157D+03 0.1019167354650D+03 0.1019141689479D+03
 0.1019115232947D+03 0.1019087960627D+03 0.1019059847334D+03 0.1019030867105D+03
 0.1019000993173D+03 0.1018970197942D+03 0.1018938452962D+03 0.1018905728903D+03
 0.1018871995527D+03 0.1018837221658D+03 0.1018801375157D+03 0.1018764422888D+03
 0.1018726330689D+03 0.1018687063340D+03 0.1018646584530D+03 0.1018604856823D+03
 0.1018561841624D+03 0.1018517499139D+03 0.1018471788345D+03 0.1018424666944D+03
 0.1018376091330D+03 0.1018326016543D+03 0.1018274396231D+03 0.1018221182605D+03
 0.1018166326393D+03 0.1018109776798D+03 0.1018051481447D+03 0.1017991386344D+03
 0.1017929435817D+03 0.1017865572472D+03 0.1017799737131D+03 0.1017731868787D+03
 0.1017661904538D+03 0.1017589779533D+03 0.1017515426914D+03 0.1017438777749D+03
 0.1017359760970D+03 0.1017278303309D+03 0.1017194329227D+03 0.1017107760849D+03
 0.1017018517887D+03 0.1016926517567D+03 0.1016831674556D+03 0.1016733900881D+03
 0.1016633105850D+03 0.1016529195967D+03 0.1016422074847D+03 0.1016311643130D+03
 0.1016197798390D+03 0.1016080435041D+03 0.1015959444243D+03 0.1015834713802D+03
 0.1015706128073D+03 0.1015573567852D+03 0.1015436910273D+03 0.1015296028698D+03
 0.1015150792604D+03 0.1015001067471D+03 0.1014846714659D+03 0.1014687591294D+03
 0.1014523550138D+03 0.1014354439466D+03 0.1014180102936D+03 0.1014000379453D+03
 0.1013815103036D+03 0.1013624102680D+03 0.1013427202208D+03 0.1013224220133D+03
 0.1013014969506D+03 0.1012799257764D+03 0.1012576886578D+03 0.1012347651696D+03
 0.1012111342780D+03 0.1011867743250D+03 0.1011616630109D+03 0.1011357773783D+03
 0.1011090937951D+03 0.1010815879364D+03 0.1010532347682D+03 0.1010240085286D+03
 0.1009938827110D+03 0.1009628300452D+03 0.1009308224801D+03 0.1008978311647D+03
 0.1008638264305D+03 0.1008287777728D+03 0.1007926538325D+03 0.1007554223774D+03
 0.1007170502850D+03 0.1006775035230D+03 0.1006367471326D+03 0.1005947452101D+03
 0.1005514608896D+03 0.1005068563257D+03 0.1004608926772D+03 0.1004135300904D+03
 0.1003647276831D+03 0.1003144435301D+03 0.1002626346479D+03 0.1002092569811D+03
 0.1001542653897D+03 0.1000976136361D+03 0.1000392543746D+03 0.9997913914089D+02
 0.9991721834282D+02 0.9985344125271D+02 0.9978775600060D+02 0.9972010956891D+02
 0.9965044778859D+02 0.9957871533669D+02 0.9950485573550D+02 0.9942881135330D+02
 0.9935052340674D+02 0.9926993196498D+02 0.9918697595554D+02 0.9910159317181D+02
 0.9901372028249D+02 0.9892329284261D+02 0.9883024530636D+02 0.9873451104157D+02
 0.9863602234571D+02 0.9853471046352D+02 0.9843050560592D+02 0.9832333697015D+02
 0.9821313276103D+02 0.9809982021298D+02 0.9798332561270D+02 0.9786357432214D+02
 0.9774049080154D+02 0.9761399863204D+02 0.9748402053777D+02 0.9735047840665D+02
 0.9721329330984D+02 0.9707238551910D+02 0.9692767452175D+02 0.9677907903270D+02
 0.9662651700305D+02 0.9646990562481D+02 0.9630916133128D+02 0.9614419979260D+02
 0.9597493590628D+02 0.9580128378208D+02 0.9562315672145D+02 0.9544046719106D+02
 0.9525312679068D+02 0.9506104621559D+02 0.9486413521394D+02 0.9466230253973D+02
 0.9445545590241D+02 0.9424350191423D+02 0.9402634603718D+02 0.9380389253117D+02
 0.9357604440627D+02 0.9334270338133D+02 0.9310376985280D+02 0.9285914287678D+02
 0.9260872016916D+02 0.9235239812746D+02 0.9209007188002D+02 0.9182163536633D+02
 0.9154698145464D+02 0.9126600209999D+02 0.9097858854817D+02 0.9068463158719D+02
 0.9038402184949D+02 0.9007665016291D+02 0.8976240794946D+02 0.8944118766381D+02
 0.8911288326385D+02 0.8877739069646D+02 0.8843460838211D+02 0.8808443767097D+02
 0.8772678324515D+02 0.8736155343075D+02 0.8698866038970D+02 0.8660802015277D+02
 0.8621955247036D+02 0.8582318045471D+02 0.8541883001408D+02 0.8500642908393D+02
 0.8458590669866D+02 0.8415719195562D+02 0.8372021295352D+02 0.8327489581704D+02
 0.8282116390880D+02 0.8235893733508D+02 0.8188813285518D+02 0.8140866424358D+02
 0.8092044315952D+02 0.8042338048710D+02 0.7991738812114D+02 0.7940238107673D+02
 0.7887827983363D+02 0.7834501274283D+02 0.7780251839137D+02 0.7725074774283D+02
 0.7668966598371D+02 0.7611925391966D+02 0.7553950890734D+02 0.7495044521370D+02
 0.7435209385177D+02 0.7374450182564D+02 0.7312773090632D+02 0.7250185589735D+02
 0.7186696257978D+02 0.7122314532238D+02 0.7057050460084D+02 0.6990914443105D+02
 0.6923917002006D+02 0.6856068562708D+02 0.6787379299847D+02 0.6717859033167D+02
 0.6647517215692D+02 0.6576363001857D+02 0.6504405432948D+02 0.6431653712026D+02
 0.6358117598977D+02 0.6283807871752D+02 0.6208736869328D+02 0.6132919027767D+02
 0.6056371406415D+02 0.5979114080734D+02 0.5901170394565D+02 0.5822566938121D+02
 0.5743333285812D+02 0.5663501406277D+02 0.5583104886115D+02 0.5502177976967D+02
 0.5420754734716D+02 0.5338868322128D+02 0.5256550760052D+02 0.5173833128113D+02
 0.5090746342427D+02 0.5007322322845D+02 0.4923595477547D+02 0.4839604176741D+02
 0.4755392115825D+02 0.4671009229495D+02 0.4586512164838D+02 0.4501964095386D+02
 0.4417434014950D+02 0.4332995410250D+02 0.4248724542578D+02 0.4164698307247D+02
 0.4080991940936D+02 0.3997676577404D+02 0.3914816926512D+02 0.3832469088403D+02
 0.3750678761660D+02 0.3669479854880D+02 0.3588893729453D+02 0.3508929065755D+02
 0.3429582530535D+02 0.3350840201830D+02 0.3272679845876D+02 0.3195073934425D+02
 0.3117993352152D+02 0.3041411550808D+02 0.2965308849884D+02 0.2889676413815D+02
 0.2814519251348D+02 0.2739857555701D+02 0.2665725560650D+02 0.2592167564025D+02
 0.2519231104704D+02 0.2446958474946D+02 0.2375378394224D+02 0.2304500289787D+02
 0.2234312954763D+02 0.2164788561956D+02 0.2095890447685D+02 0.2027583163416D+02
 0.1959841643805D+02 0.1892658576364D+02 0.1826048206348D+02 0.1760047558273D+02
 0.1694714577998D+02 0.1630125044083D+02 0.1566367758572D+02 0.1503539946330D+02
 0.1441741907792D+02 0.1381072777403D+02 0.1321626011592D+02 0.1263486414857D+02
 0.1206727067699D+02 0.1151407939252D+02 0.1097574342616D+02 0.1045257077461D+02
 0.9944722077453D+01 0.9452224167337D+01 0.8974976889235D+01 0.8512774672629D+01
 0.8065318325236D+01 0.7632241995605D+01 0.7213127801967D+01 0.6807536977196D+01
 0.6415027428300D+01 0.6035183671277D+01 0.5667622466989D+01 0.5312003676680D+01
 0.4967999893262D+01 0.4635274150166D+01 0.4313436542467D+01 0.4002070223132D+01
 0.3700812751528D+01 0.3409569382636D+01 0.3128752521486D+01
    2  435  1.000000  0.030000    3
  0.000000  0.500000  0.500000
  0.500000  0.500000  0.000000
  0.500000  0.000000  0.500000
 0.1999996335843D+01 0.1999996224250D+01 0.1999996109260D+01 0.1999995990767D+01
 0.1999995868666D+01 0.1999995742846D+01 0.1999995613194D+01 0.1999995479593D+01
 0.1999995341924D+01 0.1999995200062D+01 0.1999995053880D+01 0.1999994903245D+01
 0.1999994748023D+01 0.1999994588074D+01 0.1999994423254D+01 0.1999994253413D+01
 0.1999994078401D+01 0.1999993898058D+01 0.1999993712223D+01 0.1999993520728D+01
 0.1999993323401D+01 0.1999993120065D+01 0.1999992910536D+01 0.1999992694626D+01
 0.1999992472140D+01 0.1999992242878D+01 0.1999992006635D+01 0.1999991763196D+01
 0.1999991512343D+01 0.1999991253851D+01 0.1999990987486D+01 0.1999990713009D+01
 0.1999990430172D+01 0.1999990138722D+01 0.1999989838396D+01 0.1999989528923D+01
 0.1999989210025D+01 0.1999988881415D+01 0.1999988542797D+01 0.1999988193866D+01
 0.1999987834309D+01 0.1999987463801D+01 0.1999987082010D+01 0.1999986688590D+01
 0.1999986283189D+01 0.1999985865442D+01 0.1999985434971D+01 0.1999984991391D+01
 0.1999984534301D+01 0.1999984063291D+01 0.1999983577935D+01 0.1999983077798D+01
 0.1999982562429D+01 0.1999982031365D+01 0.1999981484126D+01 0.1999980920221D+01
 0.1999980339142D+01 0.1999979740367D+01 0.1999979123355D+01 0.1999978487552D+01
 0.1999977832385D+01 0.1999977157265D+01 0.1999976461583D+01 0.1999975744715D+01
 0.1999975006013D+01 0.1999974244814D+01 0.1999973460433D+01 0.1999972652162D+01
 0.1999971819276D+01 0.1999970961023D+01 0.1999970076631D+01 0.1999969165305D+01
 0.1999968226224D+01 0.1999967258542D+01 0.1999966261389D+01 0.1999965233867D+01
 0.1999964175051D+01 0.1999963083988D+01 0.1999961959696D+01 0.1999960801162D+01
 0.1999959607344D+01 0.1999958377168D+01 0.1999957109525D+01 0.1999955803276D+01
 0.1999954457243D+01 0.1999953070215D+01 0.1999951640944D+01 0.1999950168143D+01
 0.1999948650486D+01 0.1999947086608D+01 0.1999945475100D+01 0.1999943814511D+01
 0.1999942103347D+01 0.1999940340067D+01 0.1999938523085D+01 0.1999936650764D+01
 0.1999934721418D+01 0.1999932733312D+01 0.1999930684655D+01 0.1999928573603D+01
 0.1999926398256D+01 0.1999924156655D+01 0.1999921846783D+01 0.1999919466560D+01
 0.1999917013842D+01 0.1999914486423D+01 0.1999911882027D+01 0.1999909198308D+01
 0.1999906432852D+01 0.1999903583168D+01 0.1999900646691D+01 0.1999897620778D+01
 0.1999894502703D+01 0.1999891289661D+01 0.1999887978758D+01 0.1999884567013D+01
 0.1999881051355D+01 0.1999877428619D+01 0.1999873695542D+01 0.1999869848765D+01
 0.1999865884823D+01 0.1999861800148D+01 0.1999857591062D+01 0.1999853253775D+01
 0.1999848784383D+01 0.1999844178861D+01 0.1999839433062D+01 0.1999834542713D+01
 0.1999829503411D+01 0.1999824310619D+01 0.1999818959660D+01 0.1999813445718D+01
 0.1999807763826D+01 0.1999801908868D+01 0.1999795875573D+01 0.1999789658507D+01
 0.1999783252072D+01 0.1999776650500D+01 0.1999769847845D+01 0.1999762837981D+01
 0.1999755614596D+01 0.1999748171184D+01 0.1999740501044D+01 0.1999732597266D+01
 0.1999724452733D+01 0.1999716060111D+01 0.1999707411839D+01 0.1999698500130D+01
 0.1999689316958D+01 0.1999679854050D+01 0.1999670102884D+01 0.1999660054677D+01
 0.1999649700379D+01 0.1999639030662D+01 0.1999628035916D+01 0.1999616706238D+01
 0.1999605031420D+01 0.1999593000947D+01 0.1999580603981D+01 0.1999567829353D+01
 0.1999554665555D+01 0.1999541100728D+01 0.1999527122650D+01 0.1999512718727D+01
 0.1999497875983D+01 0.1999482581042D+01 0.1999466820124D+01 0.1999450579026D+01
 0.1999433843114D+01 0.1999416597307D+01 0.1999398826062D+01 0.1999380513364D+01
 0.1999361642710D+01 0.1999342197091D+01 0.1999322158981D+01 0.1999301510319D+01
 0.1999280232492D+01 0.1999258306320D+01 0.1999235712038D+01 0.1999212429276D+01
 0.1999188437045D+01 0.1999163713712D+01 0.1999138236986D+01 0.1999111983896D+01
 0.1999084930768D+01 0.1999057053206D+01 0.1999028326069D+01 0.1998998723449D+01
 0.1998968218646D+01 0.1998936784144D+01 0.1998904391589D+01 0.1998871011758D+01
 0.1998836614537D+01 0.1998801168891D+01 0.1998764642838D+01 0.1998727003419D+01
 0.1998688216664D+01 0.1998648247571D+01 0.1998607060062D+01 0.1998564616961D+01
 0.1998520879951D+01 0.1998475809548D+01 0.1998429365056D+01 0.1998381504538D+01
 0.1998332184773D+01 0.1998281361216D+01 0.1998228987962D+01 0.1998175017700D+01
 0.1998119401670D+01 0.1998062089621D+01 0.1998003029764D+01 0.1997942168722D+01
 0.1997879451486D+01 0.1997814821361D+01 0.1997748219915D+01 0.1997679586926D+01
 0.1997608860326D+01 0.1997535976146D+01 0.1997460868455D+01 0.1997383469300D+01
 0.1997303708646D+01 0.1997221514307D+01 0.1997136811885D+01 0.1997049524697D+01
 0.1996959573706D+01 0.1996866877451D+01 0.1996771351966D+01 0.1996672910710D+01
 0.1996571464480D+01 0.1996466921332D+01 0.1996359186497D+01 0.1996248162291D+01
 0.1996133748027D+01 0.1996015839918D+01 0.1995894330985D+01 0.1995769110955D+01
 0.1995640066160D+01 0.1995507079429D+01 0.1995370029984D+01 0.1995228793319D+01
 0.1995083241095D+01 0.1994933241009D+01 0.1994778656679D+01 0.1994619347512D+01
 0.1994455168574D+01 0.1994285970452D+01 0.1994111599118D+01 0.1993931895780D+01
 0.1993746696736D+01 0.1993555833217D+01 0.1993359131228D+01 0.1993156411389D+01
 0.1992947488758D+01 0.1992732172660D+01 0.1992510266508D+01 0.1992281567610D+01
 0.1992045866985D+01 0.1991802949158D+01 0.1991552591954D+01 0.1991294566292D+01
 0.1991028635959D+01 0.1990754557390D+01 0.1990472079430D+01 0.1990180943093D+01
 0.1989880881317D+01 0.1989571618700D+01 0.1989252871240D+01 0.1988924346058D+01
 0.1988585741113D+01 0.1988236744911D+01 0.1987877036200D+01 0.1987506283658D+01
 0.1987124145569D+01 0.1986730269491D+01 0.1986324291906D+01 0.1985905837867D+01
 0.1985474520626D+01 0.1985029941256D+01 0.1984571688251D+01 0.1984099337125D+01
 0.1983612449985D+01 0.1983110575099D+01 0.1982593246442D+01 0.1982059983234D+01
 0.1981510289456D+01 0.1980943653350D+01 0.1980359546907D+01 0.1979757425334D+01
 0.1979136726500D+01 0.1978496870370D+01 0.1977837258411D+01 0.1977157272986D+01
 0.1976456276719D+01 0.1975733611848D+01 0.1974988599544D+01 0.1974220539215D+01
 0.1973428707783D+01 0.1972612358936D+01 0.1971770722355D+01 0.1970903002911D+01
 0.1970008379838D+01 0.1969086005878D+01 0.1968135006388D+01 0.1967154478429D+01
 0.1966143489811D+01 0.1965101078110D+01 0.1964026249656D+01 0.1962917978474D+01
 0.1961775205201D+01 0.1960596835954D+01 0.1959381741168D+01 0.1958128754385D+01
 0.1956836671013D+01 0.1955504247029D+01 0.1954130197644D+01 0.1952713195918D+01
 0.1951251871357D+01 0.1949744808392D+01 0.1948190544883D+01 0.1946587570529D+01
 0.1944934325234D+01 0.1943229197423D+01 0.1941470522295D+01 0.1939656580019D+01
 0.1937785593876D+01 0.1935855728333D+01 0.1933865087057D+01 0.1931811710868D+01
 0.1929693575618D+01 0.1927508590016D+01 0.1925254593368D+01 0.1922929353267D+01
 0.1920530563188D+01 0.1918055840038D+01 0.1915502721604D+01 0.1912868663959D+01
 0.1910151038757D+01 0.1907347130487D+01 0.1904454133621D+01 0.1901469149718D+01
 0.1898389184409D+01 0.1895211144360D+01 0.1891931834100D+01 0.1888547952835D+01
 0.1885056091130D+01 0.1881452727578D+01 0.1877734225336D+01 0.1873896828670D+01
 0.1869936659350D+01 0.1865849713079D+01 0.1861631855764D+01 0.1857278819855D+01
 0.1852786200507D+01 0.1848149451851D+01 0.1843363883081D+01 0.1838424654682D+01
 0.1833326774478D+01 0.1828065093867D+01 0.1822634303859D+01 0.1817028931379D+01
 0.1811243335349D+01 0.1805271703117D+01 0.1799108046650D+01 0.1792746199173D+01
 0.1786179811540D+01 0.1779402349184D+01 0.1772407088762D+01 0.1765187115522D+01
 0.1757735320333D+01 0.1750044397601D+01 0.1742106842813D+01 0.1733914951164D+01
 0.1725460815750D+01 0.1716736327087D+01 0.1707733172138D+01 0.1698442834919D+01
 0.1688856596536D+01 0.1678965537153D+01 0.1668760537224D+01 0.1658232281075D+01
 0.1647371259615D+01 0.1636167775792D+01 0.1624611949043D+01 0.1612693722988D+01
 0.1600402871845D+01 0.1587729010766D+01 0.1574661604529D+01 0.1561189980847D+01
 0.1547303341696D+01 0.1532990780081D+01 0.1518241294242D+01 0.1503043808359D+01
 0.1487387190087D+01 0.1471260275664D+01 0.1454651891080D+01 0.1437550882307D+01
 0.1419946140537D+01 0.1401826638081D+01 0.1383181458232D+01 0.1363999837779D+01
 0.1344271201876D+01 0.1323985214128D+01 0.1303131817341D+01 0.1281701292178D+01
 0.1259684304346D+01 0.1237071973337D+01 0.1213855926702D+01 0.1190028379808D+01
 0.1165582197897D+01 0.1140510987698D+01 0.1114809166808D+01 0.1088472067897D+01
 0.1061496013821D+01 0.1033878433757D+01 0.1005617942293D+01 0.9767144657606D+00
 0.9471693229472D+00 0.9169853618919D+00 0.8861670410168D+00 0.8547205804440D+00
 0.8226540494422D+00 0.7899775437756D+00 0.7567032941445D+00 0.7228458926978D+00
 0.6884224436536D+00 0.6534528652363D+00 0.6179601006502D+00 0.5819705048094D+00
 0.5455141037696D+00 0.5086250388068D+00 0.4713418148416D+00 0.4337077385408D+00
 0.3957710917589D+00 0.3575855409741D+00 0.3192102801244D+00
  596
-0.6141554166055D+00-0.2922595721474D-32-0.5682612491921D+01 0.1366406680388D-17
-0.2449846208551D+01 0.6423051923795D-20-0.4535987983924D+01-0.2566548970073D-17
-0.2515993582081D+01-0.6571946659041D-20-0.2495600854885D+01 0.2416219515346D-17
-0.1033001350844D+01-0.1426908260218D-19-0.3160380432056D+01 0.6206155641855D-18
-0.5079360864305D+00 0.2201179230890D-19-0.1043090071493D+01-0.3574753997684D-17
-0.5131407239547D+00 0.1117262085833D-17-0.1436341350638D+01 0.1772340464755D-19
-0.7000055574193D+00 0.9689826586251D-18-0.1046345413974D+01-0.2602907351232D-19
-0.9742482662625D+00-0.3256311515649D-17-0.4849611581576D+00 0.1861857835136D-17
-0.6802455891414D+00 0.2051620638164D-17-0.2979864152278D+00-0.2306359641061D-19
-0.2418572242853D+00-0.6880345191448D-18-0.2411199828575D+00 0.1771945477359D-17
-0.4613865801304D+00-0.6486813786184D-19-0.1152824526894D+00 0.3803531693117D-19
-0.3406573583606D+00 0.2279815972147D-17-0.1694215963164D+00-0.2913534730654D-17
-0.3614507115714D+00 0.8272983759232D-19-0.2380848394627D+00-0.5230929996958D-18
-0.2862012509088D+00 0.3467755011935D-19-0.1639889480949D+00-0.3790736002271D-17
-0.7603901292935D-01-0.2719590302804D-19-0.1095559490841D+00 0.1213407369291D-18
-0.2737483479566D-01 0.7364496444717D-18-0.5478865832308D-01 0.1245151210921D-17
-0.1833103479633D+00-0.2894682523771D-19-0.3474408636483D-01-0.1240906975232D-17
-0.3478027517376D-01 0.1080304121856D-17-0.6971090731417D-01 0.1773516435124D-17
-0.2965626887703D+00-0.8541485259988D-19-0.1999801106620D-01 0.1202802164542D-17
-0.1865800974909D-01 0.1802352691385D-17-0.1884900675209D-01-0.1676240376622D-17
-0.2463411728663D-01 0.4605485236880D-19-0.1712646101883D-02 0.3281768054207D-18
-0.3419528112244D-02 0.4153971293952D-18-0.1729770823164D-02-0.1950078961486D-17
-0.8125784499293D-01-0.6230837021554D-19-0.8109487208252D-01 0.1274191554957D-18
 0.7433240875714D-02-0.1060536942166D-17-0.6715670122643D-01 0.8519417892277D-19
-0.3363010156776D-01-0.3724570397265D-19 0.1485709899366D-01 0.6126094247934D-18
 0.1489775262671D-01-0.2869523683004D-17 0.7465718625376D-02 0.1035878169804D-17
-0.5608018643211D-01-0.7111041002868D-19 0.1969145202033D-01 0.1640776275250D-17
-0.4704114113492D-01 0.1632490697419D-19 0.1124613528916D-01-0.1060697872874D-17
 0.1134930334232D-01 0.7123843293913D-18-0.7957959251198D-01 0.4734436720763D-20
 0.1191642396721D-01-0.1825676212830D-18 0.2387661929492D-01-0.4747821859074D-18
 0.2405030466592D-01 0.1115267359500D-17-0.3395690644260D-01-0.6055224904195D-19
 0.2420700972490D-01 0.7442136825243D-18 0.2424786894414D-01-0.1587233612494D-17
 0.1216244453634D-01 0.6951680235331D-18 0.2381415085191D-01-0.2346127939285D-18
 0.2390404404899D-01 0.1115061959828D-17-0.2523054465067D-01-0.2441134054586D-19
 0.2292984111594D-01-0.1174028984734D-17 0.2299997332471D-01 0.4712443714585D-18
 0.5733189791125D-02 0.3771965370689D-18-0.2201176842656D-01-0.5787053614314D-19
-0.5491921789887D-02 0.4268945055147D-19 0.1085360150292D-01 0.6216675935457D-18
 0.1090468529637D-01-0.1105722662627D-17-0.3867588702533D-01-0.1048690436614D-18
-0.1931178437922D-01 0.1305398050206D-18 0.2032548698083D-01 0.5304275696569D-18
 0.1015968164407D-01 0.6121603049156D-18-0.5700508594726D-02-0.1462083663274D-19
-0.1708321215573D-01 0.9918914018897D-19 0.1880247797316D-01 0.3367763078634D-19
 0.1881749683842D-01 0.1010779715696D-17 0.1884039401821D-01-0.1711481929820D-17
 0.8649711386528D-02-0.3198115561846D-18 0.8652454338848D-02 0.3326577254356D-18
 0.1730900172679D-01-0.6706088824174D-18-0.2714725579953D-01-0.7903201288712D-19
-0.1357255620136D-01 0.4486281553349D-19 0.7916379241651D-02-0.6645957245695D-18
 0.1583480930853D-01-0.3202986481739D-19-0.2434734959598D-01 0.6448159747741D-19
 0.1442757654538D-01 0.5438601261677D-18 0.1443410889106D-01-0.4864209720889D-18
 0.7194607702301D-02 0.3399460807985D-18 0.1311360034282D-01 0.5219979567489D-19
 0.1310069679840D-01-0.1032347778983D-17 0.1306717584680D-01 0.5536210868382D-18
-0.4930769365292D-02-0.3500634688846D-19 0.5947747906788D-02 0.4553346213612D-18
 0.5925701970564D-02 0.3348956923618D-18-0.8912798326324D-02 0.5229378303810D-20
-0.8903244819162D-02-0.5938636061151D-19 0.5396062814310D-02 0.8231548992200D-19
 0.1076349838990D-01-0.8050875059263D-18 0.1077469007056D-01 0.7686736602471D-18
 0.1073134947226D-01 0.5539716459389D-18-0.8041851608644D-02-0.2545282620422D-19
-0.8055428013123D-02-0.2385651775048D-19 0.9766553263347D-02-0.2467022575393D-18
 0.9708456327521D-02 0.2796981083479D-18-0.1457472732736D-01-0.4300160034894D-19
 0.8828512105109D-02 0.1373523063286D-18-0.6586823673435D-02-0.3571044284266D-19
-0.1657311392830D-02 0.3078625009940D-19 0.7978665947248D-02 0.4499273536823D-18
 0.7941502052301D-02 0.2992498795532D-18 0.7973788652806D-02-0.2140876673137D-18
 0.3970929717003D-02 0.2987226693965D-18 0.3951400887359D-02-0.5231549507821D-18
-0.6004231853562D-02 0.9886294614022D-19 0.3600497468476D-02-0.2446694405870D-18
 0.7175747440165D-02 0.5033408471975D-18 0.7195245341841D-02-0.4878265312027D-18
-0.1082646772913D-01-0.3223312208250D-19-0.5440588691835D-02 0.7931391400422D-19
 0.6504004171206D-02-0.1444152273274D-18 0.6447666905521D-02-0.8235492884322D-18
 0.5854470894674D-02-0.3804433106668D-18 0.5838036233224D-02 0.4844210517696D-19
-0.4476903830100D-02 0.4513886899190D-19 0.2641072867762D-02-0.3683787609879D-19
 0.5254268396405D-02 0.2923803995301D-18 0.2615963917357D-02-0.3250130634062D-18
 0.1316073277384D-02 0.1380667310185D-18-0.4044028640524D-02-0.1416815391540D-19
-0.8133868449976D-02 0.7201293479752D-19-0.4053127065213D-02-0.4705106511891D-19
 0.4734424475210D-02 0.1570707292518D-18 0.4714082198125D-02 0.7695306518322D-19
 0.2362125446127D-02 0.2362013318748D-18-0.7377172268688D-02-0.7843804495597D-19
 0.4231097531440D-02-0.5611638229422D-19 0.4202357805726D-02-0.5088753099672D-18
 0.2106947553973D-02 0.2227352217820D-18 0.2092552436322D-02 0.1291859088366D-18
-0.3360713734061D-02-0.1067304520503D-19 0.3764077707405D-02-0.2297555217681D-18
 0.3754952894974D-02 0.3803507087940D-18 0.3732737483224D-02 0.2126557346407D-18
-0.3078606977934D-02 0.1569000246713D-19 0.1668245406597D-02 0.1449439639191D-18
 0.3321842473568D-02-0.4034150478949D-18 0.1656239878431D-02 0.1285963929629D-18
-0.5624593968446D-02-0.4372164699331D-19-0.2818164280914D-02-0.1428051217362D-20
 0.2936453099331D-02 0.1000662842777D-18 0.2935184507798D-02-0.1796847204571D-18
 0.2923781700643D-02 0.2145487709009D-18-0.5169263102212D-02-0.3149936720502D-20
 0.2571229802196D-02 0.2319513981584D-18 0.2568708478134D-02-0.5038286547615D-19
 0.2563748232834D-02 0.1125657816025D-18 0.2233666013182D-02-0.1385049298544D-18
-0.7290706431051D-03-0.8732527021354D-21 0.1926938281210D-02 0.1792482616806D-20
 0.9617242939249D-03-0.1259556028614D-18 0.1923953258202D-02-0.2681832573044D-19
 0.1923929367819D-02 0.1200390338728D-18 0.1922512281026D-02-0.2441707316546D-18
 0.9617477857980D-03 0.1150269777071D-18-0.4043550487231D-02-0.3952696840858D-20
-0.5052658115048D-03 0.1667691001312D-19 0.8212238554286D-03-0.5247186045250D-19
 0.8213755503948D-03 0.5818689823820D-19 0.1642678012355D-02 0.1947055211251D-18
 0.8216665573327D-03-0.1961332848930D-18-0.3741250407633D-02-0.1310447748625D-19
-0.9357236453378D-03-0.1838352241296D-19-0.1868750905689D-02 0.5476510860106D-19
 0.1384340666794D-02-0.1942072749888D-18 0.6920542820524D-03 0.1316023898461D-18
-0.1734101701926D-02-0.3024308411742D-19-0.1730774317690D-02 0.4495708327888D-19
 0.1152686088612D-02 0.9187718894275D-19 0.1151662664717D-02-0.8089703583428D-19
 0.1152227946390D-02 0.2260436907974D-18 0.1154983881127D-02 0.2711825166659D-19
 0.1157399090010D-02-0.3064700177488D-18-0.1607901413197D-02-0.2066298271047D-19
 0.9443354082770D-03 0.7196961994725D-21 0.9478421521533D-03 0.1151394331963D-18
-0.2984457272038D-02-0.3401073220305D-19-0.1489267523322D-02 0.2809369260496D-19
 0.7634429081403D-03 0.3680654794118D-19 0.3830244082328D-03-0.1198856574939D-18
-0.1384867536303D-02-0.2353840531711D-20-0.1385672826585D-02-0.1587091607832D-19
-0.2764325587357D-02 0.4611167523697D-19 0.5991929702311D-03-0.1215113727584D-18
 0.5986042496414D-03 0.1406346489147D-18 0.3008915558921D-03 0.8347189104917D-19
 0.4615355019835D-03 0.1423880361435D-18 0.4586090254096D-03-0.5087876677135D-19
 0.4635356853770D-03-0.1845738805246D-18-0.2380569444638D-02-0.1798673890446D-19
 0.1690604510496D-03 0.9357121383864D-20 0.3398802801969D-03-0.8824912584385D-19
 0.1736323837905D-03 0.3540563723743D-19-0.1101660656983D-02 0.6742981605672D-21
-0.1099064894119D-02 0.1180637803682D-19 0.2383026312936D-03-0.3405175996996D-19
 0.2411198465401D-03 0.4242271903827D-19 0.2391884577836D-03-0.3768101510770D-19
 0.2426505918117D-03-0.1445898391432D-18 0.2455120473539D-03 0.5744218442691D-19
-0.1014216014813D-02 0.4631635614321D-20 0.1566150775543D-03 0.1435705822300D-19
 0.1585270725578D-03 0.8654717465728D-19 0.1574240910715D-03-0.6993583310250D-19
 0.1586143978001D-03-0.9624346838108D-20 0.8090145401629D-04 0.3551061981437D-19
-0.9346833210179D-03-0.3548232685191D-20-0.1866405365195D-02 0.7638858168422D-20
 0.9113896231834D-04 0.5877283600050D-19 0.9452520741751D-04 0.5848276404886D-19
 0.2025778993329D-04-0.2895908146326D-19 0.4128580672130D-04-0.2264076515044D-20
 0.1023484922219D-04 0.2878522645627D-19 0.4228195609382D-04 0.2881104666628D-19
-0.1562768947996D-02-0.4420039331203D-20-0.7812871133893D-03-0.1743422522032D-19
 0.3103674276698D-05-0.1988369659590D-19 0.1786835698650D-05-0.4352426096178D-19
 0.1670027527034D-05 0.4918871316256D-19 0.3600176594906D-05-0.8252401105752D-19
-0.1418871508163D-02 0.3928549702154D-20-0.1418920218346D-02-0.2830292338924D-19
-0.2256863534321D-04-0.4300175471190D-19-0.2311850434800D-04 0.3126777711755D-19
-0.1127973300562D-04 0.4502955708851D-19-0.1149097331547D-04 0.3095088337896D-19
-0.3830346627777D-04 0.3439772773897D-19-0.3882254015366D-04-0.6442547451937D-19
-0.3837156661945D-04 0.7654530444781D-19-0.3949538976351D-04 0.5158998634602D-19
-0.1441699454072D-03 0.5910921265695D-20-0.4550772134092D-04 0.5096664028888D-20
-0.2254914596611D-04 0.3001810760750D-19-0.2489380457579D-04-0.5014778528552D-19
-0.1024021642469D-02-0.1413240370188D-19-0.5126201404314D-03-0.5313171143549D-20
-0.5144333185082D-03 0.1934050620150D-19-0.2238566874710D-04-0.4470334592194D-20
-0.4804498793996D-04 0.5934922770978D-20-0.4522117772079D-03 0.1580470650124D-20
-0.9065086207121D-03-0.8518344868206D-20-0.4552489722522D-03 0.1579030193060D-19
-0.3917816974357D-04 0.1245424290625D-19-0.4024727074161D-04 0.4586474077327D-19
-0.4283158703079D-04 0.2890331513459D-19-0.3995723517931D-04-0.2218102438303D-19
-0.4553883792644D-04-0.7473240403261D-19-0.3971124793438D-03 0.2894161602632D-21
-0.2944355877221D-04-0.6586268348158D-20-0.3165587619144D-04-0.3804426713509D-19
-0.3341633059897D-04 0.8687755734136D-20-0.3064051041643D-04-0.1068046934357D-19
-0.3433393596373D-03 0.5662923217602D-21-0.3466363822688D-03 0.9945730323389D-20
-0.1702906516084D-04-0.1924225906998D-19-0.1732262477634D-04-0.1702167639932D-19
-0.1173439882260D-04-0.2765451169902D-19-0.1038990580650D-04 0.2001594958573D-19
-0.5906952402707D-03-0.4078793071422D-20-0.5950380846487D-03 0.1612602759199D-19
-0.1133739077972D-05 0.1194925661401D-19-0.3457410412294D-05-0.7102994429728D-20
-0.6405772675761D-05 0.3322885520264D-19-0.4657727623954D-05-0.2472367725837D-19
-0.4978448988698D-03-0.2730957923253D-20 0.1230839172981D-04 0.6482926457146D-20
 0.6547296359922D-05-0.3962844678881D-19 0.2742302069849D-04 0.1747457311494D-19
 0.2444229007556D-04 0.9420324810298D-20 0.2617118217495D-04-0.1877339763026D-19
-0.1722427702695D-03 0.4006848796209D-20-0.8494176326807D-04-0.3503613267581D-20
 0.4218457597792D-04-0.9481760797567D-20 0.3916456819212D-04 0.1825665848078D-19
 0.3696458512749D-04-0.2864118976557D-19 0.3898387208990D-04-0.2014572026404D-20
 0.2063599590341D-04 0.1511549652955D-19 0.1723622045478D-04 0.5053543809466D-20
-0.1360223014692D-03-0.5485087042857D-20-0.1380182809861D-03 0.2220829453054D-20
 0.2697427264609D-04-0.7637709412934D-20 0.5477288737216D-04-0.2780401074907D-20
 0.5412469916443D-04 0.2484256891684D-19 0.4834075128536D-04 0.7631910730936D-20
-0.2116766467260D-03-0.7300085707406D-21-0.2148675456330D-03 0.3541221040710D-20
-0.1059068476797D-03-0.4176977770177D-20 0.6410176736561D-04-0.2606868834092D-21
 0.3028819478675D-04 0.4814646923301D-20-0.2613068988569D-04 0.4489060167122D-21
-0.1587536324195D-03-0.6434972066413D-20 0.7530641597439D-04-0.8037522453580D-21
 0.7410953342570D-04-0.9951481250085D-20 0.7042516533004D-04 0.7350174282203D-20
-0.5631521024314D-04-0.2371926735425D-20 0.4046390937093D-04-0.2496923076977D-20
 0.4059890575555D-04 0.2242023291907D-20 0.8053946732462D-04 0.1294554514218D-19
 0.3953718530665D-04-0.6788549189615D-20 0.7916822577893D-04-0.1261647475004D-19
 0.4010677618089D-04 0.7427955763367D-20 0.7778946792492D-04 0.2843381050636D-20
-0.7286626089623D-04 0.9889348137417D-21-0.7455892186749D-04 0.1629443724118D-20
 0.8428036115057D-04 0.5458524519521D-20 0.8416178804104D-04 0.1165082911335D-19
-0.4091502761416D-04-0.2590514476874D-20 0.8532292297267D-04 0.2836607458113D-20
 0.8555451687935D-04-0.3036836465049D-20 0.8561566956049D-04 0.9120947780072D-21
 0.8552030652657D-04-0.8207645542318D-20 0.8577478172642D-04-0.2621500134478D-20
 0.8510796495341D-04 0.2873251899774D-20 0.4233902522127D-04 0.3176287279212D-20
 0.8432860356486D-04-0.3477886671793D-21 0.8404057343221D-04-0.3130536724841D-20
 0.8453741350913D-04 0.4642324214278D-20 0.3358259507252D-05-0.3468757709735D-21
 0.8092987706962D-04 0.4831107060306D-20 0.8045882347822D-04-0.1538843869918D-20
 0.1080705405665D-04 0.7335532423692D-22 0.1091657285954D-04-0.2777183926513D-21
 0.2341997765147D-04-0.4575264149803D-21 0.2870337505206D-05 0.5296712387875D-21
 0.7545649893429D-04-0.2306334499085D-20 0.7499069588733D-04 0.2813999312399D-20
 0.7465570705799D-04-0.1765502811622D-20 0.7510495769527D-04-0.8013185509480D-21
 0.7800270949376D-04 0.1235264374676D-21 0.3931052411462D-04-0.3052292417543D-20
 0.1722955124552D-04 0.1113622342533D-21 0.1781460290889D-04 0.1359234680852D-20
 0.6888316169660D-04-0.2209313096435D-20 0.7034108786640D-04 0.1302916162294D-20
 0.4001677211868D-04-0.1906126643400D-21 0.2208275392752D-04 0.7652040697810D-21
 0.5918661620262D-04-0.2254668173352D-21 0.6188043352820D-04 0.1798278406336D-21
 0.6347952926385D-04-0.2013502404890D-20 0.4531894430538D-04-0.5395393711949D-22
 0.4896307805272D-04 0.8240056137001D-22 0.4860362074784D-04-0.9149504541392D-22
 0.4970745105320D-04-0.2288077863315D-21 0.1184808564101D-04 0.1075643294944D-21
 0.2519009994769D-04 0.1587686892991D-21 0.2239362936840D-04 0.4306326734212D-22
 0.2462998150060D-04-0.4323746862373D-22 0.1845025458038D-04-0.1056308776084D-22
 0.3801351222244D-04-0.3791721759186D-21 0.3717406517772D-04 0.2697787073793D-21
 0.1920279011170D-04-0.3490495964936D-21 0.3968395146066D-04-0.5068444936650D-21
 0.2133132187761D-04 0.3927072187886D-21 0.2106882570532D-04-0.1118989720714D-21
 0.4412803648521D-04 0.5797522326302D-21 0.4752506898311D-04-0.5939893727359D-21
 0.2568454079674D-04 0.4019548327994D-21 0.2606264496810D-04 0.9330042453335D-21
 0.1348369312811D-04-0.8515489387398D-21 0.1472914889831D-04-0.7410845712876D-22
 0.1482118006661D-04 0.1800867784499D-21 0.1572770865016D-04-0.6234579442067D-21
 0.1509193208961D-04-0.2446872243488D-20 0.1829439579593D-04 0.2585573922934D-20
 0.1721695718406D-04-0.1336537698507D-21 0.2427855700259D-05-0.1136158864226D-20
 0.1300155301993D-05 0.1037657694794D-20 0.1959734479730D-05-0.1402585591530D-20
 0.3306792865969D-05-0.1933116756599D-20 0.4300686081860D-05 0.3795362261263D-21
 0.2912444854368D-04 0.4506897087889D-22 0.3054173824180D-04 0.1225036414185D-20
 0.1567794043483D-04-0.6792700449772D-21 0.1424728543811D-04 0.6283909255848D-21
-0.3470939314757D-05 0.8593763514016D-21-0.6546989857199D-05 0.3764964762144D-20
 0.2203144264744D-04-0.2901558316752D-21 0.2262555418784D-04 0.1322950332579D-20
 0.1151884409948D-04-0.5891972806610D-21-0.1944718993138D-04 0.8811288708738D-21
-0.1886697302053D-04 0.2452485168806D-20-0.1905316981400D-04-0.3690077138169D-20
-0.2085377097445D-04 0.2169563330329D-21-0.8267864236919D-05-0.5508177867913D-21
 0.1516625823929D-04-0.1225568363577D-20-0.2951501117437D-04 0.1895501653505D-20
-0.2985637012071D-04 0.1120173382683D-20-0.2964860675690D-04-0.1003763820795D-20
-0.4087844286190D-04-0.1620594753079D-20-0.4069301465645D-04 0.1055469091306D-20
-0.2012954353598D-04-0.2401856151723D-20-0.2104863128870D-04-0.9267803948507D-21
 0.1244556901747D-05 0.1215112065020D-20-0.5022887221385D-04-0.3520920009511D-22
-0.2573777231420D-04-0.1813148847418D-20-0.4909191049449D-04-0.2252610388398D-20
-0.5057379057335D-04 0.1357621896640D-20-0.2498787591296D-04 0.2381405660514D-20
-0.4902028239293D-04-0.4816940940076D-20-0.5101832183495D-04 0.4345450854103D-20
-0.5145795978148D-04-0.1715441143946D-20-0.5761132467002D-05 0.7841243959987D-21
-0.6166751430582D-05-0.1170766685550D-20-0.5601168336617D-04-0.3906667333763D-21
-0.5596590373894D-04 0.1093113696925D-20-0.5272719933284D-04 0.1923814624228D-20
-0.5863420859287D-04-0.5237864692111D-21-0.6328339624869D-04-0.3755802563657D-20
-0.6206482348382D-04 0.4519467412285D-20-0.7475035294823D-05-0.8132494731897D-22
-0.3434590840504D-04 0.5666541581052D-21-0.6839537475760D-04 0.3271468501583D-20
-0.6592488601138D-04-0.4477023095251D-20-0.6709272148379D-04 0.2163100828924D-20
-0.6930007102722D-04-0.1158871109008D-20-0.3353571153683D-04-0.1605645561935D-20
-0.1216497120855D-04-0.8144274841359D-21-0.9663743484238D-05 0.4123945142682D-22
-0.7262406078630D-04-0.5886451921444D-21-0.7476607710920D-04 0.1655079180059D-20
-0.7008113217616D-04 0.1269196697891D-20-0.6954058908078D-04-0.2972956955550D-20
-0.2576534913164D-04 0.5678567308049D-21-0.2535003692956D-04 0.5650945246182D-22
-0.5241109695625D-05 0.1036562280090D-20-0.7939279105717D-04 0.1032731738882D-20
-0.7674752478902D-04 0.1031904731019D-20-0.3649084888201D-04-0.3183982791128D-20
-0.1803096177573D-04-0.6298911348849D-21-0.1319229173011D-04-0.3736869738908D-21
-0.1583939558276D-04 0.1890986510088D-20-0.8310681042289D-04 0.2329331893334D-20
-0.7168852795481D-04 0.4376752886962D-20-0.7669928418483D-04 0.9797552279328D-21
-0.8021690637836D-04-0.6090559859749D-20-0.7538309543302D-04 0.3702322476362D-21
-0.1645852281450D-04 0.1782679428100D-20-0.2230524681619D-05-0.7307985982053D-21
-0.3981990377114D-04-0.1249072074717D-20-0.7773584252802D-04-0.1247964720878D-20
-0.7774588887937D-04 0.2411711270056D-20-0.6901821781883D-04-0.2209086710740D-20
-0.3753961210182D-04 0.3964984504042D-20-0.3379070202711D-04-0.5403202016259D-21
-0.2906846278509D-04-0.1412171691839D-22-0.3610004909024D-04 0.3218990038692D-20
-0.6630155836006D-05-0.2692861126505D-20-0.8081236814783D-04-0.5074762642879D-21
-0.7680305096275D-04-0.3303413776986D-20-0.7014748345307D-04-0.1994914943258D-21
-0.7350148509493D-04 0.3131518629263D-20-0.1756667207015D-04 0.1332259094206D-20
-0.6621032137350D-05-0.2469540017545D-20-0.7714218907723D-04-0.2337731539007D-20
-0.8114580236017D-04-0.5136701756849D-20-0.3938815797445D-04-0.2947541693744D-20
-0.2697740890652D-04-0.2146428303385D-20-0.5669108588997D-04 0.7102241414873D-20
-0.7388671603105D-04 0.1710727787622D-20-0.7398233247608D-04 0.4403077070974D-21
-0.5502391379893D-04 0.3067296594540D-20-0.7217628572789D-04-0.5519389510814D-20
-0.5078265347424D-04-0.3940358585708D-20-0.3304073719682D-04 0.2214390970334D-20
-0.3458285777481D-05-0.2003815471423D-20-0.3483276625365D-04 0.1437893001618D-20
-0.7077002830488D-04 0.7831825263715D-21-0.2073052370875D-04 0.3147986301471D-20
-0.1339404992814D-04-0.3071421291340D-21-0.7189908221474D-06-0.3634530704764D-20
-0.2601590022970D-04 0.1753928065747D-20-0.4609131949849D-04-0.1062044122862D-20
-0.6270741208159D-04 0.8555662355932D-21-0.7529107949052D-05-0.9172010860620D-22
-0.2305163315316D-05 0.8517326810442D-21-0.4811726699106D-04 0.2307803643567D-20
-0.4119841083906D-04-0.4404135077519D-20-0.4074923027426D-04-0.2946532365479D-20
-0.3992348651278D-04 0.8382860281290D-21-0.4219700660930D-04 0.1065100991412D-20
-0.3419164676636D-04 0.5367820770858D-20 0.1850321266252D-05 0.5212067445921D-21
-0.4781663832982D-05 0.1500616013462D-20-0.2905070659580D-04-0.3481937648653D-20
-0.3442955735136D-04 0.2770766500308D-20-0.1501659003750D-04 0.8730025994710D-21
-0.9193117006749D-06-0.3333667214193D-21 0.4275843135141D-05-0.1299046508177D-20
-0.2936916033768D-04 0.6317550192297D-21-0.2116420536537D-04-0.1631375094953D-20
-0.4778390835456D-05 0.9603606068138D-21-0.2032601981306D-04 0.5884211060552D-21
-0.1445816793435D-04 0.1085354602452D-20-0.2453652045985D-04 0.4693632577015D-20
 0.2921995165971D-04 0.8505948477110D-21 0.8890726629863D-05-0.1011942454521D-20
-0.2189247023111D-05 0.8295296594452D-21-0.1509012248233D-06-0.3669466971768D-21
-0.5805290951704D-06-0.1138526902246D-21 0.4214095795951D-04-0.1394932163861D-20
 0.2237963587732D-04 0.9661031492861D-21 0.2186707380166D-04-0.1810267622938D-20
 0.1011300317075D-04 0.8903066558636D-21-0.2763911903399D-05-0.1989747225509D-20
-0.3824487285918D-05-0.3422489375687D-21 0.4710518544914D-04-0.6548144995966D-21
 0.3528022352715D-04 0.1329108389639D-20 0.2870337180690D-04-0.2764489916375D-20
 0.2757755749954D-04 0.8360027188687D-21 0.1483630312794D-04-0.1618385703874D-20
 0.1542183129530D-04-0.3601107127240D-20 0.1947094927224D-04 0.1137974190637D-20
 0.1924815975545D-04-0.4666213038640D-21 0.5525139355328D-04 0.4259352526241D-21
 0.4886792122789D-04 0.1053279052174D-20 0.1914360336213D-04-0.8569920436912D-22
 0.1047824269929D-04 0.1714171311366D-20 0.8031457381467D-05-0.1018950916531D-20
 0.2820778317948D-04 0.3079368272023D-20 0.1700975097981D-04-0.5403335014709D-21
 0.3675458892413D-04-0.5727799061559D-22 0.4543034915271D-04-0.1246540284787D-20
 0.2710965944403D-04 0.1521150303796D-20 0.5177222050889D-04 0.2091512271526D-20
 0.4413547895880D-04 0.1163612622877D-20 0.2724683127524D-04-0.1854991685419D-20
 0.3715636266641D-04-0.8536484131192D-21 0.4451814333294D-04-0.3561571666484D-21
 0.4649847256745D-04-0.1510317777932D-21 0.7682212221697D-04 0.2632887582097D-20
 0.6670364789288D-04 0.1663788836085D-20 0.6828091656035D-04-0.1634503413829D-20
 0.5592495950593D-04 0.5694695219413D-21 0.5786351630429D-04-0.2600709257002D-20
 0.5198969684177D-04 0.2663520209821D-20 0.2821557850059D-04-0.1811425918904D-20
 0.3937843875481D-04 0.2612690717319D-22 0.9318470196358D-04 0.3370048439842D-21
 0.7340860961127D-04-0.3272502606708D-20 0.6552688523052D-04 0.9765556208873D-21
 0.9576168785876D-04-0.2076769222445D-21 0.4509543432267D-04-0.1460795329699D-21
 0.4106710575920D-04-0.1363367544487D-20 0.4942519407605D-04-0.3299566907301D-21
 0.3218596870444D-04-0.7290670627005D-21 0.1163784526167D-03 0.1612605623789D-20
 0.1043300646759D-03-0.2622194779865D-21 0.5572698398224D-04 0.9059563255946D-21
 0.8717625187620D-04-0.3586755174210D-21 0.8737203418239D-04 0.6576400448775D-21
 0.9529290942953D-04 0.1083115057433D-20 0.9302183884981D-04 0.6657010972878D-21
 0.6800756309689D-04-0.1227631744246D-20 0.5933435100104D-04-0.2839094022463D-21
 0.1074639488139D-03 0.1548206445082D-20 0.1025232525640D-03-0.1171170038907D-20
 0.1033531201393D-03 0.9134406645635D-21 0.1022215627018D-03-0.5106574087502D-21
 0.1005596244650D-03-0.2346632985013D-20 0.1046217292286D-03 0.1896071909013D-20
 0.1020425852383D-03-0.1371708050762D-20 0.9240919165404D-04 0.4076832348335D-21
 0.1252809210320D-03-0.1834918942468D-21 0.4235391394275D-04 0.9418015359356D-22
 0.1079533094275D-03 0.2503690698480D-21 0.1005852935243D-03 0.1154971400341D-21
 0.9859057552198D-04-0.6849118978444D-21 0.1071473749395D-03 0.1101017343505D-20
 0.4801613222973D-04-0.1128811037746D-20 0.5647746866688D-04-0.5249941539372D-21
 0.1223733379351D-03 0.9096333954605D-21 0.1377853460611D-04-0.3170896545919D-21
 0.1060626125225D-03 0.6544069478322D-21 0.5935617434040D-04 0.5645883669734D-21
 0.5783816748856D-04-0.7374113945423D-21 0.1047804286752D-03 0.2456169441177D-21
 0.1062591825948D-03-0.1980548024607D-20 0.1061053689122D-03 0.3249936549735D-21
 0.1050015721486D-03 0.1174615497315D-21 0.5045855198223D-04 0.1373606652991D-20
    1
    1    1  120    3
 0.4699729423003D-04 0.5162002233900D-04 0.5667643571016D-04 0.6225479370689D-04
 0.6838200583550D-04 0.7510001622635D-04 0.8244696499269D-04 0.9045894233392D-04
 0.9916664057787D-04 0.1085958446510D-03 0.1187660997341D-03 0.1296887292053D-03
 0.1413666668120D-03 0.1537918359051D-03 0.1669451718484D-03 0.1807934524274D-03
 0.1952895549326D-03 0.2103690676969D-03 0.2259507398565D-03 0.2419331832178D-03
 0.2581961206710D-03 0.2745973064219D-03 0.2909754489732D-03 0.3071481715360D-03
 0.3229173849138D-03 0.3380696442820D-03 0.3523854103757D-03 0.3656429949110D-03
 0.3776335294281D-03 0.3881697448848D-03 0.3971074147217D-03 0.4043588881408D-03
 0.4099192737541D-03 0.4138804188037D-03 0.4164545514875D-03 0.4179776101723D-03
 0.4189158881094D-03 0.4198420653089D-03 0.4214091321016D-03 0.4242887773584D-03
 0.4291128480528D-03 0.4363895344334D-03 0.4464435003104D-03 0.4593536384080D-03
 0.4749380831693D-03 0.4927518480115D-03 0.5121348623641D-03 0.5322646066035D-03
 0.5522399536983D-03 0.5711493813607D-03 0.5881486277234D-03 0.6025093175547D-03
 0.6136672828930D-03 0.6212410417665D-03 0.6250503362535D-03 0.6251108246406D-03
 0.6216318073704D-03 0.6149966346695D-03 0.6057476296046D-03 0.5945584395912D-03
 0.5822101895212D-03 0.5695581239096D-03 0.5575003641144D-03 0.5469390189284D-03
 0.5387416404502D-03 0.5336971588726D-03 0.5324706231252D-03 0.5355565740347D-03
 0.5432318000453D-03 0.5555157311890D-03 0.5721368534703D-03 0.5925261716480D-03
 0.6158346024664D-03 0.6410106406561D-03 0.6669254073684D-03 0.6925819674431D-03
 0.7173534026597D-03 0.7412480018260D-03 0.7650748625526D-03 0.7904883699380D-03
 0.8198069371475D-03 0.8557041257585D-03 0.9007975783091D-03 0.9573388031811D-03
 0.1027001278144D-02 0.1110882610679D-02 0.1209583501257D-02 0.1323408394696D-02
 0.1452523171664D-02 0.1597146622935D-02 0.1757641752450D-02 0.1934620850606D-02
 0.2128946245510D-02 0.2341751249312D-02 0.2574364534089D-02 0.2828256863697D-02
 0.3104895300952D-02 0.3405613931601D-02 0.3731388379785D-02 0.4082615862190D-02
 0.4458787640533D-02 0.4858159813991D-02 0.5277302045332D-02 0.5710645718150D-02
 0.6149905491348D-02 0.6583516891660D-02 0.6995957275650D-02 0.7367112892694D-02
 0.7671555694129D-02 0.7877912969582D-02 0.7948202978094D-02 0.7837316081093D-02
 0.7492533298719D-02 0.6853095160809D-02 0.5849641865185D-02 0.4403340864585D-02
 0.2425170747270D-02-0.1835210383796D-03-0.3525928673558D-02-0.7697493069047D-02
 0.3292638597609D-09 0.3889146288765D-09 0.4588667915462D-09 0.5413726600053D-09
 0.6385176400445D-09 0.7528186598508D-09 0.8871969257398D-09 0.1045023052700D-08
 0.1230081939312D-08 0.1446734257290D-08 0.1699973635231D-08 0.1995373036290D-08
 0.2339239511923D-08 0.2738702003845D-08 0.3201638127385D-08 0.3736877419282D-08
 0.4354120709971D-08 0.5063988535535D-08 0.5878096271233D-08 0.6808959686929D-08
 0.7869907348715D-08 0.9075008014792D-08 0.1043901515828D-07 0.1197698229520D-07
 0.1370396772905D-07 0.1563490968848D-07 0.1778386033394D-07 0.2016381526527D-07
 0.2278590558257D-07 0.2565919153669D-07 0.2878989865289D-07 0.3218157077042D-07
 0.3583485903192D-07 0.3974858651663D-07 0.4392075147809D-07 0.4835168146477D-07
 0.5304698864042D-07 0.5802358887748D-07 0.6331501075375D-07 0.6897932282250D-07
 0.7510445134104D-07 0.8181457105073D-07 0.8926991153159D-07 0.9766578942595D-07
 0.1072223131620D-06 0.1181739314879D-06 0.1307505520089D-06 0.1451625382209D-06
 0.1615802958791D-06 0.1801226331951D-06 0.2008406037330D-06 0.2237125404937D-06
 0.2486330824310D-06 0.2754138918212D-06 0.3037755840679D-06 0.3333525621061D-06
 0.3636863742317D-06 0.3942347842880D-06 0.4243672916441D-06 0.4533800676429D-06
 0.4804956577449D-06 0.5048867713560D-06 0.5256817176472D-06 0.5419992347200D-06
 0.5529596204670D-06 0.5577302028488D-06 0.5555387247688D-06 0.5457246255704D-06
 0.5277457749702D-06 0.5012270387517D-06 0.4659478388219D-06 0.4218788434961D-06
 0.3691432868614D-06 0.3080420450819D-06 0.2389968224940D-06 0.1625827821531D-06
 0.7947796311026D-07-0.9460051178807D-08-0.1031781971932D-06-0.2001920786703D-06
-0.2983253175680D-06-0.3940922679560D-06-0.4820055973514D-06-0.5535914698032D-06
-0.5965552270200D-06-0.5940165246352D-06-0.5243261396317D-06-0.3614574575607D-06
-0.7656012028186D-07 0.3592376417144D-06 0.9701567998362D-06 0.1769184506490D-05
 0.2749300644609D-05 0.3873070190363D-05 0.5061298955294D-05 0.6182612428818D-05
 0.7045944340251D-05 0.7398705186735D-05 0.6932185600339D-05 0.5294454959805D-05
 0.2106171246452D-05-0.3029831744638D-05-0.1054244218044D-04-0.2095065632258D-04
-0.3498909919713D-04-0.5381165899465D-04-0.7926246302155D-04-0.1141666746767D-03
-0.1625595570180D-03-0.2297576023795D-03-0.3222167037493D-03-0.4472350497836D-03
-0.6127286229971D-03-0.8274584678339D-03-0.1102052623885D-02-0.1450843625096D-02
-0.1893877164880D-02-0.2457902813235D-02-0.3175116422648D-02-0.4079609550676D-02
 0.1740123048880D-10 0.2166576611425D-10 0.2681465667282D-10 0.3300914015576D-10
 0.4045874861204D-10 0.4935215678611D-10 0.5997630538933D-10 0.7263661998983D-10
 0.8770693186793D-10 0.1056084044973D-09 0.1269359516101D-09 0.1522916374058D-09
 0.1824521289617D-09 0.2184208082204D-09 0.2612881916218D-09 0.3124797890471D-09
 0.3736755795005D-09 0.4469074267943D-09 0.5346639819063D-09 0.6399392191919D-09
 0.7663224258568D-09 0.9180800559229D-09 0.1100503193377D-08 0.1319698402176D-08
 0.1582893392974D-08 0.1898650347940D-08 0.2276738653867D-08 0.2728250232536D-08
 0.3265453654387D-08 0.3901540629004D-08 0.4649919499325D-08 0.5523421139209D-08
 0.6532855674903D-08 0.7685252293620D-08 0.8981473542128D-08 0.1041389608791D-07
 0.1196372427946D-07 0.1359949214742D-07 0.1527637139127D-07 0.1693791109552D-07
 0.1851958356525D-07 0.1995529266728D-07 0.2118441418231D-07 0.2215984082639D-07
 0.2285369504305D-07 0.2326133646998D-07 0.2340128973546D-07 0.2331304338502D-07
 0.2305214692492D-07 0.2268519551909D-07 0.2228430663262D-07 0.2192308585550D-07
 0.2167307654285D-07 0.2160173343071D-07 0.2177036197616D-07 0.2223251110479D-07
 0.2303126634329D-07 0.2419561651362D-07 0.2573429074275D-07 0.2762696906940D-07
 0.2981126328781D-07 0.3216478092884D-07 0.3448058873679D-07 0.3643488879430D-07
 0.3754551246659D-07 0.3712036532217D-07 0.3419598414390D-07 0.2746863564334D-07
 0.1522400775845D-07-0.4722046214433D-08-0.3505065811546D-07-0.7890213041929D-07
-0.1397288089632D-06-0.2209877786291D-06-0.3256329467642D-06-0.4554055016352D-06
-0.6100004819102D-06-0.7862904827261D-06-0.9778661806001D-06-0.1175134330441D-05
-0.1366053897211D-05-0.1537345975876D-05-0.1675816108523D-05-0.1769451285389D-05
-0.1808117518425D-05-0.1783971959417D-05-0.1691831765926D-05-0.1529832417706D-05
-0.1300592640352D-05-0.1013034883489D-05-0.6848119627128D-06-0.3451540475873D-06
-0.3769837257058D-07 0.1773715201520D-06 0.2228008171832D-06 0.6458274581673D-08
-0.5727620269137D-06-0.1614798227268D-05-0.3204766708585D-05-0.5398420627069D-05
-0.8212218553419D-05-0.1162643271641D-04-0.1561206093639D-04-0.2019177000684D-04
-0.2553988426555D-04-0.3211440079581D-04-0.4079592205309D-04-0.5298913494804D-04
-0.7063311151337D-04-0.9608344529551D-04-0.1318865889828D-03-0.1805640294168D-03
-0.2446268276954D-03-0.3270760095584D-03-0.4325100142564D-03-0.5686271385393D-03
-0.7474853685618D-03-0.9857239352381D-03-0.1303389026573D-02-0.1722165490563D-02
    2    2  120    8
 0.1202656361234D-03 0.1276992403587D-03 0.1355938147999D-03 0.1439778318709D-03
 0.1528818705497D-03 0.1623381458106D-03 0.1723811531422D-03 0.1830472640111D-03
 0.1943754392180D-03 0.2064067450791D-03 0.2191851810137D-03 0.2327571424018D-03
 0.2471723221202D-03 0.2624831316151D-03 0.2787457302361D-03 0.2960193320918D-03
 0.3143674029384D-03 0.3338568883437D-03 0.3545595201978D-03 0.3765509850865D-03
 0.3999124164129D-03 0.4247294001297D-03 0.4510937096810D-03 0.4791022002228D-03
 0.5088587040503D-03 0.5404728409776D-03 0.5740621838656D-03 0.6097508379382D-03
 0.6476719587778D-03 0.6879661758197D-03 0.7307843458978D-03 0.7762858588795D-03
 0.8246417865046D-03 0.8760328622999D-03 0.9306531422422D-03 0.9887077666918D-03
 0.1050416970521D-02 0.1116013682037D-02 0.1185748110253D-02 0.1259884886228D-02
 0.1338708397784D-02 0.1422519626010D-02 0.1511641999506D-02 0.1606418005646D-02
 0.1707215890312D-02 0.1814425626326D-02 0.1928466703203D-02 0.2049783671653D-02
 0.2178854701518D-02 0.2316186811625D-02 0.2462325666167D-02 0.2617849892428D-02
 0.2783382460188D-02 0.2959584436554D-02 0.3147167386005D-02 0.3346886805390D-02
 0.3559556260922D-02 0.3786039452700D-02 0.4027266726582D-02 0.4284226274036D-02
 0.4557982117495D-02 0.4849664782182D-02 0.5160491826623D-02 0.5491756461064D-02
 0.5844851470419D-02 0.6221256535941D-02 0.6622564174355D-02 0.7050466445747D-02
 0.7506784247435D-02 0.7993451139258D-02 0.8512547660927D-02 0.9066283080950D-02
 0.9657032810825D-02 0.1028731937050D-01 0.1095985499028D-01 0.1167751881213D-01
 0.1244340701756D-01 0.1326080815596D-01 0.1413325885218D-01 0.1506451893535D-01
 0.1605863664588D-01 0.1711992086450D-01 0.1825301935479D-01 0.1946289144198D-01
 0.2075489854299D-01 0.2213478032699D-01 0.2360876304494D-01 0.2518353674015D-01
 0.2686638686792D-01 0.2866517548416D-01 0.3058849384797D-01 0.3264565010416D-01
 0.3484684555293D-01 0.3720315890607D-01 0.3972674676072D-01 0.4243081899012D-01
 0.4532984883198D-01 0.4843953008580D-01 0.5177699001677D-01 0.5536070568952D-01
 0.5921071508581D-01 0.6334848946457D-01 0.6779713822503D-01 0.7258125364246D-01
 0.7772714969169D-01 0.8326271489616D-01 0.8921775978264D-01 0.9562396761441D-01
 0.1025154357439D+00 0.1099287928450D+00 0.1179040132472D+00 0.1264846822570D+00
 0.1357189836926D+00 0.1456599519908D+00 0.1563663334434D+00 0.1679024402511D+00
 0.1803385512494D+00 0.1937500804673D+00 0.2082174818538D+00 0.2238251074753D+00
-0.1119694708535D-07-0.1262486987135D-07-0.1423511050554D-07-0.1605094223430D-07
-0.1809861039050D-07-0.2040770633655D-07-0.2301160307945D-07-0.2594790643874D-07
-0.2925903480560D-07-0.3299278341113D-07-0.3720304997805D-07-0.4195056714427D-07
-0.4730381751197D-07-0.5333993363107D-07-0.6014589118119D-07-0.6781966148115D-07
-0.7647165078410D-07-0.8622623310848D-07-0.9722353481216D-07-0.1096213615561D-06
-0.1235974825016D-06-0.1393520189411D-06-0.1571103599322D-06-0.1771261833510D-06
-0.1996850478603D-06-0.2251082519311D-06-0.2537574062618D-06-0.2860391413411D-06
-0.3224108795605D-06-0.3633868556915D-06-0.4095452135814D-06-0.4615354405188D-06
-0.5200874198908D-06-0.5860206397528D-06-0.6602553356362D-06-0.7438239624404D-06
-0.8378850722407D-06-0.9437374075016D-06-0.1062837119010D-05-0.1196814952991D-05
-0.1347497560348D-05-0.1516928362503D-05-0.1707393717552D-05-0.1921448306091D-05
-0.2161946716061D-05-0.2432074174841D-05-0.2735384816824D-05-0.3075838291680D-05
-0.3457845497433D-05-0.3886312254808D-05-0.4366693452632D-05-0.4905044104280D-05
-0.5508083387163D-05-0.6183253833207D-05-0.6938795564191D-05-0.7783814410287D-05
-0.8728367820658D-05-0.9783541201914D-05-0.1096154681606D-04-0.1227580915129D-04
-0.1374107730680D-04-0.1537351970593D-04-0.1719085316459D-04-0.1921244682059D-04
-0.2145947193185D-04-0.2395502157885D-04-0.2672428606179D-04-0.2979469630531D-04
-0.3319614434417D-04-0.3696116606706D-04-0.4112523283968D-04-0.4572701106198D-04
-0.5080877492369D-04-0.5641679729418D-04-0.6260196888673D-04-0.6942042331393D-04
-0.7693448697242D-04-0.8521369225064D-04-0.9433626419023D-04-0.1043907344165D-03
-0.1154782474552D-03-0.1277150979257D-03-0.1412362054148D-03-0.1561989666228D-03
-0.1727883569766D-03-0.1912224983280D-03-0.2117598363873D-03-0.2347068430666D-03
-0.2604275519216D-03-0.2893535330358D-03-0.3219958368980D-03-0.3589569033134D-03
-0.4009442715997D-03-0.4487834277569D-03-0.5034318936542D-03-0.5659910529830D-03
-0.6377185541698D-03-0.7200368729600D-03-0.8145419640520D-03-0.9230072012217D-03
-0.1047388557419D-02-0.1189826245037D-02-0.1352652163472D-02-0.1538399098362D-02
-0.1749825670220D-02-0.1989953116123D-02-0.2262132799189D-02-0.2570138617366D-02
-0.2918304539382D-02-0.3311693392253D-02-0.3756313712664D-02-0.4259352591488D-02
-0.4829432384245D-02-0.5476837624160D-02-0.6213714984170D-02-0.7054183316859D-02
-0.8014382910370D-02-0.9112427803205D-02-0.1036836807411D-01-0.1180419245965D-01
 0.2103381550392D-07 0.2371547355497D-07 0.2673938241938D-07 0.3014920785240D-07
 0.3399420739232D-07 0.3832991116611D-07 0.4321891645348D-07 0.4873180740088D-07
 0.5494817253247D-07 0.6195769517077D-07 0.6986151722033D-07 0.7877360608941D-07
 0.8882246055259D-07 0.1001528766211D-06 0.1129280808745D-06 0.1273319723855D-06
 0.1435718311191D-06 0.1618811601129D-06 0.1825231230950D-06 0.2057940827214D-06
 0.2320279858964D-06 0.2616008839148D-06 0.2949363605452D-06 0.3325112997399D-06
 0.3748627772225D-06 0.4225952017698D-06 0.4763891010840D-06 0.5370100734378D-06
 0.6053198287405D-06 0.6822874319913D-06 0.7690031789721D-06 0.8666926534992D-06
 0.9767340661582D-06 0.1100676031609D-05 0.1240258996653D-05 0.1397437441096D-05
 0.1574406759808D-05 0.1773630706911D-05 0.1997874759551D-05 0.2250240235760D-05
 0.2534205650552D-05 0.2853668664444D-05 0.3212997088941D-05 0.3617080583560D-05
 0.4071393327133D-05 0.4582056947082D-05 0.5155917690093D-05 0.5800622336981D-05
 0.6524712331124D-05 0.7337716215250D-05 0.8250262664843D-05 0.9274191793384D-05
 0.1042269198521D-04 0.1171043234833D-04 0.1315372622312D-04 0.1477068949179D-04
 0.1658143612411D-04 0.1860826316808D-04 0.2087588566580D-04 0.2341165504654D-04
 0.2624583704315D-04 0.2941187113541D-04 0.3294670436142D-04 0.3689109692827D-04
 0.4129002802882D-04 0.4619306849208D-04 0.5165487655722D-04 0.5773566209713D-04
 0.6450181818476D-04 0.7202651787217D-04 0.8039053775027D-04 0.8968306719337D-04
 0.1000028277561D-03 0.1114591989647D-03 0.1241737951200D-03 0.1382821017195D-03
 0.1539357320262D-03 0.1713048465425D-03 0.1905814525748D-03 0.2119829713944D-03
 0.2357570585991D-03 0.2621868681476D-03 0.2915979728137D-03 0.3243659648802D-03
 0.3609262435944D-03 0.4017846007443D-03 0.4475306042496D-03 0.4988518781277D-03
 0.5565515486943D-03 0.6215664718247D-03 0.6949889286088D-03 0.7780883765049D-03
 0.8723365350112D-03 0.9794313928633D-03 0.1101323923164D-02 0.1240241762077D-02
 0.1398715092431D-02 0.1579597531062D-02 0.1786089151008D-02 0.2021753968500D-02
 0.2290542378353D-02 0.2596810768598D-02 0.2945354146022D-02 0.3341444851440D-02
 0.3790900058915D-02 0.4300170296858D-02 0.4876478710119D-02 0.5527998879314D-02
 0.6264101665695D-02 0.7095645513981D-02 0.8035335487149D-02 0.9098097861964D-02
 0.1030148563759D-01 0.1166603383559D-01 0.1321558002581D-01 0.1497746430303D-01
 0.1698267365346D-01 0.1926588912919D-01 0.2186561621229D-01 0.2482443902127D-01
 0.8146929861008D-11 0.9759076480921D-11 0.1169114253339D-10 0.1400592412207D-10
 0.1677869460692D-10 0.2009938424371D-10 0.2407823167337D-10 0.2884509314728D-10
 0.3455430572670D-10 0.4139420330296D-10 0.4958786145948D-10 0.5940216196511D-10
 0.7115785082719D-10 0.8523958968727D-10 0.1021061108523D-09 0.1223072476212D-09
 0.1465021771146D-09 0.1754796522455D-09 0.2101822209242D-09 0.2517397616019D-09
 0.3015031208554D-09 0.3610879573481D-09 0.4324307929457D-09 0.5178423978696D-09
 0.6200900461476D-09 0.7424834480378D-09 0.8889748080362D-09 0.1064290456534D-08
 0.1274078314280D-08 0.1525085877767D-08 0.1825370879915D-08 0.2184552235808D-08
 0.2614115342572D-08 0.3127759738350D-08 0.3741828118185D-08 0.4475806232569D-08
 0.5352912338262D-08 0.6400809487542D-08 0.7652430958056D-08 0.9146968641410D-08
 0.1093103194972D-07 0.1306002140844D-07 0.1559973870114D-07 0.1862828677513D-07
 0.2223829058647D-07 0.2653951475101D-07 0.3166190825801D-07 0.3775917092840D-07
 0.4501289832956D-07 0.5363740142064D-07 0.6388528689285D-07 0.7605390534673D-07
 0.9049276268414D-07 0.1076120325627D-06 0.1278922593594D-06 0.1518954004114D-06
 0.1802772864798D-06 0.2138016471456D-06 0.2533557206036D-06 0.2999675726616D-06
 0.3548250169396D-06 0.4192962017833D-06 0.4949515146516D-06 0.5835867139709D-06
 0.6872465876434D-06 0.8082487425441D-06 0.9492062387550D-06 0.1113048228666D-05
 0.1303036452642D-05 0.1522776035005D-05 0.1776217319103D-05 0.2067646224930D-05
 0.2401658407371D-05 0.2783113679285D-05 0.3217064374040D-05 0.3708653302222D-05
 0.4262973634454D-05 0.4884886581868D-05 0.5578789045141D-05 0.6348329647187D-05
 0.7196067954242D-05 0.8123082479059D-05 0.9128530211368D-05 0.1020917795067D-04
 0.1135892501531D-04 0.1256836321616D-04 0.1382442218724D-04 0.1511018519521D-04
 0.1640496398615D-04 0.1768476795679D-04 0.1892330173332D-04 0.2009367445570D-04
 0.2117098205861D-04 0.2213596181144D-04 0.2297984155364D-04 0.2371051268884D-04
 0.2435997912175D-04 0.2499297737296D-04 0.2571635779306D-04 0.2668868362946D-04
 0.2812908117196D-04 0.3032424541926D-04 0.3363209601639D-04 0.3848068376139D-04
 0.4536086233916D-04 0.5481206614325D-04 0.6740115436659D-04 0.8369639443336D-04
 0.1042401684998D-03 0.1295273885643D-03 0.1599981185718D-03 0.1960561071779D-03
 0.2381235152463D-03 0.2867414285908D-03 0.3427172559824D-03 0.4073119651263D-03
 0.4824434856044D-03 0.5708718040715D-03 0.6763170159420D-03 0.8034684659785D-03
 0.1292838640649D-10 0.1549099410254D-10 0.1856152652313D-10 0.2223996105653D-10
 0.2664895692767D-10 0.3193145980627D-10 0.3826217036308D-10 0.4584683557854D-10
 0.5493515756910D-10 0.6582566820624D-10 0.7887514650056D-10 0.9451002390592D-10
 0.1132439607102D-09 0.1356904440155D-09 0.1625847428365D-09 0.1948063275683D-09
 0.2334108616875D-09 0.2796612906590D-09 0.3350693508255D-09 0.4014456295389D-09
 0.4809574340677D-09 0.5761995945150D-09 0.6902795984016D-09 0.8269129994065D-09
 0.9905467661898D-09 0.1186505653318D-08 0.1421151248074D-08 0.1702098398815D-08
 0.2038448268164D-08 0.2441085898274D-08 0.2923014387676D-08 0.3499774233270D-08
 0.4189927945175D-08 0.5015641479307D-08 0.6003374694095D-08 0.7184705084267D-08
 0.8597293627399D-08 0.1028605140498D-07 0.1230449799053D-07 0.1471638713481D-07
 0.1759761909039D-07 0.2103850854042D-07 0.2514644578735D-07 0.3004904493043D-07
 0.3589783800551D-07 0.4287261653356D-07 0.5118651882344D-07 0.6109197409793D-07
 0.7288765109159D-07 0.8692653372194D-07 0.1036253110932D-06 0.1234752319817D-06
 0.1470546434973D-06 0.1750433840032D-06 0.2082392818929D-06 0.2475769148046D-06
 0.2941489091775D-06 0.3492298760207D-06 0.4143032203019D-06 0.4910907999127D-06
 0.5815855588078D-06 0.6880868209236D-06 0.8132381106347D-06 0.9600666787329D-06
 0.1132024100497D-05 0.1333026237499D-05 0.1567491052800D-05 0.1840371195590D-05
 0.2157178380330D-05 0.2523994352552D-05 0.2947463297085D-05 0.3434757429887D-05
 0.3993507488568D-05 0.4631685811840D-05 0.5357429658175D-05 0.6178787409578D-05
 0.7103370782209D-05 0.8137890337060D-05 0.9287553390572D-05 0.1055529775803D-04
 0.1194083951418D-04 0.1343950873276D-04 0.1504085815288D-04 0.1672702957655D-04
 0.1847088363823D-04 0.2023390731420D-04 0.2196394847150D-04 0.2359284882055D-04
 0.2503409996472D-04 0.2618068457737D-04 0.2690333423660D-04 0.2704948253494D-04
 0.2644326442373D-04 0.2488693686364D-04 0.2216414495786D-04 0.1804538284062D-04
 0.1229595885668D-04 0.4686502937577D-05-0.4994197591642D-05-0.1692482754278D-04
-0.3123699094501D-04-0.4800277906942D-04-0.6722758508271D-04-0.8885239340265D-04
-0.1127704099836D-03-0.1388635207656D-03-0.1670632980494D-03-0.1974402418751D-03
-0.2303210827306D-03-0.2664300216924D-03-0.3070418745197D-03-0.3541289510950D-03
-0.4104741152197D-03-0.4797199199279D-03-0.5663226661571D-03-0.6753936006152D-03
-0.8124308525348D-03-0.9829868231543D-03-0.1192359459064D-02-0.1445447995335D-02
-0.8404822864430D-14-0.1138430651920D-13-0.1455091399620D-13-0.1789518221361D-13
-0.2173819007235D-13-0.2850719227113D-13-0.3585137576308D-13-0.4563355136019D-13
-0.5804457208186D-13-0.7371096566655D-13-0.9358165114299D-13-0.1189250652948D-12
-0.1518806302071D-12-0.1929006187999D-12-0.2448521195770D-12-0.3122324501732D-12
-0.3971629352528D-12-0.5045950163905D-12-0.6418510345287D-12-0.8163846170409D-12
-0.1038420934636D-11-0.1322036178354D-11-0.1680011606474D-11-0.2137884104222D-11
-0.2721560357676D-11-0.3460346601715D-11-0.4402058923734D-11-0.5600351633400D-11
-0.7124771937436D-11-0.9061890863058D-11-0.1152648429492D-10-0.1466098998420D-10
-0.1864553870659D-10-0.2371198752108D-10-0.3015260198603D-10-0.3833878524485D-10
-0.4874470413606D-10-0.6196732105415D-10-0.7876774461481D-10-0.1001098347070D-09
-0.1272199385145D-09-0.1616455342815D-09-0.2053549209551D-09-0.2608353428815D-09
-0.3312433691994D-09-0.4205704725457D-09-0.5338660606732D-09-0.6775161619982D-09
-0.8595927347721D-09-0.1090291548960D-08-0.1382478765561D-08-0.1752386468130D-08
-0.2220470421678D-08-0.2812495804857D-08-0.3560876048448D-08-0.4506360603008D-08
-0.5700116522248D-08-0.7206328869152D-08-0.9105404441493D-08-0.1149795108674D-07
-0.1450967203156D-07-0.1829738213974D-07-0.2305638952737D-07-0.2902950809374D-07
-0.3651802386179D-07-0.4589499224968D-07-0.5762127112764D-07-0.7226476689188D-07
-0.9052339315769D-07-0.1132522889969D-06-0.1414958275673D-06-0.1765249462520D-06
-0.2198802255481D-06-0.2734210350920D-06-0.3393807368736D-06-0.4204276785132D-06
-0.5197309596114D-06-0.6410293665708D-06-0.7887005696871D-06-0.9678264357793D-06
-0.1184248201269D-05-0.1444603247808D-05-0.1756331880650D-05-0.2127639743247D-05
-0.2567396890421D-05-0.3084951332808D-05-0.3689829538959D-05-0.4391294227416D-05
-0.5197725496115D-05-0.6115793714934D-05-0.7149393514785D-05-0.8298321522458D-05
-0.9556693961317D-05-0.1091113444390D-04-0.1233879825576D-04-0.1380536616344D-04
-0.1526320753004D-04-0.1665001675173D-04-0.1788831909119D-04-0.1888636443056D-04
-0.1954100132491D-04-0.1974319210235D-04-0.1938677510770D-04-0.1838094299593D-04
-0.1666653804227D-04-0.1423571889183D-04-0.1115369496306D-04-0.7580175683319D-05
-0.3786934407417D-05-0.1667302572278D-06 0.2771957886128D-05 0.4429832087827D-05
 0.4165154405711D-05 0.1365812024512D-05-0.4460952256981D-05-0.1359561270873D-04
-0.2603468067955D-04-0.4147337190375D-04-0.5937979655114D-04-0.7919178068477D-04
 0.1363323459934D-13 0.1751512182249D-13 0.2213387282665D-13 0.2837498293114D-13
 0.3618277281660D-13 0.4573873848948D-13 0.5807066449958D-13 0.7402371523894D-13
 0.9400124264921D-13 0.1195645325907D-12 0.1520133071510D-12 0.1937268331705D-12
 0.2461938267927D-12 0.3132448132742D-12 0.3984883361288D-12 0.5072477526696D-12
 0.6453512185716D-12 0.8208732169587D-12 0.1044489643572D-11 0.1329020883310D-11
 0.1691054508624D-11 0.2151918226621D-11 0.2737833522927D-11 0.3483541363525D-11
 0.4433046048558D-11 0.5640121792445D-11 0.7175964274560D-11 0.9129912337488D-11
 0.1161605763594D-10 0.1477784426401D-10 0.1879992321889D-10 0.2391550363580D-10
 0.3042093153221D-10 0.3869398110232D-10 0.4921349252012D-10 0.6258834456189D-10
 0.7959159184684D-10 0.1012048545238D-09 0.1286741245351D-09 0.1635808635351D-09
 0.2079325772933D-09 0.2642741186663D-09 0.3358334665006D-09 0.4267019319714D-09
 0.5420639776779D-09 0.6884867868778D-09 0.8742832658989D-09 0.1109973734807D-08
 0.1408864862280D-08 0.1787776636528D-08 0.2267958530908D-08 0.2876237405659D-08
 0.3646460046213D-08 0.4621295237315D-08 0.5854490555622D-08 0.7413688268187D-08
 0.9383938565015D-08 0.1187206541333D-07 0.1501209378373D-07 0.1897197370120D-07
 0.2396189241159D-07 0.3024452635236D-07 0.3814764529491D-07 0.4807956897709D-07
 0.6054804669212D-07 0.7618324115355D-07 0.9576558038456D-07 0.1202593673731D-06
 0.1508531022060D-06 0.1890076024913D-06 0.2365130104757D-06 0.2955558448937D-06
 0.3687971339564D-06 0.4594625584704D-06 0.5714451222135D-06 0.7094204152782D-06
 0.8789735780578D-06 0.1086735956678D-05 0.1340527564833D-05 0.1649499260589D-05
 0.2024265188199D-05 0.2477012263253D-05 0.3021568000129D-05 0.3673402258977D-05
 0.4449530471822D-05 0.5368278389902D-05 0.6448858327792D-05 0.7710699212719D-05
 0.9172463213119D-05 0.1085067880983D-04 0.1275791771236D-04 0.1490045530072D-04
 0.1727537185677D-04 0.1986709715880D-04 0.2264345900579D-04 0.2555139911304D-04
 0.2851264107220D-04 0.3141977681395D-04 0.3413343004217D-04 0.3648140467284D-04
 0.3826094048332D-04 0.3924541657648D-04 0.3919690843611D-04 0.3788593454907D-04
 0.3511929263417D-04 0.3077609317185D-04 0.2485069133427D-04 0.1749928497370D-04
 0.9084376592917D-05 0.2084627948897D-06-0.8274417030804D-05-0.1528233849417D-04
-0.1957694034406D-04-0.1989113726973D-04-0.1511227374068D-04-0.4504714156151D-05
 0.1206505028548D-04 0.3396096621264D-04 0.5974766667818D-04 0.8738410104635D-04
 0.4232490978556D-14 0.4993700901725D-14 0.6790299483913D-14 0.8784383064458D-14
 0.1113585132579D-13 0.1428036237296D-13 0.1842925592807D-13 0.2323586943407D-13
 0.2979316485464D-13 0.3807922437756D-13 0.4845480002165D-13 0.6149518973429D-13
 0.7809924276874D-13 0.9981986852275D-13 0.1268068799986D-12 0.1611335498111D-12
 0.2048485056681D-12 0.2610238332361D-12 0.3324699442792D-12 0.4232237660113D-12
 0.5382577428621D-12 0.6842954792491D-12 0.8710669400275D-12 0.1107728449952D-11
 0.1408212743235D-11 0.1791629363960D-11 0.2278212606340D-11 0.2897078721482D-11
 0.3683306542205D-11 0.4682988445540D-11 0.5953700056471D-11 0.7568152608898D-11
 0.9619464040406D-11 0.1222576078914D-10 0.1553576046767D-10 0.1974003484996D-10
 0.2507782631009D-10 0.3185426486905D-10 0.4045568056302D-10 0.5137062504350D-10
 0.6521693279357D-10 0.8277930132489D-10 0.1050468084463D-09 0.1332722367474D-09
 0.1690371897625D-09 0.2143393139262D-09 0.2716993032770D-09 0.3442964714223D-09
 0.4361365070195D-09 0.5522634475591D-09 0.6990228751869D-09 0.8843906671145D-09
 0.1118380890468D-08 0.1413554543974D-08 0.1785648272499D-08 0.2254350781546D-08
 0.2844264959880D-08 0.3586086411462D-08 0.4518053935551D-08 0.5687718856344D-08
 0.7154102157377D-08 0.8990315598134D-08 0.1128672254037D-07 0.1415474450349D-07
 0.1773140584461D-07 0.2218474207695D-07 0.2772016769185D-07 0.3458794373274D-07
 0.4309180835652D-07 0.5359889397381D-07 0.6655089926938D-07 0.8247655241088D-07
 0.1020051205344D-06 0.1258807783325D-06 0.1549771722163D-06 0.1903115608298D-06
 0.2330570973053D-06 0.2845518866292D-06 0.3463021378065D-06 0.4199768359255D-06
 0.5073894389696D-06 0.6104623583291D-06 0.7311673264337D-06 0.8714355721693D-06
 0.1033028410523D-05 0.1217360953761D-05 0.1425268224444D-05 0.1656707853260D-05
 0.1910391046671D-05 0.2183343755502D-05 0.2470400385491D-05 0.2763651052607D-05
 0.3051869242275D-05 0.3319976533757D-05 0.3548612822640D-05 0.3713920454519D-05
 0.3787662608552D-05 0.3737834029768D-05 0.3529914671666D-05 0.3128920370520D-05
 0.2502335734530D-05 0.1623928267043D-05 0.4782548249204D-06-0.9345651075699D-06
-0.2594573408982D-05-0.4459339906002D-05-0.6464508662927D-05-0.8529377896590D-05
-0.1056943590534D-04-0.1251747950638D-04-0.1435398412757D-04-0.1614573771430D-04
-0.1808921412177D-04-0.2055213750730D-04-0.2410370569444D-04-0.2952229587478D-04
-0.3777086543850D-04-0.4993650468738D-04-0.6714318954515D-04-0.9046506295913D-04
