  -1.1059831202071262E-018   1.8805081540501735E-020  -5.5136528432096738E-019   9.9999999999999995E-021
  -5.0847249846415972E-019  -6.2372377308667986E-019  -5.7160485219087447E-019  -4.2857726629768393E-019
   9.2082701171544304E-021   8.8634995481433872E-021   8.6861585879129534E-021   8.5229028537433085E-021
  -1.5736763302818416E-018   2.7219742142860469E-020  -1.1059831202071262E-018   1.8805081540501735E-020
  -4.4337175576292744E-019  -4.8891521347628525E-019  -4.7611255679097997E-019  -4.3273196415083371E-019
   8.5947710273394835E-021   8.4274354468897175E-021   8.3800145732411282E-021   8.2782925465512294E-021
  -2.0215002943127374E-018   3.5395011865042597E-020  -1.5736763302818416E-018   2.7219742142860469E-020
  -4.3676200833268730E-019  -4.5726870437286418E-019  -4.5257598347497514E-019  -4.3049240015700967E-019
   8.2940102299945765E-021   8.1798939052227616E-021   8.1591171261129205E-021   8.0795860404268424E-021
  -2.4591042290631086E-018   4.3390747265303471E-020  -2.0215002943127374E-018   3.5395011865042597E-020
  -4.3210822770516414E-019  -4.4282278126245139E-019  -4.4058984012812175E-019  -4.2669013801591587E-019
   8.0854185892826901E-021   7.9979531186237871E-021   7.9864007694529856E-021   7.9202860361289951E-021
  -2.8894354206244157E-018   5.1241135577641790E-020  -2.4591042290631086E-018   4.3390747265303471E-020
  -4.2748508893967680E-019  -4.3361047880827394E-019  -4.3236022207292179E-019  -4.2256065866577348E-019
   7.9230697987441912E-021   7.8516586627171936E-021   7.8442983582467353E-021   7.7873460333578714E-021
   1.4351500859820395E-017   3.2544018330182373E-020   4.8785173978435048E-018   9.9999999999999995E-021
   7.9897608667105387E-018   7.7979095155669234E-018   9.6929337457043969E-018   1.3866453382608148E-017
   1.7005279653418020E-020   2.1946349213557719E-020   2.3489470124950396E-020   2.7387191650659972E-020
   2.8809586941305491E-017   6.4146192919823657E-020   1.4351500859820395E-017   3.2544018330182373E-020
   1.3379274688323994E-017   1.3537018023779901E-017   1.4583008080875141E-017   1.7129189591276492E-017
   2.6753822086212962E-020   3.1261680953195833E-020   3.2211582659582900E-020   3.5912698226077251E-020
   4.6841828920202032E-017   1.0408430305958666E-019   2.8809586941305491E-017   6.4146192919823657E-020
   1.6918862749109730E-017   1.7485988047758595E-017   1.8097616918991252E-017   2.0107379190769802E-017
   3.5647704588828657E-020   3.9683797864892941E-020   4.0384126203928952E-020   4.3845108112105622E-020
   6.7913811717070658E-017   1.5172355529463227E-019   4.6841828920202032E-017   1.0408430305958666E-019
   1.9987890988628439E-017   2.0702270800229729E-017   2.1117055877738753E-017   2.2805352436646352E-017
   4.3708918005585912E-020   4.7443056301588743E-020   4.7980237842696009E-020   5.1280007116118294E-020
   9.1675884422511768E-017   2.0659935973660098E-019   6.7913811717070658E-017   1.5172355529463227E-019
   2.2732751067855948E-017   2.3490428287168260E-017   2.3797904733643165E-017   2.5263019123167830E-017
   5.1197970090642634E-020   5.4719216502795768E-020   5.5146744041481466E-020   5.8324935472615020E-020
   6.3361043659267036E-017   6.0587037870312817E-020   1.1462815720325715E-017   9.9999999999999995E-021
   2.9261694638906664E-017   3.7948784279634195E-017   5.5649646118053440E-017   9.4930812199365995E-017
   2.6459965843715918E-020   4.3750109722604508E-020   5.4218218786338092E-020   8.1125604360275805E-020
   1.8434598500101564E-016   1.7314654672052857E-019   6.3361043659267036E-017   6.0587037870312817E-020
   8.9541297996433702E-017   1.0728150553733470E-016   1.2599127293837071E-016   1.6982279310264709E-016
   7.6570114854322000E-020   1.0580834055921497E-019   1.1709129007746707E-019   1.5298767697360845E-019
   3.9036419807115155E-016   3.6713228531209348E-019   1.8434598500101564E-016   1.7314654672052857E-019
   1.6555030451801611E-016   1.9398048147669295E-016   2.1083536571590802E-016   2.6092727951759729E-016
   1.4899809851556769E-019   1.8732457693734089E-019   1.9900309459903870E-019   2.4226098996106236E-019
   6.9551669688219383E-016   6.5937780922404852E-019   3.9036419807115155E-016   3.6713228531209348E-019
   2.5728175396427483E-016   2.9433730587928138E-016   3.0985046457376417E-016   3.6525769799588779E-016
   2.3918765631248853E-019   2.8583304233625712E-019   2.9735850069725510E-019   3.4790240109221711E-019
   1.1119485624244408E-015   1.0653830292307965E-018   6.9551669688219383E-016   6.5937780922404852E-019
   3.6230921557557570E-016   4.0653832164508314E-016   4.2102398154648781E-016   4.8115737129476499E-016
   3.4543727299409541E-019   3.9985777796956592E-019   4.1107535943352101E-019   4.6872777224021865E-019
   1.8548675062857283E-016   1.0987525566163299E-019   1.8319327812210324E-017   9.9999999999999995E-021
   6.4189530689039580E-017   1.0277411135893623E-016   1.7970175899845553E-016   3.7386326549435179E-016
   3.6305535867085274E-020   7.3374736576816040E-020   1.0662765747897263E-019   2.0294120999113540E-019
   7.8545666506703815E-016   4.5998016889627844E-019   1.8548675062857283E-016   1.0987525566163299E-019
   3.5275241677868819E-016   4.8878504522548653E-016   6.3667221626158890E-016   9.9615254687795296E-016
   1.9041038698165269E-019   3.0376975748678882E-019   3.6811976523671668E-019   5.6644004697920879E-019
   2.1869642090004335E-015   1.2858422414139342E-018   7.8545666506703815E-016   4.5998016889627844E-019
   9.6051467447349969E-016   1.2569490555008590E-015   1.4569876524679552E-015   2.0206571731892448E-015
   5.4226122119157034E-019   7.6123230270389154E-019   8.5719421868697243E-019   1.1760581711326370E-018
   4.8282748844354925E-015   2.8660002569362069E-018   2.1869642090004335E-015   1.2858422414139342E-018
   1.9731255552907290E-015   2.4693010005852519E-015   2.7149301807459229E-015   3.5062761346572764E-015
   1.1472754101692703E-018   1.4996153954402497E-018   1.6236924761313026E-018   2.0870569398212586E-018
   9.2043837009560056E-015   5.5273836462091441E-018   4.8282748844354925E-015   2.8660002569362069E-018
   3.4538676159772921E-015   4.1804361320490059E-015   4.4668005344017396E-015   5.5083119502442931E-015
   2.0557448283012259E-018   2.5666118097706406E-018   2.7160582788664937E-018   3.3472153300621293E-018
   4.4759899197928505E-016   1.9040160969702557E-019   2.5275497622327700E-017   9.9999999999999995E-021
   1.1294582506827887E-016   2.1488768513284588E-016   4.4239329273085198E-016   1.1064331853460693E-015
   4.6294208831145303E-020   1.1064418376036216E-019   1.8730354009114869E-019   4.4022000164798641E-019
   2.7396314354497182E-015   1.1606099505377236E-018   4.4759899197928505E-016   1.9040160969702557E-019
   1.0695838089341411E-015   1.6858142422336538E-015   2.4440003418925055E-015   4.4229816836361388E-015
   4.2211078753503894E-019   7.6255924696435168E-019   1.0194516889758696E-018   1.8351173856287079E-018
   1.0036380315772525E-014   4.2764768054075490E-018   2.7396314354497182E-015   1.1606099505377236E-018
   4.2543826061924688E-015   6.1502167795051663E-015   7.6622978480610638E-015   1.1901081420611898E-014
   1.7434530071988837E-018   2.7044948542790304E-018   3.2554470170289984E-018   5.0318643794040075E-018
   2.7506863054706820E-014   1.1843808115466091E-017   1.0036380315772525E-014   4.2764768054075490E-018
   1.1534111663652490E-014   1.5675487161961058E-014   1.8135645233109982E-014   2.5666519979811195E-014
   4.8589351796170178E-018   6.9002207594037450E-018   7.8358915042657287E-018   1.1072828153395281E-017
   6.2647470828588222E-014   2.7306100654161753E-017   2.7506863054706820E-014   1.1843808115466091E-017
   2.5105536056258413E-014   3.2608396959543140E-014   3.6181208194061620E-014   4.8158900279820451E-014
   1.0814874805775389E-017   1.4494921205904676E-017   1.5893134922978084E-017   2.1182768168633062E-017
   9.5136874744879321E-016   3.1455221052188019E-019   3.2278530475293346E-017   9.9999999999999995E-021
   1.7558337245200910E-016   3.8684392567154149E-016   9.2276521779521608E-016   2.7197396424554755E-015
   5.6350174518340322E-020   1.5550458881988070E-019   3.0296991261465237E-019   8.5401408574387460E-019
   8.3137321403130704E-015   2.7543468760079382E-018   9.5136874744879321E-016   3.1455221052188019E-019
   2.7377417005527153E-015   4.8406654315910053E-015   7.7923626096907411E-015   1.6170382574069457E-014
   8.5212114810093993E-019   1.7180107175021849E-018   2.5354894680007343E-018   5.2796464738095703E-018
   3.9930852162268371E-014   1.3323634615293355E-017   8.3137321403130704E-015   2.7543468760079382E-018
   1.5672906965336456E-014   2.4807450123048015E-014   3.3322744158064282E-014   5.7769424604170751E-014
   5.0348255371466521E-018   8.5539783639375328E-018   1.1049820984652965E-017   1.9173302201384866E-017
   1.3574925653699098E-013   4.5800249517684117E-017   3.9930852162268371E-014   1.3323634615293355E-017
   5.5822485342118590E-014   8.1880544681957294E-014   1.0012030380605850E-013   1.5508624393018545E-013
   1.8409111829572477E-017   2.8230737308459378E-017   3.3782273736611978E-017   5.2424555494629380E-017
   3.6940553135038782E-013   1.2621704734638563E-016   1.3574925653699098E-013   4.5800249517684117E-017
   1.5087164408197199E-013   2.0933432924579060E-013   2.4225563989086492E-013   3.4788606652509796E-013
   5.0842505038317867E-017   7.2827849741382427E-017   8.3114643390626795E-017   1.1977329566987272E-016
   1.8409738245416644E-015   4.9700865333671693E-019   3.9307210025843867E-017   9.9999999999999995E-021
   2.5212338918549360E-016   6.3118140084712921E-016   1.7184097737779849E-015   5.8586939486592013E-015
   6.6442967436867554E-020   2.0793430630724754E-019   4.6038717905076812E-019   1.5189659818674023E-018
   2.2618095411576428E-014   6.1475105419748143E-018   1.8409738245416644E-015   4.9700865333671693E-019
   6.1983760465926347E-015   1.2152748341378034E-014   2.1619520279497327E-014   5.0919816233865231E-014
   1.5930844796440297E-018   3.5445871200069819E-018   5.7592082330077223E-018   1.3702336146155143E-017
   1.4157564397133122E-013   3.8795661813509292E-017   2.2618095411576428E-014   6.1475105419748143E-018
   5.0179965665229779E-014   8.6320035169794338E-014   1.2505766396577807E-013   2.4080992742215403E-013
   1.3248970221799584E-017   2.4468416171796741E-017   3.3956756287510397E-017   6.5789592488793027E-017
   5.9561144677380290E-013   1.6510944329932848E-016   1.4157564397133122E-013   3.8795661813509292E-017
   2.3327264401817094E-013   3.6732226125025852E-013   4.7576176961545821E-013   8.0477411106522631E-013
   6.3158989780425889E-017   1.0403296256632179E-016   1.3151920518833550E-016   2.2361936362517468E-016
   1.9348011862896099E-012   5.4332204018304970E-016   5.9561144677380290E-013   1.6510944329932848E-016
   7.8074896378172432E-013   1.1525743016732853E-012   1.3950847197101225E-012   2.1590714305463022E-012
   2.1590721739937125E-016   3.2920992909567071E-016   3.9222303378666821E-016   6.1050243813827842E-016
   3.3108321356762228E-015   7.5472536942150940E-019   4.6351417496349535E-017   9.9999999999999995E-021
   3.4257599404636209E-016   9.6043308071316077E-016   2.9454831402646823E-015   1.1432475873077192E-014
   7.6558057584829665E-020   2.6792301279146897E-019   6.6632850613114879E-019   2.5232911210989909E-018
   5.6237569225587471E-014   1.2952477569173127E-017   3.3108321356762228E-015   7.5472536942150940E-019
   1.2771576450122845E-014   2.7500062022096475E-014   5.3763517309926562E-014   1.4226168742529859E-013
   2.7954737518643633E-018   6.8027511339608535E-018   1.2116769494178999E-017   3.2551998190365635E-017
   4.5531100034143453E-013   1.0582015011359206E-016   5.6237569225587471E-014   1.2952477569173127E-017
   1.4355536924214126E-013   2.6668348873680427E-013   4.1618489897581247E-013   8.8514844202770791E-013
   3.2164644047763515E-017   6.4160089537079251E-017   9.5596738190329921E-017   2.0552773576393174E-016
   2.3623319332422336E-012   5.5559574042447617E-016   4.5531100034143453E-013   1.0582015011359206E-016
   8.6420322315468853E-013   1.4540465630107443E-012   1.9964676949182476E-012   3.6768938583921212E-012
   1.9838404478832561E-016   3.4934737660377416E-016   4.6708199979114920E-016   8.6741074428713203E-016
   9.1456213721100332E-012   2.1793987626875210E-015   2.3623319332422336E-012   5.5559574042447617E-016
   3.5688976159312382E-012   5.5854388265407796E-012   7.0827178602874659E-012   1.1794525643619066E-011
   8.3648440851266048E-016   1.3528213662074251E-015   1.6856416900202501E-015   2.8294076126102583E-015
   5.6133405309193430E-015   1.1069225502790211E-018   5.3405728623423811E-017   9.9999999999999995E-021
   4.4694661129800121E-016   1.3871295615848498E-015   4.7387094050911396E-015   2.0660984269125533E-014
   8.6687656021686358E-020   3.3546517430284919E-019   9.2757245639419691E-019   3.9687723842583484E-018
   1.2960248178179016E-013   2.5892008028046538E-017   5.6133405309193430E-015   1.1069225502790211E-018
   2.4415076040028476E-014   5.7270581006420666E-014   1.2234877956617358E-013   3.6028105032000788E-013
   4.6532405165131023E-018   1.2293458388030653E-017   2.3887881938421740E-017   7.1694591697187201E-017
   1.3457930071606523E-012   2.7151314491956717E-016   1.2960248178179016E-013   2.5892008028046538E-017
   3.7419786049075450E-013   7.4661539796918453E-013   1.2524054987952710E-012   2.9249034982535089E-012
   7.2805917274866137E-017   1.5600353456621089E-016   2.4914834342695319E-016   5.9061714808792949E-016
   8.5751065824812261E-012   1.7511053739050419E-015   1.3457930071606523E-012   2.7151314491956717E-016
   2.8920165024804122E-012   5.1778465331068185E-012   7.5352249763451406E-012   1.5057721930539102E-011
   5.7606028825701773E-016   1.0800639166015371E-015   1.5273199065602384E-015   3.0867254393322805E-015
   3.9478224388802700E-011   8.1696451793247467E-015   8.5751065824812261E-012   1.7511053739050419E-015
   1.4672256774940702E-011   2.4265462381935340E-011   3.2261570940801213E-011   5.7692383417515009E-011
   2.9832483525609131E-015   5.1009885768019062E-015   6.6535180185490020E-015   1.2018977289255498E-014
   9.0666151884482758E-015   1.5750834573291527E-018   6.0466978285352226E-017   9.9999999999999995E-021
   5.6523840606212526E-016   1.9238002958555324E-015   7.2513820749896804E-015   3.5121286113224986E-014
   9.6827217808691124E-020   4.1055756170474724E-019   1.2509001881324924E-018   5.9707580264917453E-018
   2.7987592328709003E-013   4.9363112320027519E-017   9.0666151884482758E-015   1.5750834573291527E-018
   4.3906167294487331E-014   1.1143455734892153E-013   2.5872203449753132E-013   8.4063649760445762E-013
   7.4094668611907760E-018   2.1119765809433770E-017   4.4551400577665688E-017   1.4797637354080057E-016
   3.6944149593814898E-012   6.5845700231454669E-016   2.7987592328709003E-013   4.9363112320027519E-017
   9.0185709324246511E-013   1.9234558040767342E-012   3.4590647065076656E-012   8.8203361021551336E-012
   1.5504050369507744E-016   3.5516732966817088E-016   6.0666403190397313E-016   1.5758601131277498E-015
   2.8771332668666675E-011   5.1912655468466868E-015   3.6944149593814898E-012   6.5845700231454669E-016
   8.8675993155731479E-012   1.6832509703931922E-011   2.5942221175504486E-011   5.6044445181265149E-011
   1.5596543350404011E-015   3.1021610082032527E-015   4.6368697157071018E-015   1.0159135484331729E-014
   1.5709947078836963E-010   2.8728125933739001E-014   2.8771332668666675E-011   5.1912655468466868E-015
   5.4999666908191339E-011   9.5843308802390176E-011   1.3362557504913395E-010   2.5603139410697819E-010
   9.8726277035518605E-015   1.7796256327342407E-014   2.4306899241823675E-014   4.7142223479469865E-014
  -2.1248662785134539E-020   1.9999071390479479E-020  -9.9996124471026699E-021   9.9999999999999995E-021
  -9.9997711924453855E-021  -1.2499022909499498E-020  -1.1665691250324488E-020  -9.1651025160978584E-021
   9.9994837715511736E-021   9.9991534199892455E-021   9.9989871090903772E-021   9.9986635131664559E-021
  -3.1292956243232248E-020   2.9997470222755901E-020  -2.1248662785134539E-020   1.9999071390479479E-020
  -9.3735072484381397E-021  -1.0456319335415342E-020  -1.0239638247998228E-020  -9.5003383333209768E-021
   9.9987216162127075E-021   9.9984367870920491E-021   9.9983602801877449E-021   9.9980772428862413E-021
  -4.1209057364680097E-020   3.9995269793394400E-020  -3.1292956243232248E-020   2.9997470222755901E-020
  -9.5654789623038384E-021  -1.0105136929061100E-020  -1.0027963193910138E-020  -9.6649275204407736E-021
   9.9980967107702146E-021   9.9978232879342477E-021   9.9977753865829507E-021   9.9975033640263700E-021
  -5.1112291773024638E-020   4.9992497890670874E-020  -4.1209057364680097E-020   3.9995269793394400E-020
  -9.6929051290933433E-021  -1.0009980481596307E-020  -9.9746896614968057E-021  -9.7571610347876757E-021
   9.9975129511007669E-021   9.9972452460872023E-021   9.9972105880104389E-021   9.9969439643627924E-021
  -6.1022588947855424E-020   5.9989169896627280E-020  -5.1112291773024638E-020   4.9992497890670874E-020
  -9.7714590880452083E-021  -9.9785083901072460E-021  -9.9596372957908960E-021  -9.8140325891432222E-021
   9.9969496330473972E-021   9.9966854223056030E-021   9.9966583097736459E-021   9.9963949385325494E-021
   4.9673105766907764E-016   4.2064508673627666E-020   2.7495031718248911E-016   9.9999999999999995E-021
   1.1244004293012791E-016   2.1597966959952583E-016   2.3512339146980090E-016   3.1603827785074986E-016
   2.4194267677302309E-020   2.9623632382992298E-020   3.3761427787803184E-020   4.1422664022872733E-020
   8.0825492660933656E-016   9.1117812865489658E-020   4.9673105766907764E-016   4.2064508673627666E-020
   3.0056525485079755E-016   2.9168201090472882E-016   3.2948725288825600E-016   3.2623943120478595E-016
   4.0063020659054117E-020   4.8191206199492448E-020   4.9656530928143192E-020   5.8561330236846499E-020
   1.1399303241306292E-015   1.5786004465553139E-019   8.0825492660933656E-016   9.1117812865489658E-020
   3.2827035103144514E-016   3.2002301387851034E-016   3.4210836727706963E-016   3.3751927178515105E-016
   5.7751755786822749E-020   6.6144271606467505E-020   6.7208090444295338E-020   7.5996910851902004E-020
   1.4798704324262372E-015   2.4237004890081288E-019   1.1399303241306292E-015   1.5786004465553139E-019
   3.3828818824111411E-016   3.3249856856364472E-016   3.4667272372338440E-016   3.4300987695847598E-016
   7.5550184318655616E-020   8.4042630527826526E-020   8.4896525639154431E-020   9.3631528819071259E-020
   1.8241827509030910E-015   3.4465760091995449E-019   1.4798704324262372E-015   2.4237004890081288E-019
   3.4333685428305683E-016   3.3917468882832614E-016   3.4901339333938435E-016   3.4616089224264461E-016
   9.3350062608959522E-020   1.0190254200656850E-019   1.0261785623513127E-019   1.1133445302249067E-019
   2.0670996139751877E-015   8.6407624866826399E-020   6.1813548301019574E-016   9.9999999999999995E-021
   5.4407559609493456E-016   1.2421970112346623E-015   1.5655872860545514E-015   2.5341405951165882E-015
   4.1911148881715355E-020   6.0666743516101571E-020   8.2615320000817506E-020   1.2997047328540488E-019
   5.0458045525885785E-015   2.7511741872115825E-019   2.0670996139751877E-015   8.6407624866826399E-020
   2.3494133876665059E-015   2.6291738372799936E-015   3.2867039242555476E-015   3.6910607209427538E-015
   1.2239855798234606E-019   1.7604994631344080E-019   1.9182894983050497E-019   2.7410241285575350E-019
   9.4334563088828766E-015   6.3070054647745545E-019   5.0458045525885785E-015   2.7511741872115825E-019
   3.7323424397975836E-015   4.1005668278771178E-015   4.6456280453363609E-015   5.1011783515412529E-015
   2.6262941304821733E-019   3.4259433820812535E-019   3.6005033465445195E-019   4.6558000776441150E-019
   1.5219923265777679E-014   1.2062868505086372E-018   9.4334563088828766E-015   6.3070054647745545E-019
   5.1127550211460035E-015   5.5466982661101895E-015   6.0057813339648418E-015   6.5010875200727414E-015
   4.5629681300439657E-019   5.6241971844850331E-019   5.8093509293304496E-019   7.1051138841959773E-019
   2.2406244954018929E-014   2.0546763310881553E-018   1.5219923265777679E-014   1.2062868505086372E-018
   6.5026198567500216E-015   6.9809191245678020E-015   7.3766978236707013E-015   7.9000763762204903E-015
   7.0279107302562783E-019   8.3514560425976670E-019   8.5432375719568046E-019   1.0086070875405851E-018
   5.9819047311423104E-015   1.6431961628041914E-019   9.7863448058209225E-016   9.9999999999999995E-021
   1.3458076770118078E-015   3.6739295423292595E-015   5.3046342865761240E-015   1.0716686168538732E-014
   6.0521853976986824E-020   1.0110770145305748E-019   1.6698230855210087E-019   3.2921582369521119E-019
   2.1540010940118026E-014   7.7204866152369847E-019   5.9819047311423104E-015   1.6431961628041914E-019
   9.8758360385629146E-015   1.2653809003980590E-014   1.7704634216692813E-014   2.2755914773944586E-014
   3.1133861494659470E-019   5.2212698788375200E-019   6.1441763853277598E-019   1.0619464036800247E-018
   5.3390480400426605E-014   2.3461654760500282E-018   2.1540010940118026E-014   7.7204866152369847E-019
   2.3208158248690003E-014   2.8366342216163977E-014   3.4513936161114163E-014   4.2134101758605205E-014
   9.8700452208140132E-019   1.4475520296978323E-018   1.5978484750310970E-018   2.3668953556187178E-018
   1.0729538034452088E-013   5.5970318355531722E-018   5.3390480400426605E-014   2.3461654760500282E-018
   4.2237718077580064E-014   5.0071520014401740E-014   5.6914032209577144E-014   6.7220577139027805E-014
   2.2766488161805835E-018   3.0833720687091839E-018   3.2943925655206657E-018   4.4730200723785815E-018
   1.8909239975445653E-013   1.1428992160817246E-017   1.0729538034452088E-013   5.5970318355531722E-018
   6.7133449760139191E-014   7.7720459822258103E-014   8.5063014430450213E-014   9.8081718194058183E-014
   4.3730649652707680E-018   5.6242308262708885E-018   5.8961460241226443E-018   7.5779432855266078E-018
   1.4393309862909404E-014   2.9219671333793785E-019   1.3456025170866134E-015   9.9999999999999995E-021
   2.5284810784923131E-015   8.0907811381486522E-015   1.3258791687739895E-014   3.3058617344667343E-014
   7.9466522208455058E-020   1.5051604929512030E-019   2.9926317233893622E-019   7.1415531455105923E-019
   7.5168650280817380E-014   2.0139012115685543E-018   1.4393309862909404E-014   2.9219671333793785E-019
   3.0936877877794489E-014   4.4882233585178006E-014   7.0315690283484124E-014   1.0331931689232911E-013
   6.9753501917600278E-019   1.3341919576076752E-018   1.7131896475049584E-018   3.5379287599824282E-018
   2.4665752438193913E-013   8.0831872011464842E-018   7.5168650280817380E-014   2.0139012115685543E-018
   1.0705801750881176E-013   1.4374320119731330E-013   1.8918416765303029E-013   2.5602048939723161E-013
   3.2175934064820051E-018   5.2518351157390342E-018   6.1434360632520470E-018   1.0407580173003411E-017
   6.1753894889318136E-013   2.4019486844770739E-017   2.4665752438193913E-013   8.0831872011464842E-018
   2.5751634958132707E-013   3.3080482618650635E-013   3.9745330323033459E-013   5.1125593865244451E-013
   9.8288876009572532E-018   1.4522477600096863E-017   1.6179590850291160E-017   2.4384773360012235E-017
   1.3034815753285518E-012   5.8766622579680901E-017   6.1753894889318136E-013   2.4019486844770739E-017
   5.1015203146115831E-013   6.3312484217375231E-013   7.2206895683160084E-013   8.9511612914035816E-013
   2.3530341175886183E-017   3.2580517272635043E-017   3.5240508222918150E-017   4.9310422242468338E-017
   3.0600754349654619E-014   4.9006574148227376E-019   1.7156368156405675E-015   9.9999999999999995E-021
   4.0954985774196414E-015   1.5069169252025282E-014   2.7746692101052906E-014   8.3583483920508291E-014
   9.8569485744851131E-020   2.0875672233338380E-019   4.9222016589190509E-019   1.3798711866982136E-018
   2.2770595635218587E-013   4.8930340967590490E-018   3.0600754349654619E-014   4.9006574148227376E-019
   8.0634920386925183E-014   1.3105501202615061E-013   2.2880875587854926E-013   3.8226875581886269E-013
   1.4174093435255717E-018   3.0391739333098612E-018   4.2734382430043069E-018   1.0375176435506746E-017
   9.8492580953410790E-013   2.5789129276058482E-017   2.2770595635218587E-013   4.8930340967590490E-018
   4.0558263665522860E-013   5.9193741864528211E-013   8.4536885535168964E-013   1.2631239344423604E-012
   9.3444142423139977E-018   1.6838168498998163E-017   2.0961661871074880E-017   4.0432496093336506E-017
   3.0677751855182684E-012   9.5217484778153818E-017   9.8492580953410790E-013   2.5789129276058482E-017
   1.2812776216597320E-012   1.7709505596560072E-012   2.2582189361894456E-012   3.1574796425543258E-012
   3.7625695270480430E-017   6.0287722831382352E-017   7.0393196744862824E-017   1.1758259858960124E-016
   7.7516427719917233E-012   2.7880822933864891E-016   3.0677751855182684E-012   9.5217484778153818E-017
   3.1543730416503732E-012   4.1755039825232024E-012   4.9824938495992693E-012   6.6328368129454065E-012
   1.1207166906829454E-016   1.6629461849739379E-016   1.8647995509555988E-016   2.8392365110876867E-016
   5.9329738291336071E-014   7.8134188720806249E-019   2.0873557371003367E-015   9.9999999999999995E-021
   6.0482418129374122E-015   2.5184629106553695E-014   5.1602301613620603E-014   1.8383219207212836E-013
   1.1775941767868529E-019   2.7577487986122744E-019   7.5871333619930223E-019   2.4413154734486298E-018
   6.1755677535591102E-013   1.1121137445234436E-017   5.9329738291336071E-014   7.8134188720806249E-019
   1.8447318886707456E-013   3.3281671017085560E-013   6.4312720236765668E-013   1.2130012084433502E-012
   2.6637125985397457E-018   6.3157942326782439E-018   9.7233072393494915E-018   2.7296857805563022E-017
   3.4975187413190972E-012   7.6436475338257945E-017   6.1755677535591102E-013   1.1121137445234436E-017
   1.3262306344252516E-012   2.0862797503083224E-012   3.2349767694348583E-012   5.3110281218675021E-012
   2.4626411666911326E-017   4.8656745478926680E-017   6.4541154272081532E-017   1.4086981618921321E-016
   1.3518330277538816E-011   3.4947098694900936E-016   3.4975187413190972E-012   7.6436475338257945E-017
   5.4639796280680473E-012   8.0757123506401953E-012   1.0952429177933091E-011   1.6604606532103693E-011
   1.2982515710542619E-016   2.2446308289535657E-016   2.7544714612622273E-016   5.0856145451592375E-016
   4.0842204355524629E-011   1.2226610111603316E-015   1.3518330277538816E-011   3.4947098694900936E-016
   1.6657268438860293E-011   2.3413978892148482E-011   2.9307988301658412E-011   4.1842041641440783E-011
   4.7982826350757680E-016   7.5996026670465365E-016   8.8637392796959847E-016   1.4666434924118520E-015
   1.0701242985052494E-013   1.1927706741224907E-018   2.4600968689074593E-015   9.9999999999999995E-021
   8.3873731976040865E-015   3.9012379629880123E-014   8.8175700547348123E-014   3.6455046433764435E-013
   1.3700212106389119E-019   3.5154422907061383E-019   1.1116374770729635E-018   4.0332585113838994E-018
   1.5297780377919544E-012   2.3779114911424828E-017   1.0701242985052494E-013   1.1927706741224907E-018
   3.8235561537606704E-013   7.5973432388626281E-013   1.6130377749461441E-012   3.4086938346076978E-012
   4.6962468508891295E-018   1.2178999484380190E-017   2.0485953854246042E-017   6.5491911895672439E-017
   1.1249209317023890E-011   2.1148892788268301E-016   1.5297780377919544E-012   2.3779114911424828E-017
   3.8579268758349384E-012   6.4974395402082773E-012   1.0927444333291155E-011   1.9608893052557814E-011
   5.9746686338127537E-017   1.2865493201738148E-016   1.8174078098363924E-016   4.4572076548738009E-016
   5.3766741551954188E-011   1.1924653765967054E-015   1.1249209317023890E-011   2.1148892788268301E-016
   2.0570859182364844E-011   3.2334474170471595E-011   4.6680452589671154E-011   7.6504480706931424E-011
   4.0897265097537916E-016   7.5979640903378857E-016   9.8105376881718408E-016   1.9951856856068107E-015
   1.9389019276557424E-010   4.9742261755418515E-015   5.3766741551954188E-011   1.1924653765967054E-015
   7.7331353317949169E-011   1.1496667351908263E-010   1.5118717230608559E-010   2.3110166231343466E-010
   1.8689325255906297E-015   3.1486464264807056E-015   3.8272661054676165E-015   6.8698072041836039E-015
   1.8206865972357343E-013   1.7544095761234096E-018   2.8335040377658265E-015   9.9999999999999995E-021
   1.1113248904715773E-014   5.7127504569424982E-014   1.4133333182071668E-013   6.6737601242984641E-013
   1.5627920850904377E-019   4.3605063255429849E-019   1.5639021657910529E-018   6.3102726515407105E-018
   3.5119279128623382E-012   4.8118135878512971E-017   1.8206865972357343E-013   1.7544095761234096E-018
   7.3323209150418575E-013   1.5936575479276162E-012   3.6914427876344607E-012   8.6757227562042493E-012
   7.8526214935561454E-018   2.2076078552900548E-017   4.0448526838809092E-017   1.4528052553736196E-016
   3.3218222246034537E-011   5.4924975019078537E-016   3.5119279128623382E-012   4.8118135878512971E-017
   1.0193218834696945E-011   1.8280859974373017E-011   3.3278083726606383E-011   6.4926659762377454E-011
   1.3500383304753398E-016   3.1509301095029119E-016   4.7331581012022224E-016   1.2949682106850736E-015
   1.9550210556146209E-010   3.8015003101552256E-015   3.3218222246034537E-011   5.4924975019078537E-016
   6.9773747823308302E-011   1.1608199744616875E-010   1.7839159384042592E-010   3.1498236949606766E-010
   1.1888550417468268E-015   2.3647242849118057E-015   3.2129216801252248E-015   7.1693563879657518E-015
   8.3960890669386193E-010   1.8858821830565585E-014   1.9550210556146209E-010   3.8015003101552256E-015
   3.2193908939070208E-010   5.0439689980462106E-010   6.9738595838005135E-010   1.1391360010343511E-009
   6.6887669231016770E-015   1.1950820907102971E-014   1.5155159402408625E-014   2.9443201580337266E-014
   2.9518702583052041E-013   2.4996209735475170E-018   3.2073690119073036E-015   9.9999999999999995E-021
   1.4226077166040607E-014   8.0105022225687386E-014   2.1545809628201097E-013   1.1465256267302412E-012
   1.7557993008126027E-019   5.2928582507359170E-019   2.1284241181967204E-018   9.4467260246632189E-018
   7.5561311830319863E-012   9.2680484352363682E-017   2.9518702583052041E-013   2.4996209735475170E-018
   1.3203893199529963E-012   3.1204238408756198E-012   7.8343538078780179E-012   2.0335720325748522E-011
   1.2559019410207352E-017   3.7994440823037229E-017   7.5566034015820795E-017   3.0140521118497363E-016
   9.1032501424349868E-011   1.3462395414796353E-015   7.5561311830319863E-012   9.2680484352363682E-017
   2.4841264194723859E-011   4.7234786414942047E-011   9.2822134177636649E-011   1.9590311606802599E-010
   2.8685291252541703E-016   7.2199773912708114E-016   1.1510231435785211E-015   3.4884596648270095E-015
   6.5652747157892991E-010   1.1380150726357380E-014   9.1032501424349868E-011   1.3462395414796353E-015
   2.1645949205026910E-010   3.7956355643481420E-010   6.2056543265299360E-010   1.1762523507015952E-009
   3.2182479210970209E-015   6.8318752779578846E-015   9.7606831347745752E-015   2.3800102362704528E-014
   3.3489528594441189E-009   6.6946193219909195E-014   6.5652747157892991E-010   1.1380150726357380E-014
   1.2197030460218572E-009   2.0073317351211165E-009   2.9185433893303644E-009   5.0830990322663156E-009
   2.2184774081610020E-014   4.1926018043568436E-014   5.5488066177712048E-014   1.1638331243713995E-013
