bcc Sb -- Hedin-Lundqvist LDA                                                   
INPUT  IT=171 SPIN=0 NTYPE=  2
 -3.650000  3.650000  3.650000
  3.650000 -3.650000  3.650000
  3.650000  3.650000 -3.650000
    1  435  2.200000  0.030000    1
  0.000000  0.000000  0.000000
 0.9590734115281D-04 0.1013984463843D-03 0.1072039179017D-03 0.1133417312337D-03
 0.1198308289772D-03 0.1266913789906D-03 0.1339446384392D-03 0.1416130804304D-03
 0.1497204635128D-03 0.1582919052339D-03 0.1673539597803D-03 0.1769347000891D-03
 0.1870638046498D-03 0.1977726492571D-03 0.2090944040030D-03 0.2210641358036D-03
 0.2337189167790D-03 0.2470979388150D-03 0.2612426346621D-03 0.2761968059441D-03
 0.2920067584670D-03 0.3087214452461D-03 0.3263926176900D-03 0.3450749854033D-03
 0.3648263851029D-03 0.3857079591609D-03 0.4077843443255D-03 0.4311238711960D-03
 0.4557987750635D-03 0.4818854187652D-03 0.5094645282308D-03 0.5386214414446D-03
 0.5694463715851D-03 0.6020346851448D-03 0.6364871958813D-03 0.6729104754974D-03
 0.7114171820012D-03 0.7521264067436D-03 0.7951640411966D-03 0.8406631645871D-03
 0.8887644535712D-03 0.9396166151923D-03 0.9933768444452D-03 0.1050211307834D-02
 0.1110295654402D-02 0.1173815555765D-02 0.1240967276827D-02 0.1311958278869D-02
 0.1387007856857D-02 0.1466347812912D-02 0.1550223167959D-02 0.1638892913723D-02
 0.1732630807346D-02 0.1831726211012D-02 0.1936484979133D-02 0.2047230395750D-02
 0.2164304165008D-02 0.2288067457639D-02 0.2418902016644D-02 0.2557211325467D-02
 0.2703421842202D-02 0.2857984303477D-02 0.3021375101986D-02 0.3194097741747D-02
 0.3376684375454D-02 0.3569697428501D-02 0.3773731314541D-02 0.3989414247660D-02
 0.4217410156588D-02 0.4458420706605D-02 0.4713187435160D-02 0.4982494007512D-02
 0.5267168599090D-02 0.5568086411570D-02 0.5886172330132D-02 0.6222403729683D-02
 0.6577813438318D-02 0.6953492866699D-02 0.7350595312540D-02 0.7770339449818D-02
 0.8214013012946D-02 0.8682976686587D-02 0.9178668212451D-02 0.9702606724963D-02
 0.1025639732837D-01 0.1084173592847D-01 0.1146041433298D-01 0.1211432563497D-01
 0.1280546989522D-01 0.1353596013912D-01 0.1430802868602D-01 0.1512403382822D-01
 0.1598646687917D-01 0.1689795961039D-01 0.1786129209839D-01 0.1887940100353D-01
 0.1995538830377D-01 0.2109253050821D-01 0.2229428837558D-01 0.2356431716489D-01
 0.2490647744644D-01 0.2632484650296D-01 0.2782373035222D-01 0.2940767642374D-01
 0.3108148692412D-01 0.3285023292732D-01 0.3471926922749D-01 0.3669424999444D-01
 0.3878114527334D-01 0.4098625837249D-01 0.4331624418494D-01 0.4577812849211D-01
 0.4837932829980D-01 0.5112767325906D-01 0.5403142822743D-01 0.5709931702800D-01
 0.6034054746701D-01 0.6376483767263D-01 0.6738244382154D-01 0.7120418932159D-01
 0.7524149552307D-01 0.7950641403330D-01 0.8401166071299D-01 0.8877065143623D-01
 0.9379753969886D-01 0.9910725616408D-01 0.1047155502374D+00 0.1106390337669D+00
 0.1168952269678D+00 0.1235026066768D+00 0.1304806570399D+00 0.1378499227493D+00
 0.1456320649415D+00 0.1538499198765D+00 0.1625275605238D+00 0.1716903611787D+00
 0.1813650652429D+00 0.1915798563049D+00 0.2023644326581D+00 0.2137500854006D+00
 0.2257697802637D+00 0.2384582433189D+00 0.2518520507175D+00 0.2659897226213D+00
 0.2809118214804D+00 0.2966610548260D+00 0.3132823827381D+00 0.3308231301571D+00
 0.3493331042073D+00 0.3688647166983D+00 0.3894731119771D+00 0.4112163002938D+00
 0.4341552968519D+00 0.4583542667036D+00 0.4838806756539D+00 0.5108054473256D+00
 0.5392031265402D+00 0.5691520491513D+00 0.6007345184710D+00 0.6340369884051D+00
 0.6691502534149D+00 0.7061696453938D+00 0.7451952375445D+00 0.7863320553087D+00
 0.8296902943917D+00 0.8753855458884D+00 0.9235390284940D+00 0.9742778277511D+00
 0.1027735142242D+01 0.1084050536599D+01 0.1143370201170D+01 0.1205847218099D+01
 0.1271641833550D+01 0.1340921735744D+01 0.1413862338387D+01 0.1490647069013D+01
 0.1571467661675D+01 0.1656524453341D+01 0.1746026683225D+01 0.1840192794230D+01
 0.1939250735495D+01 0.2043438264979D+01 0.2153003250840D+01 0.2268203970235D+01
 0.2389309404013D+01 0.2516599525588D+01 0.2650365582136D+01 0.2790910365995D+01
 0.2938548474033D+01 0.3093606552451D+01 0.3256423524263D+01 0.3427350796522D+01
 0.3606752443959D+01 0.3795005365561D+01 0.3992499410214D+01 0.4199637467308D+01
 0.4416835517796D+01 0.4644522640943D+01 0.4883140971564D+01 0.5133145602297D+01
 0.5395004424904D+01 0.5669197904438D+01 0.5956218779484D+01 0.6256571681467D+01
 0.6570772665463D+01 0.6899348644713D+01 0.7242836720401D+01 0.7601783398155D+01
 0.7976743682007D+01 0.8368280036550D+01 0.8776961207302D+01 0.9203360889327D+01
 0.9648056233568D+01 0.1011162618045D+02 0.1059464960969D+02 0.1109770329584D+02
 0.1162135965807D+02 0.1216618429387D+02 0.1273273328564D+02 0.1332155027000D+02
 0.1393316325962D+02 0.1456808120852D+02 0.1522679031199D+02 0.1590975003368D+02
 0.1661738885341D+02 0.1735009973057D+02 0.1810823527999D+02 0.1889210265893D+02
 0.1970195816594D+02 0.2053800155557D+02 0.2140037007527D+02 0.2228913223463D+02
 0.2320428132064D+02 0.2414572867718D+02 0.2511329677135D+02 0.2610671207449D+02
 0.2712559779171D+02 0.2816946647899D+02 0.2923771259500D+02 0.3032960503990D+02
 0.3144427974347D+02 0.3258073236994D+02 0.3373781121889D+02 0.3491421040611D+02
 0.3610846342283D+02 0.3731893717437D+02 0.3854382661689D+02 0.3978115011077D+02
 0.4102874562981D+02 0.4228426796176D+02 0.4354518705868D+02 0.4480878768739D+02
 0.4607217055611D+02 0.4733225507737D+02 0.4858578395714D+02 0.4982932977368D+02
 0.5105930374305D+02 0.5227196682908D+02 0.5346344339265D+02 0.5462973751966D+02
 0.5576675220833D+02 0.5687031152078D+02 0.5793618584987D+02 0.5896012035233D+02
 0.5993786665106D+02 0.6086521778026D+02 0.6173804640810D+02 0.6255234620596D+02
 0.6330427630903D+02 0.6399020860495D+02 0.6460677768172D+02 0.6515093301179D+02
 0.6561999306946D+02 0.6601170077219D+02 0.6632427979362D+02 0.6655649093171D+02
 0.6670768792369D+02 0.6677787167163D+02 0.6676774212113D+02 0.6667874653791D+02
 0.6651312329952D+02 0.6627393974750D+02 0.6596512313726D+02 0.6559148307255D+02
 0.6515872445546D+02 0.6467344924505D+02 0.6414314615242D+02 0.6357616656204D+02
 0.6298168604094D+02 0.6236964983452D+02 0.6175070210591D+02 0.6113609756873D+02
 0.6053759584402D+02 0.5996733758337D+02 0.5943770347302D+02 0.5896115567893D+02
 0.5855006382755D+02 0.5821651572073D+02 0.5797211602144D+02 0.5782777380839D+02
 0.5779348388326D+02 0.5787810154160D+02 0.5808912042217D+02 0.5843245175364D+02
 0.5891221408414D+02 0.5953053549934D+02 0.6028737670671D+02 0.6118037718274D+02
 0.6220473376071D+02 0.6335311311039D+02 0.6461560801168D+02 0.6597973752179D+02
 0.6743050096618D+02 0.6895048354348D+02 0.7052002317240D+02 0.7211743297298D+02
 0.7371928822390D+02 0.7530076799951D+02 0.7683605896381D+02 0.7829880647493D+02
 0.7966261919876D+02 0.8090160625405D+02 0.8199095228020D+02 0.8290750286484D+02
 0.8363036528834D+02 0.8414149071444D+02 0.8442624351239D+02 0.8447391753364D+02
 0.8427820815596D+02 0.8383759407551D+02 0.8315564324694D+02 0.8224119279114D+02
 0.8110842543689D+02 0.7977678985954D+02 0.7827079941657D+02 0.7661965543565D+02
 0.7485674502870D+02 0.7301896016053D+02 0.7114590604808D+02 0.6927894710880D+02
 0.6746017877083D+02 0.6573127426081D+02 0.6413231560658D+02 0.6270055655859D+02
 0.6146924640467D+02 0.6046645680424D+02 0.5971405698700D+02 0.5922676825095D+02
 0.5901145529284D+02 0.5906655958926D+02 0.5938185249517D+02 0.5993837411243D+02
 0.6070874257547D+02 0.6165766221167D+02 0.6274279882436D+02 0.6391585253637D+02
 0.6512394363621D+02 0.6631113393563D+02 0.6742017702184D+02 0.6839429994834D+02
 0.6917909563690D+02 0.6972431819544D+02 0.6998565314392D+02 0.6992625834609D+02
 0.6951814777527D+02 0.6874323318844D+02 0.6759410270867D+02 0.6607438346805D+02
 0.6419878019101D+02 0.6199267737882D+02 0.5949141152021D+02 0.5673914586941D+02
 0.5378746593797D+02 0.5069367359564D+02 0.4751890106347D+02 0.4432606586395D+02
 0.4117777866288D+02 0.3813426183236D+02 0.3525136658907D+02 0.3257877436902D+02
 0.3015842773576D+02 0.2802329906643D+02 0.2619646690831D+02 0.2469064694490D+02
 0.2350805210842D+02 0.2264071639117D+02 0.2207115668157D+02 0.2177340673665D+02
 0.2171427236883D+02 0.2185492338904D+02 0.2215250369229D+02 0.2256196921551D+02
 0.2303775682036D+02 0.2353556470559D+02 0.2401379200003D+02 0.2443497880422D+02
 0.2476677398051D+02 0.2498285565698D+02 0.2506329436008D+02 0.2499488639117D+02
 0.2477091382801D+02 0.2439094733331D+02 0.2386011771929D+02 0.2318853788440D+02
 0.2239028107709D+02 0.2148261057590D+02 0.2048487497908D+02 0.1941773727951D+02
 0.1830216046038D+02 0.1715878890471D+02 0.1600713228894D+02 0.1486519256919D+02
 0.1374890150862D+02 0.1267200717616D+02 0.1164576228298D+02 0.1067903493208D+02
 0.9778228414668D+01 0.8947543771958D+01 0.8189023000589D+01 0.7502939006768D+01
 0.6887899221895D+01 0.6341284446172D+01 0.5859373577036D+01 0.5437791419348D+01
 0.5071625218680D+01 0.4755838911565D+01 0.4485332993734D+01 0.4255260455006D+01
 0.4060977021582D+01 0.3898242462273D+01 0.3763124438722D+01 0.3652234107102D+01
 0.3562776149278D+01 0.3492936144681D+01 0.3441989227995D+01
    2  435  1.200000  0.030000    3
  0.000000  0.500000  0.500000
  0.500000  0.500000  0.000000
  0.500000  0.000000  0.500000
 0.3323731946657D-10 0.3529253841994D-10 0.3747484099181D-10 0.3979208532811D-10
 0.4225261547727D-10 0.4486529143551D-10 0.4763952112162D-10 0.5058529397475D-10
 0.5371321732622D-10 0.5703455434311D-10 0.6056126471152D-10 0.6430604740091D-10
 0.6828238684475D-10 0.7250460120170D-10 0.7698789405525D-10 0.8174840883401D-10
 0.8680328743504D-10 0.9217073163200D-10 0.9787006876610D-10 0.1039218209823D-09
 0.1103477796728D-09 0.1171710835961D-09 0.1244163023535D-09 0.1321095244671D-09
 0.1402784519228D-09 0.1489524995406D-09 0.1581629010565D-09 0.1679428211588D-09
 0.1783274755739D-09 0.1893542574558D-09 0.2010628722025D-09 0.2134954799572D-09
 0.2266968481510D-09 0.2407145122478D-09 0.2555989470871D-09 0.2714037481165D-09
 0.2881858251870D-09 0.3060056069748D-09 0.3249272587555D-09 0.3450189128814D-09
 0.3663529150022D-09 0.3890060840209D-09 0.4130599888863D-09 0.4386012416806D-09
 0.4657218104715D-09 0.4945193498678D-09 0.5250975528387D-09 0.5575665233986D-09
 0.5920431741458D-09 0.6286516465772D-09 0.6675237582740D-09 0.7087994767869D-09
 0.7526274248082D-09 0.7991654145977D-09 0.8485810164001D-09 0.9010521609807D-09
 0.9567677816080D-09 0.1015928493546D-08 0.1078747316575D-08 0.1145450441089D-08
 0.1216278043959D-08 0.1291485152447D-08 0.1371342562631D-08 0.1456137813409D-08
 0.1546176223402D-08 0.1641781989301D-08 0.1743299353310D-08 0.1851093841483D-08
 0.1965553581543D-08 0.2087090699282D-08 0.2216142802536D-08 0.2353174555540D-08
 0.2498679353838D-08 0.2653181099555D-08 0.2817236087736D-08 0.2991435007868D-08
 0.3176405072667D-08 0.3372812274969D-08 0.3581363785571D-08 0.3802810497719D-08
 0.4037949732853D-08 0.4287628109711D-08 0.4552744592342D-08 0.4834253724858D-08
 0.5133169070486D-08 0.5450566858924D-08 0.5787589860829D-08 0.6145451499973D-08
 0.6525440224418D-08 0.6928924143143D-08 0.7357355951069D-08 0.7812278156558D-08
 0.8295328637357D-08 0.8808246534744D-08 0.9352878513895D-08 0.9931185409131D-08
 0.1054524928577D-07 0.1119728093278D-07 0.1188962782038D-07 0.1262478254754D-07
 0.1340539181787D-07 0.1423426596402D-07 0.1511438906284D-07 0.1604892967348D-07
 0.1704125224616D-07 0.1809492922916D-07 0.1921375392622D-07 0.2040175414629D-07
 0.2166320670444D-07 0.2300265281143D-07 0.2442491441677D-07 0.2593511155899D-07
 0.2753868079696D-07 0.2924139477157D-07 0.3104938297902D-07 0.3296915382465D-07
 0.3500761804952D-07 0.3717211359502D-07 0.3947043200665D-07 0.4191084646623D-07
 0.4450214156705D-07 0.4725364491819D-07 0.5017526070453D-07 0.5327750531705D-07
 0.5657154519640D-07 0.6006923700294D-07 0.6378317027168D-07 0.6772671269892D-07
 0.7191405823983D-07 0.7636027816440D-07 0.8108137527090D-07 0.8609434144428D-07
 0.9141721878485D-07 0.9706916449852D-07 0.1030705197988D-06 0.1094428830604D-06
 0.1162091875076D-06 0.1233937836845D-06 0.1310225270229D-06 0.1391228708138D-06
 0.1477239649378D-06 0.1568567606751D-06 0.1665541219928D-06 0.1768509436966D-06
 0.1877842769007D-06 0.1993934622231D-06 0.2117202712103D-06 0.2248090564857D-06
 0.2387069111927D-06 0.2534638382554D-06 0.2691329300956D-06 0.2857705594334D-06
 0.3034365818933D-06 0.3221945510864D-06 0.3421119469753D-06 0.3632604183220D-06
 0.3857160401277D-06 0.4095595869276D-06 0.4348768229557D-06 0.4617588102015D-06
 0.4903022355083D-06 0.5206097578095D-06 0.5527903768003D-06 0.5869598243296D-06
 0.6232409799765D-06 0.6617643122081D-06 0.7026683467609D-06 0.7461001638783D-06
 0.7922159262587D-06 0.8411814394967D-06 0.8931727470918D-06 0.9483767621072D-06
 0.1006991937818D-05 0.1069228979622D-05 0.1135311600854D-05 0.1205477325116D-05
 0.1279978338123D-05 0.1359082391944D-05 0.1443073764952D-05 0.1532254280875D-05
 0.1626944390655D-05 0.1727484320848D-05 0.1834235292736D-05 0.1947580816450D-05
 0.2067928064812D-05 0.2195709331621D-05 0.2331383579713D-05 0.2475438084167D-05
 0.2628390176718D-05 0.2790789097286D-05 0.2963217959437D-05 0.3146295836562D-05
 0.3340679976434D-05 0.3547068151686D-05 0.3766201154789D-05 0.3998865446177D-05
 0.4245895965188D-05 0.4508179113385D-05 0.4786655921154D-05 0.5082325408493D-05
 0.5396248152239D-05 0.5729550071877D-05 0.6083426447697D-05 0.6459146185129D-05
 0.6858056340739D-05 0.7281586925293D-05 0.7731256001277D-05 0.8208675092386D-05
 0.8715554924550D-05 0.9253711518023D-05 0.9825072652484D-05 0.1043168472734D-04
 0.1107572004189D-04 0.1175948452020D-04 0.1248542590812D-04 0.1325614247093D-04
 0.1407439222229D-04 0.1494310271622D-04 0.1586538143670D-04 0.1684452682063D-04
 0.1788403995321D-04 0.1898763697544D-04 0.2015926224783D-04 0.2140310231478D-04
 0.2272360071952D-04 0.2412547371929D-04 0.2561372695636D-04 0.2719367314121D-04
 0.2887095081029D-04 0.3065154422117D-04 0.3254180445523D-04 0.3454847179844D-04
 0.3667869947907D-04 0.3894007884115D-04 0.4134066604197D-04 0.4388901036230D-04
 0.4659418422848D-04 0.4946581504518D-04 0.5251411894988D-04 0.5574993660042D-04
 0.5918477111959D-04 0.6283082832143D-04 0.6670105935770D-04 0.7080920592437D-04
 0.7516984818352D-04 0.7979845555642D-04 0.8471144056106D-04 0.8992621586948D-04
 0.9546125477830D-04 0.1013361552877D-03 0.1075717080049D-03 0.1141899680908D-03
 0.1212143314914D-03 0.1286696156962D-03 0.1365821452948D-03 0.1449798426006D-03
 0.1538923236447D-03 0.1633509998407D-03 0.1733891856545D-03 0.1840422126174D-03
 0.1953475500532D-03 0.2073449328949D-03 0.2200764970039D-03 0.2335869224089D-03
 0.2479235849229D-03 0.2631367166030D-03 0.2792795755584D-03 0.2964086256251D-03
 0.3145837264655D-03 0.3338683346712D-03 0.3543297164776D-03 0.3760391727402D-03
 0.3990722768419D-03 0.4235091262463D-03 0.4494346084371D-03 0.4769386820365D-03
 0.5061166739116D-03 0.5370695931479D-03 0.5699044627728D-03 0.6047346702038D-03
 0.6416803373822D-03 0.6808687116721D-03 0.7224345785608D-03 0.7665206973632D-03
 0.8132782610423D-03 0.8628673814782D-03 0.9154576013770D-03 0.9712284342926D-03
 0.1030369934035D-02 0.1093083295085D-02 0.1159581485376D-02 0.1230089913216D-02
 0.1304847129777D-02 0.1384105569152D-02 0.1468132327388D-02 0.1557209982759D-02
 0.1651637458711D-02 0.1751730931938D-02 0.1857824787084D-02 0.1970272620731D-02
 0.2089448296144D-02 0.2215747051793D-02 0.2349586664903D-02 0.2491408673494D-02
 0.2641679657976D-02 0.2800892586094D-02 0.2969568222068D-02 0.3148256604205D-02
 0.3337538591344D-02 0.3538027483022D-02 0.3750370713163D-02 0.3975251622772D-02
 0.4213391310664D-02 0.4465550568579D-02 0.4732531898532D-02 0.5015181619778D-02
 0.5314392061887D-02 0.5631103852346D-02 0.5966308293467D-02 0.6321049838517D-02
 0.6696428659240D-02 0.7093603316759D-02 0.7513793524922D-02 0.7958283020142D-02
 0.8428422523088D-02 0.8925632809296D-02 0.9451407868509D-02 0.1000731817406D-01
 0.1059501403564D-01 0.1121622906101D-01 0.1187278369235D-01 0.1256658884919D-01
 0.1329964963212D-01 0.1407406912834D-01 0.1489205226008D-01 0.1575590972596D-01
 0.1666806196096D-01 0.1763104317872D-01 0.1864750539895D-01 0.1972022254269D-01
 0.2085209447214D-01 0.2204615107747D-01 0.2330555625662D-01 0.2463361191955D-01
 0.2603376181808D-01 0.2750959537279D-01 0.2906485124652D-01 0.3070342087904D-01
 0.3242935167106D-01 0.3424685009458D-01 0.3616028432859D-01 0.3817418678258D-01
 0.4029325600496D-01 0.4252235842994D-01 0.4486652934021D-01 0.4733097363067D-01
 0.4992106557363D-01 0.5264234835103D-01 0.5550053235266D-01 0.5850149319800D-01
 0.6165126824453D-01 0.6495605281596D-01 0.6842219456184D-01 0.7205618755770D-01
 0.7586466415850D-01 0.7985438661464D-01 0.8403223599520D-01 0.8840520098944D-01
 0.9298036347599D-01 0.9776488411930D-01 0.1027659841685D+00 0.1079909275382D+00
 0.1134469983408D+00 0.1191414791848D+00 0.1250816240601D+00 0.1312746325382D+00
 0.1377276177067D+00 0.1444475761189D+00 0.1514413504285D+00 0.1587155951890D+00
 0.1662767339269D+00 0.1741309209288D+00 0.1822839928643D+00 0.1907414269063D+00
 0.1995082869326D+00 0.2085891789109D+00 0.2179881920990D+00 0.2277088525584D+00
 0.2377540601848D+00 0.2481260421577D+00 0.2588262865016D+00 0.2698554975565D+00
 0.2812135279371D+00 0.2928993385591D+00 0.3049109304812D+00 0.3172453135446D+00
 0.3298984404985D+00 0.3428651878362D+00 0.3561392957068D+00 0.3697133660807D+00
 0.3835788110901D+00 0.3977258758295D+00 0.4121435981177D+00 0.4268198627188D+00
 0.4417413781774D+00 0.4568937694799D+00 0.4722615765849D+00 0.4878283965981D+00
 0.5035769063891D+00 0.5194890668731D+00 0.5355461754200D+00 0.5517291422794D+00
 0.5680185803722D+00 0.5843951681076D+00 0.6008397793895D+00 0.6173339529650D+00
 0.6338600683849D+00 0.6504019382101D+00 0.6669450393696D+00 0.6834772520487D+00
 0.6999891488654D+00 0.7164749155860D+00 0.7329327057159D+00 0.7493657754217D+00
 0.7657829242004D+00 0.7821998949171D+00 0.7986399193048D+00 0.8151354736350D+00
 0.8317289786102D+00 0.8484750286579D+00 0.8654413546026D+00 0.8827117171996D+00
 0.9003872884813D+00 0.9185905092729D+00 0.9374671123515D+00
  310
 0.2610708195415D+02 0.0000000000000D+00 0.1841333622050D+03 0.2223820994620D-51
 0.8464366289360D+02 0.0000000000000D+00 0.2577741163448D+03 0.1128347980030D-30
 0.1209343915828D+03 0.8744715443173D-31 0.1999999804717D+03-0.3203490272514D-30
 0.6062546967274D+02 0.4411231319293D-52 0.3053213788100D+03 0.1498988055896D-30
 0.3497807293010D+02-0.1268275541639D-31 0.1169021682247D+03 0.8512072429125D-31
 0.5862735702336D+02-0.8639181580465D-52 0.1056759661677D+03 0.1940475023647D-51
 0.8864056490259D+02 0.1546167001454D-30 0.7939551248065D+02 0.1873261246665D-32
 0.1335534191401D+03 0.0000000000000D+00 0.6797914860891D+02 0.1919214626592D-31
 0.1011697901265D+03-0.1436682332724D-30 0.2217487628174D+02 0.1403336734642D-52
 0.3691266970688D+02-0.1709988888703D-30 0.3759853536316D+02-0.2422271615491D-52
 0.3267356028733D+02 0.7950738161640D-52 0.8601832620542D+01 0.0000000000000D+00
 0.5527003337314D+02-0.2916852851758D-31 0.2867447760857D+02-0.5037073493877D-31
 0.2530361761571D+02-0.6740517607082D-32 0.4092088797051D+02 0.2124381010500D-52
 0.1857410680878D+02 0.0000000000000D+00 0.3117699174764D+02-0.7472100186115D-31
 0.4386144380764D+01 0.1343565277016D-32 0.2233782845270D+02-0.3678461417344D-30
 0.5722018544822D+01 0.3899769858052D-52 0.1269932540382D+02 0.1949884927963D-52
 0.1035923038761D+02 0.0000000000000D+00 0.8636112373838D+01-0.2846472335439D-31
 0.8520505357890D+01 0.7395711859995D-32 0.1900682140451D+02-0.1272684619681D-30
 0.1552073788454D+02 0.7851135906617D-32 0.7266860317067D+01-0.1231727238222D-30
 0.1116818438352D+02 0.4936873579334D-31 0.1046461970997D+02-0.9046490666581D-32
 0.1442587777791D+01 0.0000000000000D+00 0.4009406557748D+01 0.9683162751420D-31
 0.8898881237664D+01 0.6097372197232D-32 0.5015829953988D+01-0.1249817446525D-52
 0.3743829767644D+01 0.2768250984399D-52 0.4575693117020D+01-0.9227503284136D-53
 0.6667521737154D+01-0.7490541947028D-31 0.3682074016671D+01 0.2201041547086D-32
 0.1603137434748D+01-0.8811151064287D-32 0.5855897308200D+01 0.2270195633384D-53
 0.6566367794709D+01-0.2004471203012D-30 0.2993562208502D+01 0.4779661229097D-31
 0.2642445467317D+01 0.0000000000000D+00 0.4961006440022D+01-0.1191122835934D-30
 0.2542864982814D+01-0.2536261450152D-31 0.2274555577899D+01 0.3870219726853D-53
 0.2655617075980D+01 0.0000000000000D+00 0.4261014191655D+01 0.5066886787077D-52
 0.1732680403821D+01 0.4470090169451D-31 0.3678242387574D+01-0.9320286213958D-31
 0.4434451299460D+01-0.4755691901804D-32 0.1650012642721D+01 0.1290442891342D-32
 0.3104049028224D+01 0.2662704709024D-31 0.3339595031536D+01 0.7197105843438D-31
 0.1871033144439D+01 0.7579692861451D-32 0.2716526170094D+01-0.4363784157599D-31
 0.3155532267429D+01 0.7204811338665D-31 0.1326931741334D+01 0.8713999771112D-32
 0.2442388040389D+01-0.8169606679596D-32 0.2684449217808D+01-0.1582629542816D-30
 0.6069132123536D+00 0.0000000000000D+00 0.1160411596111D+01-0.1342377058221D-52
 0.3524251672026D+00 0.0000000000000D+00 0.1037355330675D+01-0.1298001799284D-31
 0.1277852746020D+01-0.7701407151799D-32 0.1974635776125D+01-0.3552536512784D-31
 0.1178533278564D+01-0.2449191239969D-32 0.1920683835232D+01 0.1045393346657D-30
 0.9684974116712D+00 0.4248083880267D-31 0.2691405071272D+00-0.5901173684330D-53
 0.9836613470463D+00 0.1180234736685D-52 0.1494548082921D+01 0.2149200513507D-31
 0.1629315004172D+01-0.7403132251734D-31 0.1785850469151D+01-0.3105738387702D-31
 0.6485234955259D+00 0.4836633887283D-53 0.6425985760573D+00 0.6538366938018D-31
 0.1322810845781D+01 0.4317389809065D-31 0.1204036220543D+01 0.8856894090837D-53
 0.6841120965459D+00 0.8856894090837D-53 0.6162683346667D+00 0.1018904471892D-31
 0.1154497866500D+01 0.2806176315818D-30 0.1130293473327D+01 0.1367195339224D-31
 0.9537176983810D+00 0.0000000000000D+00 0.9263384661443D+00 0.1330967842877D-30
 0.5621339743327D+00-0.3546502635224D-32 0.7923719920202D+00-0.7685717322319D-31
 0.8419139018555D+00-0.1229612695751D-30 0.9168978290094D+00-0.1435633855002D-31
 0.1792050278945D+00-0.3858745403987D-33 0.3293427597668D+00-0.7378530780466D-32
 0.3727227390789D+00 0.0000000000000D+00 0.3110512038679D+00 0.0000000000000D+00
 0.2931739889468D+00 0.0000000000000D+00 0.2593576810632D+00 0.0000000000000D+00
 0.5577640055250D+00 0.7467024675072D-32 0.5359834700299D+00-0.2609659468139D-30
 0.6013164325048D+00 0.1295440151624D-31 0.2366125228258D+00-0.1687601235264D-32
 0.2539910386880D+00 0.3837272425360D-32 0.4246146985546D+00 0.7015146999520D-31
 0.4839995467362D+00-0.8574674703272D-34 0.4074844789013D+00 0.1185330530406D-53
 0.3482902461298D+00 0.1246621190301D-32 0.1550421645041D+00 0.2140264142370D-31
 0.4603109827582D-01-0.9125426880956D-36 0.2787798134305D+00 0.4174078627653D-31
 0.3055531972950D+00 0.5931649204738D-33 0.2807312340108D+00-0.1458743368723D-31
 0.1535513198254D+00 0.4077186126951D-33 0.1625973767763D+00 0.6540498823956D-32
 0.1450522457658D+00 0.1419336640582D-52 0.1135455867736D+00 0.2268161335747D-34
 0.2410244712696D+00-0.8038967018515D-32 0.2285434750630D+00-0.1610369758701D-30
 0.2025330181943D+00-0.3533690153859D-31 0.1133175605451D+00 0.9799657612242D-34
 0.1736834860735D+00-0.2854916581604D-30 0.1988974034827D+00-0.1925982066024D-31
 0.1383054256295D+00-0.6942999214249D-31 0.1461650410609D+00 0.1592002162588D-31
 0.6790115480969D-01-0.3228574414931D-32 0.5199390993995D-01 0.2891549594989D-53
 0.1116968740108D+00-0.2254744476924D-31 0.5877042043197D-01-0.9416888898663D-33
 0.2632575368834D-01 0.0000000000000D+00 0.4575083842773D-01 0.5909603070294D-53
 0.1033575449732D+00 0.1181920614273D-52 0.4697516317958D-01 0.5909603070294D-53
 0.7976280767520D-01 0.1162733221295D-31 0.8501840638718D-01-0.2056333910918D-33
 0.3997738715125D-01-0.3113239991880D-32 0.7093068232344D-01 0.2132399327954D-31
 0.6019711286024D-01-0.1267358600337D-31 0.6752647105389D-01 0.2335670307259D-31
 0.3222935166475D-01 0.4909322540103D-31 0.3491251831557D-01-0.4346319816069D-33
 0.2664033681693D-01-0.1797212801679D-52 0.4566906078556D-01 0.1773924340535D-32
 0.4790762790770D-01-0.2172259706982D-32 0.5217439015377D-01 0.5014956753616D-32
 0.2177535026436D-01-0.1294995362297D-32 0.1671509245074D-01-0.9206203617681D-31
 0.3714939957825D-01 0.2716533367793D-31 0.1935859854315D-01 0.1646615338891D-32
 0.2915855237876D-01-0.2746642720338D-52 0.1614847320467D-01-0.1098657087797D-52
 0.2594053693717D-01-0.5467900079289D-33 0.2479862314361D-01 0.3906589415759D-30
 0.2832446380334D-01-0.3354361496276D-32 0.2352859742520D-01-0.1352868242042D-31
 0.1889887111709D-01 0.9662801896768D-53 0.1894085980325D-01-0.1519944253158D-30
 0.2073961536909D-01 0.4720417150741D-32 0.1304046284259D-01 0.6217157428236D-31
 0.1896495055265D-02-0.1997767092425D-53 0.9585192767423D-02 0.1844720676133D-53
 0.5267391081588D-02 0.1017690425966D-31 0.9913170912567D-02 0.4139537847434D-31
 0.1088477728370D-01-0.1124023299187D-31 0.1054907298514D-01-0.2149694980484D-30
 0.5485140653695D-02 0.0000000000000D+00 0.9069422502877D-02-0.3542119688202D-52
 0.1164854455017D-02 0.0000000000000D+00 0.3475031672740D-02-0.3191226944861D-32
 0.3497959998439D-02-0.4794203129807D-32 0.7948706282014D-02-0.3296957080205D-33
 0.3965748989000D-02-0.2489690099037D-32 0.6037579564690D-02 0.8976116374572D-32
 0.1499938237439D-02-0.2852442891753D-31 0.3456346853084D-02-0.1126825487693D-33
 0.5647546889653D-02-0.1993880524429D-31 0.2680924013062D-02-0.1694298512039D-31
 0.2211988819193D-02-0.8213096569801D-53 0.2571658005571D-02 0.8213096569801D-53
 0.3985587781289D-02 0.1430483021617D-32 0.3879042290676D-02 0.1530058693027D-31
 0.3987898897584D-02-0.1178039674764D-30 0.4398640268915D-02 0.4818318296066D-31
 0.4443135942761D-02 0.8777795976440D-33 0.1886542180423D-02-0.7750859784366D-32
 0.3077107404401D-02 0.8468796387449D-53 0.3371861210693D-02 0.4642793048224D-34
 0.2892050964556D-02-0.1470786711136D-53 0.1519432982546D-02 0.0000000000000D+00
 0.2616629478245D-02 0.5197980447203D-32 0.1313379082894D-02-0.6645055150392D-35
 0.1139913615209D-02 0.9576505969908D-33 0.1051922223932D-02-0.2453398677236D-32
 0.2361905067518D-02-0.2628886503653D-32 0.2018944966923D-02 0.3779089629947D-54
 0.1933512858775D-02-0.7548932202645D-32 0.1043450415659D-02 0.7573827251345D-32
 0.1656281510765D-02 0.1266049253794D-31 0.1540275108002D-02 0.1408276455247D-31
 0.1670396714301D-02 0.5292977413606D-32 0.1463118154595D-02-0.1502360036794D-32
 0.6275170923889D-03 0.0000000000000D+00 0.1302905657671D-02-0.4010004332102D-31
 0.6661275728962D-03-0.7959573087248D-33 0.5512648159781D-03-0.1511195827654D-53
 0.5880792446396D-03-0.6044783307776D-53 0.9650384142019D-03-0.2474995976601D-32
 0.1036982444207D-02-0.2302058480497D-32 0.9601026640495D-03-0.3141957956509D-31
 0.1021209121427D-02-0.4725332498682D-32 0.1050456556038D-02 0.3774101821128D-32
 0.4462296229649D-03 0.5968275680073D-32 0.7087204065762D-03 0.1970689885061D-31
 0.7591379982063D-03-0.4944993941185D-32 0.7430593292822D-03 0.4275735472382D-53
 0.7627638260165D-03 0.5589850202883D-31 0.3925975955359D-03-0.1155198457724D-33
 0.2988571486016D-03 0.2315905723789D-53 0.6256163212597D-03 0.1389543434596D-52
 0.4810063321993D-03 0.9644424619226D-32 0.5223558045522D-03-0.1767885437640D-32
 0.1259436763226D-03-0.1417172071943D-32 0.2717227160792D-03 0.1377057644962D-52
 0.6332803091924D-04-0.2203292232371D-52 0.2848218136911D-03-0.6225907343849D-32
 0.1506606154016D-03-0.1147187123712D-52 0.7820006301441D-04 0.5735935621369D-53
 0.4384129719071D-04-0.2359232368582D-31 0.2776967807456D-04-0.3526905533183D-32
 0.1937668851555D-04 0.3617410382286D-32 0.5104066496901D-04-0.7377666228619D-32
-0.4489939624504D-04-0.1533237746525D-31-0.5126920586082D-04 0.1203428443999D-31
-0.1417356706081D-03-0.2011956296596D-31-0.1364882051714D-03-0.3675204205581D-32
-0.6778165700664D-04-0.3376668221556D-31-0.6711069037284D-04-0.2330195507276D-32
-0.3072124592181D-03 0.1376445752442D-31-0.3062243675457D-03 0.1085176135424D-31
-0.3045656701142D-03 0.4864256780030D-32-0.3039487895779D-03-0.3420076406118D-32
-0.4774569020775D-04-0.4973025930473D-33-0.4390446205827D-03 0.1601750557344D-32
-0.2208344491433D-03-0.2711019568086D-31-0.2215667249088D-03-0.7894973412387D-33
-0.4932690826994D-03 0.2576516762289D-52-0.2459731052907D-03 0.1932387571413D-52
-0.2473961815559D-03 0.6441291904359D-53-0.2689753197596D-03-0.1600028689253D-53
-0.5366890880947D-03-0.4602653069364D-32-0.2863324545073D-03 0.2724212487423D-35
-0.5720975547441D-03 0.4140666127807D-32-0.2864646042370D-03 0.2799734378998D-32
-0.5982541134662D-03 0.3685080204148D-32-0.5979541480300D-03 0.1248401786609D-52
-0.5982505183343D-03 0.4729871543475D-32-0.5983361906190D-03 0.1684727203819D-31
-0.5983453911737D-03-0.9539692444306D-34-0.3072662584248D-03-0.3063703202097D-53
-0.6219216855835D-03 0.4112818563381D-32-0.6219252733995D-03-0.7923507401315D-32
-0.6219183444401D-03-0.6175112811885D-32-0.6219208802222D-03-0.1983199932627D-31
-0.3102421719243D-03-0.1864411721900D-32-0.3102431017740D-03 0.3336394400675D-32
-0.6106343268479D-03 0.6631875664112D-32-0.6106355771861D-03 0.8600808373998D-31
-0.3053177272345D-03-0.1013824305160D-32-0.3053175093792D-03-0.1199733526780D-32
-0.5928163498453D-03 0.6852345519971D-31-0.5928159873906D-03 0.1319197801159D-32
-0.2837815859709D-03-0.1147610250830D-33-0.5675639414625D-03 0.2711797648751D-31
-0.5675633989736D-03-0.7357187902399D-32-0.5675639051097D-03-0.4236470813616D-31
-0.5354905173277D-03-0.1896771146966D-31-0.4972725262984D-03-0.1560488535023D-31
-0.4972727843976D-03 0.1210922920409D-31-0.4053477662949D-03 0.4670862322147D-32
-0.4053477606311D-03-0.9901631000504D-32-0.4053479332421D-03-0.2814330517616D-32
-0.1766002600601D-03-0.9754531847493D-33-0.8830012944877D-04 0.4169307778168D-32
-0.2980038355106D-03-0.1466599629037D-31-0.2980038294609D-03-0.4196334491609D-31
-0.2980038455755D-03 0.7887287811911D-32-0.2980038363262D-03 0.8796075397154D-32
-0.1490019241614D-03-0.1087121087366D-31-0.1490019077231D-03-0.2884275397771D-33
-0.1202858420713D-03-0.7682815619621D-31-0.1202858433707D-03-0.6308336775357D-32
-0.9085602713034D-04 0.7980064785491D-32-0.1817120542616D-03-0.9586991415149D-32
-0.1817120542654D-03 0.1315995895055D-30-0.1817120542631D-03 0.4028837728940D-33
-0.1222171413454D-03-0.7733491703129D-32-0.1222171413465D-03-0.9688698197542D-32
-0.6110857067580D-04-0.7211544208963D-32-0.6285414686252D-04-0.1452133018367D-31
-0.3142707343208D-04 0.1878672888917D-32-0.7261560531534D-06 0.2475767514215D-36
-0.4356936321622D-05-0.9787778073309D-31 0.5258144044729D-04 0.8558924055965D-32
 0.5258144044718D-04-0.3204771362955D-31 0.5258144044557D-04-0.4073432224811D-32
    1
    1    1  120    3
 0.9729111307453D-04 0.1097498196826D-03 0.1236108807260D-03 0.1389992861040D-03
 0.1560448124974D-03 0.1748826529188D-03 0.1956507691251D-03 0.2184904072139D-03
 0.2435425160110D-03 0.2709480530554D-03 0.3008433007635D-03 0.3333600134473D-03
 0.3686193917010D-03 0.4067321491635D-03 0.4477910314133D-03 0.4918708469652D-03
 0.5390195413301D-03 0.5892583788870D-03 0.6425715554762D-03 0.6989069213751D-03
 0.7581642948699D-03 0.8201971443175D-03 0.8847999825409D-03 0.9517116236777D-03
 0.1020602136074D-02 0.1091078461214D-02 0.1162671581686D-02 0.1234845403165D-02
 0.1306984901989D-02 0.1378409240630D-02 0.1448361715309D-02 0.1516028037830D-02
 0.1580528961660D-02 0.1640944292422D-02 0.1696309124491D-02 0.1745643624153D-02
 0.1787953662672D-02 0.1822265719025D-02 0.1847632083874D-02 0.1863169795346D-02
 0.1868069487001D-02 0.1861636657445D-02 0.1843302314728D-02 0.1812664086981D-02
 0.1769496086441D-02 0.1713786416476D-02 0.1645743465412D-02 0.1565825794230D-02
 0.1474741908752D-02 0.1373468327985D-02 0.1263240023331D-02 0.1145553432614D-02
 0.1022144707024D-02 0.8949753923995D-03 0.7661972884084D-03 0.6381196706112D-03
 0.5131608029406D-03 0.3937975439991D-03 0.2825067483649D-03 0.1816992118925D-03
 0.9365690279812D-04 0.2045698463369D-04-0.3608766397605D-04-0.7450593332857D-04
-0.9371439270881D-04-0.9308675939212D-04-0.7247455253750D-04-0.3225935049148D-04
 0.2666205590392D-04 0.1028526928304D-03 0.1943898069381D-03 0.2988732952812D-03
 0.4135251715060D-03 0.5352280717542D-03 0.6606695897763D-03 0.7864092303084D-03
 0.9090575611633D-03 0.1025361227484D-02 0.1132408138740D-02 0.1227712393242D-02
 0.1309429599325D-02 0.1376425140575D-02 0.1428480592387D-02 0.1466332768379D-02
 0.1491854118758D-02 0.1508055832116D-02 0.1519234378771D-02 0.1530937946808D-02
 0.1550076950876D-02 0.1584864457703D-02 0.1644901222324D-02 0.1741095841093D-02
 0.1885745779355D-02 0.2092452178805D-02 0.2376216103654D-02 0.2753364348470D-02
 0.3241685645434D-02 0.3860385791136D-02 0.4630286667453D-02 0.5573838386613D-02
 0.6715405292646D-02 0.8081378590497D-02 0.9700588911693D-02 0.1160457521222D-01
 0.1382819223957D-01 0.1641009868680D-01 0.1939365045456D-01 0.2282766289107D-01
 0.2676769339488D-01 0.3127716228031D-01 0.3642917127968D-01 0.4230823763478D-01
 0.4901301368056D-01 0.5665913582009D-01 0.6538349691403D-01 0.7534887600201D-01
 0.8675046227805D-01 0.9982305587320D-01 0.1148510576395D+00 0.1321802997600D+00
 0.1193580734950D-08 0.1452522048041D-08 0.1765935626962D-08 0.2144839243399D-08
 0.2602381154644D-08 0.3154204041232D-08 0.3818912584460D-08 0.4618566219996D-08
 0.5579308803228D-08 0.6732023535394D-08 0.8113179489151D-08 0.9765689161017D-08
 0.1174002577540D-07 0.1409534210706D-07 0.1690092530843D-07 0.2023762164260D-07
 0.2419972273757D-07 0.2889674644714D-07 0.3445583072204D-07 0.4102393976092D-07
 0.4877085293569D-07 0.5789180954086D-07 0.6861121660984D-07 0.8118573008647D-07
 0.9590872932115D-07 0.1131138451762D-06 0.1331802427901D-06 0.1565364331235D-06
 0.1836664530992D-06 0.2151137315947D-06 0.2514880358283D-06 0.2934691587077D-06
 0.3418144512340D-06 0.3973617244664D-06 0.4610372671966D-06 0.5338571496817D-06
 0.6169352837774D-06 0.7114823293774D-06 0.8188132046221D-06 0.9403421865599D-06
 0.1077589508456D-05 0.1232170921934D-05 0.1405802416948D-05 0.1600282738890D-05
 0.1817494967262D-05 0.2059379549625D-05 0.2327932349000D-05 0.2625164740281D-05
 0.2953097810621D-05 0.3313707005567D-05 0.3708910553851D-05 0.4140497253566D-05
 0.4610109585191D-05 0.5119151107106D-05 0.5668767679198D-05 0.6259733412115D-05
 0.6892432810927D-05 0.7566729838663D-05 0.8281956834910D-05 0.9036770636386D-05
 0.9829162779857D-05 0.1065631040685D-04 0.1151462125838D-04 0.1239959652502D-04
 0.1330592811354D-04 0.1422738865480D-04 0.1515700682668D-04 0.1608700390286D-04
 0.1700907401946D-04 0.1791439322006D-04 0.1879404382916D-04 0.1963913358812D-04
 0.2044140739807D-04 0.2119353471449D-04 0.2188997710629D-04 0.2252749980464D-04
 0.2310638626621D-04 0.2363128646184D-04 0.2411290137343D-04 0.2456935067261D-04
 0.2502860033166D-04 0.2553068174685D-04 0.2613132131929D-04 0.2690561774672D-04
 0.2795361287666D-04 0.2940627813964D-04 0.3143403912451D-04 0.3425611178296D-04
 0.3815302850562D-04 0.4348022369842D-04 0.5068537357175D-04 0.6032667508461D-04
 0.7309554018868D-04 0.8984007569857D-04 0.1115943712295D-03 0.1396099635180D-03
 0.1753969971367D-03 0.2207724307165D-03 0.2779263998829D-03 0.3495043280326D-03
 0.4387187652221D-03 0.5494850375698D-03 0.6865940501796D-03 0.8559080190034D-03
 0.1064592293640D-02 0.1321364829847D-02 0.1636792392393D-02 0.2023631403158D-02
 0.2497286720477D-02 0.3076409060257D-02 0.3783738218481D-02 0.4647180425420D-02
 0.5701188052545D-02 0.6988343941422D-02 0.8561235409844D-02 0.1048461489769D-01
 0.1283825825795D-01 0.1572082866051D-01 0.1925539882123D-01 0.2359669416532D-01
 0.5287372548694D-13 0.6866870005705D-13 0.8911311600499D-13 0.1155516931199D-12
 0.1497100248188D-12 0.1937998259609D-12 0.2506523773176D-12 0.3238875992821D-12
 0.4181276538640D-12 0.5392667431815D-12 0.6948108953505D-12 0.8943055902083D-12
 0.1149872382702D-11 0.1476882038720D-11 0.1894796174234D-11 0.2428218582591D-11
 0.3108205298280D-11 0.3973894489066D-11 0.5074529173496D-11 0.6471963171212D-11
 0.8243759574345D-11 0.1048701081491D-10 0.1332304367557D-10 0.1690319325409D-10
 0.2141588254419D-10 0.2709526958088D-10 0.3423180569202D-10 0.4318506078652D-10
 0.5439931681966D-10 0.6842241121174D-10 0.8592853393961D-10 0.1077456298007D-09
 0.1348884040342D-09 0.1685977574064D-09 0.2103880658330D-09 0.2621033467909D-09
 0.3259843034874D-09 0.4047474243045D-09 0.5016791220930D-09 0.6207459677174D-09
 0.7667253946970D-09 0.9453577500899D-09 0.1163525883193D-08 0.1429462421243D-08
 0.1752993910392D-08 0.2145820235095D-08 0.2621842337214D-08 0.3197533973246D-08
 0.3892376482767D-08 0.4729345175266D-08 0.5735477049222D-08 0.6942496664250D-08
 0.8387540664054D-08 0.1011394257618D-07 0.1217213345023D-07 0.1462058533432D-07
 0.1752688198765D-07 0.2096878705701D-07 0.2503541452410D-07 0.2982829384621D-07
 0.3546247053037D-07 0.4206725665046D-07 0.4978685273080D-07 0.5878021750913D-07
 0.6922040348554D-07 0.8129247144164D-07 0.9519028723772D-07 0.1111107861914D-06
 0.1292463426995D-06 0.1497734055930D-06 0.1728384920513D-06 0.1985396265679D-06
 0.2269059199871D-06 0.2578738169270D-06 0.2912661087890D-06 0.3267747646502D-06
 0.3639604697615D-06 0.4022750920559D-06 0.4411326545731D-06 0.4800446540016D-06
 0.5188637387477D-06 0.5581664926315D-06 0.5998426470579D-06 0.6479346218153D-06
 0.7098193545593D-06 0.7977771165104D-06 0.9310487730491D-06 0.1138408952778D-05
 0.1461348234461D-05 0.1957850503865D-05 0.2706887511376D-05 0.3813617385096D-05
 0.5415601980771D-05 0.7690262967402D-05 0.1086449536083D-04 0.1522735995807D-04
 0.2114797944388D-04 0.2910075320266D-04 0.3970152501196D-04 0.5375775353147D-04
 0.7233710660047D-04 0.9685683108063D-04 0.1291975877066D-03 0.1718423009101D-03
 0.2280446329495D-03 0.3020311921002D-03 0.3992543914075D-03 0.5267189180984D-03
 0.6934287915793D-03 0.9110056763987D-03 0.1194552020804D-02 0.1563812461327D-02
 0.2044700463341D-02 0.2671228206474D-02 0.3487948862487D-02 0.4553071778134D-02
 0.5942634448323D-02 0.7756232410103D-02 0.1012504212778D-01 0.1322279043266D-01
    2    2  120    8
-0.1042473669475D-06-0.1173711419639D-06-0.1321429512282D-06-0.1487687721165D-06
-0.1674806213481D-06-0.1885389196024D-06-0.2122369766063D-06-0.2389039251255D-06
-0.2689104179233D-06-0.3026723147843D-06-0.3406578157252D-06-0.3833921379622D-06
-0.4314665166825D-06-0.4855439941691D-06-0.5463708344639D-06-0.6147837812572D-06
-0.6917243253778D-06-0.7782478905139D-06-0.8755418038767D-06-0.9849366314763D-06
-0.1107928926609D-05-0.1246195399276D-05-0.1401621291403D-05-0.1576318259677D-05
-0.1772660040566D-05-0.1993304433217D-05-0.2241238350649D-05-0.2519805198172D-05
-0.2832760930880D-05-0.3184308486863D-05-0.3579168072633D-05-0.4022619287760D-05
-0.4520589686259D-05-0.5079707002311D-05-0.5707409028390D-05-0.6412009017039D-05
-0.7202833049441D-05-0.8090299561641D-05-0.9086091931983D-05-0.1020325651675D-04
-0.1145641605306D-04-0.1286189177493D-04-0.1443796930289D-04-0.1620504602048D-04
-0.1818596399382D-04-0.2040619036672D-04-0.2289422739255D-04-0.2568183565076D-04
-0.2880454294353D-04-0.3230191110869D-04-0.3621817082387D-04-0.4060254527798D-04
-0.4551002749908D-04-0.5100178025544D-04-0.5714609392594D-04-0.6401885847227D-04
-0.7170475665991D-04-0.8029782692948D-04-0.8990291823862D-04-0.1006363788217D-03
-0.1126278403373D-03-0.1260210202118D-03-0.1409759267317D-03-0.1576698106976D-03
-0.1762998366552D-03-0.1970842273162D-03-0.2202655308577D-03-0.2461119246018D-03
-0.2749212352238D-03-0.3070224524946D-03-0.3427805707299D-03-0.3825983965949D-03
-0.4269224195999D-03-0.4762448118236D-03-0.5311106428460D-03-0.5921201260083D-03
-0.6599372312139D-03-0.7352923477101D-03-0.8189926717777D-03-0.9119249776040D-03
-0.1015068342462D-02-0.1129497154523D-02-0.1256396140026D-02-0.1397063848083D-02
-0.1552930658009D-02-0.1725562099793D-02-0.1916680807076D-02-0.2128169750514D-02
-0.2362098097486D-02-0.2620724740586D-02-0.2906529149315D-02-0.3222214135456D-02
-0.3570743377161D-02-0.3955343560699D-02-0.4379549280367D-02-0.4847204102507D-02
-0.5362516346035D-02-0.5930058032982D-02-0.6554833010655D-02-0.7242276631819D-02
-0.7998338061970D-02-0.8829480077394D-02-0.9742782250745D-02-0.1074594015960D-01
-0.1184739247515D-01-0.1305632359183D-01-0.1438281770346D-01-0.1583786315249D-01
-0.1743354492465D-01-0.1918304860738D-01-0.2110090023446D-01-0.2320298387104D-01
-0.2550684731005D-01-0.2803175370484D-01-0.3079910743667D-01-0.3383258671034D-01
-0.3715876674175D-01-0.4080742613923D-01-0.4481247745842D-01-0.4921254369744D-01
 0.3239551099349D-11 0.3868609725730D-11 0.4620124485289D-11 0.5517949657070D-11
 0.6590614846013D-11 0.7872182242722D-11 0.9403388237396D-11 0.1123287038964D-10
 0.1341879252951D-10 0.1603060111778D-10 0.1915134041447D-10 0.2288016015882D-10
 0.2733562752025D-10 0.3265929123280D-10 0.3902042026729D-10 0.4662108536713D-10
 0.5570292345065D-10 0.6655438717028D-10 0.7952040164436D-10 0.9501269318105D-10
 0.1135235927346D-09 0.1356407722503D-09 0.1620668976812D-09 0.1936407096098D-09
 0.2313650819242D-09 0.2764369812750D-09 0.3302876394832D-09 0.3946252825424D-09
 0.4714923622491D-09 0.5633266092982D-09 0.6730427353327D-09 0.8041195139948D-09
 0.9607162786545D-09 0.1147797472876D-08 0.1371298892285D-08 0.1638305141372D-08
 0.1957287380922D-08 0.2338356513679D-08 0.2793602707745D-08 0.3337457069660D-08
 0.3987176435565D-08 0.4763359702828D-08 0.5690640958460D-08 0.6798427390366D-08
 0.8121888534862D-08 0.9703011951586D-08 0.1159201638326D-07 0.1384886152966D-07
 0.1654526751723D-07 0.1976687214616D-07 0.2361612226256D-07 0.2821535549852D-07
 0.3371092850241D-07 0.4027763427074D-07 0.4812459802088D-07 0.5750158712597D-07
 0.6870744835118D-07 0.8209911526411D-07 0.9810365602852D-07 0.1172311503488D-06
 0.1400918810034D-06 0.1674146849674D-06 0.2000714581476D-06 0.2391033460383D-06
 0.2857555420748D-06 0.3415145430274D-06 0.4081576221613D-06 0.4878055699069D-06
 0.5829927343986D-06 0.6967416777933D-06 0.8326619755089D-06 0.9950551819235D-06
 0.1189053989961D-05 0.1420769119879D-05 0.1697484068363D-05 0.2027860179424D-05
 0.2422207557005D-05 0.2892769617165D-05 0.3454098444304D-05 0.4123447405443D-05
 0.4921288796746D-05 0.5871852365395D-05 0.7003837971899D-05 0.8351151237517D-05
 0.9953880038720D-05 0.1185930230730D-04 0.1412322686350D-04 0.1681137168124D-04
 0.2000121541093D-04 0.2378390200800D-04 0.2826681205282D-04 0.3357622654583D-04
 0.3986095101915D-04 0.4729608183407D-04 0.5608817906763D-04 0.6648069311836D-04
 0.7876140724059D-04 0.9327031592786D-04 0.1104104406063D-03 0.1306592487277D-03
 0.1545842680253D-03 0.1828596118843D-03 0.2162882270526D-03 0.2558252816816D-03
 0.3026094812973D-03 0.3579955597830D-03 0.4235974802337D-03 0.5013332625108D-03
 0.5934846637992D-03 0.7027594138666D-03 0.8323761692675D-03 0.9861553666266D-03
 0.1168646177389D-02 0.1385269037223D-02 0.1642517226409D-02 0.1948190604755D-02
 0.2311724665530D-02 0.2744576504807D-02 0.3260751386285D-02 0.3877414966358D-02
-0.6981370612820D-11-0.8339586561186D-11-0.9962480206450D-11-0.1190163646025D-10
-0.1421873855629D-10-0.1698744075474D-10-0.2029581224193D-10-0.2424900666776D-10
-0.2897275359857D-10-0.3461716532029D-10-0.4136171021596D-10-0.4942065095977D-10
-0.5905014480780D-10-0.7055597425465D-10-0.8430368897512D-10-0.1007296322583D-09
-0.1203553915313D-09-0.1438035001942D-09-0.1718180793343D-09-0.2052871592372D-09
-0.2452721220475D-09-0.2930395467406D-09-0.3501030674147D-09-0.4182687841620D-09
-0.4996949840911D-09-0.5969565792503D-09-0.7131303394448D-09-0.8518867287490D-09
-0.1017611010683D-08-0.1215534065237D-08-0.1451904961234D-08-0.1734177042065D-08
-0.2071253210106D-08-0.2473751253116D-08-0.2954352888836D-08-0.3528180488993D-08
-0.4213294217962D-08-0.5031227938005D-08-0.6007696291775D-08-0.7173356241025D-08
-0.8564813681650D-08-0.1022570458467D-07-0.1220812715252D-07-0.1457417988275D-07
-0.1739799490268D-07-0.2076792441221D-07-0.2478943086306D-07-0.2958819481069D-07
-0.3531421786198D-07-0.4214623564515D-07-0.5029755697666D-07-0.6002231758907D-07
-0.7162376281087D-07-0.8546314846983D-07-0.1019714802464D-06-0.1216621257841D-06
-0.1451475026736D-06-0.1731569198804D-06-0.2065602307162D-06-0.2463931430427D-06
-0.2938906936529D-06-0.3505230162118D-06-0.4180427169133D-06-0.4985354990768D-06
-0.5944869169542D-06-0.7088538597384D-06-0.8451588285846D-06-0.1007590318989D-05
-0.1201135488377D-05-0.1431721406817D-05-0.1706401085164D-05-0.2033550993800D-05
-0.2423132086528D-05-0.2886964869442D-05-0.3439093574074D-05-0.4096169399636D-05
-0.4877956013480D-05-0.5807860627874D-05-0.6913634512020D-05-0.8228106245583D-05
-0.9790148145404D-05-0.1164568468585D-04-0.1384902617273D-04-0.1646424910244D-04
-0.1956702875407D-04-0.2324653673063D-04-0.2760796046466D-04-0.3277510234637D-04
-0.3889386120103D-04-0.4613581468844D-04-0.5470303835974D-04-0.6483308863185D-04
-0.7680573578053D-04-0.9094992715041D-04-0.1076532793977D-03-0.1273719457756D-03
-0.1506440438333D-03-0.1781037136501D-03-0.2105002975194D-03-0.2487183159597D-03
-0.2938047296498D-03-0.3469974274665D-03-0.4097636146216D-03-0.4838397619682D-03
-0.5712854027897D-03-0.6745384802075D-03-0.7964896309700D-03-0.9405588784491D-03
-0.1110798600654D-02-0.1312000427637D-02-0.1549842052524D-02-0.1831042775578D-02
-0.2163581312095D-02-0.2556937150892D-02-0.3022431548088D-02-0.3573617869132D-02
-0.4226832221070D-02-0.5001834162109D-02-0.5922686367737D-02-0.7018776855757D-02
-0.1005080000429D-14-0.1276433241343D-14-0.1621047069466D-14-0.2058694642650D-14
-0.2614480647736D-14-0.3320278257958D-14-0.4216554456798D-14-0.5354674357780D-14
-0.6799849253100D-14-0.8634842562487D-14-0.1096470258614D-13-0.1392274189990D-13
-0.1767812868686D-13-0.2244551567114D-13-0.2849723078452D-13-0.3617873762002D-13
-0.4592823889434D-13-0.5830146796903D-13-0.7400316133354D-13-0.9392682775190D-13
-0.1192051877180D-12-0.1512739150753D-12-0.1919524195096D-12-0.2435458554462D-12
-0.3089744460948D-12-0.3919364024386D-12-0.4971146144249D-12-0.6304368972849D-12
-0.7994054635504D-12-0.1013511872596D-11-0.1284761772992D-11-0.1628334932464D-11
-0.2063419475075D-11-0.2614259663748D-11-0.3311479305353D-11-0.4193741182080D-11
-0.5309840473753D-11-0.6721326879559D-11-0.8505806532135D-11-0.1076107167529D-10
-0.1361029242808D-10-0.1720849819994D-10-0.2175071003287D-10-0.2748207247356D-10
-0.3471053747391D-10-0.4382262867407D-10-0.5530312818308D-10-0.6975947419558D-10
-0.8795214465323D-10-0.1108321820019D-09-0.1395877793713D-09-0.1757015891991D-09
-0.2210215976129D-09-0.2778479334015D-09-0.3490397396532D-09-0.4381453736469D-09
-0.5495618903012D-09-0.6887281014307D-09-0.8623596112542D-09-0.1078731216483D-08
-0.1348018210369D-08-0.1682702696865D-08-0.2098060410059D-08-0.2612733885305D-08
-0.3249411665496D-08-0.4035617067886D-08-0.5004630559829D-08-0.6196541583243D-08
-0.7659457946236D-08-0.9450853043208D-08-0.1163907992802D-07-0.1430500316222D-07
-0.1754377748824D-07-0.2146667149734D-07-0.2620296426617D-07-0.3190173612103D-07
-0.3873358133763D-07-0.4689196060280D-07-0.5659425181975D-07-0.6808209620357D-07
-0.8162121650368D-07-0.9750021208464D-07-0.1160288608553D-06-0.1375354449528D-06
-0.1623644684898D-06-0.1908746822505D-06-0.2234404657805D-06-0.2604576023212D-06
-0.3023598289341D-06-0.3496494944251D-06-0.4029545243832D-06-0.4631192365192D-06
-0.5313505212589D-06-0.6094329815982D-06-0.7000484898687D-06-0.8072209036707D-06
-0.9369388486166D-06-0.1097983155881D-05-0.1303031923610D-05-0.1570066512706D-05
-0.1924172731202D-05-0.2399746148285D-05-0.3043217998263D-05-0.3916289865400D-05
-0.5099856394059D-05-0.6698612074800D-05-0.8846712329513D-05-0.1171465912633D-04
-0.1551829490095D-04-0.2053063363563D-04-0.2709860919796D-04-0.3566670362075D-04
-0.4681171854197D-04-0.6129278267608D-04-0.8012402379891D-04-0.1046765242610D-03
-0.1368206446075D-03-0.1791171647193D-03-0.2350716141456D-03-0.3094615160643D-03
 0.2878029718026D-14 0.3655571997998D-14 0.4643139268474D-14 0.5897434278240D-14
 0.7490454488749D-14 0.9513610180922D-14 0.1208296300813D-13 0.1534584309870D-13
 0.1948928715335D-13 0.2475069232831D-13 0.3143137751160D-13 0.3991374181681D-13
 0.5068305046672D-13 0.6435502948151D-13 0.8171086907511D-13 0.1037415602366D-12
 0.1317041126620D-12 0.1671926925760D-12 0.2122288842797D-12 0.2693757319515D-12
 0.3418824625973D-12 0.4338672630617D-12 0.5505489479965D-12 0.6985395876082D-12
 0.8862150993866D-12 0.1124182899139D-11 0.1425874041367D-11 0.1808289679391D-11
 0.2292945507265D-11 0.2907061468185D-11 0.3685065514291D-11 0.4670486141418D-11
 0.5918342159836D-11 0.7498146979943D-11 0.9497698002112D-11 0.1202783416186D-10
 0.1522842929570D-10 0.1927590622614D-10 0.2439268810371D-10 0.3085902892869D-10
 0.3902786935140D-10 0.4934339670022D-10 0.6236430701740D-10 0.7879280383638D-10
 0.9951086382514D-10 0.1256253341382D-09 0.1585241865677D-09 0.1999462713924D-09
 0.2520680737441D-09 0.3176109262582D-09 0.3999739139903D-09 0.5033974654361D-09
 0.6331653484226D-09 0.7958521869218D-09 0.9996276666000D-09 0.1254627272493D-08
 0.1573405504544D-08 0.1971484645776D-08 0.2468021297831D-08 0.3086607281014D-08
 0.3856234852597D-08 0.4812445617931D-08 0.5998702160411D-08 0.7468002024197D-08
 0.9284781652288D-08 0.1152712436906D-07 0.1428932667994D-07 0.1768481701030D-07
 0.2184948268512D-07 0.2694535670063D-07 0.3316470664504D-07 0.4073439606705D-07
 0.4992053132889D-07 0.6103311789844D-07 0.7443068693005D-07 0.9052439578898D-07
 0.1097814855261D-06 0.1327272937204D-06 0.1599456616094D-06 0.1920765637047D-06
 0.2298109118913D-06 0.2738810430078D-06 0.3250474508689D-06 0.3840802178525D-06
 0.4517374073011D-06 0.5287397812489D-06 0.6157477951129D-06 0.7133429899043D-06
 0.8220273097581D-06 0.9422482688023D-06 0.1074476934575D-05 0.1219357229550D-05
 0.1377975016300D-05 0.1552280547539D-05 0.1745744125451D-05 0.1964295583934D-05
 0.2217664658596D-05 0.2521184138043D-05 0.2898210285981D-05 0.3383206963996D-05
 0.4025676781241D-05 0.4894932979335D-05 0.6085909392676D-05 0.7725918261761D-05
 0.9982634032692D-05 0.1307317676011D-04 0.1727491601475D-04 0.2293818628914D-04
 0.3050256736712D-04 0.4051806252265D-04 0.5367529148500D-04 0.7084854303535D-04
 0.9316018368374D-04 0.1220743261849D-03 0.1595340999950D-03 0.2081543880778D-03
 0.2714899147292D-03 0.3543914218933D-03 0.4634727226377D-03 0.6076992778130D-03
-0.4935582852808D-18-0.6661591463090D-18-0.8990855429429D-18-0.1213407023015D-17
-0.1637551184738D-17-0.2209862755020D-17-0.2982071525000D-17-0.4023942333506D-17
-0.5429578495083D-17-0.7325894719069D-17-0.9884041336944D-17-0.1333480843877D-16
-0.1798940868287D-16-0.2426741730448D-16-0.3273451970940D-16-0.4415327906071D-16
-0.5955157358702D-16-0.8031478591716D-16-0.1083099347024D-15-0.1460528835576D-15
-0.1969334039347D-15-0.2655181243553D-15-0.3579584757145D-15-0.4825394902866D-15
-0.6504179838540D-15-0.8766161201651D-15-0.1181356497755D-14-0.1591859045240D-14
-0.2144753773298D-14-0.2889325365010D-14-0.3891871425074D-14-0.5241553621769D-14
-0.7058257291736D-14-0.9503136535659D-14-0.1279276000127D-13-0.1721809059278D-13
-0.2316991425069D-13-0.3117292477982D-13-0.4193136711186D-13-0.5639013559959D-13
-0.7581651275739D-13-0.1019094840305D-12-0.1369457656698D-12-0.1839748672136D-12
-0.2470793414033D-12-0.3317218778281D-12-0.4452076469451D-12-0.5972999849672D-12
-0.8010389685983D-12-0.1073829419866D-11-0.1438884560121D-11-0.1927140450881D-11
-0.2579790471856D-11-0.3451637700896D-11-0.4615520978097D-11-0.6168152387155D-11
-0.8237799742370D-11-0.1099438474003D-10-0.1466272457445D-10-0.1953986769520D-10
-0.2601772831784D-10-0.3461258301225D-10-0.4600338652768D-10-0.6108143138921D-10
-0.8101446531886D-10-0.1073292475230D-09-0.1420173671557D-09-0.1876704161985D-09
-0.2476517156416D-09-0.3263135395850D-09-0.4292700582141D-09-0.5637383636254D-09
-0.7389609627271D-09-0.9667253131956D-09-0.1261995540534D-08-0.1643672644192D-08
-0.2135495085030D-08-0.2767089122845D-08-0.3575164867051D-08-0.4604842658588D-08
-0.5911062347703D-08-0.7559998856816D-08-0.9630340086624D-08-0.1221422213174D-07
-0.1541748777585D-07-0.1935882164435D-07-0.2416708922334D-07-0.2997602312453D-07
-0.3691503413814D-07-0.4509466905549D-07-0.5458470033006D-07-0.6538255790051D-07
-0.7736912117117D-07-0.9024877548111D-07-0.1034698859276D-06-0.1161222808759D-06
-0.1268077417102D-06-0.1334810830413D-06-0.1332591043330D-06-0.1221980540116D-06
-0.9503949724540D-07-0.4492918412393D-07 0.3689101363969D-07 0.1614158120914D-06
 0.3422501078644D-06 0.5960507339796D-06 0.9431185967912D-06 0.1408270340009D-05
 0.2022247850063D-05 0.2824037229162D-05 0.3864719324935D-05 0.5213666834974D-05
 0.6968292701705D-05 0.9268768872781D-05 0.1231958759547D-04 0.1641986544066D-04
 0.2200464337957D-04 0.2969899045367D-04 0.4038699540469D-04 0.5529702763320D-04
 0.1808678749654D-17 0.2440757993771D-17 0.3293638169616D-17 0.4444416301268D-17
 0.5997085390563D-17 0.8091934161065D-17 0.1091816871756D-16 0.1473100081954D-16
 0.1987461687398D-16 0.2681318816993D-16 0.3617265737697D-16 0.4879706734676D-16
 0.6582445736396D-16 0.8878917412369D-16 0.1197596815951D-15 0.1615243102767D-15
 0.2178414103370D-15 0.2937763553435D-15 0.3961552668186D-15 0.5341763004768D-15
 0.7202322787348D-15 0.9710184801645D-15 0.1309023020583D-14 0.1764533242005D-14
 0.2378334113084D-14 0.3205338647431D-14 0.4319469715560D-14 0.5820222979728D-14
 0.7841489946817D-14 0.1056341160680D-13 0.1422830432217D-13 0.1916204631135D-13
 0.2580278931260D-13 0.3473949265292D-13 0.4676361454689D-13 0.6293843506611D-13
 0.8469197225602D-13 0.1139414870099D-12 0.1532602003591D-12 0.2061004617868D-12
 0.2770922793046D-12 0.3724424780928D-12 0.5004679921523D-12 0.6723079975213D-12
 0.9028740689786D-12 0.1212117076239D-11 0.1626714887235D-11 0.2182318909561D-11
 0.2926541389173D-11 0.3922924254476D-11 0.5256205815358D-11 0.7039302397976D-11
 0.9422551011059D-11 0.1260593068864D-10 0.1685519742079D-10 0.2252315634147D-10
 0.3007765703215D-10 0.4013837705226D-10 0.5352505271675D-10 0.7132059984202D-10
 0.9495352343903D-10 0.1263052670436D-09 0.1678496628355D-09 0.2228335877225D-09
 0.2955102383311D-09 0.3914393721448D-09 0.5178722216268D-09 0.6842430220400D-09
 0.9027936994826D-09 0.1189363940999D-08 0.1564384563046D-08 0.2054118878321D-08
 0.2692202437650D-08 0.3521537763881D-08 0.4596603225547D-08 0.5986236526615D-08
 0.7776945311422D-08 0.1007678429190D-07 0.1301980500438D-07 0.1677103806309D-07
 0.2153188214158D-07 0.2754566215491D-07 0.3510293554681D-07 0.4454589912855D-07
 0.5627090012033D-07 0.7072764902916D-07 0.8841313814978D-07 0.1098576250317D-06
 0.1355991386417D-06 0.1661420966457D-06 0.2018944541166D-06 0.2430769216962D-06
 0.2895966682191D-06 0.3408776708416D-06 0.3956395848127D-06 0.4516187222629D-06
 0.5052267117573D-06 0.5511481174126D-06 0.5818842246706D-06 0.5872618365361D-06
 0.5539356499730D-06 0.4649290132150D-06 0.2992646594857D-06 0.3174656088165D-07
-0.3670652888708D-06-0.9306727914679D-06-0.1696331225625D-05-0.2704815709291D-05
-0.4000708640834D-05-0.5633927066045D-05-0.7663658557181D-05-0.1016627665479D-04
-0.1324937702879D-04-0.1707435231770D-04-0.2189023494318D-04-0.2808108702987D-04
-0.3622871340246D-04-0.4719074711033D-04-0.6219304187478D-04-0.8293344391933D-04
-0.8625159986983D-18-0.1164181006997D-17-0.1571301379522D-17-0.2120718015006D-17
-0.2862142088161D-17-0.3862631077633D-17-0.5212655257426D-17-0.7034244882229D-17
-0.9492012565830D-17-0.1280798489119D-16-0.1728160065589D-16-0.2331670165418D-16
-0.3145787396873D-16-0.4243942359064D-16-0.5725145634317D-16-0.7722879152488D-16
-0.1041708764566D-15-0.1405032456092D-15-0.1894950783440D-15-0.2555520723265D-15
-0.3446109282678D-15-0.4646704136639D-15-0.6265060287550D-15-0.8446323937323D-15
-0.1138597291229D-14-0.1534723221565D-14-0.2068449559127D-14-0.2787481506861D-14
-0.3756023019463D-14-0.5060466771597D-14-0.6817036053710D-14-0.9182052220079D-14
-0.1236571470428D-13-0.1665060298687D-13-0.2241648947394D-13-0.3017362679358D-13
-0.4060736425581D-13-0.5463792543770D-13-0.7350046468332D-13-0.9885224670436D-13
-0.1329159733353D-12-0.1786714722835D-12-0.2401117556985D-12-0.3225849572292D-12
-0.4332504684516D-12-0.5816871494550D-12-0.7807032979038D-12-0.1047414832672D-11
-0.1404678456027D-11-0.1882995362575D-11-0.2523036615039D-11-0.3378989632260D-11
-0.4522986428301D-11-0.6050956265951D-11-0.8090347331959D-11-0.1081030085873D-10
-0.1443502879935D-10-0.1926137673143D-10-0.2568182568893D-10-0.3421456047427D-10
-0.4554266783656D-10-0.6056511804204D-10-0.8046285628106D-10-0.1067842465288D-09
-0.1415551010032D-09-0.1874198870569D-09-0.2478220893304D-09-0.3272336087443D-09
-0.4314448080956D-09-0.5679292650228D-09-0.7462990372007D-09-0.9788688664757D-09
-0.1281348475779D-08-0.1673683747132D-08-0.2181064750826D-08-0.2835116296654D-08
-0.3675274995274D-08-0.4750344234871D-08-0.6120187343090D-08-0.7857484174417D-08
-0.1004940623767D-07-0.1279898663776D-07-0.1622581827896D-07-0.2046555766566D-07
-0.2566744310848D-07-0.3198875526881D-07-0.3958468228909D-07-0.4859159342136D-07
-0.5910098035528D-07-0.7112066641360D-07-0.8451880790549D-07-0.9894542750068D-07
-0.1137248741785D-06-0.1277120168637D-06-0.1391036440520D-06-0.1451969056694D-06
-0.1420859361220D-06-0.1242903452571D-06-0.8430992479200D-07-0.1210606056243D-07
 0.1054881288979D-06 0.2854175744203D-06 0.5491060459525D-06 0.9231932028567D-06
 0.1440316671152D-05 0.2139965694050D-05 0.3069516638623D-05 0.4285645128003D-05
 0.5856519934968D-05 0.7865392420653D-05 0.1041660940277D-04 0.1364542843306D-04
 0.1773363292005D-04 0.2293329575257D-04 0.2960163447992D-04 0.3824977150647D-04
 0.4960829969061D-04 0.6471124958664D-04 0.8499945071439D-04 0.1124421408047D-03
