  -1.1059832452437125E-018   1.8805081296262925E-020  -5.5136528432096738E-019   9.9999999999999995E-021
  -5.0847261488165702E-019  -6.2372390090246256E-019  -5.7160496899671339E-019  -4.2857741085646055E-019
   9.2082700317012603E-021   8.8634993317540613E-021   8.6861583127741020E-021   8.5229024568199789E-021
  -1.5736766224049165E-018   2.7219741380838715E-020  -1.1059832452437125E-018   1.8805081296262925E-020
  -4.4337189922800134E-019  -4.8891538444285018E-019  -4.7611271871904368E-019  -4.3273215741543627E-019
   8.5947706424874614E-021   8.4274349458818406E-021   8.3800140370468122E-021   8.2782918991099667E-021
  -2.0215008042626833E-018   3.5395010334917075E-020  -1.5736766224049165E-018   2.7219741380838715E-020
  -4.3676220093139087E-019  -4.5726892508309479E-019  -4.5257619774045279E-019  -4.3049264456811468E-019
   8.2940095874410125E-021   8.1798931484641851E-021   8.1591163453164512E-021   8.0795851494678619E-021
  -2.4591050084078403E-018   4.3390744724797978E-020  -2.0215008042626833E-018   3.5395010334917075E-020
  -4.3210847175014804E-019  -4.4282305288725452E-019  -4.4059010682695210E-019  -4.2669043369238037E-019
   8.0854177008885637E-021   7.9979521167547471E-021   7.9863997494246065E-021   7.9202849060381524E-021
  -2.8894365205756680E-018   5.1241131788722327E-020  -2.4591050084078403E-018   4.3390744724797978E-020
  -4.2748538439003977E-019  -4.3361080121879753E-019  -4.3236054051878945E-019  -4.2256100514175237E-019
   7.9230686702179949E-021   7.8516574211060680E-021   7.8442971020584070E-021   7.7873446669991385E-021
   1.4351498794952995E-017   3.2544019167746520E-020   4.8785173978435048E-018   9.9999999999999995E-021
   7.9897592470006267E-018   7.7979079476142293E-018   9.6929318394074440E-018   1.3866449561612972E-017
   1.7005280409513450E-020   2.1946349963632475E-020   2.3489470886181772E-020   2.7387192897337193E-020
   2.8809580200060027E-017   6.4146195194112295E-020   1.4351498794952995E-017   3.2544019167746520E-020
   1.3379271143180268E-017   1.3537013630468799E-017   1.4583003613727585E-017   1.7129182799069153E-017
   2.6753823221153541E-020   3.1261682424807902E-020   3.2211583950888739E-020   3.5912700185647823E-020
   4.6841814087093189E-017   1.0408430760865524E-019   2.8809580200060027E-017   6.4146195194112295E-020
   1.6918856179466044E-017   1.7485980170607596E-017   1.8097609011621017E-017   2.0107368778275700E-017
   3.5647706473906431E-020   3.9683800184847412E-020   4.0384128344665609E-020   4.3845110954325139E-020
   6.7913784801416038E-017   1.5172356309230982E-019   4.6841814087093189E-017   1.0408430760865524E-019
   1.9987880728871440E-017   2.0702258894547491E-017   2.1117043955543626E-017   2.2805337856883406E-017
   4.3708920801518038E-020   4.7443059597867411E-020   4.7980240968201711E-020   5.1280010968271237E-020
   9.1675840972852976E-017   2.0659937185540922E-019   6.7913784801416038E-017   1.5172356309230982E-019
   2.2732736598439716E-017   2.3490411905438534E-017   2.3797888339519104E-017   2.5262999940266650E-017
   5.1197973911194154E-020   5.4719220872243684E-020   5.5146748248438612E-020   5.8324940426037624E-020
   6.3361035578775531E-017   6.0587040881184605E-020   1.1462815720325715E-017   9.9999999999999995E-021
   2.9261690012611924E-017   3.7948779484336895E-017   5.5649638655029670E-017   9.4930792859353890E-017
   2.6459967620276679E-020   4.3750111853414206E-020   5.4218221616885745E-020   8.1125610726231077E-020
   1.8434594847342945E-016   1.7314655908837355E-019   6.3361035578775531E-017   6.0587040881184605E-020
   8.9541280950740673E-017   1.0728148056247980E-016   1.2599124621277614E-016   1.6982274286667097E-016
   7.6570120278051003E-020   1.0580834943308914E-019   1.1709129858673656E-019   1.5298769292543112E-019
   3.9036409457945021E-016   3.6713231907379086E-019   1.8434594847342945E-016   1.7314655908837355E-019
   1.6555025792965699E-016   1.9398041844011584E-016   2.1083530060988693E-016   2.6092718060646206E-016
   1.4899811312161828E-019   1.8732459785170971E-019   1.9900311502880574E-019   2.4226102102985472E-019
   6.9551646729734731E-016   6.5937788295937557E-019   3.9036409457945021E-016   3.6713231907379086E-019
   2.5728165855305704E-016   2.9433718407185868E-016   3.0985034034445866E-016   3.6525752892169094E-016
   2.3918768617408630E-019   2.8583308183504867E-019   2.9735853962024164E-019   3.4790245422884143E-019
   1.1119481250530862E-015   1.0653831688365106E-018   6.9551646729734731E-016   6.5937788295937557E-019
   3.6230904974978135E-016   4.0653811844441061E-016   4.2102377556455111E-016   4.8115710876672882E-016
   3.4543732504043446E-019   3.9985784337381057E-019   4.1107542418098059E-019   4.6872785511279301E-019
   1.8548672773755916E-016   1.0987526270987772E-019   1.8319327812210324E-017   9.9999999999999995E-021
   6.4189521552867590E-017   1.0277410111892283E-016   1.7970173820818753E-016   3.7386319934500479E-016
   3.6305538706300328E-020   7.3374740388691734E-020   1.0662766400726267E-019   2.0294122876105716E-019
   7.8545651870627707E-016   4.5998021132655256E-019   1.8548672773755916E-016   1.0987526270987772E-019
   3.5275235975210113E-016   4.8878494666957759E-016   6.3667210354205446E-016   9.9615228563694267E-016
   1.9041040253461342E-019   3.0376978800103512E-019   3.6811979656081008E-019   5.6644012004174534E-019
   2.1869636686107430E-015   1.2858423947636256E-018   7.8545651870627707E-016   4.5998021132655256E-019
   9.6051444299173713E-016   1.2569487031270149E-015   1.4569872725997680E-015   2.0206565049814935E-015
   5.4226128459527433E-019   7.6123240567249013E-019   8.5719432390110288E-019   1.1760583568799778E-018
   4.8282734043898848E-015   2.8660006744275128E-018   2.1869636686107430E-015   1.2858423947636256E-018
   1.9731249277107575E-015   2.4693001211441687E-015   2.7149292570632514E-015   3.5062747305492503E-015
   1.1472755833971568E-018   1.4996156482009741E-018   1.6236927330688130E-018   2.0870573320465931E-018
   9.2043803461284456E-015   5.5273845931808088E-018   4.8282734043898848E-015   2.8660006744275128E-018
   3.4538662610301906E-015   4.1804343374030407E-015   4.4667986759732139E-015   5.5083093626486635E-015
   2.0557452056528222E-018   2.5666123242059252E-018   2.7160587997322523E-018   3.3472160589905979E-018
   4.4759893743213519E-016   1.9040162375650724E-019   2.5275497622327700E-017   9.9999999999999995E-021
   1.1294580991893725E-016   2.1488766679219000E-016   4.4239324483072794E-016   1.1064330056940715E-015
   4.6294212748460082E-020   1.1064418953134860E-019   1.8730355265139614E-019   4.4022004542509387E-019
   2.7396309392576189E-015   1.1606100737553484E-018   4.4759893743213519E-016   1.9040162375650724E-019
   1.0695836528967255E-015   1.6858139277879241E-015   2.4439999550241777E-015   4.4229805924319712E-015
   4.2211082409650603E-019   7.6255933092400487E-019   1.0194517816346132E-018   1.8351176507793046E-018
   1.0036377927877790E-014   4.2764773904017877E-018   2.7396309392576189E-015   1.1606100737553484E-018
   4.2543816764532751E-015   6.1502151952946696E-015   7.6622960500669149E-015   1.1901077764544588E-014
   1.7434532271728423E-018   2.7044952557950740E-018   3.2554474485901990E-018   5.0318652639352477E-018
   2.7506854964526344E-014   1.1843810094108893E-017   1.0036377927877790E-014   4.2764773904017877E-018
   1.1534108321503890E-014   1.5675482045145309E-014   1.8135639653194038E-014   2.5666510501708736E-014
   4.8589359796625493E-018   6.9002220380740277E-018   7.8358928532792090E-018   1.1072830459873613E-017
   6.2647448959405030E-014   2.7306106022287595E-017   2.7506854964526344E-014   1.1843810094108893E-017
   2.5105527074276685E-014   3.2608384147429413E-014   3.6181194547512518E-014   4.8158879505111525E-014
   1.0814876980516497E-017   1.4494924404778747E-017   1.5893138253379710E-017   2.1182773272238792E-017
   9.5136863221505177E-016   3.1455223592898803E-019   3.2278530475293346E-017   9.9999999999999995E-021
   1.7558334978620538E-016   3.8684389613446652E-016   9.2276512098539406E-016   2.7197392264126239E-015
   5.6350179521017862E-020   1.5550459682120403E-019   3.0296993426527541E-019   8.5401417387995136E-019
   8.3137306529121291E-015   2.7543471970270593E-018   9.5136863221505177E-016   3.1455223592898803E-019
   2.7377413286312312E-015   4.8406645699511727E-015   7.7923614677133952E-015   1.6170378720222099E-014
   8.5212122408952855E-019   1.7180109179023224E-018   2.5354897062020655E-018   5.2796472942901237E-018
   3.9930842870360700E-014   1.3323636603609197E-017   8.3137306529121291E-015   2.7543471970270593E-018
   1.5672903775403003E-014   2.4807444065805246E-014   3.3322736893874829E-014   5.7769407609928271E-014
   5.0348261961376885E-018   8.5539797077186836E-018   1.1049822508487213E-017   1.9173305810943355E-017
   1.3574921763727007E-013   4.5800257848670939E-017   3.9930842870360700E-014   1.3323636603609197E-017
   5.5822470176442991E-014   8.1880519425062794E-014   1.0012027506054572E-013   1.5508618945379611E-013
   1.8409115006622853E-017   2.8230742841041690E-017   3.3782279822949137E-017   5.2424567135765948E-017
   3.6940540593535578E-013   1.2621707434881089E-016   1.3574921763727007E-013   4.5800257848670939E-017
   1.5087159336512635E-013   2.0933425162310904E-013   2.4225555442679662E-013   3.4788592432357665E-013
   5.0842515799219130E-017   7.2827866745341053E-017   8.3114661678163089E-017   1.1977332635461239E-016
   1.8409736024653368E-015   4.9700869603055562E-019   3.9307210025843867E-017   9.9999999999999995E-021
   2.5212335749993529E-016   6.3118135657767417E-016   1.7184095962368056E-015   5.8586930915080638E-015
   6.6442973528882716E-020   2.0793431680739369E-019   4.6038721357923276E-019   1.5189661418811979E-018
   2.2618091378480896E-014   6.1475113095232802E-018   1.8409736024653368E-015   4.9700869603055562E-019
   6.1983752471410091E-015   1.2152746242378207E-014   2.1619517285175766E-014   5.0919804353844420E-014
   1.5930846241171915E-018   3.5445875506087716E-018   5.7592087840934198E-018   1.3702338387434775E-017
   1.4157561145359578E-013   3.8795667972269238E-017   2.2618091378480896E-014   6.1475113095232802E-018
   5.0179956010890833E-014   8.6320014824565396E-014   1.2505763817329392E-013   2.4080985844407984E-013
   1.3248971986039089E-017   2.4468420170629049E-017   3.3956761073455153E-017   6.5789605502268221E-017
   5.9561127901640409E-013   1.6510947515428572E-016   1.4157561145359578E-013   3.8795667972269238E-017
   2.3327258365368649E-013   3.6732215229859999E-013   4.7576163983608136E-013   8.0477383745380108E-013
   6.3159000983213806E-017   1.0403298373441199E-016   1.3151922953504056E-016   2.2361941556997999E-016
   1.9348005418760650E-012   5.4332216333376082E-016   5.9561127901640409E-013   1.6510947515428572E-016
   7.8074871305336469E-013   1.1525738912916734E-012   1.3950842510749472E-012   2.1590705793713611E-012
   2.1590726457027526E-016   3.2921000887800814E-016   3.9222312271359402E-016   6.1050260132337125E-016
   3.3108317377280276E-015   7.5472543718118216E-019   4.6351417496349535E-017   9.9999999999999995E-021
   3.4257595183775697E-016   9.6043301773506315E-016   2.9454828381442092E-015   1.1432474257793767E-014
   7.6558064768589018E-020   2.6792302605761705E-019   6.6632855805566887E-019   2.5232913900919318E-018
   5.6237559180784213E-014   1.2952479276083497E-017   3.3108317377280276E-015   7.5472543718118216E-019
   1.2771574865650937E-014   2.7500057369010810E-014   5.3763510177994083E-014   1.4226165469867639E-013
   2.7954740082255269E-018   6.8027519858590859E-018   1.2116770666356986E-017   3.2552003720756220E-017
   4.5531089650173729E-013   1.0582016772828824E-016   5.6237559180784213E-014   1.2952479276083497E-017
   1.4355534288578469E-013   2.6668342735384693E-013   4.1618481683017939E-013   8.8514819267188103E-013
   3.2164648358809211E-017   6.4160100346779665E-017   9.5596751827283193E-017   2.0552777800629346E-016
   2.3623312755430526E-012   5.5559585242901194E-016   4.5531089650173729E-013   1.0582016772828824E-016
   8.6420300811303744E-013   1.4540461436909374E-012   1.9964671716079491E-012   3.6768926355370798E-012
   1.9838408054752603E-016   3.4934744967139418E-016   4.6708208774706868E-016   8.6741095281989035E-016
   9.1456183673346661E-012   2.1793992780856598E-015   2.3623312755430526E-012   5.5559585242901194E-016
   3.5688965099126621E-012   5.5854368961837791E-012   7.0827155692254911E-012   1.1794521110018485E-011
   8.3648459508904810E-016   1.3528217029417115E-015   1.6856420798070414E-015   2.8294083933533336E-015
   5.6133398586418172E-015   1.1069226529600052E-018   5.3405728623423811E-017   9.9999999999999995E-021
   4.4694655706305677E-016   1.3871294754814974E-015   4.7387089205127409E-015   2.0660981431058827E-014
   8.6687664298755830E-020   3.3546519060147768E-019   9.2757253096445407E-019   3.9687728103294118E-018
   1.2960245853001433E-013   2.5892011593540871E-017   5.6133398586418172E-015   1.1069226529600052E-018
   2.4415073099483569E-014   5.7270571458285521E-014   1.2234876387659961E-013   3.6028096825898123E-013
   4.6532409468282536E-018   1.2293459964245488E-017   2.3887884265410174E-017   7.1694604237345605E-017
   1.3457927011529458E-012   2.7151319188547737E-016   1.2960245853001433E-013   2.5892011593540871E-017
   3.7419779448935240E-013   7.4661522883055262E-013   1.2524052604041560E-012   2.9249026827788195E-012
   7.2805927036179567E-017   1.5600356151529840E-016   2.4914837918696461E-016   5.9061727331091323E-016
   8.5751042133126630E-012   1.7511057393425150E-015   1.3457927011529458E-012   2.7151319188547737E-016
   2.8920158062396589E-012   5.1778450703681272E-012   7.5352230640573069E-012   1.5057716997867778E-011
   5.7606039302482715E-016   1.0800641474370616E-015   1.5273201973394200E-015   3.0867262021644342E-015
   3.9478211545919827E-011   8.1696471758456284E-015   8.5751042133126630E-012   1.7511057393425150E-015
   1.4672252358105464E-011   2.4265454182554784E-011   3.2261560815674688E-011   5.7692361641078600E-011
   2.9832490271936615E-015   5.1009898726635968E-015   6.6535195780425728E-015   1.2018980690412681E-014
   9.0666141065937097E-015   1.5750836070993298E-018   6.0466978285352226E-017   9.9999999999999995E-021
   5.6523833829754922E-016   1.9238001817699382E-015   7.2513813340396270E-015   3.5121281399933473E-014
   9.6827227180146079E-020   4.1055758130192586E-019   1.2509002913299810E-018   5.9707586701520187E-018
   2.7987587278076631E-013   4.9363119371566232E-017   9.0666141065937097E-015   1.5750836070993298E-018
   4.3906162126382865E-014   1.1143453897623566E-013   2.5872200220802645E-013   8.4063630755012863E-013
   7.4094675511149744E-018   2.1119768568558356E-017   4.4551404937898088E-017   1.4797640002277352E-016
   3.6944141194473322E-012   6.5845711995840601E-016   2.7987587278076631E-013   4.9363119371566232E-017
   9.0185693964042153E-013   1.9234553728837058E-012   3.4590640681045408E-012   8.8203336583824806E-012
   1.5504052441285007E-016   3.5516739235054191E-016   6.0666411917852840E-016   1.5758604560500479E-015
   2.8771324757826969E-011   5.1912666614429886E-015   3.6944141194473322E-012   6.5845711995840601E-016
   8.8675972414052735E-012   1.6832505020459537E-011   2.5942214767730626E-011   5.6044427012492228E-011
   1.5596546198632052E-015   3.1021616831796636E-015   4.6368706046299263E-015   1.0159138053425109E-014
   1.5709942004642335E-010   2.8728133142842846E-014   2.8771324757826969E-011   5.1912666614429886E-015
   5.4999650753349575E-011   9.5843276974823789E-011   1.3362553414329167E-010   2.5603129874199782E-010
   9.8726299565245451E-015   1.7796260922736967E-014   2.4306904993346133E-014   4.7142237099708367E-014
  -2.1248798599053325E-020   1.9999071383936138E-020  -9.9996124471026699E-021   9.9999999999999995E-021
  -9.9998876099424444E-021  -1.2499158725745541E-020  -1.1665820595466228E-020  -9.1652706593379472E-021
   9.9994837700013868E-021   9.9991534145303942E-021   9.9989871016986641E-021   9.9986635011573182E-021
  -3.1293292529459365E-020   2.9997470198316759E-020  -2.1248798599053325E-020   1.9999071383936138E-020
  -9.3736721591192141E-021  -1.0456523042846729E-020  -1.0239834192296548E-020  -9.5005769530304486E-021
   9.9987216044444946E-021   9.9984367702234080E-021   9.9983602615149558E-021   9.9980772183624981E-021
  -4.1209668476473932E-020   3.9995269737051259E-020  -3.1293292529459365E-020   2.9997470198316759E-020
  -9.5657160736434050E-021  -1.0105414373575818E-020  -1.0028234873034212E-020  -9.6652411152239183E-021
   9.9980966863823578E-021   9.9978232569735140E-021   9.9977753539806521E-021   9.9975033241163018E-021
  -5.1113253997552993E-020   4.9992497785565835E-020  -4.1209668476473932E-020   3.9995269737051259E-020
  -9.6932179378964866E-021  -1.0010333697324259E-020  -9.9750383841970226E-021  -9.7575510255353231E-021
   9.9975129112830079E-021   9.9972451982189990E-021   9.9972105385970635E-021   9.9969439061723238E-021
  -6.1023979212780078E-020   5.9989169723016094E-020  -5.1113253997552993E-020   4.9992497785565835E-020
  -9.7718486012503949E-021  -9.9789381718545320E-021  -9.9600634134781431E-021  -9.8144995194467474E-021
   9.9969495749258212E-021   9.9966853546615673E-021   9.9966582406462619E-021   9.9963948591600458E-021
   4.9673010264363557E-016   4.2064558920113527E-020   2.7495031718248911E-016   9.9999999999999995E-021
   1.1243887975961462E-016   2.1597897278624851E-016   2.3512232225424812E-016   3.1603724292627071E-016
   2.4194310290387673E-020   2.9623671760615771E-020   3.3761484596179263E-020   4.1422730516703408E-020
   8.0825287124903359E-016   9.1117944917197588E-020   4.9673010264363557E-016   4.2064558920113527E-020
   3.0056416680808752E-016   2.9168098164551677E-016   3.2948611851347077E-016   3.2623824450632574E-016
   4.0063086178903874E-020   4.8191285573623964E-020   4.9656613445594739E-020   5.8561431765163094E-020
   1.1399270638463388E-015   1.5786029406172296E-019   8.0825287124903359E-016   9.1117944917197588E-020
   3.2826916642705185E-016   3.2002184689170308E-016   3.4210713932669615E-016   3.3751801671998052E-016
   5.7751855446767646E-020   6.6144387527157765E-020   6.7208208337465245E-020   7.5997047691138626E-020
   1.4798659022018335E-015   2.4237045231036029E-019   1.1399270638463388E-015   1.5786029406172296E-019
   3.3828693430428447E-016   3.3249732311122029E-016   3.4667143687351611E-016   3.4300857585921161E-016
   7.5550320135187784E-020   8.4042783462238805E-020   8.4896680158368527E-020   9.3631702115421593E-020
   1.8241769081048490E-015   3.4465819540295110E-019   1.4798659022018335E-015   2.4237045231036029E-019
   3.4333555365720938E-016   3.3917339356734727E-016   3.4901206787296318E-016   3.4615955888026176E-016
   9.3350235271465307E-020   1.0190273221545013E-019   1.0261804779675508E-019   1.1133466325966891E-019
   2.0670957346789671E-015   8.6407768298476972E-020   6.1813548301019574E-016   9.9999999999999995E-021
   5.4407210681622966E-016   1.2421946877103047E-015   1.5655825279668609E-015   2.5341349718420674E-015
   4.1911244683241886E-020   6.0666834959198757E-020   8.2615490301326046E-020   1.2997071458657041E-019
   5.0457927532824114E-015   2.7511794915719447E-019   2.0670957346789671E-015   8.6407768298476972E-020
   2.3494072563172894E-015   2.6291668077174076E-015   3.2866955311450430E-015   3.6910501775784754E-015
   1.2239880144268657E-019   1.7605030414112075E-019   1.9182933600117392E-019   2.7410300342502901E-019
   9.4334319878168412E-015   6.3070185202563272E-019   5.0457927532824114E-015   2.7511794915719447E-019
   3.7323320360364505E-015   4.1005550498014759E-015   4.6456150298396625E-015   5.1011632118878503E-015
   2.6262997218634725E-019   3.4259508384198031E-019   3.6005111295030913E-019   4.6558105143970379E-019
   1.5219881644926786E-014   1.2062894612885316E-018   9.4334319878168412E-015   6.3070185202563272E-019
   5.1127399794884824E-015   5.5466816161717710E-015   6.0057635497424497E-015   6.5010676313427385E-015
   4.5629783153099849E-019   5.6242099319665059E-019   5.8093640485712906E-019   7.1051302793883583E-019
   2.2406181178005064E-014   2.0546809179119978E-018   1.5219881644926786E-014   1.2062894612885316E-018
   6.5026000345885652E-015   6.9808975471512725E-015   7.3766752082589097E-015   7.9000516530607266E-015
   7.0279269190633535E-019   8.3514754906555884E-019   8.5432574247142361E-019   1.0086094647604977E-018
   5.9818938079387758E-015   1.6431991773844935E-019   9.7863448058209225E-016   9.9999999999999995E-021
   1.3458006985708153E-015   3.6739244050845867E-015   5.3046201183623987E-015   1.0716666218675315E-014
   6.0522005650333085E-020   1.0110785106866354E-019   1.6698267929139363E-019   3.2921644006024876E-019
   2.1539962566363971E-014   7.7205029936492022E-019   5.9818938079387758E-015   1.6431991773844935E-019
   9.8758130525120101E-015   1.2653778446956339E-014   1.7704593770292495E-014   2.2755855063541488E-014
   3.1133927428756682E-019   5.2212812366327331E-019   6.1441894824068556E-019   1.0619488716633407E-018
   5.3390349192653030E-014   2.3461707968680975E-018   2.1539962566363971E-014   7.7205029936492022E-019
   2.3208099794222138E-014   2.8366267934110068E-014   3.4513848572967842E-014   4.2133986949356399E-014
   9.8700676776061549E-019   1.4475554126815276E-018   1.5978521609099515E-018   2.3669010700754891E-018
   1.0729510160121874E-013   5.5970450791366601E-018   5.3390349192653030E-014   2.3461707968680975E-018
   4.2237604764124285E-014   5.0071382356643604E-014   5.6913878397563369E-014   6.7220388178856056E-014
   2.2766542676107851E-018   3.0833795826920444E-018   3.2944005385193771E-018   4.4730311835777482E-018
   1.8909188944849137E-013   1.1429020016437740E-017   1.0729510160121874E-013   5.5970450791366601E-018
   6.7133262271312773E-014   7.7720239153539264E-014   8.5062775386833512E-014   9.8081435731577434E-014
   4.3730757903849600E-018   5.6242449195680603E-018   5.8961607392202078E-018   7.5779625158449860E-018
   1.4393284212284926E-014   2.9219726901610251E-019   1.3456025170866134E-015   9.9999999999999995E-021
   2.5284694478349369E-015   8.0907717442171731E-015   1.3258757735931901E-014   3.3058561763056792E-014
   7.9466730756222959E-020   1.5051626178962320E-019   2.9926386747584708E-019   7.1415662480945139E-019
   7.5168484459477656E-014   2.0139056841578779E-018   1.4393284212284926E-014   2.9219726901610251E-019
   3.0936808955728008E-014   4.4882130510494562E-014   7.0315537570764050E-014   1.0331905636491118E-013
   6.9753654502651429E-019   1.3341949435306595E-018   1.7131933897592673E-018   3.5379372792442842E-018
   2.4665693221330244E-013   8.0832063423845259E-018   7.5168484459477656E-014   2.0139056841578779E-018
   1.0705776170257485E-013   1.4374284151440364E-013   1.8918371140022708E-013   2.5601981899111234E-013
   3.2176009302096391E-018   5.2518477906778316E-018   6.1434506151312300E-018   1.0407606207532128E-017
   6.1753738538482619E-013   2.4019546117928912E-017   2.4665693221330244E-013   8.0832063423845259E-018
   2.5751569064586494E-013   3.3080395593090218E-013   3.9745227844626151E-013   5.1125455962894957E-013
   9.8289118688602859E-018   1.4522514172207604E-017   1.6179631194414343E-017   2.4384836051162136E-017
   1.3034781516229229E-012   5.8766771853088692E-017   6.1753738538482619E-013   2.4019546117928912E-017
   5.1015066895707241E-013   6.3312311997375567E-013   7.2206701635317397E-013   8.9511365581764839E-013
   2.3530401327033083E-017   3.2580601684779696E-017   3.5240598996074692E-017   4.9310551722216852E-017
   3.0600701016819307E-014   4.9006668347186608E-019   1.7156368156405675E-015   9.9999999999999995E-021
   4.0954811314917863E-015   1.5069153902793653E-014   2.7746621789227887E-014   8.3583352691537568E-014
   9.8569751642264270E-020   2.0875700197368956E-019   4.9222134763129301E-019   1.3798736499789671E-018
   2.2770545766480050E-013   4.8930452542460307E-018   3.0600701016819307E-014   4.9006668347186608E-019
   8.0634743360623160E-014   1.3105472026925760E-013   2.2880827082951996E-013   3.8226781432970877E-013
   1.4174125138718137E-018   3.0391808157128593E-018   4.2734477044830448E-018   1.0375201870381367E-017
   9.8492347295969843E-013   2.5789191858056630E-017   2.2770545766480050E-013   4.8930452542460307E-018
   4.0558169781301190E-013   5.9193597383607034E-013   8.4536687673803791E-013   1.2631206928081597E-012
   9.3444363595960548E-018   1.6838209846720106E-017   2.0961712118027069E-017   4.0432599333773191E-017
   3.0677675269132834E-012   9.5217725327724584E-017   9.8492347295969843E-013   2.5789191858056630E-017
   1.2812744336058356E-012   1.7709460155724440E-012   2.2582132722674628E-012   3.1574713144358597E-012
   3.7625789598369467E-017   6.0287877347209416E-017   7.0393374882385552E-017   1.1758290676044830E-016
   7.7516227180454059E-012   2.7880895400852459E-016   3.0677675269132834E-012   9.5217725327724584E-017
   3.1543648335776027E-012   4.1754928994466498E-012   4.9824808050413371E-012   6.6328189042391603E-012
   1.1207196039323213E-016   1.6629505713961394E-016   1.8648044330651213E-016   2.8392441079931586E-016
   5.9329637049371075E-014   7.8134338723792533E-019   2.0873557371003367E-015   9.9999999999999995E-021
   6.0482173886849815E-015   2.5184605847853496E-014   5.1602170611662074E-014   1.8383191756590828E-013
   1.1775974118683443E-019   2.7577523073579811E-019   7.5871520532600635E-019   2.4413197101171088E-018
   6.1755542617288943E-013   1.1121163232222800E-017   5.9329637049371075E-014   7.8134338723792533E-019
   1.8447278432375891E-013   3.3281598611303106E-013   6.4312585334766480E-013   1.2129982714959595E-012
   2.6637186649557589E-018   6.3158085816051758E-018   9.7233289740884270E-018   2.7296925293566272E-017
   3.4975104935299290E-012   7.6436663751834718E-017   6.1755542617288943E-013   1.1121163232222800E-017
   1.3262276268026305E-012   2.0862747304107419E-012   3.2349693409323002E-012   5.3110146346535207E-012
   2.4626470271434012E-017   4.8656866224463120E-017   6.4541309826639319E-017   1.4087018074403263E-016
   1.3518296801104701E-011   3.4947188287935827E-016   3.4975104935299290E-012   7.6436663751834718E-017
   5.4639662804931530E-012   8.0756919422579536E-012   1.0952402191781334E-011   1.6604563296876909E-011
   1.2982548518066809E-016   2.2446366427491779E-016   2.7544784863238721E-016   5.0856280376986314E-016
   4.0842099649524862E-011   1.2226642346796101E-015   1.3518296801104701E-011   3.4947188287935827E-016
   1.6657225812883217E-011   2.3413917683456365E-011   2.9307912842965128E-011   4.1841930224794775E-011
   4.7982952267263840E-016   7.5996229286868194E-016   8.8637626982176802E-016   1.4666474627479734E-015
   1.0701225090617659E-013   1.1927729471061916E-018   2.4600968689074593E-015   9.9999999999999995E-021
   8.3873406319729839E-015   3.9012346252021555E-014   8.8175475220706958E-014   3.6454994064618480E-013
   1.3700250234120323E-019   3.5154465518235816E-019   1.1116402730704832E-018   4.0332653237902644E-018
   1.5297746971946276E-012   2.3779170656439228E-017   1.0701225090617659E-013   1.1927729471061916E-018
   3.8235477222190877E-013   7.5973270254586157E-013   1.6130344008598003E-012   3.4086856986974741E-012
   4.6962577169217854E-018   1.2179027106860038E-017   2.0486000028294731E-017   6.5492074268766926E-017
   1.1249182858437538E-011   2.1148945493893461E-016   1.5297746971946276E-012   2.3779170656439228E-017
   3.8579182444283444E-012   6.4974240378431829E-012   1.0927419558389535E-011   1.9608843530563686E-011
   5.9746828850698798E-017   1.2865525349552547E-016   1.8174122000629503E-016   4.4572192984063247E-016
   5.3766609029761266E-011   1.1924684643222990E-015   1.1249182858437538E-011   2.1148945493893461E-016
   2.0570809584871909E-011   3.2334393244449425E-011   4.6680338971455925E-011   7.6504283011259742E-011
   4.0897368862807868E-016   7.5979839052082464E-016   9.8105628132745696E-016   1.9951910239755444E-015
   1.9388969850351648E-010   4.9742394157422300E-015   5.3766609029761266E-011   1.1924684643222990E-015
   7.7331157697929954E-011   1.1496637596577779E-010   1.5118678746626192E-010   2.3110105228052191E-010
   1.8689374574918034E-015   3.1486548793594303E-015   3.8272762719648640E-015   6.8698259483791951E-015
   1.8206836112971871E-013   1.7544128836453067E-018   2.8335040377658265E-015   9.9999999999999995E-021
   1.1113207034651903E-014   5.7127458607211478E-014   1.4133296767967230E-013   6.6737508294329790E-013
   1.5627964765874427E-019   4.3605113786012412E-019   1.5639061668920473E-018   6.3102830447087543E-018
   3.5119202428203493E-012   4.8118249483105961E-017   1.8206836112971871E-013   1.7544128836453067E-018
   7.3323046031060818E-013   1.5936542050662464E-012   3.6914350512404343E-012   8.6757023172198130E-012
   7.8526399253913550E-018   2.2076128385110980E-017   4.0448618737551885E-017   1.4528088542604684E-016
   3.3218144160092223E-011   5.4925113021079635E-016   3.5119202428203493E-012   4.8118249483105961E-017
   1.0193196227530793E-011   1.8280816578386507E-011   3.3278008931513234E-011   6.4926496256300965E-011
   1.3500415539146867E-016   3.1509380197550232E-016   4.7331695425567357E-016   1.2949716165123216E-015
   1.9550162495763910E-010   3.8015102248751672E-015   3.3218144160092223E-011   5.4925113021079635E-016
   6.9773581245361468E-011   1.1608170872412195E-010   1.7839116347793860E-010   3.1498155913579866E-010
   1.1888580631980858E-015   2.3647304815196865E-015   3.2129299254333094E-015   7.1693756908821450E-015
   8.3960677404417374E-010   1.8858872369136930E-014   1.9550162495763910E-010   3.8015102248751672E-015
   3.2193828185517521E-010   5.0439560319075603E-010   6.9738419769610246E-010   1.1391330108903157E-009
   6.6887846318210244E-015   1.1950853141658198E-014   1.5155199789573548E-014   2.9443282371286051E-014
   2.9518655060531077E-013   2.4996256273254150E-018   3.2073690119073036E-015   9.9999999999999995E-021
   1.4226024828489875E-014   8.0104960958422692E-014   2.1545753643093233E-013   1.1465240699532210E-012
   1.7558042717430205E-019   5.2928641350351226E-019   2.1284296414073941E-018   9.4467412269563771E-018
   7.5561146799030998E-012   9.2680704106439583E-017   2.9518655060531077E-013   2.4996256273254150E-018
   1.3203863521473680E-012   3.1204173994675504E-012   7.8343373096903934E-012   2.0335673005323480E-011
   1.2559049279653698E-017   3.7994526016440966E-017   7.5566207075903576E-017   3.0140595541034226E-016
   9.1032287288016072E-011   1.3462429454820435E-015   7.5561146799030998E-012   9.2680704106439583E-017
   2.4841209388346717E-011   4.7234674637261784E-011   9.2821926780500881E-011   1.9590262342480575E-010
   2.8685359782514274E-016   7.2199955730885395E-016   1.1510259255902230E-015   3.4884688846303266E-015
   6.5652585966370173E-010   1.1380180570259540E-014   9.1032287288016072E-011   1.3462429454820435E-015
   2.1645897923526721E-010   3.7956261609196086E-010   6.2056394552373268E-010   1.1762493317874596E-009
   3.2182561020938726E-015   6.8318932437924363E-015   9.7607082025611643E-015   2.3800166753863904E-014
   3.3489443719623252E-009   6.6946373527306585E-014   6.5652585966370173E-010   1.1380180570259540E-014
   1.2197000063456282E-009   2.0073265992315658E-009   2.9185360657404891E-009   5.0830857375020015E-009
   2.2184832921616575E-014   4.1926131509159272E-014   5.5488214326286097E-014   1.1638363314977498E-013
