  0.37941727179308438        0.0000000000000000       0.85604253386509277        274.07205200195312     
  0.37941727179308438        0.0000000000000000      -0.19707677827292575        274.07205200195312     
  0.37941727179308438        0.0000000000000000       -54.013237023194691        274.07205200195312     
  0.37941727179308438        2.0000000000000000        2.8560425338650925        274.07205200195312     
  0.37941727179308438        2.0000000000000000        1.8185334442963881        274.07205200195312     
  0.37941727179308438        2.0000000000000000        498.40919271249061        274.07205200195312     
  0.37941727179308438        6.0000000000000000        6.8560425338650930        274.07205200195312     
  0.37941727179308438        6.0000000000000000        4.2655005406274498        274.07205200195312     
  0.37941727179308438        6.0000000000000000        1169.0544859852055        274.07205200195312     
  0.37941727179308438        12.000000000000000        12.856042533865093        274.07205200195312     
  0.37941727179308438        12.000000000000000        6.8144825873395689        274.07205200195312     
  0.37941727179308438        12.000000000000000        1867.6592260437344        274.07205200195312     
  0.37941727179308438        20.000000000000000        20.856042533865093        274.07205200195312     
  0.37941727179308438        20.000000000000000        9.4008415055868326        274.07205200195312     
  0.37941727179308438        20.000000000000000        2576.5079219813138        274.07205200195312     
  0.37941727179308438        30.000000000000000        30.856042533865093        274.07205200195312     
  0.37941727179308438        30.000000000000000        12.004781795547274        274.07205200195312     
  0.37941727179308438        30.000000000000000        3290.1751805413328        274.07205200195312     
  0.37941727179308438        42.000000000000000        42.856042533865093        274.07205200195312     
  0.37941727179308438        42.000000000000000        14.618345237026094        274.07205200195312     
  0.37941727179308438        42.000000000000000        4006.4798759847195        274.07205200195312     
  0.37941727179308438        56.000000000000000        56.856042533865093        274.07205200195312     
  0.37941727179308438        56.000000000000000        17.237735543963936        274.07205200195312     
  0.37941727179308438        56.000000000000000        4724.3815524011998        274.07205200195312     
  0.37941727179308438        72.000000000000000        72.856042533865093        274.07205200195312     
  0.37941727179308438        72.000000000000000        19.860917450608675        274.07205200195312     
  0.37941727179308438        72.000000000000000        5443.3224003297191        274.07205200195312     
  0.37941727179308438        90.000000000000000        90.856042533865093        274.07205200195312     
  0.37941727179308438        90.000000000000000        22.486703269784989        274.07205200195312     
  0.37941727179308438        90.000000000000000        6162.9769079090011        274.07205200195312     
   7.2971823306692543E-003   0.0000000000000000       0.99994675113003295        274.07205200195312     
   7.2971823306692543E-003   0.0000000000000000       -3.6486397374749092E-003   274.07205200195312     
   7.2971823306692543E-003   0.0000000000000000      -0.99999017986561589        274.07205200195312     
   7.2971823306692543E-003   2.0000000000000000        2.9999467511300328        274.07205200195312     
   7.2971823306692543E-003   2.0000000000000000        100.31754761002715        274.07205200195312     
   7.2971823306692543E-003   2.0000000000000000        27494.236125283769        274.07205200195312     
   7.2971823306692543E-003   6.0000000000000000        6.9999467511300333        274.07205200195312     
   7.2971823306692543E-003   6.0000000000000000        225.53105752038647        274.07205200195312     
   7.2971823306692543E-003   6.0000000000000000        61811.759724782838        274.07205200195312     
   7.2971823306692543E-003   12.000000000000000        12.999946751130032        274.07205200195312     
   7.2971823306692543E-003   12.000000000000000        357.06164010949249        274.07205200195312     
   7.2971823306692543E-003   12.000000000000000        97860.616395991499        274.07205200195312     
   7.2971823306692543E-003   20.000000000000000        20.999946751130032        274.07205200195312     
   7.2971823306692543E-003   20.000000000000000        490.95249682428511        274.07205200195312     
   7.2971823306692543E-003   20.000000000000000        134556.35824011420        274.07205200195312     
   7.2971823306692543E-003   30.000000000000000        30.999946751130032        274.07205200195312     
   7.2971823306692543E-003   30.000000000000000        625.96210070570544        274.07205200195312     
   7.2971823306692543E-003   30.000000000000000        171558.71741586592        274.07205200195312     
   7.2971823306692543E-003   42.000000000000000        42.999946751130032        274.07205200195312     
   7.2971823306692543E-003   42.000000000000000        761.58635104335917        274.07205200195312     
   7.2971823306692543E-003   42.000000000000000        208729.53400713328        274.07205200195312     
   7.2971823306692543E-003   56.000000000000000        56.999946751130032        274.07205200195312     
   7.2971823306692543E-003   56.000000000000000        897.58356197968976        274.07205200195312     
   7.2971823306692543E-003   56.000000000000000        246002.56867499585        274.07205200195312     
   7.2971823306692543E-003   72.000000000000000        72.999946751130040        274.07205200195312     
   7.2971823306692543E-003   72.000000000000000        1033.8237811950985        274.07205200195312     
   7.2971823306692543E-003   72.000000000000000        283342.20512055885        274.07205200195312     
   7.2971823306692543E-003   90.000000000000000        90.999946751130040        274.07205200195312     
   7.2971823306692543E-003   90.000000000000000        1170.2310338717709        274.07205200195312     
   7.2971823306692543E-003   90.000000000000000        320727.62076960335        274.07205200195312     
