     0.000000    -0.154220     1.546560     1.546560     1.970290     1.970290     1.970290     2.038170     2.038170     2.038170
     0.020000    -0.153780     1.544340     1.544670     1.968070     1.968070     1.969910     2.037280     2.037280     2.041160
     0.040000    -0.152460     1.537830     1.539050     1.961060     1.961060     1.968850     2.035390     2.035390     2.049960
     0.060000    -0.150260     1.527470     1.529890     1.948770     1.948770     1.967350     2.034070     2.034070     2.064140
     0.080000    -0.147180     1.513870     1.517510     1.931400     1.931400     1.965720     2.034460     2.034460     2.083100
     0.100000    -0.143220     1.497660     1.502260     1.909880     1.909880     1.964260     2.036820     2.036820     2.106170
     0.120000    -0.138360     1.479460     1.484570     1.885340     1.885340     1.963200     2.040990     2.040990     2.132750
     0.140000    -0.132610     1.459800     1.464870     1.858720     1.858720     1.962720     2.046730     2.046730     2.162290
     0.160000    -0.125960     1.439120     1.443570     1.830720     1.830720     1.962910     2.053860     2.053860     2.194350
     0.180000    -0.118400     1.417780     1.421070     1.801830     1.801830     1.963810     2.062250     2.062250     2.228550
     0.200000    -0.109920     1.396050     1.397710     1.772420     1.772420     1.965420     2.071820     2.071820     2.264620
     0.220000    -0.100530     1.373790     1.374150     1.742730     1.742730     1.967730     2.082500     2.082500     2.302300
     0.240000    -0.090210     1.349590     1.352250     1.712960     1.712960     1.970690     2.094260     2.094260     2.341430
     0.260000    -0.078960     1.325320     1.330490     1.683250     1.683250     1.974270     2.107060     2.107060     2.381830
     0.280000    -0.066770     1.301170     1.308970     1.653720     1.653720     1.978410     2.120870     2.120870     2.403660
     0.300000    -0.053640     1.277310     1.287770     1.624450     1.624450     1.983040     2.135650     2.135650     2.408620
     0.320000    -0.039560     1.253860     1.266970     1.595520     1.595520     1.988100     2.151380     2.151380     2.413970
     0.340000    -0.024540     1.230930     1.246620     1.567000     1.567000     1.993500     2.168050     2.168050     2.419710
     0.360000    -0.008560     1.208610     1.226750     1.538920     1.538920     1.999120     2.185620     2.185620     2.425850
     0.380000     0.008370     1.186980     1.207410     1.511340     1.511340     2.004820     2.204060     2.204060     2.432380
     0.400000     0.026250     1.166090     1.188620     1.484300     1.484300     2.010360     2.223360     2.223360     2.439330
     0.420000     0.045090     1.145990     1.170390     1.457830     1.457830     2.015460     2.243480     2.243480     2.446680
     0.440000     0.064870     1.126710     1.152760     1.431960     1.431960     2.019640     2.264400     2.264400     2.429080
     0.460000     0.085600     1.108290     1.135730     1.406730     1.406730     2.022220     2.286080     2.286080     2.390060
     0.480000     0.107270     1.090730     1.119310     1.382170     1.382170     2.022200     2.308510     2.308510     2.353060
     0.500000     0.129880     1.074050     1.103510     1.358290     1.358290     2.018170     2.319880     2.331640     2.331640
     0.520000     0.153410     1.058260     1.088330     1.335130     1.335130     2.008470     2.292470     2.355440     2.355440
     0.540000     0.177860     1.043350     1.073790     1.312710     1.312710     1.991610     2.272560     2.379870     2.379870
     0.560000     0.203220     1.029310     1.059890     1.291050     1.291050     1.967050     2.260870     2.404900     2.404900
     0.580000     0.229490     1.016130     1.046610     1.270180     1.270180     1.935510     2.256820     2.430480     2.430480
     0.600000     0.256640     1.003810     1.033980     1.250110     1.250110     1.898480     2.259060     2.456570     2.456570
     0.620000     0.284670     0.992310     1.021980     1.230870     1.230870     1.857530     2.266130     2.483110     2.483110
     0.640000     0.313560     0.981620     1.010610     1.212480     1.212480     1.813900     2.276860     2.510050     2.510050
     0.660000     0.343300     0.971720     0.999880     1.194950     1.194950     1.768510     2.290420     2.537330     2.537330
     0.680000     0.373880     0.962580     0.989780     1.178310     1.178310     1.722000     2.306230     2.564880     2.564880
     0.700000     0.405270     0.954180     0.980310     1.162570     1.162570     1.674790     2.323920     2.590580     2.592610
     0.720000     0.437460     0.946480     0.971470     1.147760     1.147760     1.627210     2.343210     2.603070     2.620440
     0.740000     0.470430     0.939470     0.963250     1.133890     1.133890     1.579480     2.363920     2.615630     2.648270
     0.760000     0.504150     0.933110     0.955660     1.120970     1.120970     1.531780     2.385900     2.628190     2.675960
     0.780000     0.538600     0.927370     0.948690     1.109030     1.109030     1.484230     2.409030     2.640630     2.703380
     0.800000     0.573750     0.922240     0.942330     1.098070     1.098070     1.436960     2.433190     2.652860     2.730350
     0.820000     0.609540     0.917690     0.936580     1.088110     1.088110     1.390060     2.458260     2.664750     2.756650
     0.840000     0.645930     0.913690     0.931450     1.079160     1.079160     1.343640     2.484100     2.676130     2.782040
     0.860000     0.682830     0.910230     0.926930     1.071240     1.071240     1.297810     2.510530     2.686860     2.806210
     0.880000     0.720130     0.907300     0.923020     1.064350     1.064350     1.252710     2.537260     2.696740     2.828790
     0.900000     0.757630     0.904890     0.919710     1.058510     1.058510     1.208540     2.563890     2.705570     2.849330
     0.920000     0.794940     0.903020     0.917000     1.053720     1.053720     1.165660     2.589760     2.713170     2.867320
     0.940000     0.831290     0.901800     0.914900     1.049980     1.049980     1.124760     2.613780     2.719320     2.882190
     0.960000     0.864610     0.901700     0.913400     1.047310     1.047310     1.087410     2.634200     2.723870     2.893370
     0.980000     0.887860     0.905680     0.912500     1.045710     1.045710     1.057700     2.648440     2.726650     2.900320
     1.000000     0.893050     0.912200     0.912200     1.045170     1.045170     1.045170     2.653640     2.727590     2.902680
     1.000000     0.893050     0.912200     0.912200     1.045170     1.045170     1.045170     2.653640     2.727590     2.902680
     1.014142     0.891190     0.908870     0.911290     1.045440     1.048470     1.048790     2.651000     2.727120     2.901500
     1.028284     0.885170     0.899790     0.909730     1.046240     1.057680     1.058740     2.643320     2.725650     2.898100
     1.042426     0.875020     0.886790     0.908940     1.047580     1.071320     1.073190     2.631280     2.723070     2.892830
     1.056569     0.861990     0.871460     0.909030     1.049450     1.088030     1.090550     2.615700     2.719160     2.886240
     1.070711     0.847310     0.854800     0.909730     1.051850     1.106850     1.109810     2.597370     2.713670     2.878980
     1.084853     0.831750     0.837430     0.910880     1.054770     1.127160     1.130360     2.576960     2.706300     2.871740
     1.098995     0.815780     0.819700     0.912380     1.058220     1.148570     1.151860     2.555000     2.696790     2.865150
     1.113137     0.799670     0.801820     0.914200     1.062200     1.170840     1.174080     2.531890     2.685010     2.859690
     1.127279     0.783590     0.783950     0.916320     1.066690     1.193800     1.196890     2.507960     2.670930     2.855630
     1.141421     0.766170     0.767670     0.918710     1.071690     1.217320     1.220180     2.483460     2.654700     2.853080
     1.155563     0.748540     0.751980     0.921380     1.077200     1.241320     1.243910     2.458580     2.636570     2.851990
     1.169706     0.731120     0.736580     0.924310     1.083210     1.265720     1.268010     2.433500     2.616820     2.852240
     1.183848     0.713940     0.721490     0.927510     1.089710     1.290450     1.292460     2.408350     2.595740     2.853660
     1.197990     0.697020     0.706760     0.930970     1.096710     1.315440     1.317240     2.383270     2.573580     2.856110
     1.212132     0.680400     0.692400     0.934690     1.104180     1.340630     1.342310     2.358390     2.550560     2.859450
     1.226274     0.664080     0.678440     0.938670     1.112130     1.365970     1.367660     2.333800     2.526880     2.863570
     1.240416     0.648090     0.664870     0.942910     1.120550     1.391360     1.393280     2.309630     2.502670     2.868370
     1.254558     0.632440     0.651710     0.947400     1.129420     1.416730     1.419150     2.286000     2.478070     2.873790
     1.268701     0.617130     0.638960     0.952140     1.138740     1.441980     1.445260     2.263040     2.453170     2.879750
     1.282843     0.602190     0.626640     0.957130     1.148500     1.466990     1.471590     2.240880     2.428060     2.886210
     1.296985     0.587620     0.614740     0.962360     1.158680     1.491640     1.498150     2.219700     2.402820     2.893120
     1.311127     0.573430     0.603260     0.967830     1.169290     1.515750     1.524910     2.199670     2.377490     2.900430
     1.325269     0.559640     0.592210     0.973540     1.180290     1.539120     1.551850     2.181030     2.352130     2.908100
     1.339411     0.546240     0.581590     0.979470     1.191690     1.561520     1.578980     2.164010     2.326780     2.916110
     1.353553     0.533260     0.571400     0.985630     1.203470     1.582670     1.606270     2.148930     2.301490     2.924420
     1.367696     0.520700     0.561640     0.992000     1.215620     1.602230     1.633710     2.136120     2.276290     2.932980
     1.381838     0.508570     0.552300     0.998580     1.228110     1.619850     1.661290     2.125960     2.251210     2.941780
     1.395980     0.496870     0.543380     1.005340     1.240940     1.635150     1.688970     2.118840     2.226280     2.950760
     1.410122     0.485620     0.534890     1.012290     1.254090     1.647760     1.716740     2.115140     2.201540     2.959900
     1.424264     0.474830     0.526810     1.019390     1.267530     1.657420     1.744580     2.115150     2.177020     2.969160
     1.438406     0.464500     0.519160     1.026640     1.281240     1.663950     1.772460     2.119050     2.152730     2.978490
     1.452548     0.454640     0.511920     1.034010     1.295200     1.667370     1.800330     2.126830     2.128730     2.987850
     1.466690     0.445260     0.505090     1.041480     1.309380     1.667840     1.828160     2.105030     2.138340     2.997190
     1.480833     0.436360     0.498670     1.049010     1.323750     1.665700     1.855910     2.081680     2.153270     2.994930
     1.494975     0.427960     0.492660     1.056580     1.338260     1.661340     1.883510     2.058710     2.171230     2.992090
     1.509117     0.420060     0.487050     1.064140     1.352880     1.655210     1.910890     2.036190     2.191780     2.988440
     1.523259     0.412680     0.481840     1.071660     1.367550     1.647740     1.937980     2.014150     2.214520     2.983400
     1.537401     0.405800     0.477030     1.079070     1.382210     1.639330     1.964680     1.992670     2.239020     2.969780
     1.551543     0.399460     0.472620     1.086330     1.396780     1.630360     1.971820     1.990850     2.264950     2.943150
     1.565685     0.393640     0.468600     1.093370     1.411170     1.621130     1.951690     2.016350     2.291980     2.916560
     1.579828     0.388350     0.464970     1.100120     1.425260     1.611930     1.932410     2.041000     2.319800     2.890460
     1.593970     0.383610     0.461730     1.106500     1.438910     1.603000     1.914120     2.064580     2.348120     2.865250
     1.608112     0.379410     0.458880     1.112430     1.451950     1.594570     1.896980     2.086820     2.376630     2.841360
     1.622254     0.375760     0.456410     1.117820     1.464170     1.586820     1.881210     2.107390     2.404970     2.819190
     1.636396     0.372670     0.454320     1.122580     1.475320     1.579950     1.867050     2.125930     2.432680     2.799210
     1.650538     0.370140     0.452610     1.126620     1.485110     1.574090     1.854810     2.142010     2.459070     2.781890
     1.664680     0.368160     0.451290     1.129860     1.493210     1.569390     1.844800     2.155170     2.483130     2.767720
     1.678823     0.366750     0.450340     1.132230     1.499300     1.565950     1.837340     2.164970     2.503250     2.755390
     1.692965     0.365900     0.449780     1.133680     1.503090     1.563850     1.832730     2.171030     2.517110     2.741750
     1.707107     0.365620     0.449590     1.134170     1.504370     1.563150     1.831170     2.173080     2.522140     2.736800
     1.707107     0.365620     0.449590     1.134170     1.504370     1.563150     1.831170     2.173080     2.522140     2.736800
     1.721249     0.360340     0.455260     1.134410     1.504660     1.563250     1.831280     2.173100     2.520110     2.736790
     1.735391     0.347380     0.469380     1.135130     1.505520     1.563580     1.831630     2.173140     2.514270     2.736750
     1.749533     0.330820     0.487880     1.136340     1.506950     1.564120     1.832200     2.173200     2.505210     2.736670
     1.763675     0.312790     0.508630     1.138020     1.508950     1.564890     1.833000     2.173280     2.493640     2.736530
     1.777817     0.294210     0.530700     1.140190     1.511520     1.565880     1.834030     2.173390     2.480230     2.736260
     1.791960     0.275510     0.553660     1.142830     1.514660     1.567090     1.835300     2.173510     2.465550     2.735830
     1.806102     0.256900     0.577300     1.145950     1.518350     1.568540     1.836790     2.173630     2.449990     2.735180
     1.820244     0.238500     0.601490     1.149550     1.522600     1.570220     1.838510     2.173760     2.433880     2.734210
     1.834386     0.220380     0.626160     1.153610     1.527410     1.572140     1.840450     2.173880     2.417430     2.732830
     1.848528     0.202580     0.651260     1.158150     1.532760     1.574320     1.842630     2.173990     2.400810     2.730960
     1.862670     0.185140     0.676750     1.163150     1.538650     1.576750     1.845030     2.174070     2.384140     2.728460
     1.876812     0.168080     0.702600     1.168610     1.545080     1.579440     1.847670     2.174120     2.367510     2.725220
     1.890955     0.151410     0.728790     1.174520     1.552030     1.582410     1.850530     2.174120     2.351010     2.721110
     1.905097     0.135140     0.755290     1.180890     1.559500     1.585670     1.853610     2.174060     2.334680     2.716020
     1.919239     0.119290     0.782090     1.187710     1.567480     1.589220     1.856920     2.173930     2.318570     2.709840
     1.933381     0.103870     0.809160     1.194970     1.575960     1.593070     1.860460     2.173710     2.302720     2.702490
     1.947523     0.088870     0.836490     1.202660     1.584930     1.597240     1.864220     2.173380     2.287150     2.687600
     1.961665     0.074300     0.864050     1.210790     1.594380     1.601750     1.868200     2.172940     2.271900     2.660260
     1.975807     0.060180     0.891830     1.219330     1.604290     1.606600     1.872400     2.172350     2.256980     2.632790
     1.989949     0.046500     0.919790     1.228290     1.611810     1.614660     1.876820     2.171590     2.242410     2.605240
     2.004092     0.033260     0.947910     1.237650     1.617400     1.625480     1.881460     2.170650     2.228210     2.577670
     2.018234     0.020470     0.976170     1.247400     1.623380     1.636710     1.886310     2.169490     2.214380     2.550120
     2.032376     0.008130     1.004530     1.257540     1.629780     1.648360     1.891360     2.168100     2.200950     2.522660
     2.046518    -0.003760     1.032960     1.268060     1.636620     1.660410     1.896620     2.166440     2.187920     2.495310
     2.060660    -0.015200     1.061420     1.278930     1.643910     1.672830     1.902080     2.164480     2.175290     2.468120
     2.074802    -0.026180     1.089860     1.290140     1.651700     1.685610     1.907730     2.162180     2.163090     2.441130
     2.088944    -0.036710     1.118240     1.301690     1.659990     1.698720     1.913570     2.151300     2.159530     2.414380
     2.103087    -0.046780     1.146490     1.313550     1.668830     1.712150     1.919580     2.139940     2.156480     2.387910
     2.117229    -0.056390     1.174570     1.325690     1.678240     1.725870     1.925760     2.129000     2.153000     2.361760
     2.131371    -0.065550     1.202400     1.338110     1.688260     1.739840     1.932090     2.118490     2.149070     2.335980
     2.145513    -0.074260     1.229890     1.350770     1.698920     1.754050     1.938570     2.108400     2.144650     2.310600
     2.159655    -0.082500     1.256970     1.363640     1.710280     1.768460     1.945160     2.098740     2.139740     2.285680
     2.173797    -0.090300     1.283540     1.376680     1.722350     1.783020     1.951870     2.089480     2.134320     2.261280
     2.187939    -0.097640     1.309500     1.389870     1.735190     1.797700     1.958650     2.080620     2.128420     2.237470
     2.202082    -0.104530     1.334720     1.403150     1.748820     1.812450     1.965490     2.072140     2.122040     2.214310
     2.216224    -0.110960     1.359100     1.416470     1.763270     1.827200     1.972350     2.064000     2.115240     2.191910
     2.230366    -0.116950     1.382510     1.429780     1.778550     1.841900     1.979200     2.056160     2.108070     2.170390
     2.244508    -0.122480     1.404820     1.442980     1.794650     1.856460     1.986000     2.048560     2.100630     2.149880
     2.258650    -0.127570     1.425900     1.456010     1.811530     1.870800     1.992690     2.041100     2.093020     2.130570
     2.272792    -0.132200     1.445630     1.468760     1.829110     1.884810     1.999220     2.033660     2.085350     2.112690
     2.286934    -0.136400     1.463890     1.481110     1.847270     1.898370     2.005520     2.026110     2.077760     2.096510
     2.301076    -0.140140     1.480570     1.492930     1.865810     1.911340     2.011520     2.018300     2.070410     2.082300
     2.315219    -0.143450     1.495560     1.504060     1.884450     1.923550     2.010170     2.017140     2.063460     2.070300
     2.329361    -0.146310     1.508780     1.514320     1.902800     1.934810     2.001830     2.022280     2.057070     2.060560
     2.343503    -0.148730     1.520130     1.523510     1.920360     1.944910     1.993610     2.026860     2.051400     2.052960
     2.357645    -0.150700     1.529540     1.531430     1.936480     1.953620     1.985990     2.030780     2.046620     2.047240
     2.371787    -0.152240     1.536940     1.537880     1.950350     1.960710     1.979470     2.033940     2.042860     2.043100
     2.385929    -0.153340     1.542270     1.542640     1.961110     1.965960     1.974480     2.036270     2.040210     2.040310
     2.400071    -0.154000     1.545490     1.545570     1.967950     1.969200     1.971360     2.037690     2.038670     2.038700
     2.414214    -0.154220     1.546560     1.546560     1.970290     1.970290     1.970290     2.038170     2.038170     2.038170
     2.414214    -0.154220     1.546560     1.546560     1.970290     1.970290     1.970290     2.038170     2.038170     2.038170
     2.431534    -0.153890     1.545010     1.545010     1.965720     1.970810     1.970810     2.038420     2.038420     2.038470
     2.448855    -0.152900     1.540420     1.540420     1.952650     1.972360     1.972360     2.039190     2.039190     2.039370
     2.466175    -0.151250     1.532920     1.532920     1.932620     1.974890     1.974890     2.040470     2.040470     2.040860
     2.483496    -0.148950     1.522720     1.522720     1.907390     1.978330     1.978330     2.042290     2.042290     2.042960
     2.500816    -0.145980     1.510090     1.510090     1.878510     1.982610     1.982610     2.044650     2.044650     2.045650
     2.518137    -0.142350     1.495320     1.495320     1.847150     1.987620     1.987620     2.047600     2.047600     2.048950
     2.535457    -0.138060     1.478680     1.478680     1.814120     1.993260     1.993260     2.051180     2.051180     2.052840
     2.552778    -0.133100     1.460460     1.460460     1.780030     1.999440     1.999440     2.055460     2.055460     2.057330
     2.570098    -0.127470     1.440920     1.440920     1.745290     2.006020     2.006020     2.060530     2.060530     2.062420
     2.587419    -0.121180     1.420300     1.420300     1.710190     2.012880     2.012880     2.066490     2.066490     2.068100
     2.604739    -0.114210     1.398780     1.398780     1.674950     2.019910     2.019910     2.073460     2.073460     2.074380
     2.622060    -0.106570     1.376560     1.376560     1.639740     2.026970     2.026970     2.081260     2.081540     2.081540
     2.639380    -0.098260     1.353790     1.353790     1.604680     2.034010     2.034010     2.088740     2.090790     2.090790
     2.656701    -0.089270     1.330610     1.330610     1.569870     2.040970     2.040970     2.096810     2.101270     2.101270
     2.674021    -0.079600     1.307130     1.307130     1.535380     2.047870     2.047870     2.105480     2.112940     2.112940
     2.691342    -0.069250     1.283450     1.283450     1.501280     2.054720     2.054720     2.114740     2.125790     2.125790
     2.708662    -0.058220     1.259650     1.259650     1.467620     2.061600     2.061600     2.124600     2.139750     2.139750
     2.725983    -0.046510     1.235810     1.235810     1.434450     2.068540     2.068540     2.135050     2.154770     2.154770
     2.743303    -0.034120     1.212000     1.212000     1.401790     2.075590     2.075590     2.146090     2.170780     2.170780
     2.760624    -0.021040     1.188270     1.188270     1.369690     2.082810     2.082810     2.157730     2.187740     2.187740
     2.777944    -0.007290     1.164660     1.164660     1.338170     2.090230     2.090230     2.169960     2.205600     2.205600
     2.795265     0.007140     1.141220     1.141220     1.307260     2.097860     2.097860     2.182780     2.224320     2.224320
     2.812585     0.022250     1.117990     1.117990     1.276980     2.105750     2.105750     2.196190     2.243870     2.243870
     2.829906     0.038030     1.095010     1.095010     1.247340     2.113900     2.113900     2.210190     2.264210     2.264210
     2.847226     0.054490     1.072290     1.072290     1.218370     2.122330     2.122330     2.224770     2.285320     2.285320
     2.864547     0.071610     1.049870     1.049870     1.190070     2.131040     2.131040     2.239950     2.307170     2.307170
     2.881867     0.089400     1.027770     1.027770     1.162470     2.140050     2.140050     2.255710     2.307580     2.329740
     2.899188     0.107840     1.006020     1.006020     1.135580     2.149350     2.149350     2.272050     2.306700     2.352990
     2.916508     0.126940     0.984630     0.984630     1.109400     2.158950     2.158950     2.288980     2.306130     2.376900
     2.933829     0.146680     0.963610     0.963610     1.083940     2.168850     2.168850     2.305880     2.306480     2.401460
     2.951149     0.167060     0.943000     0.943000     1.059220     2.179030     2.179030     2.305980     2.324570     2.426630
     2.968470     0.188080     0.922800     0.922800     1.035230     2.189500     2.189500     2.306410     2.343230     2.452390
     2.985790     0.209720     0.903040     0.903040     1.012000     2.200230     2.200230     2.307180     2.362470     2.478710
     3.003111     0.231970     0.883710     0.883710     0.989510     2.211220     2.211220     2.308300     2.382280     2.505580
     3.020431     0.254830     0.864840     0.864840     0.967790     2.222430     2.222430     2.309740     2.402660     2.532950
     3.037752     0.278280     0.846440     0.846440     0.946820     2.233840     2.233840     2.311510     2.423600     2.560800
     3.055072     0.302300     0.828530     0.828530     0.926620     2.245420     2.245420     2.313600     2.445120     2.589100
     3.072393     0.326900     0.811110     0.811110     0.907200     2.257120     2.257120     2.315980     2.467190     2.617800
     3.089713     0.352030     0.794190     0.794190     0.888550     2.268880     2.268880     2.318640     2.489820     2.646860
     3.107034     0.377700     0.777800     0.777800     0.870690     2.280620     2.280620     2.321560     2.513000     2.676230
     3.124354     0.403870     0.761930     0.761930     0.853620     2.292260     2.292260     2.324710     2.536740     2.705810
     3.141675     0.430510     0.746610     0.746610     0.837370     2.303680     2.303680     2.328070     2.561020     2.735480
     3.158995     0.457580     0.731840     0.731840     0.821960     2.314730     2.314730     2.331610     2.585830     2.764960
     3.176316     0.485020     0.717630     0.717630     0.807430     2.325230     2.325230     2.335300     2.611180     2.793580
     3.193636     0.512750     0.703990     0.703990     0.793850     2.334920     2.334920     2.339110     2.637060     2.818950
     3.210957     0.540630     0.690940     0.690940     0.781330     2.342990     2.343520     2.343520     2.663460     2.831410
     3.228277     0.568440     0.678480     0.678480     0.770090     2.346910     2.350660     2.350660     2.690360     2.822870
     3.245598     0.595770     0.666630     0.666630     0.760500     2.350830     2.355880     2.355880     2.717770     2.806520
     3.262918     0.621780     0.655390     0.655390     0.753390     2.354700     2.358670     2.358670     2.745680     2.789530
     3.280239     0.644780     0.644780     0.644780     0.750420     2.358480     2.358480     2.358480     2.774060     2.774060
     3.280239     0.644780     0.644780     0.644780     0.750420     2.358480     2.358480     2.358480     2.774060     2.774060
     3.290239     0.634550     0.643870     0.655150     0.751590     2.356230     2.358110     2.359900     2.760260     2.774020
     3.300239     0.624470     0.641240     0.665650     0.754980     2.353280     2.357000     2.360380     2.747560     2.773920
     3.310239     0.614540     0.637190     0.676290     0.760310     2.349720     2.355140     2.359800     2.736060     2.773750
     3.320239     0.604770     0.632050     0.687060     0.767230     2.345660     2.352500     2.358040     2.725860     2.773520
     3.330239     0.595140     0.626160     0.697960     0.775410     2.341170     2.349070     2.355020     2.717030     2.773220
     3.340239     0.585680     0.619770     0.708970     0.784600     2.336350     2.344820     2.350670     2.709620     2.772860
     3.350239     0.576380     0.613060     0.720110     0.794610     2.331250     2.339720     2.344950     2.703620     2.772450
     3.360239     0.567240     0.606180     0.731350     0.805290     2.325940     2.333720     2.337880     2.698990     2.771970
     3.370239     0.558270     0.599230     0.742700     0.816550     2.320460     2.326790     2.329470     2.695630     2.771450
     3.380239     0.549470     0.592280     0.754160     0.828310     2.314860     2.318910     2.319810     2.693380     2.770880
     3.390239     0.540850     0.585370     0.765710     0.840520     2.309000     2.309180     2.310050     2.692040     2.770270
     3.400239     0.532400     0.578550     0.777350     0.853140     2.297140     2.300180     2.303440     2.691320     2.769610
     3.410239     0.524140     0.571850     0.789070     0.866140     2.284360     2.289310     2.297690     2.690880     2.768930
     3.420239     0.516050     0.565290     0.800870     0.879490     2.270770     2.277420     2.291930     2.690340     2.768210
     3.430239     0.508150     0.558870     0.812730     0.893180     2.256500     2.264540     2.286200     2.689250     2.767460
     3.440239     0.500440     0.552620     0.824660     0.907190     2.241650     2.250680     2.280520     2.687200     2.758950
     3.450239     0.492920     0.546540     0.836640     0.921500     2.226330     2.235890     2.274900     2.683930     2.750990
     3.460239     0.485590     0.540630     0.848670     0.936120     2.210630     2.220210     2.269350     2.679370     2.743990
     3.470239     0.478450     0.534910     0.860730     0.951030     2.194630     2.203690     2.263900     2.673660     2.737900
     3.480239     0.471510     0.529380     0.872810     0.966230     2.178400     2.186380     2.258540     2.667050     2.732670
     3.490239     0.464780     0.524030     0.884900     0.981700     2.162020     2.168360     2.253290     2.659810     2.728250
     3.500239     0.458240     0.518870     0.896990     0.997440     2.145540     2.149680     2.248170     2.652180     2.724590
     3.510239     0.451920     0.513900     0.909070     1.013450     2.129020     2.130400     2.243180     2.644340     2.721620
     3.520239     0.445790     0.509130     0.921120     1.029730     2.110590     2.112510     2.238320     2.636440     2.719280
     3.530239     0.439880     0.504540     0.933130     1.046260     2.090310     2.096050     2.233600     2.628570     2.717530
     3.540239     0.434180     0.500150     0.945070     1.063040     2.069610     2.079700     2.229030     2.620810     2.716300
     3.550239     0.428700     0.495950     0.956930     1.080070     2.048540     2.063490     2.224620     2.613220     2.715540
     3.560239     0.423430     0.491930     0.968700     1.097350     2.027150     2.047470     2.220370     2.605830     2.715200
     3.570239     0.418370     0.488110     0.980340     1.114870     2.005480     2.031670     2.216280     2.598680     2.715220
     3.580239     0.413540     0.484470     0.991830     1.132620     1.983590     2.016130     2.212360     2.591790     2.715570
     3.590239     0.408930     0.481020     1.003150     1.150610     1.961500     2.000910     2.208610     2.585170     2.716200
     3.600239     0.404550     0.477760     1.014260     1.168820     1.939250     1.986030     2.205030     2.578850     2.717070
     3.610239     0.400390     0.474680     1.025150     1.187250     1.916870     1.971540     2.201640     2.572840     2.718140
     3.620239     0.396460     0.471780     1.035760     1.205900     1.894400     1.957480     2.198420     2.567130     2.719370
     3.630239     0.392750     0.469070     1.046080     1.224760     1.871860     1.943890     2.195390     2.561750     2.720720
     3.640239     0.389280     0.466540     1.056050     1.243830     1.849270     1.930830     2.192550     2.556700     2.722160
     3.650239     0.386040     0.464180     1.065640     1.263100     1.826660     1.918350     2.189890     2.551980     2.723670
     3.660239     0.383040     0.462010     1.074800     1.282550     1.804050     1.906480     2.187420     2.547590     2.725200
     3.670239     0.380270     0.460020     1.083480     1.302190     1.781470     1.895290     2.185150     2.543550     2.726730
     3.680239     0.377740     0.458200     1.091650     1.322000     1.758940     1.884820     2.183060     2.539850     2.728230
     3.690239     0.375440     0.456560     1.099240     1.341970     1.736480     1.875130     2.181170     2.536500     2.729670
     3.700239     0.373390     0.455090     1.106210     1.362070     1.714120     1.866280     2.179480     2.533490     2.731030
     3.710239     0.371570     0.453800     1.112510     1.382290     1.691900     1.858310     2.177990     2.530840     2.732290
     3.720239     0.369990     0.452680     1.118090     1.402570     1.669860     1.851280     2.176690     2.528530     2.733430
     3.730239     0.368660     0.451730     1.122900     1.422850     1.648090     1.845240     2.175590     2.526580     2.734420
     3.740239     0.367560     0.450960     1.126900     1.443010     1.626700     1.840230     2.174690     2.524980     2.735260
     3.750239     0.366710     0.450360     1.130060     1.462780     1.605980     1.836290     2.173980     2.523740     2.735930
     3.760239     0.366100     0.449930     1.132330     1.481510     1.586560     1.833450     2.173480     2.522850     2.736410
     3.770239     0.365740     0.449670     1.133710     1.497260     1.570400     1.831740     2.173180     2.522310     2.736700
     3.780239     0.365620     0.449590     1.134170     1.504370     1.563150     1.831170     2.173080     2.522140     2.736800
     3.780239     0.365620     0.449590     1.134170     1.504370     1.563150     1.831170     2.173080     2.522140     2.736800
     3.790239     0.365740     0.449670     1.133710     1.497260     1.570400     1.831740     2.173180     2.522310     2.736700
     3.800239     0.366100     0.449930     1.132330     1.481510     1.586560     1.833450     2.173480     2.522850     2.736410
     3.810239     0.366710     0.450360     1.130060     1.462780     1.605980     1.836290     2.173980     2.523740     2.735930
     3.820239     0.367560     0.450960     1.126900     1.443010     1.626700     1.840230     2.174690     2.524980     2.735260
     3.830239     0.368660     0.451730     1.122900     1.422850     1.648090     1.845240     2.175590     2.526580     2.734420
     3.840239     0.369990     0.452680     1.118090     1.402570     1.669860     1.851280     2.176690     2.528530     2.733430
     3.850239     0.371570     0.453800     1.112510     1.382290     1.691900     1.858310     2.177990     2.530840     2.732290
     3.860239     0.373390     0.455090     1.106210     1.362070     1.714120     1.866280     2.179480     2.533490     2.731030
     3.870239     0.375440     0.456560     1.099240     1.341970     1.736480     1.875130     2.181170     2.536500     2.729670
     3.880239     0.377740     0.458200     1.091650     1.322000     1.758940     1.884820     2.183060     2.539850     2.728230
     3.890239     0.380270     0.460020     1.083480     1.302190     1.781470     1.895290     2.185150     2.543550     2.726730
     3.900239     0.383040     0.462010     1.074800     1.282550     1.804050     1.906480     2.187420     2.547590     2.725200
     3.910239     0.386040     0.464180     1.065640     1.263100     1.826660     1.918350     2.189890     2.551980     2.723670
     3.920239     0.389280     0.466540     1.056050     1.243830     1.849270     1.930830     2.192550     2.556700     2.722160
     3.930239     0.392750     0.469070     1.046080     1.224760     1.871860     1.943890     2.195390     2.561750     2.720720
     3.940239     0.396460     0.471780     1.035760     1.205900     1.894400     1.957480     2.198420     2.567130     2.719370
     3.950239     0.400390     0.474680     1.025150     1.187250     1.916870     1.971540     2.201640     2.572840     2.718140
     3.960239     0.404550     0.477760     1.014260     1.168820     1.939250     1.986030     2.205030     2.578850     2.717070
     3.970239     0.408930     0.481020     1.003150     1.150610     1.961500     2.000910     2.208610     2.585170     2.716200
     3.980239     0.413540     0.484470     0.991830     1.132620     1.983590     2.016130     2.212360     2.591790     2.715570
     3.990239     0.418370     0.488110     0.980340     1.114870     2.005480     2.031670     2.216280     2.598680     2.715220
     4.000239     0.423430     0.491930     0.968700     1.097350     2.027150     2.047470     2.220370     2.605830     2.715200
     4.010239     0.428700     0.495950     0.956930     1.080070     2.048540     2.063490     2.224620     2.613220     2.715540
     4.020239     0.434180     0.500150     0.945070     1.063040     2.069610     2.079700     2.229030     2.620810     2.716300
     4.030239     0.439880     0.504540     0.933130     1.046260     2.090310     2.096050     2.233600     2.628570     2.717530
     4.040239     0.445790     0.509130     0.921120     1.029730     2.110590     2.112510     2.238320     2.636440     2.719280
     4.050239     0.451920     0.513900     0.909070     1.013450     2.129020     2.130400     2.243180     2.644340     2.721620
     4.060239     0.458240     0.518870     0.896990     0.997440     2.145540     2.149680     2.248170     2.652180     2.724590
     4.070239     0.464780     0.524030     0.884900     0.981700     2.162020     2.168360     2.253290     2.659810     2.728250
     4.080239     0.471510     0.529380     0.872810     0.966230     2.178400     2.186380     2.258540     2.667050     2.732670
     4.090239     0.478450     0.534910     0.860730     0.951030     2.194630     2.203690     2.263900     2.673660     2.737900
     4.100239     0.485590     0.540630     0.848670     0.936120     2.210630     2.220210     2.269350     2.679370     2.743990
     4.110239     0.492920     0.546540     0.836640     0.921500     2.226330     2.235890     2.274900     2.683930     2.750990
     4.120239     0.500440     0.552620     0.824660     0.907190     2.241650     2.250680     2.280520     2.687200     2.758950
     4.130239     0.508150     0.558870     0.812730     0.893180     2.256500     2.264540     2.286200     2.689250     2.767460
     4.140239     0.516050     0.565290     0.800870     0.879490     2.270770     2.277420     2.291930     2.690340     2.768210
     4.150239     0.524140     0.571850     0.789070     0.866140     2.284360     2.289310     2.297690     2.690880     2.768930
     4.160239     0.532400     0.578550     0.777350     0.853140     2.297140     2.300180     2.303440     2.691320     2.769610
     4.170239     0.540850     0.585370     0.765710     0.840520     2.309000     2.309180     2.310050     2.692040     2.770270
     4.180239     0.549470     0.592280     0.754160     0.828310     2.314860     2.318910     2.319810     2.693380     2.770880
     4.190239     0.558270     0.599230     0.742700     0.816550     2.320460     2.326790     2.329470     2.695630     2.771450
     4.200239     0.567240     0.606180     0.731350     0.805290     2.325940     2.333720     2.337880     2.698990     2.771970
     4.210239     0.576380     0.613060     0.720110     0.794610     2.331250     2.339720     2.344950     2.703620     2.772450
     4.220239     0.585680     0.619770     0.708970     0.784600     2.336350     2.344820     2.350670     2.709620     2.772860
     4.230239     0.595140     0.626160     0.697960     0.775410     2.341170     2.349070     2.355020     2.717030     2.773220
     4.240239     0.604770     0.632050     0.687060     0.767230     2.345660     2.352500     2.358040     2.725860     2.773520
     4.250239     0.614540     0.637190     0.676290     0.760310     2.349720     2.355140     2.359800     2.736060     2.773750
     4.260239     0.624470     0.641240     0.665650     0.754980     2.353280     2.357000     2.360380     2.747560     2.773920
     4.270239     0.634550     0.643870     0.655150     0.751590     2.356230     2.358110     2.359900     2.760260     2.774020
     4.280239     0.644780     0.644780     0.644780     0.750420     2.358480     2.358480     2.358480     2.774060     2.774060
     4.280239     0.644780     0.644780     0.644780     0.750420     2.358480     2.358480     2.358480     2.774060     2.774060
     4.297559     0.634800     0.634800     0.661800     0.754550     2.354800     2.354800     2.362100     2.761180     2.761180
     4.314880     0.625470     0.625470     0.670330     0.768250     2.347250     2.347250     2.365490     2.751550     2.751550
     4.332200     0.616790     0.616790     0.671650     0.790220     2.335640     2.335640     2.368570     2.745460     2.745460
     4.349521     0.608760     0.608760     0.669010     0.817180     2.320050     2.320050     2.371240     2.742900     2.742900
     4.366842     0.601410     0.601410     0.664650     0.846870     2.300790     2.300790     2.373340     2.743540     2.743540
     4.384162     0.594740     0.594740     0.659670     0.878150     2.278320     2.278320     2.374680     2.746870     2.746870
     4.401483     0.588750     0.588750     0.654590     0.910450     2.253160     2.253160     2.374980     2.714350     2.752220
     4.418803     0.583450     0.583450     0.649700     0.943470     2.225800     2.225800     2.373850     2.677430     2.758900
     4.436124     0.578840     0.578840     0.645140     0.977010     2.196710     2.196710     2.370740     2.642650     2.766180
     4.453444     0.574940     0.574940     0.640980     1.010940     2.166260     2.166260     2.364930     2.610880     2.773440
     4.470765     0.571740     0.571740     0.637300     1.045140     2.134770     2.134770     2.355550     2.583090     2.780120
     4.488085     0.569250     0.569250     0.634100     1.079530     2.102510     2.102510     2.341820     2.560200     2.785870
     4.505406     0.567470     0.567470     0.631430     1.114000     2.069680     2.069680     2.323390     2.542690     2.790520
     4.522726     0.566410     0.566410     0.629290     1.148430     2.036440     2.036440     2.300590     2.530390     2.794120
     4.540047     0.566060     0.566060     0.627690     1.182710     2.002930     2.002930     2.274330     2.522520     2.796830
     4.557367     0.566420     0.566420     0.626640     1.216680     1.969270     1.969270     2.245760     2.518130     2.798880
     4.574688     0.567500     0.567500     0.626150     1.250150     1.935540     1.935540     2.215960     2.516330     2.800500
     4.592008     0.569300     0.569300     0.626210     1.282910     1.901820     1.901820     2.185890     2.516440     2.801890
     4.609329     0.571800     0.571800     0.626850     1.314650     1.868160     1.868160     2.156340     2.517970     2.803190
     4.626649     0.575020     0.575020     0.628050     1.345030     1.834630     1.834630     2.128030     2.520580     2.804540
     4.643970     0.578930     0.578930     0.629820     1.373580     1.801270     1.801270     2.101660     2.524050     2.806030
     4.661290     0.583550     0.583550     0.632180     1.399760     1.768110     1.768110     2.077980     2.528210     2.807710
     4.678611     0.588850     0.588850     0.635110     1.422890     1.735180     1.735180     2.057780     2.532940     2.809640
     4.695931     0.594850     0.594850     0.638620     1.442230     1.702520     1.702520     2.041890     2.538170     2.811850
     4.713252     0.601530     0.601530     0.642730     1.457020     1.670150     1.670150     2.031140     2.543840     2.814340
     4.730572     0.608870     0.608870     0.647430     1.466600     1.638090     1.638090     2.026230     2.549910     2.817130
     4.747893     0.616890     0.616890     0.652720     1.470570     1.606360     1.606360     2.027600     2.556340     2.820220
     4.765213     0.625550     0.625550     0.658610     1.468910     1.574980     1.574980     2.035290     2.563120     2.823600
     4.782534     0.634870     0.634870     0.665110     1.461950     1.543960     1.543960     2.048980     2.570220     2.827250
     4.799854     0.644810     0.644810     0.672210     1.450350     1.513330     1.513330     2.068010     2.577620     2.831160
     4.817175     0.655380     0.655380     0.679920     1.434890     1.483090     1.483090     2.091590     2.585330     2.835300
     4.834495     0.666560     0.666560     0.688250     1.416370     1.453250     1.453250     2.118910     2.593310     2.839650
     4.851816     0.678340     0.678340     0.697180     1.395510     1.423840     1.423840     2.149220     2.601560     2.844160
     4.869136     0.690700     0.690700     0.706730     1.372920     1.394870     1.394870     2.181860     2.610060     2.848820
     4.886457     0.703630     0.703630     0.716880     1.349120     1.366350     1.366350     2.216280     2.618800     2.853570
     4.903777     0.717110     0.717110     0.727630     1.324510     1.338300     1.338300     2.252010     2.627740     2.858370
     4.921098     0.731120     0.731120     0.738980     1.299410     1.310740     1.310740     2.288640     2.636870     2.863180
     4.938418     0.745630     0.745630     0.750900     1.274110     1.283700     1.283700     2.325820     2.646150     2.867940
     4.955739     0.760620     0.760620     0.763370     1.248820     1.257190     1.257190     2.363190     2.655520     2.872620
     4.973059     0.776040     0.776040     0.776360     1.223740     1.231250     1.231250     2.400410     2.664940     2.877140
     4.990380     0.789830     0.791850     0.791850     1.199050     1.205940     1.205940     2.437140     2.674320     2.881460
     5.007700     0.803690     0.807980     0.807980     1.174910     1.181320     1.181320     2.472990     2.683540     2.885520
     5.025021     0.817850     0.824330     0.824330     1.151520     1.157470     1.157470     2.507510     2.692470     2.889270
     5.042341     0.832140     0.840760     0.840760     1.129110     1.134550     1.134550     2.540210     2.700910     2.892640
     5.059662     0.846330     0.857060     0.857060     1.107970     1.112770     1.112770     2.570450     2.708640     2.895600
     5.076982     0.860020     0.872860     0.872860     1.088530     1.092490     1.092490     2.597510     2.715360     2.898090
     5.094303     0.872620     0.887550     0.887550     1.071430     1.074310     1.074310     2.620470     2.720770     2.900070
     5.111623     0.883180     0.900110     0.900110     1.057640     1.059260     1.059260     2.638270     2.724640     2.901510
     5.128944     0.890430     0.908950     0.908950     1.048440     1.048930     1.048930     2.649680     2.726870     2.902390
     5.146264     0.893050     0.912200     0.912200     1.045170     1.045170     1.045170     2.653640     2.727590     2.902680
