  -1.0656814570787821E-018   1.8893505439879355E-020  -5.2893091668684126E-019   9.9999999999999995E-021
  -4.9094598320477770E-019  -6.0307465943590701E-019  -5.5344795405010215E-019  -4.1651203217484933E-019
   9.2686233534536416E-021   8.9482976035493047E-021   8.7830322697036159E-021   8.6297495393166607E-021
  -1.5203220671670321E-018   2.7421579744716152E-020  -1.0656814570787821E-018   1.8893505439879355E-020
  -4.3049349923573350E-019  -4.7511913893953059E-019  -4.6286846340334922E-019  -4.2137495660800694E-019
   8.6967375843604683E-021   8.5401953895736653E-021   8.4957083354618044E-021   8.3999007945893951E-021
  -1.9566289354586888E-018   3.5724603652279887E-020  -1.5203220671670321E-018   2.7421579744716152E-020
  -4.2521761358344525E-019  -4.4544109679849160E-019  -4.4095859299588917E-019  -4.1982421657773302E-019
   8.4146180063231551E-021   8.3074513271499669E-021   8.2878858662298764E-021   8.2128510522995499E-021
  -2.3836321902028949E-018   4.3858404118944536E-020  -1.9566289354586888E-018   3.5724603652279887E-020
  -4.2137297831812462E-019  -4.3206006387581289E-019  -4.2992779606362748E-019  -4.1667083026823063E-019
   8.2183302352898595E-021   8.1359485228151555E-021   8.1250296921907797E-021   8.0625161346861590E-021
  -2.8040735458733831E-018   5.1854870386589371E-020  -2.3836321902028949E-018   4.3858404118944536E-020
  -4.1743455225201050E-019  -4.2362320436058817E-019  -4.2243057081379219E-019  -4.1310603142215766E-019
   8.0651371666636210E-021   7.9977091020337013E-021   7.9907321049821340E-021   7.9367780251737332E-021
   1.5023380042137338E-017   3.2632474154474092E-020   5.0937769318771325E-018   9.9999999999999995E-021
   8.3503277346242020E-018   8.1849599157750609E-018   1.0168991219431907E-017   1.4519388656523097E-017
   1.7043395220735787E-020   2.2017780128329286E-020   2.3589647021912745E-020   2.7536595405624722E-020
   3.0180390943005511E-017   6.4422498692226077E-020   1.5023380042137338E-017   3.2632474154474092E-020
   1.4007872783889145E-017   1.4195762969353528E-017   1.5294446420982457E-017   1.7953773840647932E-017
   2.6889530198099357E-020   3.1440884044342812E-020   3.2406641579988084E-020   3.6155565779750796E-020
   4.9095126488153941E-017   1.0465003994027693E-019   3.0180390943005511E-017   6.4422498692226077E-020
   1.7733559630247785E-017   1.8343985597099413E-017   1.8987970400036638E-017   2.1090941646370682E-017
   3.5884405391918939E-020   3.9967352511579576E-020   4.0679091896896546E-020   4.4187953279433979E-020
   7.1207264767374868E-017   1.5268280714781293E-019   4.9095126488153941E-017   1.0465003994027693E-019
   2.0965825986898443E-017   2.1725459160416212E-017   2.2163264238029385E-017   2.3929556891535915E-017
   4.4048385382686259E-020   4.7832189184046672E-020   4.8378089047254932E-020   5.1727661399926487E-020
   9.6147466687018582E-017   2.0805894386047579E-019   7.1207264767374868E-017   1.5268280714781293E-019
   2.3853622666640860E-017   2.4655924148520786E-017   2.4980979253421485E-017   2.6513782047336897E-017
   5.1643442545456201E-020   5.5216042030447200E-020   5.5650651941574619E-020   5.8879989786477250E-020
   6.5996014263366620E-017   6.0701028215696766E-020   1.1927513024050351E-017   9.9999999999999995E-021
   3.0444554775236895E-017   3.9541452959645776E-017   5.7993945242773569E-017   9.8895656255822023E-017
   2.6492710488188003E-020   4.3822055420431494E-020   5.4343751385178967E-020   8.1381845194771651E-020
   1.9209410179153993E-016   1.7366517491884106E-019   6.5996014263366620E-017   6.0701028215696766E-020
   9.3280303527005555E-017   1.1181043259669094E-016   1.3134800516932073E-016   1.7699134611001103E-016
   7.6797798384623674E-020   1.0616624125979427E-019   1.1751215256134827E-019   1.5363029419195710E-019
   4.0687752500314230E-016   3.6853001922751351E-019   1.9209410179153993E-016   1.7366517491884106E-019
   1.7254575224067074E-016   2.0222446017376641E-016   2.1983949551007209E-016   2.7202687566126648E-016
   1.4960761268930265E-019   1.8815313593020826E-019   1.9990538139661757E-019   2.4346441850908041E-019
   7.2505226474554207E-016   6.6232104168773152E-019   4.0687752500314230E-016   3.6853001922751351E-019
   2.6823093071825633E-016   3.0688574979707541E-016   3.2311276108006776E-016   3.8082048598185548E-016
   2.4036230346220824E-019   2.8732636676813027E-019   2.9892965048625575E-019   3.4987179679032816E-019
   1.1592542936622955E-015   1.0707418315438691E-018   7.2505226474554207E-016   6.6232104168773152E-019
   3.7775222792009345E-016   4.2387256456446679E-016   4.3903215063427086E-016   5.0165051518295201E-016
   3.4738036899599142E-019   4.0221983575249411E-019   4.1351871735804378E-019   4.7166726391975811E-019
   1.9294207713337688E-016   1.1003666001054164E-019   1.9048480198905831E-017   9.9999999999999995E-021
   6.6715532299560273E-017   1.0691494525051058E-016   1.8696248017992685E-016   3.8889119844639108E-016
   3.6339193134987060E-020   7.3453447843814399E-020   1.0679423015680325E-019   2.0338541092702750E-019
   8.1721861517239939E-016   4.6105670831304367E-019   1.9294207713337688E-016   1.1003666001054164E-019
   3.6696510476586073E-016   5.0854272392264751E-016   6.6261011784096177E-016   1.0363884399410559E-015
   1.9080888653498428E-019   3.0450402518442621E-019   3.6905302963939856E-019   5.6819729363237833E-019
   2.2756787889600551E-015   1.2896946281853361E-018   8.1721861517239939E-016   4.6105670831304367E-019
   9.9942218550217818E-016   1.3079369609566355E-015   1.5164117347027619E-015   2.1026414659049595E-015
   5.4388315547423026E-019   7.6371119937698844E-019   8.6004066467316592E-019   1.1804406356592156E-018
   5.0243343430171699E-015   2.8761557019571142E-018   2.2756787889600551E-015   1.2896946281853361E-018
   2.0532814410061328E-015   2.5695098927588657E-015   2.8256106768680014E-015   3.6484107440828154E-015
   1.1514775810475399E-018   1.5055038231056615E-018   1.6301113749425277E-018   2.0960584654867501E-018
   9.5779076516605852E-015   5.5496497296732409E-018   5.0243343430171699E-015   2.8761557019571142E-018
   3.5940064494135041E-015   4.3497694421168331E-015   4.6484002850633474E-015   5.7310939480866280E-015
   2.0645177744309462E-018   2.5781851669799703E-018   2.7283396254258813E-018   3.3633968070541094E-018
   4.6530905233715380E-016   1.9063659052928278E-019   2.6274765330810240E-017   9.9999999999999995E-021
   1.1734517343322766E-016   2.2341105098359869E-016   4.5995273640134929E-016   1.1501329738349379E-015
   4.6331303673477603E-020   1.1073321890587659E-019   1.8752804842215985E-019   4.4096570484614612E-019
   2.8483377776191681E-015   1.1628868442567284E-018   4.6530905233715380E-016   1.9063659052928278E-019
   1.1119839061184670E-015   1.7526046078670261E-015   2.5416066381939370E-015   4.5977659534516937E-015
   4.2279779643896264E-019   7.6402495040900883E-019   1.0214552028523531E-018   1.8397434194029875E-018
   1.0435040344014124E-014   4.2872639903219765E-018   2.8483377776191681E-015   1.1628868442567284E-018
   4.4232899856327967E-015   6.3941743130342481E-015   7.9679607273773507E-015   1.2372655331913740E-014
   1.7476255321198805E-018   2.7116125237789196E-018   3.2640881321181181E-018   5.0472360324775365E-018
   2.8598618600749287E-014   1.1879420310710364E-017   1.0435040344014124E-014   4.2872639903219765E-018
   1.1992163069512208E-014   1.6296432162379172E-014   1.8857581008465870E-014   2.6681280129208704E-014
   4.8734118934007707E-018   6.9224447024491506E-018   7.8610999119633053E-018   1.1112436800104646E-017
   6.5128634757573157E-014   2.7400179084255161E-017   2.8598618600749287E-014   1.1879420310710364E-017
   2.6099706155479587E-014   3.3896082697477887E-014   3.7615781451797614E-014   5.0056662486912603E-014
   1.0852935453692839E-017   1.4549156831058212E-017   1.5952433532324528E-017   2.1268436460810479E-017
   9.8868149542634703E-016   3.1489481610826055E-019   3.3550604627157755E-017   9.9999999999999995E-021
   1.8238924196884494E-016   4.0207332950227377E-016   9.5905053325705874E-016   2.8261483773076259E-015
   5.6391934991278678E-020   1.5560657796851870E-019   3.0327272478181526E-019   8.5521835615761679E-019
   8.6399227789453747E-015   2.7591001283222977E-018   9.8868149542634703E-016   3.1489481610826055E-019
   2.8453114696544736E-015   5.0303151561681193E-015   8.1001336761025391E-015   1.6801238566918382E-014
   8.5327079966075357E-019   1.7208195857483918E-018   2.5395934307606800E-018   5.2911350406053264E-018
   4.1497083171618774E-014   1.3353216745979288E-017   8.6399227789453747E-015   2.7591001283222977E-018
   1.6288184252825955E-014   2.5778872789852184E-014   3.4635293951796370E-014   6.0026444619917299E-014
   5.0450062329365405E-018   8.5732608332786721E-018   1.1074567218213129E-017   1.9224037370021812E-017
   1.4106317117640747E-013   4.5922208664171914E-017   4.1497083171618774E-014   1.3353216745979288E-017
   5.8010484961751219E-014   8.5078579065992177E-014   1.0405105091906675E-013   1.6112678309686303E-013
   1.8456131801242093E-017   2.8309398778826896E-017   3.3875350030387607E-017   5.2588322089484656E-017
   3.8382036079439789E-013   1.2660463806317752E-016   1.4106317117640747E-013   4.5922208664171914E-017
   1.5676177231416936E-013   2.1747803453273722E-013   2.5172111802727361E-013   3.6138306027375170E-013
   5.0997641461516346E-017   7.3065631945407063E-017   8.3383344515380905E-017   1.2019898201094141E-016
   1.9127829772456872E-015   4.9750299056138609E-019   4.0853571263298043E-017   9.9999999999999995E-021
   2.6187016473106240E-016   6.5592872614457912E-016   1.7856064028326119E-015   6.0866360132088911E-015
   6.6490076505934261E-020   2.0805148958587680E-019   4.6079280917503605E-019   1.5208392693405561E-018
   2.3498945502024891E-014   6.1571733924675324E-018   1.9127829772456872E-015   4.9750299056138609E-019
   6.4406082122838208E-015   1.2625584262084332E-014   2.2467595754937196E-014   5.2890006902348342E-014
   1.5949475602334024E-018   3.5497446360808961E-018   5.7672194724554040E-018   1.3729146634130879E-017
   1.4708246368220212E-013   3.8873902586090693E-017   2.3498945502024891E-014   6.1571733924675324E-018
   5.2136317447874725E-014   8.9672441830022096E-014   1.2994435011679722E-013   2.5013120773955014E-013
   1.3272438788890361E-017   2.4517575141934061E-017   3.4023321052305401E-017   6.5946143984369671E-017
   6.1871244915290010E-013   1.6551047200979926E-016   1.4708246368220212E-013   3.8873902586090693E-017
   2.4234021359939627E-013   3.8153877723081348E-013   4.9427544495949223E-013   8.3581125484417946E-013
   6.3302177467296159E-017   1.0429285352310837E-016   1.3184037708765776E-016   2.2425077785342305E-016
   2.0095537597595266E-012   5.4485131027061768E-016   6.1871244915290010E-013   1.6551047200979926E-016
   8.1095263727073435E-013   1.1969787791189456E-012   1.4490801645023947E-012   2.2419773391263459E-012
   2.1649756889260393E-016   3.3017959378855809E-016   3.9335796629072753E-016   6.1247234051373526E-016
   3.4395066544266180E-015   7.5542738844938622E-019   4.8172964968506021E-017   9.9999999999999995E-021
   3.5579864199060513E-016   9.9799831268135829E-016   3.0602489300374640E-015   1.1875709009320422E-014
   7.6610932470262346E-020   2.6805744022159571E-019   6.6686586225648439E-019   2.5261067932698948E-018
   5.8416233480240352E-014   1.2971498418139713E-017   3.4395066544266180E-015   7.5542738844938622E-019
   1.3268931914269645E-014   2.8565109796465242E-014   5.5863037117773895E-014   1.4773513521213453E-013
   2.7984014453437996E-018   6.8118391440483360E-018   1.2131715523708252E-017   3.2610915397284986E-017
   4.7291633007640910E-013   1.0601853476143393E-016   5.8416233480240352E-014   1.2971498418139713E-017
   1.4912699582070585E-013   2.7698214738990526E-013   4.3236080467016682E-013   9.1918767963616226E-013
   3.2215847092246665E-017   6.4278303268292519E-017   9.5765159331838656E-017   2.0597944576725634E-016
   2.4533564412440258E-012   5.5685315737427607E-016   4.7291633007640910E-013   1.0601853476143393E-016
   8.9760861997480100E-013   1.5099700559676712E-012   2.0736902146466164E-012   3.8177115058023246E-012
   1.9879306959623031E-016   3.5014987735983939E-016   4.6811797744608123E-016   8.6967895646898153E-016
   9.4964778906954754E-012   2.1851343241488850E-015   2.4533564412440258E-012   5.5685315737427607E-016
   3.7061039276131572E-012   5.7991785176985376E-012   7.3550701860033288E-012   1.2244127361691804E-011
   8.3858158262453128E-016   1.3565009114122063E-015   1.6901083107920979E-015   2.8378869736145135E-015
   5.8309517314655642E-015   1.1079017003286434E-018   5.5503048468977894E-017   9.9999999999999995E-021
   4.6418041102127689E-016   1.4413006687389544E-015   4.9228889352553424E-015   2.1460132478969646E-014
   8.6746569696879543E-020   3.3561879272515220E-019   9.2827494788828345E-019   3.9728761510481094E-018
   1.3460383124249433E-013   2.5928196902036862E-017   5.8309517314655642E-015   1.1079017003286434E-018
   2.5363550228144112E-014   5.9481490698021325E-014   1.2711177421595836E-013   3.7408719701006911E-013
   4.6577118984413050E-018   1.2308870241605668E-017   2.3914637192221595E-017   7.1817044444153486E-017
   1.3976011967313816E-012   2.7199461973142818E-016   1.3460383124249433E-013   2.5928196902036862E-017
   3.8867698711977055E-013   7.7532978968717355E-013   1.3009019699555315E-012   3.0368436865281431E-012
   7.2912058827231822E-017   1.5627274284160428E-016   2.4955064512214980E-016   5.9183970222160785E-016
   8.9039093808677755E-012   1.7548571585806191E-015   1.3976011967313816E-012   2.7199461973142818E-016
   3.0033711897059362E-012   5.3760845729437712E-012   7.8254377695713762E-012   1.5631433230082131E-011
   5.7715959713614251E-016   1.0823881948609147E-015   1.5304526602541897E-015   3.0943339257287943E-015
   4.0984782812361689E-011   8.1900442678870590E-015   8.9039093808677755E-012   1.7548571585806191E-015
   1.5233838209528026E-011   2.5189492444940978E-011   3.3496350254976666E-011   5.9879716979600152E-011
   2.9902211962257128E-015   5.1140205376972213E-015   6.6699362379408612E-015   1.2052987908336756E-014
   9.4174615764836591E-015   1.5764242918986408E-018   6.2840473519371722E-017   9.9999999999999995E-021
   5.8701882006841972E-016   1.9988531725420190E-015   7.5327210675807337E-015   3.6477559317471799E-014
   9.6892358415861780E-020   4.1073225728266855E-019   1.2518057780816125E-018   5.9765773222474210E-018
   2.9064414712352868E-013   4.9429674113416571E-017   9.4174615764836591E-015   1.5764242918986408E-018
   4.5608858164128814E-014   1.1572644570869838E-013   2.6877152286938534E-013   8.7275531796197378E-013
   7.4161202081388818E-018   2.1145000901094901E-017   4.4597543552060770E-017   1.4821828981465736E-016
   3.8361532077695053E-012   6.5957619966447532E-016   2.9064414712352868E-013   4.9429674113416571E-017
   9.3667952052622489E-013   1.9972022399213827E-012   3.5926519270067708E-012   9.1566665094933293E-012
   1.5525049502078522E-016   3.5575047312543380E-016   6.0757526149364420E-016   1.5789771890474116E-015
   2.9870389044353716E-011   5.2019225880662348E-015   3.8361532077695053E-012   6.5957619966447532E-016
   9.2080873200915489E-012   1.7474749254552581E-011   2.6938236360530811E-011   5.8171356469246952E-011
   1.5624453587387921E-015   3.1085034323796045E-015   4.6457858833842725E-015   1.0183054340144008E-014
   1.6307037964523537E-010   2.8796939981013440E-014   2.9870389044353716E-011   5.2019225880662348E-015
   5.7097977670780169E-011   9.9479553331516110E-011   1.3872231281398577E-010   2.6569823364350607E-010
   9.8944073831780629E-015   1.7839511686172271E-014   2.4363465362232139E-014   4.7269742877696355E-014
  -2.1249355094434838E-020   1.9999071351629674E-020  -9.9998655518948386E-021   9.9999999999999995E-021
  -1.0000003032008467E-020  -1.2499504305802610E-020  -1.1666089443089509E-020  -9.1657467254472999E-021
   9.9994837520287816E-021   9.9991533872031260E-021   9.9989870654650652E-021   9.9986634524128770E-021
  -3.1294441505883246E-020   2.9997470098963112E-020  -2.1249355094434838E-020   1.9999071351629674E-020
  -9.3741309607789127E-021  -1.0457129983613218E-020  -1.0240411493453553E-020  -9.5013045537780155E-021
   9.9987215565446143E-021   9.9984367066292494E-021   9.9983601918428316E-021   9.9980771305118642E-021
  -4.1211666424945151E-020   3.9995269526594157E-020  -3.1294441505883246E-020   2.9997470098963112E-020
  -9.5664386176000382E-021  -1.0106272640891549E-020  -1.0029073740233189E-020  -9.6662181345219215E-021
   9.9980965989883318E-021   9.9978231489163361E-021   9.9977752406156594E-021   9.9975031877339561E-021
  -5.1116350864139756E-020   4.9992497410749817E-020  -4.1211666424945151E-020   3.9995269526594157E-020
  -9.6941924330045069E-021  -1.0011439624455418E-020  -9.9761296971167233E-021  -9.7587755590188335E-021
   9.9975127752010486E-021   9.9972450367146982E-021   9.9972103721536853E-021   9.9969437119961457E-021
  -6.1028422741374753E-020   5.9989169121390114E-020  -5.1116350864139756E-020   4.9992497410749817E-020
  -9.7730716151738445E-021  -9.9802904998046069E-021  -9.9614039752180572E-021  -9.8159706981907922E-021
   9.9969493809709656E-021   9.9966851305938220E-021   9.9966580118581466E-021   9.9963945979668696E-021
   4.9672108841472496E-016   4.2064356107543879E-020   2.7494335785785770E-016   9.9999999999999995E-021
   1.1244215704137805E-016   2.1597553598713456E-016   2.3512125743319870E-016   3.1603063945915855E-016
   2.4194085906218301E-020   2.9623520182929308E-020   3.3761231724482265E-020   4.1422546924221813E-020
   8.0823803515953435E-016   9.1117513486433943E-020   4.9672108841472496E-016   4.2064356107543879E-020
   3.0055899530816361E-016   2.9167543743907023E-016   3.2948007060279339E-016   3.2623166907696596E-016
   4.0062883136682964E-020   4.8191062615145157E-020   4.9656377598346024E-020   5.8561180709675077E-020
   1.1399054632211294E-015   1.5785958514252982E-019   8.0823803515953435E-016   9.1117513486433943E-020
   3.2826262040725245E-016   3.2001529092757074E-016   3.4210020825992824E-016   3.3751094958732000E-016
   5.7751605644440174E-020   6.6144112335240321E-020   6.7207927332212294E-020   7.5996744957229767E-020
   1.4798371258732161E-015   2.4236941426519650E-019   1.1399054632211294E-015   1.5785958514252982E-019
   3.3827986795370780E-016   3.3249029003769173E-016   3.4666414433142484E-016   3.4300123922057996E-016
   7.5550018433149855E-020   8.4042455803428882E-020   8.4896348710735979E-020   9.3631347274520433E-020
   1.8241407284347212E-015   3.4465677615693950E-019   1.4798371258732161E-015   2.4236941426519650E-019
   3.4332821628772444E-016   3.3916609212355347E-016   3.4900457893541866E-016   3.4615205696336133E-016
   9.3349881134598274E-020   1.0190235212909716E-019   1.0261766486700945E-019   1.1133425622364666E-019
   2.0670563513524547E-015   8.6407214849808689E-020   6.1811983772019751E-016   9.9999999999999995E-021
   5.4407670671467729E-016   1.2421685992341802E-015   1.5655657277687865E-015   2.5340737210729324E-015
   4.1910740253176304E-020   6.0666503436958836E-020   8.2614697662588291E-020   1.2997014664658158E-019
   5.0456932947144556E-015   2.7511629473174475E-019   2.0670563513524547E-015   8.6407214849808689E-020
   2.3493619517012448E-015   2.6291132686455444E-015   3.2866305772837833E-015   3.6909720166121056E-015
   1.2239803006939408E-019   1.7604928000283022E-019   1.9182818133666090E-019   2.7410152654324001E-019
   9.4332397519224851E-015   6.3069830858620605E-019   5.0456932947144556E-015   2.7511629473174475E-019
   3.7322541946803763E-015   4.1004680603573608E-015   4.6455175786467985E-015   5.1010532705594796E-015
   2.6262852733994553E-019   3.4259326211262171E-019   3.6004917784607915E-019   4.6557867586942121E-019
   1.5219564239828183E-014   1.2062830305064916E-018   9.4332397519224851E-015   6.3069830858620605E-019
   5.1126302360602129E-015   5.5465614129294710E-015   6.0056341794575301E-015   6.5009255065999729E-015
   4.5629548886061852E-019   5.6241817041106382E-019   5.8093347310705828E-019   7.1050955562485134E-019
   2.2405706102831338E-014   2.0546704002174160E-018   1.5219564239828183E-014   1.2062830305064916E-018
   6.5024581062069153E-015   6.9807442056834730E-015   7.3765137620592714E-015   7.8998771363265444E-015
   7.0278924826256879E-019   8.3514352487911578E-019   8.5432161233043384E-019   1.0086046955838788E-018
   5.9817746691359221E-015   1.6431881634198594E-019   9.7860971106113821E-016   9.9999999999999995E-021
   1.3458033776771956E-015   3.6738405691121249E-015   5.3045560032706878E-015   1.0716393226005880E-014
   6.0521207043097457E-020   1.0110734154201400E-019   1.6698089200216439E-019   3.2921522392046139E-019
   2.1539524647119728E-014   7.7204536349041762E-019   5.9817746691359221E-015   1.6431881634198594E-019
   9.8756215925906356E-015   1.2653516412618096E-014   1.7704240536510985E-014   2.2755364377054022E-014
   3.1133709411153367E-019   5.2212484953591779E-019   6.1441486318985163E-019   1.0619427633275171E-018
   5.3389231014853594E-014   2.3461567934845813E-018   2.1539524647119728E-014   7.7204536349041762E-019
   2.3207611299316298E-014   2.8365660265943012E-014   3.4513118458927502E-014   4.2133069457345867E-014
   9.8700085683351440E-019   1.4475470689850058E-018   1.5978427827465718E-018   2.3668880196683117E-018
   1.0729280754227151E-013   5.5970133867796575E-018   5.3389231014853594E-014   2.3461567934845813E-018
   4.2236690883892247E-014   5.0070288121542539E-014   5.6912643092500648E-014   6.7218905852528914E-014
   2.2766415662367907E-018   3.0833628046181870E-018   3.2943824346994428E-018   4.4730075148984088E-018
   1.8908778642775925E-013   1.1428957862503266E-017   1.0729280754227151E-013   5.5970133867796575E-018
   6.7131785775649770E-014   7.7718518293035533E-014   8.5060899783846932E-014   9.8079251383511784E-014
   4.3730525302405687E-018   5.6242155488293551E-018   5.8961297593116713E-018   7.5779237078190180E-018
   1.4392986588749942E-014   2.9219535707189728E-019   1.3455684595813927E-015   9.9999999999999995E-021
   2.5284666882282196E-015   8.0905795845825528E-015   1.3258593497903070E-014   3.3057695921811841E-014
   7.9465632691771084E-020   1.5051558266098453E-019   2.9926043394879995E-019   7.1415447652004375E-019
   7.5166932806892593E-014   2.0138925835157545E-018   1.4392986588749942E-014   2.9219535707189728E-019
   3.0936219876272352E-014   4.4881190544762912E-014   7.0314140086044017E-014   1.0331679617096969E-013
   6.9753124844329355E-019   1.3341863979153863E-018   1.7131812831237326E-018   3.5379167481416118E-018
   2.4665170458518617E-013   8.0831571427989244E-018   7.5166932806892593E-014   2.0138925835157545E-018
   1.0705550581533065E-013   1.4373975154931147E-013   1.8917970226304624E-013   2.5601421722971569E-013
   3.2175808835469528E-018   5.2518165324091952E-018   6.1434130906956878E-018   1.0407547225942297E-017
   6.1752404421462286E-013   2.4019407408660389E-017   2.4665170458518617E-013   8.0831571427989244E-018
   2.5751010726712236E-013   3.3079670667833424E-013   3.9744363486106413E-013   5.1124324743070099E-013
   9.8288551078417098E-018   1.4522432610959507E-017   1.6179539044299621E-017   2.4384703176808833E-017
   1.3034496014568008E-012   5.8766445920375977E-017   6.1752404421462286E-013   2.4019407408660389E-017
   5.1013942426482400E-013   6.3310906546889933E-013   7.2205106234587202E-013   8.9509366355870119E-013
   2.3530272016531357E-017   3.2580426211794783E-017   3.5240407514964711E-017   4.9310291600243170E-017
   3.0600047863483488E-014   4.9006363907204599E-019   1.7155933925331557E-015   9.9999999999999995E-021
   4.0954693291155548E-015   1.5068787444624463E-014   2.7746278595222525E-014   8.3581125416892442E-014
   9.8568351617882746E-020   2.0875616367321468E-019   4.9221541433117028E-019   1.3798703268056233E-018
   2.2770071293267330E-013   4.8930134536509848E-018   3.0600047863483488E-014   4.9006363907204599E-019
   8.0633245348333153E-014   1.3105194224487075E-013   2.2880376385010320E-013   3.8225933287685787E-013
   1.4174009820200305E-018   3.0391614788979587E-018   4.2734160759214971E-018   1.0375142795814689E-017
   9.8490247974829459E-013   2.5789034256956707E-017   2.2770071293267330E-013   4.8930134536509848E-018
   4.0557317590793833E-013   5.9192323613771806E-013   8.4534898348723764E-013   1.2630929857358783E-012
   9.3443767584051707E-018   1.6838108398737583E-017   2.0961581344089124E-017   4.0432368575775752E-017
   3.0677009499151289E-012   9.5217173067317592E-017   9.8490247974829459E-013   2.5789034256956707E-017
   1.2812466701107183E-012   1.7709071964728586E-012   2.2581641879631369E-012   3.1574013820182970E-012
   3.7625568899449456E-017   6.0287534609622791E-017   7.0392967406963401E-017   1.1758225992954350E-016
   7.7514522727906407E-012   2.7880740110405394E-016   3.0677009499151289E-012   9.5217173067317592E-017
   3.1542953260065812E-012   4.1754001997392170E-012   4.9823707610761814E-012   6.6326706896156879E-012
   1.1207133623168701E-016   1.6629415118627432E-016   1.8647941574398013E-016   2.8392289812822216E-016
   5.9328336047133967E-014   7.8133883873030655E-019   2.0873029057468609E-015   9.9999999999999995E-021
   6.0481929045087673E-015   2.5183983740193661E-014   5.1601538725466392E-014   1.8382696101249381E-013
   1.1775803782751136E-019   2.7577424451697588E-019   7.5870571535135438E-019   2.4413150748176674E-018
   6.1754246214969014E-013   1.1121091789071805E-017   5.9328336047133967E-014   7.8133883873030655E-019
   1.8446944584717188E-013   3.3280883692059664E-013   6.4311333159506617E-013   1.2129709737368401E-012
   2.6636956562342526E-018   6.3157693204035546E-018   9.7232540837116581E-018   2.7296775237584298E-017
   3.4974357362472019E-012   7.6436198244595415E-017   6.1754246214969014E-013   1.1121091789071805E-017
   1.3261999141044476E-012   2.0862298263150617E-012   3.2349010688317337E-012   5.3108979401870323E-012
   2.4626310312806372E-017   4.8656572553540211E-017   6.4540901874562436E-017   1.4086937956412997E-016
   1.3518002903333095E-011   3.4946986155200668E-016   3.4974357362472019E-012   7.6436198244595415E-017
   5.4638481228386115E-012   8.0755150864935416E-012   1.0952164551829600E-011   1.6604195603030452E-011
   1.2982471837542337E-016   2.2446238455050200E-016   2.7544624311102760E-016   5.0856000614598506E-016
   4.0841200448342425E-011   1.2226574440663903E-015   1.3518002903333095E-011   3.4946986155200668E-016
   1.6656859335318994E-011   2.3413398451193010E-011   2.9307266571702790E-011   4.1840995888945381E-011
   4.7982683887646025E-016   7.5995814333627200E-016   8.8637136240852349E-016   1.4666396447202504E-015
   1.0700984947259272E-013   1.1927664835162197E-018   2.4600346034320520E-015   9.9999999999999995E-021
   8.3872998101983146E-015   3.9011371775944610E-014   8.8174409104991706E-014   3.6454002764289309E-013
   1.3700049481259467E-019   3.5154353269341978E-019   1.1116259656497879E-018   4.0332594095983087E-018
   1.5297423584272360E-012   2.3779020784037023E-017   1.0700984947259272E-013   1.1927664835162197E-018
   3.8234802909852307E-013   7.5971615401227956E-013   1.6130034066467822E-012   3.4086079033112132E-012
   4.6962149859245884E-018   1.2178953915275366E-017   2.0485836369182762E-017   6.5491730248283975E-017
   1.1248942079775544E-011   2.1148817686982627E-016   1.5297423584272360E-012   2.3779020784037023E-017
   3.8578382279827990E-012   6.4972841558940645E-012   1.0927189885412419E-011   1.9608412017494080E-011
   5.9746434022417174E-017   1.2865448085426254E-016   1.8174006018224690E-016   4.4571942041929967E-016
   5.3765439725085150E-011   1.1924616122666736E-015   1.1248942079775544E-011   2.1148817686982627E-016
   2.0570366030764367E-011   3.2333686197126118E-011   4.6679328605820173E-011   7.6502590235200706E-011
   4.0897126654419871E-016   7.5979406873656089E-016   9.8105055153802449E-016   1.9951801052877139E-015
   1.9388543015838175E-010   4.9742119701298533E-015   5.3765439725085150E-011   1.1924616122666736E-015
   7.7329460154865508E-011   1.1496383089875806E-010   1.5118346103198556E-010   2.3109589858342693E-010
   1.8689270091668894E-015   3.1486377338000564E-015   3.8272550880729192E-015   6.8697894942662411E-015
   1.8206419338886602E-013   1.7544040653699847E-018   2.8334323213086480E-015   9.9999999999999995E-021
   1.1113146210464272E-014   5.7126019679288677E-014   1.4133128109176508E-013   6.6735681865277243E-013
   1.5627733541721957E-019   4.3604989096155102E-019   1.5638855771693716E-018   6.3102761205408456E-018
   3.5118454728279809E-012   4.8117953604011470E-017   1.8206419338886602E-013   1.7544040653699847E-018
   7.3321784508173246E-013   1.5936190033262278E-012   3.6913651152782661E-012   8.6755015943439656E-012
   7.8525651717847568E-018   2.2076001028174407E-017   4.0448284330553867E-017   1.4528016134260760E-016
   3.3217432649553160E-011   5.4924784609697705E-016   3.5118454728279809E-012   4.8117953604011470E-017
   1.0192986673392619E-011   1.8280422745445534E-011   3.3277312977004431E-011   6.4925064942058535E-011
   1.3500324710340960E-016   3.1509192860564433E-016   4.7331390816576693E-016   1.2949644343115615E-015
   1.9549737533184588E-010   3.8014885726708152E-015   3.3217432649553160E-011   5.4924784609697705E-016
   6.9772082062278294E-011   1.1607917489803978E-010   1.7838731343774735E-010   3.1497459735990394E-010
   1.1888510174025406E-015   2.3647171050087090E-015   3.2129111742539409E-015   7.1693367835151867E-015
   8.3958830717641909E-010   1.8858769218806275E-014   1.9549737533184588E-010   3.8014885726708152E-015
   3.2193123363911518E-010   5.0438446047414446E-010   6.9736889320902626E-010   1.1391076500619822E-009
   6.6887473567638016E-015   1.1950788433233057E-014   1.5155116175045481E-014   2.9443127303491865E-014
   2.9517967631407387E-013   2.4996139969314296E-018   3.2072878328796173E-015   9.9999999999999995E-021
   1.4225940331803683E-014   8.0102930132402134E-014   2.1545499751617684E-013   1.1464925352582038E-012
   1.7557780984619247E-019   5.2928505417987548E-019   2.1284011003388698E-018   9.4467338627048942E-018
   7.5559526124585378E-012   9.2680150528361526E-017   2.9517967631407387E-013   2.4996139969314296E-018
   1.3203641591267839E-012   3.1203475275447181E-012   7.8341910344602405E-012   2.0335196333730090E-011
   1.2558924926859572E-017   3.7994316624764318E-017   7.5565561820326157E-017   3.0140453737154001E-016
   9.1030336547421843E-011   1.3462349988959322E-015   7.5559526124585378E-012   9.2680150528361526E-017
   2.4840703693270334E-011   4.7233655704696333E-011   9.2819996624228793E-011   1.9589829525865919E-010
   2.8685163077559904E-016   7.2199532505445620E-016   1.1510184553000910E-015   3.4884498987207312E-015
   6.5651160251580245E-010   1.1380116414288386E-014   9.1030336547421843E-011   1.3462349988959322E-015
   2.1645434702112616E-010   3.7955434627660781E-010   6.2055059515996945E-010   1.1762233659160027E-009
   3.2182370286937810E-015   6.8318548968788551E-015   9.7606513629040545E-015   2.3800038944095115E-014
   3.3488708135055426E-009   6.6946011022290218E-014   6.5651160251580245E-010   1.1380116414288386E-014
   1.2196733816649203E-009   2.0072823556175652E-009   2.9184721946999048E-009   5.0829727836385788E-009
   2.2184709874929824E-014   4.1925906207293369E-014   5.5487909718973587E-014   1.1638302592054727E-013
