 480 0.000025010  0.000000  2.200000   1S  1
  32  64  96 128 160 192 224 256 288
 0.2499999936845D-04 0.4159493283506D+07
 0.4999999873689D-04 0.2079488749306D+07
 0.7499999810534D-04 0.1386152807728D+07
 0.9999999747379D-04 0.1039484298849D+07
 0.1249999968422D-03 0.8314828695462D+06
 0.1499999962107D-03 0.6928150318792D+06
 0.1749999955791D-03 0.5937664186819D+06
 0.1999999949476D-03 0.5194798389488D+06
 0.2249999943160D-03 0.4617012935916D+06
 0.2499999936845D-03 0.4154783807598D+06
 0.2749999930529D-03 0.3776595704754D+06
 0.2999999924214D-03 0.3461438417442D+06
 0.3249999917898D-03 0.3194766408812D+06
 0.3499999911583D-03 0.2966190004378D+06
 0.3749999905267D-03 0.2768090106474D+06
 0.3999999898952D-03 0.2594752388722D+06
 0.4249999892636D-03 0.2441807070150D+06
 0.4499999886320D-03 0.2305855430639D+06
 0.4749999880005D-03 0.2184214268846D+06
 0.4999999873689D-03 0.2074737022715D+06
 0.5249999867374D-03 0.1975685998402D+06
 0.5499999861058D-03 0.1885639445301D+06
 0.5749999854743D-03 0.1803422873934D+06
 0.5999999848427D-03 0.1728057541824D+06
 0.6249999842112D-03 0.1658721305651D+06
 0.6499999835796D-03 0.1594718504805D+06
 0.6749999829481D-03 0.1535456539386D+06
 0.6999999823165D-03 0.1480427466557D+06
 0.7249999816850D-03 0.1429193404176D+06
 0.7499999810534D-03 0.1381374854219D+06
 0.7749999804219D-03 0.1336641286006D+06
 0.7999999797903D-03 0.1294703485035D+06
 0.8499999785272D-03 0.1218228452585D+06
 0.8999999772641D-03 0.1150250383630D+06
 0.9499999760010D-03 0.1089427666259D+06
 0.9999999747379D-03 0.1034687010064D+06
 0.1049999973475D-02 0.9851595601154D+05
 0.1099999972212D-02 0.9401344339738D+05
 0.1149999970949D-02 0.8990243808718D+05
 0.1199999969685D-02 0.8613400242002D+05
 0.1249999968422D-02 0.8266702877056D+05
 0.1299999967159D-02 0.7946673366043D+05
 0.1349999965896D-02 0.7650348674754D+05
 0.1399999964633D-02 0.7375189055139D+05
 0.1449999963370D-02 0.7119005065868D+05
 0.1499999962107D-02 0.6879899189291D+05
 0.1549999960844D-02 0.6656218746029D+05
 0.1599999959581D-02 0.6446517642221D+05
 0.1649999958317D-02 0.6249525065806D+05
 0.1699999957054D-02 0.6064119710464D+05
 0.1749999955791D-02 0.5889308418062D+05
 0.1799999954528D-02 0.5724208380396D+05
 0.1849999953265D-02 0.5568032226469D+05
 0.1899999952002D-02 0.5420075465076D+05
 0.1949999950739D-02 0.5279705861531D+05
 0.1999999949476D-02 0.5146354403181D+05
 0.2049999948213D-02 0.5019507590283D+05
 0.2099999946950D-02 0.4898700827432D+05
 0.2149999945686D-02 0.4783512736573D+05
 0.2199999944423D-02 0.4673560241544D+05
 0.2249999943160D-02 0.4568494324874D+05
 0.2299999941897D-02 0.4467996315423D+05
 0.2349999940634D-02 0.4371774661590D+05
 0.2399999939371D-02 0.4279562102114D+05
 0.2499999936845D-02 0.4106202160959D+05
 0.2599999934318D-02 0.3946177257918D+05
 0.2699999931792D-02 0.3798005833640D+05
 0.2799999929266D-02 0.3660417966793D+05
 0.2899999926740D-02 0.3532318894402D+05
 0.2999999924214D-02 0.3412759816749D+05
 0.3099999921687D-02 0.3300914360946D+05
 0.3199999919161D-02 0.3196059447077D+05
 0.3299999916635D-02 0.3097559637572D+05
 0.3399999914109D-02 0.3004854249985D+05
 0.3499999911583D-02 0.2917446677792D+05
 0.3599999909056D-02 0.2834895491081D+05
 0.3699999906530D-02 0.2756806980380D+05
 0.3799999904004D-02 0.2682828876349D+05
 0.3899999901478D-02 0.2612645036937D+05
 0.3999999898952D-02 0.2545970937181D+05
 0.4099999896425D-02 0.2482549807507D+05
 0.4199999893899D-02 0.2422149331618D+05
 0.4299999891373D-02 0.2364558803231D+05
 0.4399999888847D-02 0.2309586663942D+05
 0.4499999886320D-02 0.2257058386662D+05
 0.4599999883794D-02 0.2206814623392D+05
 0.4699999881268D-02 0.2158709584921D+05
 0.4799999878742D-02 0.2112609618706D+05
 0.4899999876216D-02 0.2068391996141D+05
 0.4999999873689D-02 0.2025943805499D+05
 0.5099999871163D-02 0.1985160978209D+05
 0.5199999868637D-02 0.1945947458760D+05
 0.5299999866111D-02 0.1908214446838D+05
 0.5399999863585D-02 0.1871879699506D+05
 0.5499999861058D-02 0.1836866974551D+05
 0.5599999858532D-02 0.1803105469269D+05
 0.5799999853480D-02 0.1739077293426D+05
 0.5999999848427D-02 0.1679320688061D+05
 0.6199999843375D-02 0.1623422389226D+05
 0.6399999838322D-02 0.1571020779718D+05
 0.6599999833270D-02 0.1521798068432D+05
 0.6799999828218D-02 0.1475473845597D+05
 0.6999999823165D-02 0.1431799742859D+05
 0.7199999818113D-02 0.1390554983348D+05
 0.7399999813060D-02 0.1351542653360D+05
 0.7599999808008D-02 0.1314586562709D+05
 0.7799999802955D-02 0.1279528585595D+05
 0.7999999797903D-02 0.1246226406066D+05
 0.8199999792851D-02 0.1214551592446D+05
 0.8399999787798D-02 0.1184387939712D+05
 0.8599999782746D-02 0.1155630049771D+05
 0.8799999777693D-02 0.1128182102140D+05
 0.8999999772641D-02 0.1101956787064D+05
 0.9199999767588D-02 0.1076874393964D+05
 0.9399999762536D-02 0.1052861990016D+05
 0.9599999757484D-02 0.1029852714714D+05
 0.9799999752431D-02 0.1007785165011D+05
 0.9999999747379D-02 0.9866028527788D+04
 0.1019999974233D-01 0.9662537138794D+04
 0.1039999973727D-01 0.9466896872518D+04
 0.1059999973222D-01 0.9278663422662D+04
 0.1079999972717D-01 0.9097425332970D+04
 0.1099999972212D-01 0.8922801083166D+04
 0.1119999971706D-01 0.8754436391563D+04
 0.1139999971201D-01 0.8592001818034D+04
 0.1159999970696D-01 0.8435190642085D+04
 0.1179999970191D-01 0.8283716921037D+04
 0.1199999969685D-01 0.8137313778008D+04
 0.1239999968675D-01 0.7858737714773D+04
 0.1279999967664D-01 0.7597652765043D+04
 0.1319999966654D-01 0.7352468499214D+04
 0.1359999965644D-01 0.7121781512218D+04
 0.1399999964633D-01 0.6904348715255D+04
 0.1439999963623D-01 0.6699065077966D+04
 0.1479999962612D-01 0.6504944978973D+04
 0.1519999961602D-01 0.6321106499968D+04
 0.1559999960591D-01 0.6146758135021D+04
 0.1599999959581D-01 0.5981187572648D+04
 0.1639999958570D-01 0.5823751897893D+04
 0.1679999957560D-01 0.5673869394620D+04
 0.1719999956549D-01 0.5531012452873D+04
 0.1759999955539D-01 0.5394701404111D+04
 0.1799999954528D-01 0.5264499377278D+04
 0.1839999953518D-01 0.5140007310565D+04
 0.1879999952507D-01 0.5020860068607D+04
 0.1919999951497D-01 0.4906722998704D+04
 0.1959999950486D-01 0.4797289027956D+04
 0.1999999949476D-01 0.4692275215830D+04
 0.2039999948465D-01 0.4591420958716D+04
 0.2079999947455D-01 0.4494486089665D+04
 0.2119999946444D-01 0.4401247988815D+04
 0.2159999945434D-01 0.4311500814452D+04
 0.2199999944423D-01 0.4225053928419D+04
 0.2239999943413D-01 0.4141729788444D+04
 0.2279999942402D-01 0.4061363879817D+04
 0.2319999941392D-01 0.3983802665224D+04
 0.2359999940381D-01 0.3908903092591D+04
 0.2399999939371D-01 0.3836531924808D+04
 0.2439999938360D-01 0.3766564149594D+04
 0.2479999937350D-01 0.3698883541415D+04
 0.2559999935329D-01 0.3569952896516D+04
 0.2639999933308D-01 0.3448945172024D+04
 0.2719999931287D-01 0.3335159199378D+04
 0.2799999929266D-01 0.3227974073868D+04
 0.2879999927245D-01 0.3126837997205D+04
 0.2959999925224D-01 0.3031258927222D+04
 0.3039999923203D-01 0.2940796702338D+04
 0.3119999921182D-01 0.2855056376217D+04
 0.3199999919161D-01 0.2773682567329D+04
 0.3279999917140D-01 0.2696354778105D+04
 0.3359999915119D-01 0.2622782797791D+04
 0.3439999913098D-01 0.2552703536760D+04
 0.3519999911077D-01 0.2485877823244D+04
 0.3599999909056D-01 0.2422087847838D+04
 0.3679999907035D-01 0.2361134870155D+04
 0.3759999905014D-01 0.2302836698228D+04
 0.3839999902993D-01 0.2247026423086D+04
 0.3919999900972D-01 0.2193551165844D+04
 0.3999999898952D-01 0.2142269829575D+04
 0.4079999896931D-01 0.2093052299663D+04
 0.4159999894910D-01 0.2045779039212D+04
 0.4239999892889D-01 0.2000339040524D+04
 0.4319999890868D-01 0.1956629358394D+04
 0.4399999888847D-01 0.1914555491971D+04
 0.4479999886826D-01 0.1874028467004D+04
 0.4559999884805D-01 0.1834966306564D+04
 0.4639999882784D-01 0.1797292719714D+04
 0.4719999880763D-01 0.1760935948416D+04
 0.4799999878742D-01 0.1725830174372D+04
 0.4879999876721D-01 0.1691912493558D+04
 0.4959999874700D-01 0.1659125489928D+04
 0.5039999872679D-01 0.1627414191323D+04
 0.5199999868637D-01 0.1567018821380D+04
 0.5359999864595D-01 0.1510354966166D+04
 0.5519999860553D-01 0.1457094557492D+04
 0.5679999856511D-01 0.1406946769462D+04
 0.5839999852469D-01 0.1359652904859D+04
 0.5999999848427D-01 0.1314982195107D+04
 0.6159999844385D-01 0.1272727978625D+04
 0.6319999840343D-01 0.1232704635363D+04
 0.6479999836301D-01 0.1194745075668D+04
 0.6639999832259D-01 0.1158698432081D+04
 0.6799999828218D-01 0.1124428125129D+04
 0.6959999824176D-01 0.1091810381722D+04
 0.7119999820134D-01 0.1060732580316D+04
 0.7279999816092D-01 0.1031091788020D+04
 0.7439999812050D-01 0.1002794061923D+04
 0.7599999808008D-01 0.9757536985793D+03
 0.7759999803966D-01 0.9498918905477D+03
 0.7919999799924D-01 0.9251359351206D+03
 0.8079999795882D-01 0.9014192553723D+03
 0.8239999791840D-01 0.8786806077374D+03
 0.8399999787798D-01 0.8568627439767D+03
 0.8559999783756D-01 0.8359133723576D+03
 0.8719999779714D-01 0.8157838857220D+03
 0.8879999775672D-01 0.7964285930244D+03
 0.9039999771630D-01 0.7778063530080D+03
 0.9199999767588D-01 0.7598773862591D+03
 0.9359999763547D-01 0.7426055793350D+03
 0.9519999759505D-01 0.7259571557471D+03
 0.9679999755463D-01 0.7099000083056D+03
 0.9839999751421D-01 0.6944052270281D+03
 0.9999999747379D-01 0.6794442584353D+03
 0.1015999974334D+00 0.6649921734570D+03
 0.1047999973525D+00 0.6375167839096D+03
 0.1079999972717D+00 0.6118019204092D+03
 0.1111999971909D+00 0.5876910823277D+03
 0.1143999971100D+00 0.5650455391979D+03
 0.1175999970292D+00 0.5437419211143D+03
 0.1207999969483D+00 0.5236701840715D+03
 0.1239999968675D+00 0.5047318808750D+03
 0.1271999967867D+00 0.4868387163994D+03
 0.1303999967058D+00 0.4699115689287D+03
 0.1335999966250D+00 0.4538785240950D+03
 0.1367999965441D+00 0.4386747494031D+03
 0.1399999964633D+00 0.4242414314441D+03
 0.1431999963825D+00 0.4105252091458D+03
 0.1463999963016D+00 0.3974777628877D+03
 0.1495999962208D+00 0.3850542511308D+03
 0.1527999961399D+00 0.3732138398083D+03
 0.1559999960591D+00 0.3619195862911D+03
 0.1591999959783D+00 0.3511371147788D+03
 0.1623999958974D+00 0.3408344446033D+03
 0.1655999958166D+00 0.3309828431726D+03
 0.1687999957358D+00 0.3215554207691D+03
 0.1719999956549D+00 0.3125267731095D+03
 0.1751999955741D+00 0.3038746895765D+03
 0.1783999954932D+00 0.2955772501230D+03
 0.1815999954124D+00 0.2876146419529D+03
 0.1847999953316D+00 0.2799689989327D+03
 0.1879999952507D+00 0.2726224292246D+03
 0.1911999951699D+00 0.2655600453025D+03
 0.1943999950890D+00 0.2587661430801D+03
 0.1975999950082D+00 0.2522274672110D+03
 0.2007999949274D+00 0.2459308813905D+03
 0.2039999948465D+00 0.2398644124280D+03
 0.2103999946848D+00 0.2283776108941D+03
 0.2167999945232D+00 0.2176852907888D+03
 0.2231999943615D+00 0.2077154387845D+03
 0.2295999941998D+00 0.1984043452704D+03
 0.2359999940381D+00 0.1896953947407D+03
 0.2423999938765D+00 0.1815380556146D+03
 0.2487999937148D+00 0.1738870396648D+03
 0.2551999935531D+00 0.1667015975040D+03
 0.2615999933914D+00 0.1599449286207D+03
 0.2679999932298D+00 0.1535842270779D+03
 0.2743999930681D+00 0.1475890736124D+03
 0.2807999929064D+00 0.1419319033420D+03
 0.2871999927447D+00 0.1365875823242D+03
 0.2935999925830D+00 0.1315335723263D+03
 0.2999999924214D+00 0.1267492509593D+03
 0.3063999922597D+00 0.1222149926125D+03
 0.3127999920980D+00 0.1179131278842D+03
 0.3191999919363D+00 0.1138286462770D+03
 0.3255999917747D+00 0.1099458949638D+03
 0.3319999916130D+00 0.1062511660393D+03
 0.3383999914513D+00 0.1027331222009D+03
 0.3447999912896D+00 0.9937929092318D+02
 0.3511999911279D+00 0.9617939585785D+02
 0.3575999909663D+00 0.9312424695252D+02
 0.3639999908046D+00 0.9020403548596D+02
 0.3703999906429D+00 0.8741164540381D+02
 0.3767999904812D+00 0.8473864544226D+02
 0.3831999903196D+00 0.8217841723359D+02
 0.3895999901579D+00 0.7972458363994D+02
 0.3959999899962D+00 0.7737089353712D+02
 0.4023999898345D+00 0.7511234828786D+02
 0.4087999896728D+00 0.7294326777040D+02
 0.4215999893495D+00 0.6885627115318D+02
 0.4343999890261D+00 0.6507602886928D+02
 0.4471999887028D+00 0.6157308301240D+02
 0.4599999883794D+00 0.5832157266826D+02
 0.4727999880561D+00 0.5529857060156D+02
 0.4855999877327D+00 0.5248356450447D+02
 0.4983999874094D+00 0.4985808113730D+02
 0.5111999870860D+00 0.4740542202488D+02
 0.5239999867626D+00 0.4511049417286D+02
 0.5367999864393D+00 0.4295973429982D+02
 0.5495999861159D+00 0.4094134435246D+02
 0.5623999857926D+00 0.3904404672905D+02
 0.5751999854692D+00 0.3725803869984D+02
 0.5879999851459D+00 0.3557458850410D+02
 0.6007999848225D+00 0.3398630674441D+02
 0.6135999844992D+00 0.3248593134785D+02
 0.6263999841758D+00 0.3106717839339D+02
 0.6391999838524D+00 0.2972461952284D+02
 0.6519999835291D+00 0.2845316861141D+02
 0.6647999832057D+00 0.2724807682679D+02
 0.6775999828824D+00 0.2610532127932D+02
 0.6903999825590D+00 0.2502101018951D+02
 0.7031999822357D+00 0.2399147469344D+02
 0.7159999819123D+00 0.2301373531798D+02
 0.7287999815890D+00 0.2208450833975D+02
 0.7415999812656D+00 0.2120109068410D+02
 0.7543999809423D+00 0.2036090470291D+02
 0.7671999806189D+00 0.1956134394009D+02
 0.7799999802955D+00 0.1880038787978D+02
 0.7927999799722D+00 0.1807554273749D+02
 0.8055999796488D+00 0.1738521961051D+02
 0.8183999793255D+00 0.1672708700995D+02
 0.8311999790021D+00 0.1609978233202D+02
 0.8439999786788D+00 0.1550125032994D+02
 0.8567999783554D+00 0.1493027573295D+02
 0.8695999780321D+00 0.1438502601879D+02
 0.8823999777087D+00 0.1386447412081D+02
 0.8951999773853D+00 0.1336689890602D+02
 0.9079999770620D+00 0.1289153467127D+02
 0.9207999767386D+00 0.1243669252604D+02
 0.9335999764153D+00 0.1200183114597D+02
 0.9463999760919D+00 0.1158537274388D+02
 0.9591999757686D+00 0.1118681658736D+02
 0.9719999754452D+00 0.1080485939186D+02
 0.9847999751219D+00 0.1043889905798D+02
 0.9975999747985D+00 0.1008800269567D+02
 0.1010399974475D+01 0.9751335038476D+01
 0.1023199974152D+01 0.9428453209389D+01
 0.1035999973828D+01 0.9118268711617D+01
 0.1048799973505D+01 0.8820566820776D+01
 0.1061599973182D+01 0.8534396656448D+01
 0.1074399972858D+01 0.8259327876490D+01
 0.1087199972535D+01 0.7994922429639D+01
 0.1099999972212D+01 0.7740401103597D+01
 0.1112799971888D+01 0.7495639157037D+01
 0.1125599971565D+01 0.7259901763041D+01
 0.1138399971242D+01 0.7032802287595D+01
 0.1151199970918D+01 0.6814185370501D+01
 0.1163999970595D+01 0.6603328949548D+01
 0.1176799970272D+01 0.6400096654809D+01
 0.1189599969948D+01 0.6204131578805D+01
 0.1202399969625D+01 0.6014956525633D+01
 0.1215199969301D+01 0.5832506009943D+01
 0.1227999968978D+01 0.5656344318987D+01
 0.1240799968655D+01 0.5486142499504D+01
 0.1253599968331D+01 0.5321872894054D+01
 0.1266399968008D+01 0.5163094261829D+01
 0.1279199967685D+01 0.5009563551823D+01
 0.1291999967361D+01 0.4861272283664D+01
 0.1304799967038D+01 0.4717815074505D+01
 0.1317599966715D+01 0.4578991488715D+01
 0.1330399966391D+01 0.4444797405393D+01
 0.1343199966068D+01 0.4314894013224D+01
 0.1355999965745D+01 0.4189092390801D+01
 0.1368799965421D+01 0.4067380149543D+01
 0.1381599965098D+01 0.3949510413155D+01
 0.1394399964774D+01 0.3835278559776D+01
 0.1407199964451D+01 0.3724646780380D+01
 0.1419999964128D+01 0.3617493044671D+01
 0.1432799963804D+01 0.3513571342595D+01
 0.1445599963481D+01 0.3412797231223D+01
 0.1458399963158D+01 0.3315215457808D+01
 0.1471199962834D+01 0.3220508130687D+01
 0.1483999962511D+01 0.3128600870657D+01
 0.1496799962188D+01 0.3039504378065D+01
 0.1509599961864D+01 0.2953051581308D+01
 0.1522399961541D+01 0.2869093454793D+01
 0.1535199961218D+01 0.2787571542857D+01
 0.1547999960894D+01 0.2708532719611D+01
 0.1560799960571D+01 0.2631717859300D+01
 0.1573599960248D+01 0.2557072691349D+01
 0.1586399959924D+01 0.2484594927317D+01
 0.1599199959601D+01 0.2414212491461D+01
 0.1611999959277D+01 0.2345767628203D+01
 0.1624799958954D+01 0.2279214545575D+01
 0.1637599958631D+01 0.2214579572474D+01
 0.1650399958307D+01 0.2151736224645D+01
 0.1663199957984D+01 0.2090584867338D+01
 0.1675999957661D+01 0.2031086734180D+01
 0.1688799957337D+01 0.1973278245133D+01
 0.1701599957014D+01 0.1917021497220D+01
 0.1714399956691D+01 0.1862246800992D+01
 0.1727199956367D+01 0.1808921206712D+01
 0.1739999956044D+01 0.1757080086543D+01
 0.1752799955721D+01 0.1706601420778D+01
 0.1765599955397D+01 0.1657424701565D+01
 0.1778399955074D+01 0.1609521816698D+01
 0.1791199954750D+01 0.1562917295798D+01
 0.1803999954427D+01 0.1517526635967D+01
 0.1816799954104D+01 0.1473283930339D+01
 0.1829599953780D+01 0.1430165085428D+01
 0.1842399953457D+01 0.1388176426784D+01
 0.1855199953134D+01 0.1347287085282D+01
 0.1867999952810D+01 0.1307413435274D+01
 0.1880799952487D+01 0.1268534739544D+01
 0.1893599952164D+01 0.1230631068291D+01
 0.1906399951840D+01 0.1193739786523D+01
 0.1919199951517D+01 0.1157751122494D+01
 0.1931999951194D+01 0.1122647135975D+01
 0.1944799950870D+01 0.1088410359043D+01
 0.1957599950547D+01 0.1055051903330D+01
 0.1970399950224D+01 0.1022534593349D+01
 0.1983199949900D+01 0.9908074141233D+00
 0.1995999949577D+01 0.9598551647422D+00
 0.2008799949253D+01 0.9296630317315D+00
 0.2021599948930D+01 0.9002524381149D+00
 0.2034399948607D+01 0.8715593374480D+00
 0.2047199948283D+01 0.8435627717687D+00
 0.2059999947960D+01 0.8162497571237D+00
 0.2072799947637D+01 0.7896104785667D+00
 0.2085599947313D+01 0.7636576336946D+00
 0.2098399946990D+01 0.7383347463331D+00
 0.2111199946667D+01 0.7136303583691D+00
 0.2123999946343D+01 0.6895332878925D+00
 0.2136799946020D+01 0.6662324652181D+00
 0.2149599945697D+01 0.6443904308437D+00
 0.2162399945373D+01 0.6225483964692D+00
 0.2175199945050D+01 0.6007063620948D+00
 0.2187999944726D+01 0.5788643277203D+00
 0.2200799944403D+01 0.5572763628115D+00
 0.2213599944080D+01 0.5359380599472D+00
 0.2226399943756D+01 0.5148451130626D+00
 0.2239199943433D+01 0.4939933145526D+00
 0.2251999943110D+01 0.4733785524732D+00
 0.2264799942786D+01 0.4529968078387D+00
 0.2277599942463D+01 0.4328441520094D+00
 0.2290399942140D+01 0.4129167441670D+00
 0.2303199941816D+01 0.3932108288744D+00
 0.2315999941493D+01 0.3737227337164D+00
 0.2328799941170D+01 0.3544488670176D+00
 0.2341599940846D+01 0.3353857156364D+00
 0.2354399940523D+01 0.3165298428294D+00
 0.2367199940199D+01 0.2978778861867D+00
 0.2379999939876D+01 0.2794265556322D+00
 0.2392799939553D+01 0.2611726314895D+00
 0.2405599939229D+01 0.2431129626088D+00
 0.2418399938906D+01 0.2252444645531D+00
 0.2431199938583D+01 0.2075641178425D+00
 0.2443999938259D+01 0.1900689662529D+00
 0.2456799937936D+01 0.1727561151684D+00
 0.2469599937613D+01 0.1556227299843D+00
 0.2482399937289D+01 0.1386660345604D+00
 0.2495199936966D+01 0.1218833097211D+00
 0.2507999936643D+01 0.1052718918021D+00
 0.2520799936319D+01 0.8882917124056D-01
 0.2533599935996D+01 0.7255259120884D-01
 0.2546399935673D+01 0.5643964628897D-01
 0.2559199935349D+01 0.4048788118698D-01
 0.2571999935026D+01 0.2469488948571D-01
 0.2584799934702D+01 0.9058312434517D-02
 0.2597599934379D+01-0.6424162225036D-02
 0.2610399934056D+01-0.2175480139911D-01
 0.2623199933732D+01-0.3693582774807D-01
 0.2635999933409D+01-0.5196942076071D-01
 0.2648799933086D+01-0.6685771779739D-01
 0.2661599932762D+01-0.8160281510303D-01
 0.2674399932439D+01-0.9620676879102D-01
 0.2687199932116D+01-0.1106715957991D+00
 0.2699999931792D+01-0.1249992748177D+00
 0.2712799931469D+01-0.1391917471926D+00
 0.2725599931146D+01-0.1532509178018D+00
 0.2738399930822D+01-0.1671786559075D+00
 0.2751199930499D+01-0.1809767959849D+00
 0.2763999930175D+01-0.1946471385276D+00
 0.2776799929852D+01-0.2081914508307D+00
 0.2789599929529D+01-0.2216114677528D+00
 0.2802399929205D+01-0.2349088924563D+00
 0.2815199928882D+01-0.2480853971285D+00
 0.2827999928559D+01-0.2611426236820D+00
 0.2840799928235D+01-0.2740821844372D+00
 0.2853599927912D+01-0.2869056627858D+00
 0.2866399927589D+01-0.2996146138369D+00
 400 0.000025010  0.000000  1.200000   2H  1
  32  64  96 128 160 192 224 256 288
 0.2499999936845D-04 0.7999835553000D+05
 0.4999999873689D-04 0.3999835447647D+05
 0.7499999810534D-04 0.2666502077083D+05
 0.9999999747379D-04 0.1999835390337D+05
 0.1249999968422D-03 0.1599835377166D+05
 0.1499999962107D-03 0.1333168700804D+05
 0.1749999955791D-03 0.1142692502631D+05
 0.1999999949476D-03 0.9998353533353D+04
 0.2249999943160D-03 0.8887242366291D+04
 0.2499999936845D-03 0.7998353427396D+04
 0.2749999930529D-03 0.7271080654470D+04
 0.2999999924214D-03 0.6665020006038D+04
 0.3249999917898D-03 0.6152199453386D+04
 0.3499999911583D-03 0.5712638976005D+04
 0.3749999905267D-03 0.5331686558850D+04
 0.3999999898952D-03 0.4998353190640D+04
 0.4249999892636D-03 0.4704235509798D+04
 0.4499999886320D-03 0.4442797568439D+04
 0.4749999880005D-03 0.4208879407701D+04
 0.4999999873689D-03 0.3998353060494D+04
 0.5249999867374D-03 0.3807876839176D+04
 0.5499999861058D-03 0.3634716635675D+04
 0.5749999854743D-03 0.3476613838972D+04
 0.5999999848427D-03 0.3331686273221D+04
 0.6249999842112D-03 0.3198352910711D+04
 0.6499999835796D-03 0.3075275958759D+04
 0.6749999829481D-03 0.2961315816198D+04
 0.6999999823165D-03 0.2855495682022D+04
 0.7249999816850D-03 0.2756973486397D+04
 0.7499999810534D-03 0.2665019435472D+04
 0.7749999804219D-03 0.2578997902341D+04
 0.7999999797903D-03 0.2498352713461D+04
 0.8499999785272D-03 0.2351293835197D+04
 0.8999999772641D-03 0.2220574826728D+04
 0.9499999760010D-03 0.2103615708620D+04
 0.9999999747379D-03 0.1998352497324D+04
 0.1049999973475D-02 0.1903114349013D+04
 0.1099999972212D-02 0.1816534209649D+04
 0.1149999970949D-02 0.1737482773722D+04
 0.1199999969685D-02 0.1665018953304D+04
 0.1249999968422D-02 0.1598352234538D+04
 0.1299999967159D-02 0.1536813721082D+04
 0.1349999965896D-02 0.1479833612349D+04
 0.1399999964633D-02 0.1426923507835D+04
 0.1449999963370D-02 0.1377662372624D+04
 0.1499999962107D-02 0.1331685309787D+04
 0.1549999960844D-02 0.1288674505870D+04
 0.1599999959581D-02 0.1248351874102D+04
 0.1649999958317D-02 0.1210473035198D+04
 0.1699999957054D-02 0.1174822360378D+04
 0.1749999955791D-02 0.1141208864150D+04
 0.1799999954528D-02 0.1109462781633D+04
 0.1849999953265D-02 0.1079432700906D+04
 0.1899999952002D-02 0.1050983148145D+04
 0.1949999950739D-02 0.1023992544276D+04
 0.1999999949476D-02 0.9983514681342D+03
 0.2049999948213D-02 0.9739611737892D+03
 0.2099999946950D-02 0.9507323196853D+03
 0.2149999945686D-02 0.9285838751092D+03
 0.2199999944423D-02 0.9074421757757D+03
 0.2249999943160D-02 0.8872401053361D+03
 0.2299999941897D-02 0.8679163836466D+03
 0.2349999940634D-02 0.8494149458940D+03
 0.2399999939371D-02 0.8316843993329D+03
 0.2499999936845D-02 0.7983509659038D+03
 0.2599999934318D-02 0.7675816351862D+03
 0.2699999931792D-02 0.7390915068852D+03
 0.2799999929266D-02 0.7126363807474D+03
 0.2899999926740D-02 0.6880057393130D+03
 0.2999999924214D-02 0.6650171341167D+03
 0.3099999921687D-02 0.6435116584307D+03
 0.3199999919161D-02 0.6233502688684D+03
 0.3299999916635D-02 0.6044107757865D+03
 0.3399999914109D-02 0.5865853647937D+03
 0.3499999911583D-02 0.5697785431440D+03
 0.3599999909056D-02 0.5539054283958D+03
 0.3699999906530D-02 0.5388903145881D+03
 0.3799999904004D-02 0.5246654648084D+03
 0.3899999901478D-02 0.5111700895197D+03
 0.3999999898952D-02 0.4983494781381D+03
 0.4099999896425D-02 0.4861542576983D+03
 0.4199999893899D-02 0.4745397574224D+03
 0.4299999891373D-02 0.4634654619531D+03
 0.4399999888847D-02 0.4528945391479D+03
 0.4499999886320D-02 0.4427934308315D+03
 0.4599999883794D-02 0.4331314969315D+03
 0.4699999881268D-02 0.4238807050419D+03
 0.4799999878742D-02 0.4150153587897D+03
 0.4899999876216D-02 0.4065118594639D+03
 0.4999999873689D-02 0.3983484962527D+03
 0.5099999871163D-02 0.3905052611523D+03
 0.5199999868637D-02 0.3829636852342D+03
 0.5299999866111D-02 0.3757066934541D+03
 0.5399999863585D-02 0.3687184755845D+03
 0.5499999861058D-02 0.3619843712315D+03
 0.5599999858532D-02 0.3554907671748D+03
 0.5799999853480D-02 0.3431753012739D+03
 0.5999999848427D-02 0.3316808536485D+03
 0.6199999843375D-02 0.3209279709335D+03
 0.6399999838322D-02 0.3108471314344D+03
 0.6599999833270D-02 0.3013772403285D+03
 0.6799999828218D-02 0.2924643904197D+03
 0.6999999823165D-02 0.2840608353338D+03
 0.7199999818113D-02 0.2761241338495D+03
 0.7399999813060D-02 0.2686164329856D+03
 0.7599999808008D-02 0.2615038642854D+03
 0.7799999802955D-02 0.2547560329797D+03
 0.7999999797903D-02 0.2483455837767D+03
 0.8199999792851D-02 0.2422478301911D+03
 0.8399999787798D-02 0.2364404368348D+03
 0.8599999782746D-02 0.2309031460291D+03
 0.8799999777693D-02 0.2256175417028D+03
 0.8999999772641D-02 0.2205668447673D+03
 0.9199999767588D-02 0.2157357351842D+03
 0.9399999762536D-02 0.2111101967523D+03
 0.9599999757484D-02 0.2066773812857D+03
 0.9799999752431D-02 0.2024254894254D+03
 0.9999999747379D-02 0.1983436657667D+03
 0.1019999974233D-01 0.1944219063094D+03
 0.1039999973727D-01 0.1906509765857D+03
 0.1059999973222D-01 0.1870223390742D+03
 0.1079999972717D-01 0.1835280886643D+03
 0.1099999972212D-01 0.1801608951518D+03
 0.1119999971706D-01 0.1769139519324D+03
 0.1139999971201D-01 0.1737809300497D+03
 0.1159999970696D-01 0.1707559370269D+03
 0.1179999970191D-01 0.1678334798847D+03
 0.1199999969685D-01 0.1650084318288D+03
 0.1239999968675D-01 0.1596317096533D+03
 0.1279999967664D-01 0.1545910096517D+03
 0.1319999966654D-01 0.1498557844111D+03
 0.1359999965644D-01 0.1453990803320D+03
 0.1399999964633D-01 0.1411970242258D+03
 0.1439999963623D-01 0.1372283954810D+03
 0.1479999962612D-01 0.1334742676058D+03
 0.1519999961602D-01 0.1299177063708D+03
 0.1559999960591D-01 0.1265435143911D+03
 0.1599999959581D-01 0.1233380140204D+03
 0.1639999958570D-01 0.1202888620128D+03
 0.1679999957560D-01 0.1173848906706D+03
 0.1719999956549D-01 0.1146159711576D+03
 0.1759999955539D-01 0.1119728954384D+03
 0.1799999954528D-01 0.1094472739710D+03
 0.1839999953518D-01 0.1070314467220D+03
 0.1879999952507D-01 0.1047184055990D+03
 0.1919999951497D-01 0.1025017265119D+03
 0.1959999950486D-01 0.1003755097769D+03
 0.1999999949476D-01 0.9833432768310D+02
 0.2039999948465D-01 0.9637317824205D+02
 0.2079999947455D-01 0.9448744421503D+02
 0.2119999946444D-01 0.9267285683156D+02
 0.2159999945434D-01 0.9092546355213D+02
 0.2199999944423D-01 0.8924159925872D+02
 0.2239999943413D-01 0.8761786065391D+02
 0.2279999942402D-01 0.8605108326847D+02
 0.2319999941392D-01 0.8453832084088D+02
 0.2359999940381D-01 0.8307682690876D+02
 0.2399999939371D-01 0.8166403804562D+02
 0.2439999938360D-01 0.8029755897616D+02
 0.2479999937350D-01 0.7897514891912D+02
 0.2559999935329D-01 0.7645427303082D+02
 0.2639999933308D-01 0.7408613666858D+02
 0.2719999931287D-01 0.7185726302720D+02
 0.2799999929266D-01 0.6975571550733D+02
 0.2879999927245D-01 0.6777088379797D+02
 0.2959999925224D-01 0.6589330464859D+02
 0.3039999923203D-01 0.6411451094023D+02
 0.3119999921182D-01 0.6242690397683D+02
 0.3199999919161D-01 0.6082364493283D+02
 0.3279999917140D-01 0.5929856218625D+02
 0.3359999915119D-01 0.5784607185225D+02
 0.3439999913098D-01 0.5646110952876D+02
 0.3519999911077D-01 0.5513907119911D+02
 0.3599999909056D-01 0.5387576209482D+02
 0.3679999907035D-01 0.5266735217840D+02
 0.3759999905014D-01 0.5151033738477D+02
 0.3839999902993D-01 0.5040150569426D+02
 0.3919999900972D-01 0.4933790727031D+02
 0.3999999898952D-01 0.4831682819120D+02
 0.4079999896931D-01 0.4733576751268D+02
 0.4159999894910D-01 0.4639241662316D+02
 0.4239999892889D-01 0.4548464106094D+02
 0.4319999890868D-01 0.4461046462169D+02
 0.4399999888847D-01 0.4376805472465D+02
 0.4479999886826D-01 0.4295570968047D+02
 0.4559999884805D-01 0.4217184733122D+02
 0.4639999882784D-01 0.4141499442372D+02
 0.4719999880763D-01 0.4068377782655D+02
 0.4799999878742D-01 0.3997691577574D+02
 0.4879999876721D-01 0.3929321062780D+02
 0.4959999874700D-01 0.3863154202317D+02
 0.5039999872679D-01 0.3799086064734D+02
 0.5199999868637D-01 0.3676858557356D+02
 0.5359999864595D-01 0.3561921530834D+02
 0.5519999860553D-01 0.3453641106637D+02
 0.5679999856511D-01 0.3351454828920D+02
 0.5839999852469D-01 0.3254861880634D+02
 0.5999999848427D-01 0.3163414865122D+02
 0.6159999844385D-01 0.3076712868533D+02
 0.6319999840343D-01 0.2994395568233D+02
 0.6479999836301D-01 0.2916138238002D+02
 0.6639999832259D-01 0.2841647448897D+02
 0.6799999828218D-01 0.2770657388377D+02
 0.6959999824176D-01 0.2702926687147D+02
 0.7119999820134D-01 0.2638235661053D+02
 0.7279999816092D-01 0.2576383945598D+02
 0.7439999812050D-01 0.2517188420817D+02
 0.7599999808008D-01 0.2460481384240D+02
 0.7759999803966D-01 0.2406108937547D+02
 0.7919999799924D-01 0.2353929654222D+02
 0.8079999795882D-01 0.2303813304228D+02
 0.8239999791840D-01 0.2255639741819D+02
 0.8399999787798D-01 0.2209298007196D+02
 0.8559999783756D-01 0.2164685440151D+02
 0.8719999779714D-01 0.2121706865303D+02
 0.8879999775672D-01 0.2080274032225D+02
 0.9039999771630D-01 0.2040304900147D+02
 0.9199999767588D-01 0.2001723129030D+02
 0.9359999763547D-01 0.1964457641483D+02
 0.9519999759505D-01 0.1928442065947D+02
 0.9679999755463D-01 0.1893614504745D+02
 0.9839999751421D-01 0.1859917009552D+02
 0.9999999747379D-01 0.1827295395664D+02
 0.1015999974334D+00 0.1795698858886D+02
 0.1047999973525D+00 0.1735393362573D+02
 0.1079999972717D+00 0.1678652992633D+02
 0.1111999971909D+00 0.1625170221875D+02
 0.1143999971100D+00 0.1574671929188D+02
 0.1175999970292D+00 0.1526914718853D+02
 0.1207999969483D+00 0.1481680983432D+02
 0.1239999968675D+00 0.1438775576865D+02
 0.1271999967867D+00 0.1398022989478D+02
 0.1303999967058D+00 0.1359264939353D+02
 0.1335999966250D+00 0.1322358270034D+02
 0.1367999965441D+00 0.1287173268150D+02
 0.1399999964633D+00 0.1253592068061D+02
 0.1431999963825D+00 0.1221507338370D+02
 0.1463999963016D+00 0.1190821103587D+02
 0.1495999962208D+00 0.1161443765616D+02
 0.1527999961399D+00 0.1133293286921D+02
 0.1559999960591D+00 0.1106294341134D+02
 0.1591999959783D+00 0.1080377559681D+02
 0.1623999958974D+00 0.1055479183132D+02
 0.1655999958166D+00 0.1031540338034D+02
 0.1687999957358D+00 0.1008506497152D+02
 0.1719999956549D+00 0.9863273637960D+01
 0.1751999955741D+00 0.9649562284348D+01
 0.1783999954932D+00 0.9443496767651D+01
 0.1815999954124D+00 0.9244675042993D+01
 0.1847999953316D+00 0.9052721029914D+01
 0.1879999952507D+00 0.8867285869141D+01
 0.1911999951699D+00 0.8688043258103D+01
 0.1943999950890D+00 0.8514688135336D+01
 0.1975999950082D+00 0.8346936239058D+01
 0.2007999949274D+00 0.8184519724431D+01
 0.2039999948465D+00 0.8027189740355D+01
 0.2103999946848D+00 0.7726862287182D+01
 0.2167999945232D+00 0.7444241501307D+01
 0.2231999943615D+00 0.7177811245641D+01
 0.2295999941998D+00 0.6926224288675D+01
 0.2359999940381D+00 0.6688279395426D+01
 0.2423999938765D+00 0.6462902075614D+01
 0.2487999937148D+00 0.6249128280210D+01
 0.2551999935531D+00 0.6046090579000D+01
 0.2615999933914D+00 0.5853006347239D+01
 0.2679999932298D+00 0.5669167664184D+01
 0.2743999930681D+00 0.5493931532297D+01
 0.2807999929064D+00 0.5326714774500D+01
 0.2871999927447D+00 0.5166985970470D+01
 0.2935999925830D+00 0.5014259904845D+01
 0.2999999924214D+00 0.4868091402299D+01
 0.3063999922597D+00 0.4728073701113D+01
 0.3127999920980D+00 0.4593833638215D+01
 0.3191999919363D+00 0.4465026792959D+01
 0.3255999917747D+00 0.4341335388721D+01
 0.3319999916130D+00 0.4222468159120D+01
 0.3383999914513D+00 0.4108153801508D+01
 0.3447999912896D+00 0.3998141296808D+01
 0.3511999911279D+00 0.3892199878422D+01
 0.3575999909663D+00 0.3790111628135D+01
 0.3639999908046D+00 0.3691677453535D+01
 0.3703999906429D+00 0.3596710377495D+01
 0.3767999904812D+00 0.3505035099394D+01
 0.3831999903196D+00 0.3416490940571D+01
 0.3895999901579D+00 0.3330923278166D+01
 0.3959999899962D+00 0.3248192719293D+01
 0.4023999898345D+00 0.3168163431845D+01
 0.4087999896728D+00 0.3090712726023D+01
 0.4215999893495D+00 0.2943081328665D+01
 0.4343999890261D+00 0.2804442237727D+01
 0.4471999887028D+00 0.2674036640273D+01
 0.4599999883794D+00 0.2551189638493D+01
 0.4727999880561D+00 0.2435298592338D+01
 0.4855999877327D+00 0.2325823998830D+01
 0.4983999874094D+00 0.2222281804377D+01
 0.5111999870860D+00 0.2124235784945D+01
 0.5239999867626D+00 0.2031292034731D+01
 0.5367999864393D+00 0.1943093907939D+01
 0.5495999861159D+00 0.1859317508560D+01
 0.5623999857926D+00 0.1779666594194D+01
 0.5751999854692D+00 0.1703873740535D+01
 0.5879999851459D+00 0.1631693640365D+01
 0.6007999848225D+00 0.1562901261312D+01
 0.6135999844992D+00 0.1497288420217D+01
 0.6263999841758D+00 0.1434667170612D+01
 0.6391999838524D+00 0.1374863329819D+01
 0.6519999835291D+00 0.1317712887561D+01
 0.6647999832057D+00 0.1263069158462D+01
 0.6775999828824D+00 0.1210794674615D+01
 0.6903999825590D+00 0.1160759028470D+01
 0.7031999822357D+00 0.1112846201441D+01
 0.7159999819123D+00 0.1066944933032D+01
 0.7287999815890D+00 0.1022951916737D+01
 0.7415999812656D+00 0.9807735528229D+00
 0.7543999809423D+00 0.9403174397737D+00
 0.7671999806189D+00 0.9015033739817D+00
 0.7799999802955D+00 0.8642509246980D+00
 0.7927999799722D+00 0.8284886017832D+00
 0.8055999796488D+00 0.7941473307106D+00
 0.8183999793255D+00 0.7611627074879D+00
 0.8311999790021D+00 0.7294750743524D+00
 0.8439999786788D+00 0.6990266527166D+00
 0.8567999783554D+00 0.6697653450028D+00
 0.8695999780321D+00 0.6416394373643D+00
 0.8823999777087D+00 0.6146029485491D+00
 0.8951999773853D+00 0.5886099087434D+00
 0.9079999770620D+00 0.5636190749739D+00
 0.9207999767386D+00 0.5395899758201D+00
 0.9335999764153D+00 0.5164848453587D+00
 0.9463999760919D+00 0.4942688778945D+00
 0.9591999757686D+00 0.4729063249132D+00
 0.9719999754452D+00 0.4523682237089D+00
 0.9847999751219D+00 0.4326198871324D+00
 0.9975999747985D+00 0.4136370453322D+00
 0.1010399974475D+01 0.3953886844334D+00
 0.1023199974152D+01 0.3778512867952D+00
 0.1035999973828D+01 0.3609993507792D+00
 0.1048799973505D+01 0.3448080240681D+00
 0.1061599973182D+01 0.3292581557949D+00
 0.1074399972858D+01 0.3143240484467D+00
 0.1087199972535D+01 0.2999895204167D+00
 0.1099999972212D+01 0.2862335171148D+00
 0.1112799971888D+01 0.2730363036885D+00
 0.1125599971565D+01 0.2603839239945D+00
 0.1138399971242D+01 0.2482551797238D+00
 0.1151199970918D+01 0.2366373487915D+00
 0.1163999970595D+01 0.2255158175050D+00
 0.1176799970272D+01 0.2152741739851D+00
 0.1189599969948D+01 0.2050598702488D+00
 0.1202399969625D+01 0.1950630367185D+00
 0.1215199969301D+01 0.1852768013930D+00
 0.1227999968978D+01 0.1756945787908D+00
 0.1240799968655D+01 0.1663100551720D+00
 0.1253599968331D+01 0.1571171746648D+00
 0.1266399968008D+01 0.1481101262336D+00
 0.1279199967685D+01 0.1392833314295D+00
 0.1291999967361D+01 0.1306314328691D+00
 0.1304799967038D+01 0.1221492833915D+00
 0.1317599966715D+01 0.1138319358467D+00
 0.1330399966391D+01 0.1056746334742D+00
 0.1343199966068D+01 0.9767280083113D-01
 0.1355999965745D+01 0.8982203523506D-01
 0.1368799965421D+01 0.8211809868579D-01
 0.1381599965098D+01 0.7455691023703D-01
 0.1394399964774D+01 0.6713453878789D-01
 0.1407199964451D+01 0.5984719626791D-01
 0.1419999964128D+01 0.5269123119054D-01
 0.1432799963804D+01 0.4566312255230D-01
 0.1445599963481D+01 0.3875947405596D-01
 0.1458399963158D+01 0.3197700863800D-01
 0.1471199962834D+01 0.2531256328170D-01
 0.1483999962511D+01 0.1876308409865D-01
 0.1496799962188D+01 0.1232562166272D-01
 0.1509599961864D+01 0.5997326581298D-02
 0.1522399961541D+01-0.2245547100024D-03
 0.1535199961218D+01-0.6342683942250D-02
 0.1547999960894D+01-0.1235963480993D-01
 0.1560799960571D+01-0.1827789658086D-01
 0.1573599960248D+01-0.2409987752990D-01
 0.1586399959924D+01-0.2982790820643D-01
 0.1599199959601D+01-0.3546424454497D-01
 0.1611999959277D+01-0.4101107082751D-01
 0.1624799958954D+01-0.4647050250590D-01
 0.1637599958631D+01-0.5184458889181D-01
 0.1650399958307D+01-0.5713531572156D-01
 0.1663199957984D+01-0.6234460760251D-01
 0.1675999957661D+01-0.6747433034733D-01
 0.1688799957337D+01-0.7252629320213D-01
 0.1701599957014D+01-0.7750225097402D-01
 0.1714399956691D+01-0.8240390606336D-01
 0.1727199956367D+01-0.8723291040566D-01
 0.1739999956044D+01-0.9199086732776D-01
 0.1752799955721D+01-0.9667933332265D-01
 0.1765599955397D+01-0.1012998197472D+00
 0.1778399955074D+01-0.1058537944462D+00
 0.1791199954750D+01-0.1103426833077D+00
 0.1803999954427D+01-0.1147678717508D+00
 0.1816799954104D+01-0.1191307061515D+00
 0.1829599953780D+01-0.1234324952086D+00
 0.1842399953457D+01-0.1276745112524D+00
