1338.00 1578.00 527.00
1255.38 1578.00 494.46
1178.44 1578.00 464.15
1106.71 1578.00 435.90
1039.74 1578.00 409.52
977.14 1578.00 384.87
918.56 1578.00 361.79
863.67 1578.00 340.17
812.17 1578.00 319.89
763.81 1578.00 300.84
718.34 1578.00 282.93
675.53 1578.00 266.07
635.18 1578.00 250.18
597.10 1578.00 235.18
561.12 1578.00 221.01
527.09 1578.00 207.61
494.85 1578.00 194.91
464.27 1578.00 182.86
435.22 1578.00 171.42
407.59 1578.00 160.54
381.25 1578.00 150.16
356.11 1578.00 140.26
332.07 1578.00 130.79
309.02 1578.00 121.71
286.87 1578.00 112.99
265.52 1578.00 104.58
