     0.000000    -0.391480     0.813020     0.813020     0.813020     0.890370     0.907110     0.907110     1.467320     1.467320
     0.020000    -0.391230     0.804780     0.812590     0.812590     0.895050     0.906220     0.911340     1.461980     1.461980
     0.040000    -0.390500     0.786060     0.811310     0.811310     0.899530     0.903580     0.927600     1.450880     1.450880
     0.060000    -0.389270     0.763500     0.809180     0.809180     0.899270     0.901680     0.951340     1.438700     1.438700
     0.080000    -0.387560     0.739700     0.806230     0.806230     0.893390     0.903570     0.977900     1.426940     1.426940
     0.100000    -0.385350     0.715610     0.802450     0.802450     0.886090     0.905680     1.005790     1.416100     1.416100
     0.120000    -0.382670     0.691630     0.797890     0.797890     0.877540     0.908140     1.034450     1.406400     1.406400
     0.140000    -0.379500     0.667960     0.792560     0.792560     0.867890     0.910980     1.063580     1.397920     1.397920
     0.160000    -0.375850     0.644710     0.786500     0.786500     0.857330     0.914210     1.092960     1.390740     1.390740
     0.180000    -0.371730     0.621950     0.779760     0.779760     0.846010     0.917850     1.122420     1.384850     1.384850
     0.200000    -0.367150     0.599740     0.772380     0.772380     0.834080     0.921880     1.151760     1.380280     1.380280
     0.220000    -0.362100     0.578100     0.764410     0.764410     0.821680     0.926310     1.180780     1.377000     1.377000
     0.240000    -0.356600     0.557080     0.755910     0.755910     0.808920     0.931120     1.209210     1.375000     1.375000
     0.260000    -0.350660     0.536680     0.746940     0.746940     0.795920     0.936290     1.236740     1.374250     1.374250
     0.280000    -0.344270     0.516930     0.737570     0.737570     0.782750     0.941830     1.262930     1.374710     1.374710
     0.300000    -0.337470     0.497860     0.727840     0.727840     0.769520     0.947700     1.287260     1.376350     1.376350
     0.320000    -0.330250     0.479480     0.717840     0.717840     0.756280     0.953880     1.309040     1.379120     1.379120
     0.340000    -0.322630     0.461800     0.707610     0.707610     0.743100     0.960330     1.327470     1.383000     1.383000
     0.360000    -0.314630     0.444860     0.697210     0.697210     0.730040     0.967030     1.341630     1.387920     1.387920
     0.380000    -0.306270     0.428670     0.686710     0.686710     0.717130     0.973900     1.350660     1.393850     1.393850
     0.400000    -0.297570     0.413260     0.676150     0.676150     0.704420     0.980880     1.353920     1.400760     1.400760
     0.420000    -0.288540     0.398640     0.665580     0.665580     0.691940     0.987870     1.351290     1.408590     1.408590
     0.440000    -0.279230     0.384840     0.655060     0.655060     0.679720     0.994740     1.343150     1.417320     1.417320
     0.460000    -0.269660     0.371900     0.644620     0.644620     0.667800     1.001300     1.330430     1.426900     1.426900
     0.480000    -0.259860     0.359850     0.634310     0.634310     0.656180     1.007290     1.314290     1.437310     1.437310
     0.500000    -0.249870     0.348710     0.624160     0.624160     0.644900     1.012340     1.296060     1.448500     1.448500
     0.520000    -0.239730     0.338540     0.614200     0.614200     0.633970     1.015940     1.277070     1.460450     1.460450
     0.540000    -0.229510     0.329370     0.604470     0.604470     0.623410     1.017400     1.258680     1.473130     1.473130
     0.560000    -0.219230     0.321250     0.594990     0.594990     0.613220     1.015860     1.242280     1.486500     1.486500
     0.580000    -0.208980     0.314240     0.585800     0.585800     0.603430     1.010430     1.229150     1.500540     1.500540
     0.600000    -0.198800     0.308380     0.576900     0.576900     0.594050     1.000480     1.220250     1.515220     1.515220
     0.620000    -0.188780     0.303750     0.568340     0.568340     0.585070     0.985890     1.215880     1.530520     1.530520
     0.640000    -0.178970     0.300400     0.560110     0.560110     0.576520     0.967160     1.215750     1.546390     1.546390
     0.660000    -0.169450     0.298400     0.552250     0.552250     0.568390     0.945100     1.219150     1.562820     1.562820
     0.680000    -0.160300     0.297810     0.544760     0.544760     0.560700     0.920590     1.225280     1.579770     1.579770
     0.700000    -0.151580     0.298680     0.537670     0.537670     0.553460     0.894380     1.233470     1.597200     1.597200
     0.720000    -0.143370     0.301070     0.530980     0.530980     0.546660     0.867030     1.243170     1.615080     1.615080
     0.740000    -0.135710     0.305020     0.524700     0.524700     0.540310     0.838970     1.253950     1.633350     1.633350
     0.760000    -0.128660     0.310560     0.518850     0.518850     0.534410     0.810540     1.265480     1.651980     1.651980
     0.780000    -0.122240     0.317700     0.513440     0.513440     0.528980     0.781960     1.277490     1.670880     1.670880
     0.800000    -0.116470     0.326430     0.508470     0.508470     0.524010     0.753420     1.289740     1.689980     1.689980
     0.820000    -0.111360     0.336750     0.503960     0.503960     0.519500     0.725050     1.302000     1.709190     1.709190
     0.840000    -0.106900     0.348610     0.499900     0.499900     0.515460     0.696980     1.314050     1.728350     1.728350
     0.860000    -0.103070     0.361970     0.496310     0.496310     0.511900     0.669310     1.325640     1.747290     1.747290
     0.880000    -0.099840     0.376770     0.493180     0.493180     0.508800     0.642110     1.336520     1.765760     1.765760
     0.900000    -0.097180     0.392930     0.490530     0.490530     0.506180     0.615480     1.346430     1.783400     1.783400
     0.920000    -0.095060     0.410370     0.488360     0.488360     0.504030     0.589480     1.355090     1.799710     1.799710
     0.940000    -0.093450     0.429000     0.486670     0.486670     0.502360     0.564210     1.362210     1.814020     1.814020
     0.960000    -0.092320     0.448680     0.485460     0.485460     0.501170     0.539800     1.367520     1.825400     1.825400
     0.980000    -0.091650     0.469010     0.484730     0.484730     0.500450     0.516630     1.370800     1.832840     1.832840
     1.000000    -0.091430     0.484490     0.484490     0.484490     0.500210     0.500210     1.371910     1.835450     1.835450
     1.000000    -0.091430     0.484490     0.484490     0.484490     0.500210     0.500210     1.371910     1.835450     1.835450
     1.014142    -0.091540     0.476580     0.481460     0.484610     0.503700     0.508370     1.371350     1.834130     1.834790
     1.028284    -0.091870     0.464130     0.475690     0.484970     0.510850     0.521580     1.369690     1.830160     1.832880
     1.042426    -0.092420     0.451300     0.469580     0.485580     0.519260     0.535660     1.366920     1.823550     1.829880
     1.056569    -0.093180     0.438560     0.463680     0.486430     0.528380     0.550160     1.363080     1.814370     1.826030
     1.070711    -0.094160     0.426000     0.458150     0.487510     0.538030     0.564980     1.358210     1.802820     1.821590
     1.084853    -0.095340     0.413660     0.453040     0.488840     0.548140     0.580070     1.352350     1.789220     1.816790
     1.098995    -0.096730     0.401570     0.448390     0.490400     0.558670     0.595430     1.345540     1.773950     1.811840
     1.113137    -0.098300     0.389720     0.444210     0.492200     0.569600     0.611030     1.337850     1.757370     1.806920
     1.127279    -0.100050     0.378130     0.440510     0.494240     0.580890     0.626880     1.329350     1.739810     1.802160
     1.141421    -0.101980     0.366790     0.437290     0.496500     0.592530     0.642960     1.320110     1.721550     1.797630
     1.155563    -0.104060     0.355720     0.434540     0.498990     0.604470     0.659280     1.310210     1.702780     1.793410
     1.169706    -0.106300     0.344910     0.432270     0.501710     0.616710     0.675830     1.299730     1.683680     1.789540
     1.183848    -0.108680     0.334360     0.430480     0.504650     0.629200     0.692600     1.288770     1.664370     1.786010
     1.197990    -0.111170     0.324080     0.429150     0.507810     0.641910     0.709590     1.277410     1.644950     1.782850
     1.212132    -0.113790     0.314070     0.428280     0.511180     0.654810     0.726800     1.265750     1.625490     1.780030
     1.226274    -0.116490     0.304330     0.427880     0.514760     0.667860     0.744220     1.253880     1.606050     1.777540
     1.240416    -0.119290     0.294860     0.427910     0.518550     0.681010     0.761850     1.241890     1.586690     1.775360
     1.254558    -0.122160     0.285660     0.428390     0.522530     0.694190     0.779680     1.229900     1.567450     1.773440
     1.268701    -0.125080     0.276740     0.429300     0.526700     0.707360     0.797700     1.218010     1.548350     1.771760
     1.282843    -0.128050     0.268090     0.430630     0.531060     0.720420     0.815920     1.206330     1.529440     1.770290
     1.296985    -0.131050     0.259710     0.432370     0.535590     0.733300     0.834320     1.194990     1.510740     1.768970
     1.311127    -0.134060     0.251610     0.434510     0.540290     0.745890     0.852890     1.184140     1.492280     1.767770
     1.325269    -0.137080     0.243790     0.437040     0.545140     0.758060     0.871630     1.173910     1.474070     1.766640
     1.339411    -0.140100     0.236240     0.439950     0.550150     0.769670     0.890540     1.164490     1.456150     1.765520
     1.353553    -0.143090     0.228970     0.443220     0.555280     0.780560     0.909580     1.156060     1.438520     1.764370
     1.367696    -0.146060     0.221990     0.446850     0.560540     0.790530     0.928770     1.148820     1.421220     1.763120
     1.381838    -0.148980     0.215280     0.450820     0.565910     0.799390     0.948080     1.142980     1.404270     1.761700
     1.395980    -0.151850     0.208850     0.455120     0.571380     0.806940     0.967500     1.138770     1.387680     1.760040
     1.410122    -0.154660     0.202700     0.459740     0.576920     0.813000     0.987010     1.136390     1.371480     1.758070
     1.424264    -0.157390     0.196840     0.464660     0.582510     0.817400     1.006600     1.135980     1.355700     1.755690
     1.438406    -0.160050     0.191250     0.469860     0.588150     0.820050     1.026230     1.137650     1.340350     1.752800
     1.452548    -0.162620     0.185950     0.475340     0.593800     0.820940     1.045890     1.141430     1.325460     1.749320
     1.466690    -0.165080     0.180940     0.481060     0.599450     0.820130     1.065540     1.147250     1.311070     1.745120
     1.480833    -0.167450     0.176210     0.487020     0.605060     0.817740     1.085140     1.154980     1.297200     1.740110
     1.494975    -0.169700     0.171760     0.493180     0.610600     0.813960     1.104660     1.164430     1.283880     1.734190
     1.509117    -0.171840     0.167590     0.499530     0.616060     0.808990     1.124040     1.175380     1.271140     1.727290
     1.523259    -0.173860     0.163720     0.506030     0.621390     0.803050     1.143220     1.187610     1.259020     1.719350
     1.537401    -0.175740     0.160120     0.512640     0.626550     0.796360     1.162120     1.200860     1.247560     1.710370
     1.551543    -0.177490     0.156820     0.519330     0.631520     0.789130     1.180660     1.214900     1.236800     1.700380
     1.565685    -0.179110     0.153800     0.526040     0.636250     0.781550     1.198730     1.226770     1.229510     1.689480
     1.579828    -0.180580     0.151070     0.532710     0.640700     0.773800     1.216190     1.217530     1.244450     1.677810
     1.593970    -0.181910     0.148620     0.539270     0.644830     0.766060     1.209100     1.232880     1.259460     1.665590
     1.608112    -0.183080     0.146460     0.545610     0.648600     0.758500     1.201540     1.248610     1.274280     1.653090
     1.622254    -0.184110     0.144590     0.551620     0.651970     0.751320     1.194890     1.263150     1.288590     1.640660
     1.636396    -0.184980     0.143010     0.557180     0.654890     0.744700     1.189180     1.276230     1.302030     1.628690
     1.650538    -0.185700     0.141710     0.562100     0.657340     0.738840     1.184450     1.287570     1.314170     1.617680
     1.664680    -0.186260     0.140700     0.566220     0.659280     0.733970     1.180740     1.296840     1.324490     1.608180
     1.678823    -0.186660     0.139980     0.569340     0.660690     0.730300     1.178070     1.303740     1.332440     1.600790
     1.692965    -0.186900     0.139550     0.571290     0.661540     0.728010     1.176460     1.307990     1.337480     1.596070
     1.707107    -0.186980     0.139400     0.571960     0.661820     0.727230     1.175920     1.309440     1.339210     1.594440
     1.707107    -0.186980     0.139400     0.571960     0.661820     0.727230     1.175920     1.309440     1.339210     1.594440
     1.721249    -0.187400     0.140070     0.572080     0.661940     0.727350     1.176040     1.309110     1.338660     1.594670
     1.735391    -0.188670     0.142040     0.572440     0.662270     0.727720     1.176420     1.308140     1.337010     1.595320
     1.749533    -0.190740     0.145290     0.573060     0.662830     0.728330     1.177040     1.306540     1.334300     1.596370
     1.763675    -0.193580     0.149760     0.573910     0.663610     0.729190     1.177920     1.304340     1.330590     1.597740
     1.777817    -0.197100     0.155400     0.575010     0.664610     0.730290     1.179050     1.301570     1.325940     1.599350
     1.791960    -0.201250     0.162130     0.576350     0.665830     0.731640     1.180420     1.298270     1.320420     1.601090
     1.806102    -0.205940     0.169860     0.577940     0.667270     0.733220     1.182050     1.294490     1.314130     1.602820
     1.820244    -0.211100     0.178530     0.579760     0.668920     0.735050     1.183920     1.290270     1.307150     1.604390
     1.834386    -0.216650     0.188050     0.581830     0.670790     0.737110     1.186050     1.285660     1.299550     1.605630
     1.848528    -0.222520     0.198350     0.584140     0.672860     0.739420     1.188430     1.280690     1.291430     1.606360
     1.862670    -0.228640     0.209350     0.586690     0.675140     0.741950     1.191050     1.275420     1.282840     1.606400
     1.876812    -0.234960     0.221010     0.589480     0.677630     0.744720     1.193930     1.269860     1.273850     1.605580
     1.890955    -0.241420     0.233260     0.592500     0.680310     0.747720     1.197060     1.264060     1.264510     1.603740
     1.905097    -0.247980     0.246050     0.595760     0.683180     0.750940     1.200430     1.254890     1.258040     1.600750
     1.919239    -0.254590     0.259330     0.599250     0.686240     0.754380     1.204060     1.245010     1.251820     1.596550
     1.933381    -0.261210     0.273070     0.602980     0.689490     0.758040     1.207940     1.234930     1.245420     1.591110
     1.947523    -0.267830     0.287220     0.606930     0.692910     0.761910     1.212060     1.224670     1.238840     1.584480
     1.961665    -0.274400     0.301760     0.611120     0.696490     0.765990     1.214260     1.216440     1.232100     1.576750
     1.975807    -0.280900     0.316650     0.615530     0.700240     0.770270     1.203730     1.221060     1.225190     1.568050
     1.989949    -0.287320     0.331870     0.620170     0.704150     0.774730     1.193090     1.218120     1.225930     1.558540
     2.004092    -0.293620     0.347390     0.625030     0.708190     0.779380     1.182370     1.210870     1.231050     1.548380
     2.018234    -0.299810     0.363180     0.630110     0.712370     0.784210     1.171570     1.203430     1.236430     1.537770
     2.032376    -0.305850     0.379240     0.635400     0.716670     0.789200     1.160730     1.195780     1.242050     1.526880
     2.046518    -0.311750     0.395520     0.640910     0.721090     0.794340     1.149830     1.187920     1.247910     1.515860
     2.060660    -0.317480     0.412020     0.646630     0.725600     0.799610     1.138910     1.179810     1.254030     1.504870
     2.074802    -0.323040     0.428720     0.652550     0.730200     0.805020     1.127960     1.171430     1.260390     1.494060
     2.088944    -0.328420     0.445590     0.658670     0.734870     0.810530     1.117000     1.162750     1.267000     1.483560
     2.103087    -0.333610     0.462630     0.664990     0.739590     0.816130     1.106030     1.153750     1.273860     1.473480
     2.117229    -0.338600     0.479800     0.671510     0.744360     0.821800     1.095060     1.144400     1.280970     1.463940
     2.131371    -0.343390     0.497100     0.678210     0.749140     0.827520     1.084100     1.134670     1.288310     1.455040
     2.145513    -0.347980     0.514510     0.685090     0.753930     0.833260     1.073160     1.124550     1.295910     1.446870
     2.159655    -0.352350     0.532000     0.692140     0.758700     0.839000     1.062240     1.114020     1.303750     1.439500
     2.173797    -0.356510     0.549570     0.699350     0.763430     0.844710     1.051370     1.103060     1.311830     1.433010
     2.187939    -0.360440     0.567190     0.706720     0.768100     0.850370     1.040530     1.091670     1.320150     1.427450
     2.202082    -0.364160     0.584850     0.714240     0.772670     0.855930     1.029760     1.079860     1.328710     1.422880
     2.216224    -0.367640     0.602520     0.721880     0.777140     0.861370     1.019060     1.067630     1.337510     1.419340
     2.230366    -0.370890     0.620180     0.729640     0.781470     0.866640     1.008460     1.054990     1.346540     1.416850
     2.244508    -0.373920     0.637820     0.737500     0.785630     0.871720     0.997960     1.041980     1.355800     1.415440
     2.258650    -0.376710     0.655400     0.745430     0.789600     0.876560     0.987590     1.028610     1.365290     1.415120
     2.272792    -0.379260     0.672900     0.753400     0.793340     0.881140     0.977400     1.014920     1.375000     1.415910
     2.286934    -0.381570     0.690280     0.761370     0.796840     0.885400     0.967410     1.000960     1.384920     1.417800
     2.301076    -0.383640     0.707500     0.769280     0.800060     0.889310     0.957680     0.986790     1.395030     1.420780
     2.315219    -0.385480     0.724500     0.777080     0.802970     0.892830     0.948290     0.972470     1.405320     1.424830
     2.329361    -0.387070     0.741190     0.784650     0.805560     0.895910     0.939330     0.958120     1.415750     1.429910
     2.343503    -0.388410     0.757450     0.791860     0.807790     0.898500     0.930940     0.943900     1.426270     1.435960
     2.357645    -0.389520     0.773040     0.798510     0.809640     0.900480     0.923330     0.930140     1.436760     1.442860
     2.371787    -0.390370     0.787550     0.804330     0.811110     0.901460     0.916760     0.917630     1.447010     1.450370
     2.385929    -0.390990     0.800210     0.808950     0.812160     0.899360     0.909210     0.911610     1.456540     1.457990
     2.400071    -0.391360     0.809470     0.811960     0.812800     0.893330     0.907270     0.908270     1.464150     1.464500
     2.414214    -0.391480     0.813020     0.813020     0.813020     0.890370     0.907110     0.907110     1.467320     1.467320
     2.414214    -0.391480     0.813020     0.813020     0.813020     0.890370     0.907110     0.907110     1.467320     1.467320
     2.431534    -0.391300     0.808180     0.811850     0.811850     0.894850     0.908050     0.908050     1.462910     1.462910
     2.448855    -0.390740     0.796030     0.808490     0.808490     0.905920     0.910750     0.910750     1.453310     1.453310
     2.466175    -0.389820     0.780040     0.803230     0.803230     0.914920     0.914920     0.920120     1.442370     1.442370
     2.483496    -0.388540     0.762140     0.796430     0.796430     0.920210     0.920210     0.935510     1.431510     1.431510
     2.500816    -0.386880     0.743220     0.788410     0.788410     0.926320     0.926320     0.951230     1.421210     1.421210
     2.518137    -0.384860     0.723730     0.779430     0.779430     0.933020     0.933020     0.966840     1.411680     1.411680
     2.535457    -0.382480     0.703910     0.769670     0.769670     0.940170     0.940170     0.982120     1.403010     1.403010
     2.552778    -0.379740     0.683910     0.759270     0.759270     0.947650     0.947650     0.996950     1.395230     1.395230
     2.570098    -0.376640     0.663850     0.748320     0.748320     0.955410     0.955410     1.011260     1.388370     1.388370
     2.587419    -0.373190     0.643800     0.736930     0.736930     0.963400     0.963400     1.025030     1.382420     1.382420
     2.604739    -0.369390     0.623830     0.725140     0.725140     0.971600     0.971600     1.038240     1.377380     1.377380
     2.622060    -0.365240     0.603990     0.713010     0.713010     0.979990     0.979990     1.050910     1.373230     1.373230
     2.639380    -0.360740     0.584330     0.700600     0.700600     0.988590     0.988590     1.063070     1.369940     1.369940
     2.656701    -0.355910     0.564890     0.687940     0.687940     0.997380     0.997380     1.074740     1.367510     1.367510
     2.674021    -0.350750     0.545690     0.675090     0.675090     1.006360     1.006360     1.085980     1.365900     1.365900
     2.691342    -0.345260     0.526790     0.662080     0.662080     1.015550     1.015550     1.096830     1.365090     1.365090
     2.708662    -0.339460     0.508190     0.648940     0.648940     1.024950     1.024950     1.107320     1.365050     1.365050
     2.725983    -0.333340     0.489940     0.635710     0.635710     1.034560     1.034560     1.117520     1.365750     1.365750
     2.743303    -0.326930     0.472070     0.622430     0.622430     1.044390     1.044390     1.127450     1.367170     1.367170
     2.760624    -0.320230     0.454590     0.609120     0.609120     1.054440     1.054440     1.137170     1.369280     1.369280
     2.777944    -0.313260     0.437530     0.595810     0.595810     1.064710     1.064710     1.146700     1.372060     1.372060
     2.795265    -0.306030     0.420930     0.582540     0.582540     1.075210     1.075210     1.156080     1.375470     1.375470
     2.812585    -0.298550     0.404800     0.569320     0.569320     1.085930     1.085930     1.165330     1.379500     1.379500
     2.829906    -0.290840     0.389180     0.556190     0.556190     1.096870     1.096870     1.174490     1.384120     1.384120
     2.847226    -0.282930     0.374090     0.543160     0.543160     1.108030     1.108030     1.183570     1.389300     1.389300
     2.864547    -0.274840     0.359560     0.530260     0.530260     1.119410     1.119410     1.192580     1.395040     1.395040
     2.881867    -0.266580     0.345630     0.517500     0.517500     1.130990     1.130990     1.201540     1.401300     1.401300
     2.899188    -0.258200     0.332320     0.504910     0.504910     1.142760     1.142760     1.210460     1.408070     1.408070
     2.916508    -0.249730     0.319690     0.492500     0.492500     1.154720     1.154720     1.219340     1.415320     1.415320
     2.933829    -0.241190     0.307760     0.480290     0.480290     1.166850     1.166850     1.228180     1.423040     1.423040
     2.951149    -0.232640     0.296580     0.468300     0.468300     1.179120     1.179120     1.236980     1.431200     1.431200
     2.968470    -0.224120     0.286200     0.456530     0.456530     1.191520     1.191520     1.245720     1.439790     1.439790
     2.985790    -0.215670     0.276680     0.445000     0.445000     1.204020     1.204020     1.254400     1.448790     1.448790
     3.003111    -0.207370     0.268060     0.433730     0.433730     1.216580     1.216580     1.263010     1.458180     1.458180
     3.020431    -0.199250     0.260410     0.422720     0.422720     1.229170     1.229170     1.271520     1.467930     1.467930
     3.037752    -0.191400     0.253790     0.411980     0.411980     1.241750     1.241750     1.279920     1.478020     1.478020
     3.055072    -0.183880     0.248270     0.401530     0.401530     1.254270     1.254270     1.288170     1.488430     1.488430
     3.072393    -0.176740     0.243910     0.391370     0.391370     1.266650     1.266650     1.296250     1.499140     1.499140
     3.089713    -0.170070     0.240770     0.381510     0.381510     1.278830     1.278830     1.304130     1.510100     1.510100
     3.107034    -0.163920     0.238920     0.371960     0.371960     1.290710     1.290710     1.311760     1.521300     1.521300
     3.124354    -0.158350     0.238400     0.362730     0.362730     1.302210     1.302210     1.319120     1.532700     1.532700
     3.141675    -0.153400     0.239260     0.353830     0.353830     1.313200     1.313200     1.326140     1.544250     1.544250
     3.158995    -0.149090     0.241510     0.345250     0.345250     1.323530     1.323530     1.332790     1.555910     1.555910
     3.176316    -0.145460     0.245170     0.337010     0.337010     1.333060     1.333060     1.338990     1.567630     1.567630
     3.193636    -0.142490     0.250230     0.329110     0.329110     1.341600     1.341600     1.344690     1.579340     1.579340
     3.210957    -0.140160     0.256650     0.321570     0.321570     1.348960     1.348960     1.349810     1.590980     1.590980
     3.228277    -0.138440     0.264390     0.314370     0.314370     1.354260     1.354910     1.354910     1.602460     1.602460
     3.245598    -0.137280     0.273400     0.307530     0.307530     1.357920     1.359260     1.359260     1.613700     1.613700
     3.262918    -0.136640     0.283610     0.301050     0.301050     1.360660     1.361780     1.361780     1.624590     1.624590
     3.280239    -0.136440     0.294930     0.294930     0.294930     1.362310     1.362310     1.362310     1.635040     1.635040
     3.280239    -0.136440     0.294930     0.294930     0.294930     1.362310     1.362310     1.362310     1.635040     1.635040
     3.290239    -0.136500     0.289050     0.295140     0.300910     1.361490     1.361740     1.362770     1.624810     1.634960
     3.300239    -0.136690     0.283260     0.295760     0.306970     1.359060     1.361070     1.363120     1.614470     1.634750
     3.310239    -0.137000     0.277560     0.296780     0.313120     1.355050     1.360290     1.363350     1.604010     1.634400
     3.320239    -0.137440     0.271960     0.298210     0.319350     1.349570     1.359420     1.363460     1.593450     1.633930
     3.330239    -0.138000     0.266460     0.300050     0.325670     1.342710     1.358460     1.363450     1.582770     1.633350
     3.340239    -0.138670     0.261060     0.302280     0.332060     1.334600     1.357420     1.363310     1.571990     1.632660
     3.350239    -0.139450     0.255770     0.304910     0.338520     1.325350     1.356310     1.363040     1.561100     1.631890
     3.360239    -0.140340     0.250580     0.307920     0.345050     1.315100     1.355120     1.362640     1.550120     1.631040
     3.370239    -0.141320     0.245490     0.311320     0.351650     1.303970     1.353870     1.362100     1.539060     1.630120
     3.380239    -0.142400     0.240510     0.315090     0.358310     1.292070     1.352560     1.361420     1.527940     1.629130
     3.390239    -0.143560     0.235640     0.319230     0.365040     1.279500     1.351190     1.360600     1.516780     1.628100
     3.400239    -0.144800     0.230880     0.323730     0.371810     1.266360     1.349790     1.359640     1.505580     1.627010
     3.410239    -0.146110     0.226230     0.328570     0.378630     1.252720     1.348340     1.358510     1.494390     1.625890
     3.420239    -0.147490     0.221690     0.333770     0.385500     1.238670     1.346860     1.357220     1.483240     1.624730
     3.430239    -0.148910     0.217270     0.339290     0.392410     1.224270     1.345350     1.355750     1.472150     1.623540
     3.440239    -0.150380     0.212960     0.345150     0.399340     1.209560     1.343830     1.354070     1.461170     1.622330
     3.450239    -0.151900     0.208770     0.351320     0.406310     1.194610     1.342280     1.352170     1.450350     1.621100
     3.460239    -0.153440     0.204690     0.357800     0.413290     1.179450     1.340730     1.350000     1.439750     1.619860
     3.470239    -0.155010     0.200730     0.364580     0.420290     1.164120     1.339170     1.347510     1.429460     1.618610
     3.480239    -0.156590     0.196890     0.371660     0.427290     1.148660     1.337620     1.344630     1.419560     1.617350
     3.490239    -0.158180     0.193170     0.379020     0.434280     1.133100     1.336070     1.341260     1.410170     1.616100
     3.500239    -0.159780     0.189560     0.386660     0.441270     1.117450     1.334530     1.337320     1.401420     1.614850
     3.510239    -0.161370     0.186080     0.394570     0.448220     1.101750     1.332700     1.333010     1.393440     1.613620
     3.520239    -0.162950     0.182720     0.402740     0.455150     1.086010     1.327310     1.331500     1.386320     1.612390
     3.530239    -0.164520     0.179480     0.411170     0.462030     1.070250     1.321150     1.330020     1.380120     1.611190
     3.540239    -0.166060     0.176360     0.419850     0.468860     1.054490     1.314260     1.328570     1.374810     1.610010
     3.550239    -0.167580     0.173370     0.428770     0.475620     1.038740     1.306750     1.327160     1.370290     1.608850
     3.560239    -0.169070     0.170500     0.437920     0.482300     1.023020     1.298790     1.325770     1.366460     1.607730
     3.570239    -0.170520     0.167750     0.447310     0.488880     1.007340     1.290520     1.324430     1.363170     1.606630
     3.580239    -0.171930     0.165130     0.456910     0.495350     0.991710     1.282070     1.323130     1.360320     1.605570
     3.590239    -0.173300     0.162640     0.466740     0.501690     0.976140     1.273580     1.321870     1.357820     1.604550
     3.600239    -0.174610     0.160270     0.476770     0.507890     0.960640     1.265130     1.320660     1.355600     1.603560
     3.610239    -0.175880     0.158020     0.487000     0.513920     0.945220     1.256800     1.319510     1.353610     1.602620
     3.620239    -0.177080     0.155900     0.497430     0.519780     0.929890     1.248660     1.318400     1.351810     1.601720
     3.630239    -0.178230     0.153910     0.508040     0.525430     0.914670     1.240760     1.317360     1.350180     1.600870
     3.640239    -0.179320     0.152050     0.518840     0.530860     0.899550     1.233150     1.316370     1.348690     1.600070
     3.650239    -0.180340     0.150310     0.529810     0.536050     0.884560     1.225880     1.315440     1.347340     1.599310
     3.660239    -0.181300     0.148700     0.540930     0.540970     0.869700     1.218980     1.314570     1.346100     1.598600
     3.670239    -0.182190     0.147220     0.545610     0.552200     0.854990     1.212490     1.313760     1.344980     1.597950
     3.680239    -0.183010     0.145860     0.549940     0.563610     0.840440     1.206440     1.313020     1.343960     1.597350
     3.690239    -0.183750     0.144640     0.553940     0.575120     0.826080     1.200860     1.312350     1.343050     1.596800
     3.700239    -0.184420     0.143540     0.557590     0.586720     0.811940     1.195790     1.311740     1.342240     1.596310
     3.710239    -0.185010     0.142570     0.560860     0.598350     0.798060     1.191240     1.311210     1.341530     1.595880
     3.720239    -0.185530     0.141730     0.563740     0.609960     0.784500     1.187250     1.310740     1.340910     1.595500
     3.730239    -0.185970     0.141020     0.566220     0.621440     0.771370     1.183830     1.310340     1.340390     1.595180
     3.740239    -0.186330     0.140440     0.568260     0.632610     0.758840     1.181000     1.310020     1.339970     1.594910
     3.750239    -0.186620     0.139990     0.569870     0.643150     0.747260     1.178790     1.309760     1.339640     1.594710
     3.760239    -0.186820     0.139660     0.571030     0.652420     0.737240     1.177200     1.309580     1.339400     1.594560
     3.770239    -0.186940     0.139470     0.571720     0.659220     0.729980     1.176240     1.309470     1.339260     1.594470
     3.780239    -0.186980     0.139400     0.571960     0.661820     0.727230     1.175920     1.309440     1.339210     1.594440
     3.780239    -0.186980     0.139400     0.571960     0.661820     0.727230     1.175920     1.309440     1.339210     1.594440
     3.790239    -0.186940     0.139470     0.571720     0.659220     0.729980     1.176240     1.309470     1.339260     1.594470
     3.800239    -0.186820     0.139660     0.571030     0.652420     0.737240     1.177200     1.309580     1.339400     1.594560
     3.810239    -0.186620     0.139990     0.569870     0.643150     0.747260     1.178790     1.309760     1.339640     1.594710
     3.820239    -0.186330     0.140440     0.568260     0.632610     0.758840     1.181000     1.310020     1.339970     1.594910
     3.830239    -0.185970     0.141020     0.566220     0.621440     0.771370     1.183830     1.310340     1.340390     1.595180
     3.840239    -0.185530     0.141730     0.563740     0.609960     0.784500     1.187250     1.310740     1.340910     1.595500
     3.850239    -0.185010     0.142570     0.560860     0.598350     0.798060     1.191240     1.311210     1.341530     1.595880
     3.860239    -0.184420     0.143540     0.557590     0.586720     0.811940     1.195790     1.311740     1.342240     1.596310
     3.870239    -0.183750     0.144640     0.553940     0.575120     0.826080     1.200860     1.312350     1.343050     1.596800
     3.880239    -0.183010     0.145860     0.549940     0.563610     0.840440     1.206440     1.313020     1.343960     1.597350
     3.890239    -0.182190     0.147220     0.545610     0.552200     0.854990     1.212490     1.313760     1.344980     1.597950
     3.900239    -0.181300     0.148700     0.540930     0.540970     0.869700     1.218980     1.314570     1.346100     1.598600
     3.910239    -0.180340     0.150310     0.529810     0.536050     0.884560     1.225880     1.315440     1.347340     1.599310
     3.920239    -0.179320     0.152050     0.518840     0.530860     0.899550     1.233150     1.316370     1.348690     1.600070
     3.930239    -0.178230     0.153910     0.508040     0.525430     0.914670     1.240760     1.317360     1.350180     1.600870
     3.940239    -0.177080     0.155900     0.497430     0.519780     0.929890     1.248660     1.318400     1.351810     1.601720
     3.950239    -0.175880     0.158020     0.487000     0.513920     0.945220     1.256800     1.319510     1.353610     1.602620
     3.960239    -0.174610     0.160270     0.476770     0.507890     0.960640     1.265130     1.320660     1.355600     1.603560
     3.970239    -0.173300     0.162640     0.466740     0.501690     0.976140     1.273580     1.321870     1.357820     1.604550
     3.980239    -0.171930     0.165130     0.456910     0.495350     0.991710     1.282070     1.323130     1.360320     1.605570
     3.990239    -0.170520     0.167750     0.447310     0.488880     1.007340     1.290520     1.324430     1.363170     1.606630
     4.000239    -0.169070     0.170500     0.437920     0.482300     1.023020     1.298790     1.325770     1.366460     1.607730
     4.010239    -0.167580     0.173370     0.428770     0.475620     1.038740     1.306750     1.327160     1.370290     1.608850
     4.020239    -0.166060     0.176360     0.419850     0.468860     1.054490     1.314260     1.328570     1.374810     1.610010
     4.030239    -0.164520     0.179480     0.411170     0.462030     1.070250     1.321150     1.330020     1.380120     1.611190
     4.040239    -0.162950     0.182720     0.402740     0.455150     1.086010     1.327310     1.331500     1.386320     1.612390
     4.050239    -0.161370     0.186080     0.394570     0.448220     1.101750     1.332700     1.333010     1.393440     1.613620
     4.060239    -0.159780     0.189560     0.386660     0.441270     1.117450     1.334530     1.337320     1.401420     1.614850
     4.070239    -0.158180     0.193170     0.379020     0.434280     1.133100     1.336070     1.341260     1.410170     1.616100
     4.080239    -0.156590     0.196890     0.371660     0.427290     1.148660     1.337620     1.344630     1.419560     1.617350
     4.090239    -0.155010     0.200730     0.364580     0.420290     1.164120     1.339170     1.347510     1.429460     1.618610
     4.100239    -0.153440     0.204690     0.357800     0.413290     1.179450     1.340730     1.350000     1.439750     1.619860
     4.110239    -0.151900     0.208770     0.351320     0.406310     1.194610     1.342280     1.352170     1.450350     1.621100
     4.120239    -0.150380     0.212960     0.345150     0.399340     1.209560     1.343830     1.354070     1.461170     1.622330
     4.130239    -0.148910     0.217270     0.339290     0.392410     1.224270     1.345350     1.355750     1.472150     1.623540
     4.140239    -0.147490     0.221690     0.333770     0.385500     1.238670     1.346860     1.357220     1.483240     1.624730
     4.150239    -0.146110     0.226230     0.328570     0.378630     1.252720     1.348340     1.358510     1.494390     1.625890
     4.160239    -0.144800     0.230880     0.323730     0.371810     1.266360     1.349790     1.359640     1.505580     1.627010
     4.170239    -0.143560     0.235640     0.319230     0.365040     1.279500     1.351190     1.360600     1.516780     1.628100
     4.180239    -0.142400     0.240510     0.315090     0.358310     1.292070     1.352560     1.361420     1.527940     1.629130
     4.190239    -0.141320     0.245490     0.311320     0.351650     1.303970     1.353870     1.362100     1.539060     1.630120
     4.200239    -0.140340     0.250580     0.307920     0.345050     1.315100     1.355120     1.362640     1.550120     1.631040
     4.210239    -0.139450     0.255770     0.304910     0.338520     1.325350     1.356310     1.363040     1.561100     1.631890
     4.220239    -0.138670     0.261060     0.302280     0.332060     1.334600     1.357420     1.363310     1.571990     1.632660
     4.230239    -0.138000     0.266460     0.300050     0.325670     1.342710     1.358460     1.363450     1.582770     1.633350
     4.240239    -0.137440     0.271960     0.298210     0.319350     1.349570     1.359420     1.363460     1.593450     1.633930
     4.250239    -0.137000     0.277560     0.296780     0.313120     1.355050     1.360290     1.363350     1.604010     1.634400
     4.260239    -0.136690     0.283260     0.295760     0.306970     1.359060     1.361070     1.363120     1.614470     1.634750
     4.270239    -0.136500     0.289050     0.295140     0.300910     1.361490     1.361740     1.362770     1.624810     1.634960
     4.280239    -0.136440     0.294930     0.294930     0.294930     1.362310     1.362310     1.362310     1.635040     1.635040
     4.280239    -0.136440     0.294930     0.294930     0.294930     1.362310     1.362310     1.362310     1.635040     1.635040
     4.297559    -0.136620     0.289190     0.289190     0.307300     1.360710     1.360710     1.362650     1.614810     1.644910
     4.314880    -0.137110     0.283820     0.283820     0.320620     1.356910     1.356910     1.361420     1.595190     1.654110
     4.332200    -0.137860     0.278820     0.278820     0.334820     1.350890     1.350890     1.358310     1.576730     1.662530
     4.349521    -0.138800     0.274200     0.274200     0.349800     1.342720     1.342720     1.353000     1.559950     1.670090
     4.366842    -0.139880     0.269970     0.269970     0.365490     1.332520     1.332520     1.345220     1.545330     1.676750
     4.384162    -0.141040     0.266120     0.266120     0.381800     1.320440     1.320440     1.334850     1.533150     1.682500
     4.401483    -0.142250     0.262650     0.262650     0.398650     1.306670     1.306670     1.321950     1.523500     1.687360
     4.418803    -0.143460     0.259580     0.259580     0.415960     1.291420     1.291420     1.306800     1.516260     1.691410
     4.436124    -0.144630     0.256890     0.256890     0.433650     1.274870     1.274870     1.289810     1.511130     1.694730
     4.453444    -0.145730     0.254600     0.254600     0.451620     1.257220     1.257220     1.271460     1.507780     1.697430
     4.470765    -0.146740     0.252710     0.252710     0.469790     1.238630     1.238630     1.252220     1.505860     1.699630
     4.488085    -0.147640     0.251210     0.251210     0.488050     1.219270     1.219270     1.232510     1.505100     1.701460
     4.505406    -0.148400     0.250110     0.250110     0.506280     1.199280     1.199280     1.212700     1.505270     1.703010
     4.522726    -0.149000     0.249410     0.249410     0.524350     1.178770     1.178770     1.193130     1.506200     1.704390
     4.540047    -0.149440     0.249110     0.249110     0.542120     1.157860     1.157860     1.174070     1.507770     1.705690
     4.557367    -0.149690     0.249210     0.249210     0.559420     1.136630     1.136630     1.155820     1.509890     1.706970
     4.574688    -0.149760     0.249720     0.249720     0.576050     1.115170     1.115170     1.138660     1.512500     1.708300
     4.592008    -0.149640     0.250630     0.250630     0.591770     1.093550     1.093550     1.122870     1.515570     1.709730
     4.609329    -0.149310     0.251940     0.251940     0.606340     1.071830     1.071830     1.108750     1.519060     1.711310
     4.626649    -0.148780     0.253660     0.253660     0.619460     1.050060     1.050060     1.096620     1.522950     1.713060
     4.643970    -0.148050     0.255780     0.255780     0.630830     1.028290     1.028290     1.086800     1.527250     1.715010
     4.661290    -0.147110     0.258310     0.258310     0.640180     1.006560     1.006560     1.079570     1.531960     1.717190
     4.678611    -0.145970     0.261250     0.261250     0.647230     0.984900     0.984900     1.075200     1.537070     1.719610
     4.695931    -0.144640     0.264590     0.264590     0.651830     0.963350     0.963350     1.073850     1.542610     1.722280
     4.713252    -0.143110     0.268340     0.268340     0.653900     0.941940     0.941940     1.075590     1.548580     1.725220
     4.730572    -0.141400     0.272500     0.272500     0.653500     0.920690     0.920690     1.080330     1.555010     1.728420
     4.747893    -0.139510     0.277060     0.277060     0.650790     0.899610     0.899610     1.087880     1.561920     1.731900
     4.765213    -0.137460     0.282020     0.282020     0.646050     0.878740     0.878740     1.097940     1.569330     1.735650
     4.782534    -0.135250     0.287390     0.287390     0.639590     0.858080     0.858080     1.110170     1.577280     1.739660
     4.799854    -0.132900     0.293170     0.293170     0.631730     0.837660     0.837660     1.124190     1.585810     1.743930
     4.817175    -0.130420     0.299350     0.299350     0.622790     0.817480     0.817480     1.139630     1.594940     1.748460
     4.834495    -0.127840     0.305930     0.305930     0.613070     0.797560     0.797560     1.156140     1.604720     1.753230
     4.851816    -0.125170     0.312910     0.312910     0.602820     0.777920     0.777920     1.173390     1.615190     1.758230
     4.869136    -0.122440     0.320300     0.320300     0.592270     0.758550     0.758550     1.191080     1.626400     1.763440
     4.886457    -0.119650     0.328090     0.328090     0.581620     0.739470     0.739470     1.208950     1.638370     1.768840
     4.903777    -0.116850     0.336270     0.336270     0.571030     0.720700     0.720700     1.226730     1.651150     1.774400
     4.921098    -0.114060     0.344850     0.344850     0.560640     0.702230     0.702230     1.244200     1.664760     1.780100
     4.938418    -0.111300     0.353830     0.353830     0.550570     0.684080     0.684080     1.261140     1.679190     1.785880
     4.955739    -0.108600     0.363200     0.363200     0.540950     0.666250     0.666250     1.277370     1.694430     1.791710
     4.973059    -0.105990     0.372970     0.372970     0.531850     0.648750     0.648750     1.292710     1.710400     1.797530
     4.990380    -0.103510     0.383120     0.383120     0.523370     0.631590     0.631590     1.307000     1.727000     1.803280
     5.007700    -0.101190     0.393660     0.393660     0.515580     0.614770     0.614770     1.320100     1.744020     1.808870
     5.025021    -0.099050     0.404570     0.404570     0.508540     0.598300     0.598300     1.331910     1.761160     1.814230
     5.042341    -0.097120     0.415870     0.415870     0.502320     0.582190     0.582190     1.342310     1.777980     1.819240
     5.059662    -0.095440     0.427530     0.427530     0.496970     0.566450     0.566450     1.351240     1.793880     1.823790
     5.076982    -0.094030     0.439530     0.439530     0.492520     0.551110     0.551110     1.358620     1.808110     1.827750
     5.094303    -0.092900     0.451850     0.451850     0.489030     0.536190     0.536190     1.364410     1.819860     1.831010
     5.111623    -0.092090     0.464370     0.464370     0.486510     0.521820     0.521820     1.368570     1.828510     1.833440
     5.128944    -0.091590     0.476640     0.476640     0.485000     0.508430     0.508430     1.371070     1.833720     1.834940
     5.146264    -0.091430     0.484490     0.484490     0.484490     0.500210     0.500210     1.371910     1.835450     1.835450
