  0.36659752808681595        0.0000000000000000       0.86560625240063616        274.07205200195312     
  0.36659752808681595        0.0000000000000000      -0.18990955082026784        274.07205200195312     
  0.36659752808681595        0.0000000000000000       -52.048900288080006        274.07205200195312     
  0.36659752808681595        2.0000000000000000        2.8656062524006360        274.07205200195312     
  0.36659752808681595        2.0000000000000000        1.8898386138291268        274.07205200195312     
  0.36659752808681595        2.0000000000000000        517.95194684467549        274.07205200195312     
  0.36659752808681595        6.0000000000000000        6.8656062524006360        274.07205200195312     
  0.36659752808681595        6.0000000000000000        4.4196429779088700        274.07205200195312     
  0.36659752808681595        6.0000000000000000        1211.3006200715067        274.07205200195312     
  0.36659752808681595        12.000000000000000        12.865606252400637        274.07205200195312     
  0.36659752808681595        12.000000000000000        7.0564190965386233        274.07205200195312     
  0.36659752808681595        12.000000000000000        1933.9672615741088        274.07205200195312     
  0.36659752808681595        20.000000000000000        20.865606252400635        274.07205200195312     
  0.36659752808681595        20.000000000000000        9.7324404165192160        274.07205200195312     
  0.36659752808681595        20.000000000000000        2667.3899159421649        274.07205200195312     
  0.36659752808681595        30.000000000000000        30.865606252400635        274.07205200195312     
  0.36659752808681595        30.000000000000000        12.426931416646962        274.07205200195312     
  0.36659752808681595        30.000000000000000        3405.8745934479712        274.07205200195312     
  0.36659752808681595        42.000000000000000        42.865606252400639        274.07205200195312     
  0.36659752808681595        42.000000000000000        15.131534319420135        274.07205200195312     
  0.36659752808681595        42.000000000000000        4147.1306608614541        274.07205200195312     
  0.36659752808681595        56.000000000000000        56.865606252400639        274.07205200195312     
  0.36659752808681595        56.000000000000000        17.842260894433991        274.07205200195312     
  0.36659752808681595        56.000000000000000        4890.0650556917271        274.07205200195312     
  0.36659752808681595        72.000000000000000        72.865606252400639        274.07205200195312     
  0.36659752808681595        72.000000000000000        20.556972553305119        274.07205200195312     
  0.36659752808681595        72.000000000000000        5634.0916506321637        274.07205200195312     
  0.36659752808681595        90.000000000000000        90.865606252400639        274.07205200195312     
  0.36659752808681595        90.000000000000000        23.274421160428744        274.07205200195312     
  0.36659752808681595        90.000000000000000        6378.8683665963854        274.07205200195312     
   7.2552526502886617E-003   0.0000000000000000       0.99994736130898043        274.07205200195312     
   7.2552526502886617E-003   0.0000000000000000       -3.6276740647738161E-003   274.07205200195312     
   7.2552526502886617E-003   0.0000000000000000      -0.99424407492682598        274.07205200195312     
   7.2552526502886617E-003   2.0000000000000000        2.9999473613089807        274.07205200195312     
   7.2552526502886617E-003   2.0000000000000000        100.89732877763818        274.07205200195312     
   7.2552526502886617E-003   2.0000000000000000        27653.137939603013        274.07205200195312     
   7.2552526502886617E-003   6.0000000000000000        6.9999473613089807        274.07205200195312     
   7.2552526502886617E-003   6.0000000000000000        226.83446636456628        274.07205200195312     
   7.2552526502886617E-003   6.0000000000000000        62168.987661304694        274.07205200195312     
   7.2552526502886617E-003   12.000000000000000        12.999947361308980        274.07205200195312     
   7.2552526502886617E-003   12.000000000000000        359.12518851840053        274.07205200195312     
   7.2552526502886617E-003   12.000000000000000        98426.177342826297        274.07205200195312     
   7.2552526502886617E-003   20.000000000000000        20.999947361308980        274.07205200195312     
   7.2552526502886617E-003   20.000000000000000        493.78982707895813        274.07205200195312     
   7.2552526502886617E-003   20.000000000000000        135333.99116521966        274.07205200195312     
   7.2552526502886617E-003   30.000000000000000        30.999947361308980        274.07205200195312     
   7.2552526502886617E-003   30.000000000000000        629.57967915180461        274.07205200195312     
   7.2552526502886617E-003   30.000000000000000        172550.19456386636        274.07205200195312     
   7.2552526502886617E-003   42.000000000000000        42.999947361308983        274.07205200195312     
   7.2552526502886617E-003   42.000000000000000        765.98773034004535        274.07205200195312     
   7.2552526502886617E-003   42.000000000000000        209935.82906261497        274.07205200195312     
   7.2552526502886617E-003   56.000000000000000        56.999947361308983        274.07205200195312     
   7.2552526502886617E-003   56.000000000000000        902.77089784418126        274.07205200195312     
   7.2552526502886617E-003   56.000000000000000        247424.27245980036        274.07205200195312     
   7.2552526502886617E-003   72.000000000000000        72.999947361308983        274.07205200195312     
   7.2552526502886617E-003   72.000000000000000        1039.7984782198362        274.07205200195312     
   7.2552526502886617E-003   72.000000000000000        284979.70259421866        274.07205200195312     
   7.2552526502886617E-003   90.000000000000000        90.999947361308983        274.07205200195312     
   7.2552526502886617E-003   90.000000000000000        1176.9940575139342        274.07205200195312     
   7.2552526502886617E-003   90.000000000000000        322581.17653694877        274.07205200195312     
