bcc Te -- Hedin-Lundqvist LDA                                                   
INPUT  IT=102 SPIN=1 NTYPE=  2
 -3.800000  3.800000  3.800000
  3.800000 -3.800000  3.800000
  3.800000  3.800000 -3.800000
    1  435  2.200000  0.030000    1
  0.000000  0.000000  0.000000
 0.1039975842399D+03 0.1039975096157D+03 0.1039974326883D+03 0.1039973533866D+03
 0.1039972716374D+03 0.1039971873652D+03 0.1039971004923D+03 0.1039970109384D+03
 0.1039969186208D+03 0.1039968234544D+03 0.1039967253512D+03 0.1039966242208D+03
 0.1039965199698D+03 0.1039964125019D+03 0.1039963017179D+03 0.1039961875157D+03
 0.1039960697898D+03 0.1039959484315D+03 0.1039958233289D+03 0.1039956943664D+03
 0.1039955614252D+03 0.1039954243825D+03 0.1039952831119D+03 0.1039951374830D+03
 0.1039949873615D+03 0.1039948326088D+03 0.1039946730822D+03 0.1039945086344D+03
 0.1039943391139D+03 0.1039941643641D+03 0.1039939842239D+03 0.1039937985271D+03
 0.1039936071023D+03 0.1039934097732D+03 0.1039932063575D+03 0.1039929966677D+03
 0.1039927805104D+03 0.1039925576862D+03 0.1039923279895D+03 0.1039920912086D+03
 0.1039918471251D+03 0.1039915955139D+03 0.1039913361429D+03 0.1039910687729D+03
 0.1039907931574D+03 0.1039905090421D+03 0.1039902161652D+03 0.1039899142566D+03
 0.1039896030378D+03 0.1039892822218D+03 0.1039889515129D+03 0.1039886106061D+03
 0.1039882591872D+03 0.1039878969319D+03 0.1039875235065D+03 0.1039871385665D+03
 0.1039867417570D+03 0.1039863327122D+03 0.1039859110550D+03 0.1039854763966D+03
 0.1039850283362D+03 0.1039845664608D+03 0.1039840903445D+03 0.1039835995484D+03
 0.1039830936199D+03 0.1039825720928D+03 0.1039820344860D+03 0.1039814803041D+03
 0.1039809090360D+03 0.1039803201551D+03 0.1039797131185D+03 0.1039790873665D+03
 0.1039784423222D+03 0.1039777773909D+03 0.1039770919595D+03 0.1039763853962D+03
 0.1039756570494D+03 0.1039749062476D+03 0.1039741322986D+03 0.1039733344888D+03
 0.1039725120826D+03 0.1039716643216D+03 0.1039707904242D+03 0.1039698895845D+03
 0.1039689609719D+03 0.1039680037301D+03 0.1039670169763D+03 0.1039659998007D+03
 0.1039649512650D+03 0.1039638704024D+03 0.1039627562159D+03 0.1039616076781D+03
 0.1039604237294D+03 0.1039592032780D+03 0.1039579451980D+03 0.1039566483289D+03
 0.1039553114745D+03 0.1039539334013D+03 0.1039525128381D+03 0.1039510484742D+03
 0.1039495389586D+03 0.1039479828982D+03 0.1039463788573D+03 0.1039447253557D+03
 0.1039430208673D+03 0.1039412638190D+03 0.1039394525892D+03 0.1039375855058D+03
 0.1039356608455D+03 0.1039336768313D+03 0.1039316316316D+03 0.1039295233580D+03
 0.1039273500636D+03 0.1039251097416D+03 0.1039228003230D+03 0.1039204196746D+03
 0.1039179655975D+03 0.1039154358247D+03 0.1039128280189D+03 0.1039101397708D+03
 0.1039073685962D+03 0.1039045119343D+03 0.1039015671447D+03 0.1038985315057D+03
 0.1038954022110D+03 0.1038921763675D+03 0.1038888509926D+03 0.1038854230113D+03
 0.1038818892534D+03 0.1038782464503D+03 0.1038744912323D+03 0.1038706201255D+03
 0.1038666295481D+03 0.1038625158073D+03 0.1038582750962D+03 0.1038539034894D+03
 0.1038493969404D+03 0.1038447512769D+03 0.1038399621975D+03 0.1038350252673D+03
 0.1038299359140D+03 0.1038246894235D+03 0.1038192809356D+03 0.1038137054396D+03
 0.1038079577691D+03 0.1038020325977D+03 0.1037959244340D+03 0.1037896276161D+03
 0.1037831363067D+03 0.1037764444877D+03 0.1037695459541D+03 0.1037624343088D+03
 0.1037551029565D+03 0.1037475450974D+03 0.1037397537209D+03 0.1037317215995D+03
 0.1037234412815D+03 0.1037149050848D+03 0.1037061050890D+03 0.1036970331289D+03
 0.1036876807866D+03 0.1036780393836D+03 0.1036680999732D+03 0.1036578533321D+03
 0.1036472899518D+03 0.1036364000306D+03 0.1036251734638D+03 0.1036135998352D+03
 0.1036016684074D+03 0.1035893681119D+03 0.1035766875399D+03 0.1035636149311D+03
 0.1035501381639D+03 0.1035362447445D+03 0.1035219217954D+03 0.1035071560446D+03
 0.1034919338137D+03 0.1034762410059D+03 0.1034600630939D+03 0.1034433851071D+03
 0.1034261916193D+03 0.1034084667346D+03 0.1033901940750D+03 0.1033713567658D+03
 0.1033519374219D+03 0.1033319181333D+03 0.1033112804506D+03 0.1032900053695D+03
 0.1032680733160D+03 0.1032454641307D+03 0.1032221570528D+03 0.1031981307038D+03
 0.1031733630714D+03 0.1031478314925D+03 0.1031215126364D+03 0.1030943824876D+03
 0.1030664163284D+03 0.1030375887210D+03 0.1030078734900D+03 0.1029772437043D+03
 0.1029456716589D+03 0.1029131288568D+03 0.1028795859904D+03 0.1028450129233D+03
 0.1028093786720D+03 0.1027726513868D+03 0.1027347983344D+03 0.1026957858785D+03
 0.1026555794627D+03 0.1026141435916D+03 0.1025714418135D+03 0.1025274367030D+03
 0.1024820898433D+03 0.1024353618101D+03 0.1023872121550D+03 0.1023375993894D+03
 0.1022864809700D+03 0.1022338132838D+03 0.1021795516345D+03 0.1021236502294D+03
 0.1020660621677D+03 0.1020067394288D+03 0.1019456328627D+03 0.1018826921811D+03
 0.1018178659493D+03 0.1017511015800D+03 0.1016823453283D+03 0.1016115422876D+03
 0.1015386363879D+03 0.1014635703952D+03 0.1013862859118D+03 0.1013067233798D+03
 0.1012248220848D+03 0.1011405201624D+03 0.1010537546058D+03 0.1009644612750D+03
 0.1008725749088D+03 0.1007780291371D+03 0.1006807564953D+03 0.1005806884412D+03
 0.1004777553716D+03 0.1003718866416D+03 0.1002630105845D+03 0.1001510545326D+03
 0.1000359448390D+03 0.9991760689978D+02 0.9979596517605D+02 0.9967094321652D+02
 0.9954246367915D+02 0.9941044835205D+02 0.9927481817325D+02 0.9913549324860D+02
 0.9899239286773D+02 0.9884543551717D+02 0.9869453889062D+02 0.9853961989543D+02
 0.9838059465518D+02 0.9821737850772D+02 0.9804988599835D+02 0.9787803086773D+02
 0.9770172603433D+02 0.9752088357119D+02 0.9733541467702D+02 0.9714522964160D+02
 0.9695023780605D+02 0.9675034751816D+02 0.9654546608384D+02 0.9633549971550D+02
 0.9612035347901D+02 0.9589993124058D+02 0.9567413561621D+02 0.9544286792562D+02
 0.9520602815431D+02 0.9496351492634D+02 0.9471522549258D+02 0.9446105573756D+02
 0.9420090021063D+02 0.9393465218493D+02 0.9366220375034D+02 0.9338344594370D+02
 0.9309826892227D+02 0.9280656218235D+02 0.9250821482762D+02 0.9220311588593D+02
 0.9189115467594D+02 0.9157222121696D+02 0.9124620667755D+02 0.9091300384834D+02
 0.9057250762676D+02 0.9022461548864D+02 0.8986922792572D+02 0.8950624881384D+02
 0.8913558568461D+02 0.8875714985992D+02 0.8837085642468D+02 0.8797662400367D+02
 0.8757437433619D+02 0.8716403163859D+02 0.8674552178620D+02 0.8631877134560D+02
 0.8588370654054D+02 0.8544025221350D+02 0.8498833092824D+02 0.8452786228061D+02
 0.8405876255632D+02 0.8358094479529D+02 0.8309431934443D+02 0.8259879488723D+02
 0.8209427995557D+02 0.8158068482153D+02 0.8105792370623D+02 0.8052591713559D+02
 0.7998459434973D+02 0.7943389557505D+02 0.7887377408163D+02 0.7830419785327D+02
 0.7772515084582D+02 0.7713663369701D+02 0.7653866393260D+02 0.7593127557311D+02
 0.7531451825268D+02 0.7468845579180D+02 0.7405316440132D+02 0.7340873048284D+02
 0.7275524827163D+02 0.7209281729819D+02 0.7142153997779D+02 0.7074151930629D+02
 0.7005285702440D+02 0.6935565220415D+02 0.6865000066200D+02 0.6793599507966D+02
 0.6721372624692D+02 0.6648328517223D+02 0.6574476642070D+02 0.6499827220189D+02
 0.6424391743721D+02 0.6348183500269D+02 0.6271218119812D+02 0.6193514027133D+02
 0.6115092794836D+02 0.6035979259209D+02 0.5956201419914D+02 0.5875790012920D+02
 0.5794777867209D+02 0.5713199020242D+02 0.5631087833376D+02 0.5548478162682D+02
 0.5465402893218D+02 0.5381893843050D+02 0.5297982259414D+02 0.5213699727285D+02
 0.5129079525181D+02 0.5044158057385D+02 0.4958976316213D+02 0.4873580991596D+02
 0.4788025212982D+02 0.4702368662178D+02 0.4616677168842D+02 0.4531021652804D+02
 0.4445476630724D+02 0.4360118235656D+02 0.4275022020273D+02 0.4190260535110D+02
 0.4105900965460D+02 0.4022002835531D+02 0.3938616053348D+02 0.3855779306290D+02
 0.3773519053111D+02 0.3691849109819D+02 0.3610771028133D+02 0.3530275232018D+02
 0.3450343032389D+02 0.3370949422594D+02 0.3292066636751D+02 0.3213668249107D+02
 0.3135733554739D+02 0.3058251785206D+02 0.2981225540039D+02 0.2904672734617D+02
 0.2828626210779D+02 0.2753130495574D+02 0.2678235539428D+02 0.2603988358048D+02
 0.2530424104126D+02 0.2457559445612D+02 0.2385389808476D+02 0.2313892211950D+02
 0.2243032436848D+02 0.2172775026145D+02 0.2103093110606D+02 0.2033976442557D+02
 0.1965436130254D+02 0.1897506445053D+02 0.1830243405275D+02 0.1763721803557D+02
 0.1698030402436D+02 0.1633267123949D+02 0.1569533485172D+02 0.1506930033693D+02
 0.1445551583542D+02 0.1385483963285D+02 0.1326800764508D+02 0.1269561789668D+02
 0.1213811512002D+02 0.1159579219794D+02 0.1106879021045D+02 0.1055711433999D+02
 0.1006064545368D+02 0.9579166076555D+01 0.9112378160719D+01 0.8659933943611D+01
 0.8221453433491D+01 0.7796553902845D+01 0.7384860471434D+01 0.6986029753791D+01
 0.6599747196763D+01 0.6225738074583D+01 0.5863751257115D+01 0.5513558471829D+01
 0.5174926231568D+01 0.4847612020864D+01 0.4531335814560D+01 0.4225786701845D+01
 0.3930607159698D+01 0.3645418189714D+01 0.3369817346444D+01 0.3103414333868D+01
 0.2845829282891D+01 0.2596724388262D+01 0.2355795961991D+01 0.2122807138234D+01
 0.1897590885038D+01 0.1680101436744D+01 0.1470435046130D+01
    2  435  1.200000  0.030000    3
  0.000000  0.500000  0.500000
  0.500000  0.500000  0.000000
  0.500000  0.000000  0.500000
 0.1999995968308D+01 0.1999995845523D+01 0.1999995718998D+01 0.1999995588619D+01
 0.1999995454270D+01 0.1999995315830D+01 0.1999995173173D+01 0.1999995026171D+01
 0.1999994874693D+01 0.1999994718601D+01 0.1999994557755D+01 0.1999994392011D+01
 0.1999994221219D+01 0.1999994045226D+01 0.1999993863872D+01 0.1999993676996D+01
 0.1999993484428D+01 0.1999993285995D+01 0.1999993081519D+01 0.1999992870816D+01
 0.1999992653695D+01 0.1999992429963D+01 0.1999992199416D+01 0.1999991961848D+01
 0.1999991717045D+01 0.1999991464786D+01 0.1999991204845D+01 0.1999990936987D+01
 0.1999990660971D+01 0.1999990376550D+01 0.1999990083466D+01 0.1999989781456D+01
 0.1999989470248D+01 0.1999989149563D+01 0.1999988819111D+01 0.1999988478595D+01
 0.1999988127708D+01 0.1999987766135D+01 0.1999987393550D+01 0.1999987009618D+01
 0.1999986613993D+01 0.1999986206319D+01 0.1999985786229D+01 0.1999985353346D+01
 0.1999984907278D+01 0.1999984447626D+01 0.1999983973974D+01 0.1999983485897D+01
 0.1999982982956D+01 0.1999982464697D+01 0.1999981930655D+01 0.1999981380348D+01
 0.1999980813281D+01 0.1999980228944D+01 0.1999979626810D+01 0.1999979006338D+01
 0.1999978366969D+01 0.1999977708128D+01 0.1999977029222D+01 0.1999976329639D+01
 0.1999975608749D+01 0.1999974865905D+01 0.1999974100437D+01 0.1999973311656D+01
 0.1999972498851D+01 0.1999971661293D+01 0.1999970798226D+01 0.1999969908873D+01
 0.1999968992435D+01 0.1999968048085D+01 0.1999967074975D+01 0.1999966072227D+01
 0.1999965038941D+01 0.1999963974184D+01 0.1999962876999D+01 0.1999961746398D+01
 0.1999960581364D+01 0.1999959380847D+01 0.1999958143768D+01 0.1999956869011D+01
 0.1999955555431D+01 0.1999954201844D+01 0.1999952807031D+01 0.1999951369738D+01
 0.1999949888671D+01 0.1999948362495D+01 0.1999946789838D+01 0.1999945169283D+01
 0.1999943499372D+01 0.1999941778601D+01 0.1999940005421D+01 0.1999938178237D+01
 0.1999936295402D+01 0.1999934355223D+01 0.1999932355952D+01 0.1999930295790D+01
 0.1999928172882D+01 0.1999925985317D+01 0.1999923731125D+01 0.1999921408277D+01
 0.1999919014682D+01 0.1999916548185D+01 0.1999914006566D+01 0.1999911387535D+01
 0.1999908688737D+01 0.1999905907739D+01 0.1999903042040D+01 0.1999900089059D+01
 0.1999897046137D+01 0.1999893910534D+01 0.1999890679428D+01 0.1999887349910D+01
 0.1999883918981D+01 0.1999880383553D+01 0.1999876740443D+01 0.1999872986370D+01
 0.1999869117955D+01 0.1999865131713D+01 0.1999861024057D+01 0.1999856791287D+01
 0.1999852429593D+01 0.1999847935047D+01 0.1999843303601D+01 0.1999838531086D+01
 0.1999833613204D+01 0.1999828545527D+01 0.1999823323492D+01 0.1999817942395D+01
 0.1999812397392D+01 0.1999806683489D+01 0.1999800795540D+01 0.1999794728244D+01
 0.1999788476136D+01 0.1999782033586D+01 0.1999775394793D+01 0.1999768553776D+01
 0.1999761504375D+01 0.1999754240242D+01 0.1999746754833D+01 0.1999739041408D+01
 0.1999731093018D+01 0.1999722902505D+01 0.1999714462492D+01 0.1999705765376D+01
 0.1999696803324D+01 0.1999687568262D+01 0.1999678051873D+01 0.1999668245584D+01
 0.1999658140560D+01 0.1999647727699D+01 0.1999636997620D+01 0.1999625940657D+01
 0.1999614546848D+01 0.1999602805928D+01 0.1999590707319D+01 0.1999578240119D+01
 0.1999565393097D+01 0.1999552154675D+01 0.1999538512925D+01 0.1999524455554D+01
 0.1999509969895D+01 0.1999495042893D+01 0.1999479661096D+01 0.1999463810642D+01
 0.1999447477245D+01 0.1999430646184D+01 0.1999413302287D+01 0.1999395429922D+01
 0.1999377012977D+01 0.1999358034851D+01 0.1999338478435D+01 0.1999318326098D+01
 0.1999297559670D+01 0.1999276160428D+01 0.1999254109076D+01 0.1999231385731D+01
 0.1999207969900D+01 0.1999183840466D+01 0.1999158975668D+01 0.1999133353079D+01
 0.1999106949587D+01 0.1999079741376D+01 0.1999051703900D+01 0.1999022811864D+01
 0.1998993039202D+01 0.1998962359050D+01 0.1998930743722D+01 0.1998898164688D+01
 0.1998864592546D+01 0.1998829996993D+01 0.1998794346802D+01 0.1998757609791D+01
 0.1998719752793D+01 0.1998680741626D+01 0.1998640541066D+01 0.1998599114807D+01
 0.1998556425437D+01 0.1998512434396D+01 0.1998467101944D+01 0.1998420387128D+01
 0.1998372247738D+01 0.1998322640274D+01 0.1998271519902D+01 0.1998218840417D+01
 0.1998164554198D+01 0.1998108612166D+01 0.1998050963737D+01 0.1997991556778D+01
 0.1997930337557D+01 0.1997867250696D+01 0.1997802239118D+01 0.1997735243996D+01
 0.1997666204699D+01 0.1997595058736D+01 0.1997521741697D+01 0.1997446187197D+01
 0.1997368326810D+01 0.1997288090011D+01 0.1997205404108D+01 0.1997120194177D+01
 0.1997032382990D+01 0.1996941890945D+01 0.1996848635993D+01 0.1996752533561D+01
 0.1996653496475D+01 0.1996551434877D+01 0.1996446256144D+01 0.1996337864800D+01
 0.1996226162429D+01 0.1996111047581D+01 0.1995992415681D+01 0.1995870158927D+01
 0.1995744166194D+01 0.1995614322926D+01 0.1995480511033D+01 0.1995342608777D+01
 0.1995200490659D+01 0.1995054027303D+01 0.1994903085331D+01 0.1994747527241D+01
 0.1994587211274D+01 0.1994421991284D+01 0.1994251716599D+01 0.1994076231876D+01
 0.1993895376956D+01 0.1993708986714D+01 0.1993516890899D+01 0.1993318913973D+01
 0.1993114874945D+01 0.1992904587197D+01 0.1992687858310D+01 0.1992464489872D+01
 0.1992234277296D+01 0.1991997009619D+01 0.1991752469301D+01 0.1991500432014D+01
 0.1991240666429D+01 0.1990972933989D+01 0.1990696988681D+01 0.1990412576793D+01
 0.1990119436674D+01 0.1989817298474D+01 0.1989505883883D+01 0.1989184905861D+01
 0.1988854068351D+01 0.1988513065995D+01 0.1988161583832D+01 0.1987799296984D+01
 0.1987425870340D+01 0.1987040958222D+01 0.1986644204043D+01 0.1986235239952D+01
 0.1985813686468D+01 0.1985379152100D+01 0.1984931232956D+01 0.1984469512338D+01
 0.1983993560323D+01 0.1983502933326D+01 0.1982997173658D+01 0.1982475809058D+01
 0.1981938352213D+01 0.1981384300261D+01 0.1980813134284D+01 0.1980224318766D+01
 0.1979617301054D+01 0.1978991510781D+01 0.1978346359283D+01 0.1977681238986D+01
 0.1976995522779D+01 0.1976288563359D+01 0.1975559692559D+01 0.1974808220645D+01
 0.1974033435599D+01 0.1973234602363D+01 0.1972410962073D+01 0.1971561731249D+01
 0.1970686100970D+01 0.1969783236017D+01 0.1968852273975D+01 0.1967892324324D+01
 0.1966902467477D+01 0.1965881753801D+01 0.1964829202591D+01 0.1963743801018D+01
 0.1962624503034D+01 0.1961470228242D+01 0.1960279860721D+01 0.1959052247822D+01
 0.1957786198909D+01 0.1956480484066D+01 0.1955133832750D+01 0.1953744932412D+01
 0.1952312427054D+01 0.1950834915749D+01 0.1949310951105D+01 0.1947739037653D+01
 0.1946117630314D+01 0.1944445132548D+01 0.1942719894703D+01 0.1940940212189D+01
 0.1939104323601D+01 0.1937210408802D+01 0.1935256586924D+01 0.1933240914326D+01
 0.1931161382465D+01 0.1929015915729D+01 0.1926802369172D+01 0.1924518526213D+01
 0.1922162096239D+01 0.1919730712161D+01 0.1917221927879D+01 0.1914633215704D+01
 0.1911961963671D+01 0.1909205472831D+01 0.1906360954416D+01 0.1903425526996D+01
 0.1900396213497D+01 0.1897269938231D+01 0.1894043523773D+01 0.1890713687866D+01
 0.1887277040163D+01 0.1883730079019D+01 0.1880069188116D+01 0.1876290633151D+01
 0.1872390558352D+01 0.1868364983094D+01 0.1864209798328D+01 0.1859920763145D+01
 0.1855493501142D+01 0.1850923496981D+01 0.1846206092718D+01 0.1841336484401D+01
 0.1836309718414D+01 0.1831120688161D+01 0.1825764130475D+01 0.1820234622469D+01
 0.1814526578066D+01 0.1808634245093D+01 0.1802551702027D+01 0.1796272855422D+01
 0.1789791436956D+01 0.1783101001327D+01 0.1776194923696D+01 0.1769066398190D+01
 0.1761708435891D+01 0.1754113864090D+01 0.1746275324962D+01 0.1738185275789D+01
 0.1729835988484D+01 0.1721219550982D+01 0.1712327867825D+01 0.1703152662994D+01
 0.1693685481732D+01 0.1683917695127D+01 0.1673840503440D+01 0.1663444942724D+01
 0.1652721889970D+01 0.1641662072108D+01 0.1630256073253D+01 0.1618494346564D+01
 0.1606367223857D+01 0.1593864930764D+01 0.1580977599154D+01 0.1567695286037D+01
 0.1554007989109D+01 0.1539905670064D+01 0.1525378273658D+01 0.1510415755914D+01
 0.1495008107185D+01 0.1479145386020D+01 0.1462817746485D+01 0.1446015478400D+01
 0.1428729039532D+01 0.1410949102888D+01 0.1392666594044D+01 0.1373872746590D+01
 0.1354559145048D+01 0.1334717789124D+01 0.1314341142895D+01 0.1293422208927D+01
 0.1271954583867D+01 0.1249932544081D+01 0.1227351107784D+01 0.1204206133427D+01
 0.1180494389370D+01 0.1156213666175D+01 0.1131362854398D+01 0.1105942073287D+01
 0.1079952756477D+01 0.1053397800146D+01 0.1026281657712D+01 0.9986105096036D+00
 0.9703923690127D+00 0.9416372772108D+00 0.9123574211388D+00 0.8825673606649D+00
 0.8522841605348D+00 0.8215276553445D+00 0.7903206007678D+00 0.7586889855109D+00
 0.7266622059028D+00 0.6942734390518D+00 0.6615598481363D+00 0.6285630313594D+00
 0.5953292702775D+00 0.5619100752212D+00 0.5283624884297D+00 0.4947497562347D+00
 0.4611417051907D+00 0.4276155750696D+00 0.3942564989781D+00 0.3611585497791D+00
 0.3284253658628D+00 0.2961714938367D+00 0.2645232320604D+00
  348
-0.1356801544306D+01 0.3187908166038D-34-0.1136171352380D+02-0.1604536583587D-18
-0.4727940523544D+01-0.2525478240762D-18-0.1201741333450D+02 0.5114523397779D-20
-0.5550443455036D+01 0.2352617874273D-18-0.7539834871909D+01 0.2453235472464D-18
-0.2397152781076D+01 0.5594852428382D-18-0.1002368316573D+02 0.2112785190558D-18
-0.1196929216030D+01-0.7809232635956D-18-0.3378021048969D+01 0.2096986172489D-18
-0.1679814360342D+01-0.7408275545253D-18-0.3291402913349D+01-0.6953915917195D-18
-0.2289924642676D+01-0.1169367251501D-17-0.2290074934432D+01 0.9600772516504D-18
-0.3140976338100D+01 0.9204733907476D-19-0.1568739209420D+01 0.1310351139604D-17
-0.2155380387224D+01 0.1899092670767D-17-0.5713708490751D+00 0.5804059246928D-18
-0.7419419786281D+00-0.6180669223437D-18-0.7420106030486D+00-0.1045312679076D-17
-0.8142673582056D+00 0.2127190875133D-17-0.2044669788730D+00-0.1128892157215D-17
-0.1013892211126D+01-0.1820447904215D-17-0.5089419663101D+00 0.3010229046577D-18
-0.5845288047846D+00-0.2491351762208D-17-0.6851162223079D+00 0.7983475442021D-18
-0.4168821548109D+00-0.9838040387537D-18-0.4550928643213D+00 0.2134062528268D-18
-0.9788437294430D-01 0.9594934611283D-18-0.2859948310305D+00-0.1196758343167D-17
-0.7218900901446D-01-0.9724145189359D-18-0.1480902687248D+00 0.1776140132927D-17
-0.2078940866065D+00 0.3828906833974D-18-0.8509633082909D-01-0.2106053842321D-18
-0.8499178273540D-01-0.1666865749252D-17-0.1763577944661D+00 0.2851474196098D-17
-0.2855139018491D+00 0.2190794065464D-17-0.4598438784973D-01-0.1969138417021D-19
-0.3243165154372D-01-0.1181244613017D-18-0.3095584543547D-01 0.2555666469234D-18
-0.1606056951157D-01-0.1045570785895D-17 0.5185771689550D-02-0.1062003215641D-17
 0.6755461739666D-02 0.1508773898248D-17 0.2217891141437D-02 0.2708722444122D-18
-0.3689646735288D-01 0.1958083872375D-17-0.3916469050505D-01-0.2891457741712D-17
 0.3505123347644D-01-0.5711249205213D-18-0.2147851300985D-01-0.1880632588769D-17
-0.1026629800551D-01 0.5463076998375D-18 0.4913868007855D-01-0.2166652104940D-18
 0.4733738574219D-01 0.2643481727179D-18 0.2420735705599D-01-0.1257669946204D-17
-0.8605823064299D-02 0.1389366245102D-17 0.5694138999239D-01-0.2192275755027D-17
-0.1815599861251D-02-0.6273372971444D-18 0.2946512578221D-01-0.9603415871152D-20
 0.2929408407813D-01 0.1444040838282D-17 0.5927053981479D-02-0.2764364378104D-18
 0.2967462070211D-01-0.5037091861036D-18 0.5805817470838D-01 0.5420051797061D-18
 0.5765787309948D-01 0.2406736469018D-17 0.5900365013888D-02 0.1683555175706D-17
 0.5492214480228D-01-0.1447126154909D-17 0.5427600720474D-01 0.1055940627037D-18
 0.2705607692691D-01 0.4409895124329D-18 0.4931023858011D-01-0.1885721039102D-18
 0.4900979745357D-01 0.7114447009386D-18 0.6236875622841D-02 0.6361621438611D-18
 0.4320277323157D-01-0.1731709737616D-18 0.4309420533195D-01 0.1395303319083D-17
 0.1072175953935D-01-0.5761831424588D-18 0.5287743237163D-02 0.5067455061786D-18
 0.1281685458931D-02-0.6576296703458D-18 0.1835361624957D-01-0.9993834804204D-18
 0.1826991744969D-01 0.1685878673586D-18 0.8393594159116D-02 0.1300007963919D-17
 0.4096484993737D-02-0.1987300783484D-17 0.3076402328964D-01 0.3671183396933D-18
 0.1534143472911D-01-0.4182164294753D-18 0.1049660709608D-02 0.4455719505505D-18
 0.2900392478841D-02-0.1471236862074D-17 0.2523356931984D-01-0.7106741145225D-18
 0.2499340584203D-01-0.7404090311019D-18 0.2491180696556D-01 0.1906454699722D-18
 0.1001155948334D-01-0.1686380003039D-18 0.9989252783391D-02-0.6477903118521D-18
 0.1979993716749D-01 0.1323560391036D-18 0.1414592680521D-02 0.1612890810522D-17
 0.6133915116348D-03-0.7522882560300D-18 0.7692548080713D-02 0.3789132074462D-19
 0.1538552652038D-01 0.5542483114514D-18-0.6256875207486D-03-0.9834741254791D-18
 0.1170565047033D-01-0.5055705131530D-18 0.1167713814892D-01-0.9156125231218D-19
 0.5563496005697D-02 0.7582166894394D-18 0.8577692827603D-02 0.1109023629019D-18
 0.8476049604232D-02 0.6069986808451D-19 0.8135598554288D-02 0.1274901779530D-17
-0.7993097709885D-03 0.2353436972682D-18 0.3008038317552D-02-0.5422860759769D-18
 0.2868118897408D-02 0.3450303912033D-18-0.1952088020167D-02-0.2422846503646D-19
-0.1946148692382D-02 0.4911546329605D-18 0.2109164930504D-02-0.3049488579613D-18
 0.4120818442411D-02-0.1547701870801D-19 0.4126997450729D-02-0.9356858788527D-18
 0.3888924285241D-02 0.5732039422163D-18-0.2111095681887D-02 0.6530192703438D-18
-0.2182069222379D-02 0.2409101678451D-19 0.2749175992309D-02-0.2435325233847D-18
 0.2484100803035D-02 0.7502725140496D-18-0.4470165802802D-02 0.1896384597830D-18
 0.1693994232889D-02-0.2530788035373D-18-0.2163873222860D-02 0.4665719449543D-18
-0.5844337146459D-03-0.2639367208257D-18 0.9556460988063D-03-0.5922958264907D-18
 0.8271839703017D-03 0.3241344362244D-18 0.9141272887718D-03 0.1398052105347D-18
 0.4001405422794D-03-0.3988953679034D-19 0.3325414458694D-03 0.6741359912564D-19
-0.2172633505075D-02-0.8220733830865D-18 0.2415354064603D-03-0.3310879342084D-19
 0.3869992521553D-03-0.7564847287220D-19 0.4379097101515D-03 0.2141414332810D-19
-0.3759426695972D-02 0.3863590708482D-18-0.1958396952257D-02-0.6334549373566D-18
 0.2151336859578D-03 0.1138857026868D-19 0.7753199777376D-04 0.7954493487791D-19
 0.7559232869021D-04-0.2329133491661D-19 0.2667669802285D-04 0.2947284813944D-18
-0.1473813291393D-02-0.3611018595855D-18 0.1828387864211D-04-0.9540241735625D-19
 0.2834721687011D-04-0.5904945390227D-19 0.3468599673525D-05 0.2137288622882D-19
 0.9967924601639D-05-0.1362405730989D-18-0.1216493848755D-02 0.3128311568951D-18
-0.2452919408943D-02-0.5309627989305D-18-0.1217798570293D-02 0.1570955890784D-18
 0.6279551914769D-04-0.2589942770739D-18 0.5791352560063D-04 0.1170355576038D-18
 0.3757147995438D-04-0.2300448025113D-18-0.1987656348267D-02 0.3127154046037D-18
 0.1212017595546D-03-0.8292964356448D-19 0.1261894135343D-03 0.2429582234334D-19
 0.5667866144250D-04-0.1327693424602D-18 0.1160087206468D-03 0.2235559416143D-18
-0.7989573493928D-03 0.1721100153393D-18 0.1823468495642D-03-0.4854222035623D-19
 0.1872991526332D-03-0.2235497871614D-18 0.3012311132217D-03 0.3668903845359D-18
-0.6084117778606D-03-0.8778614667206D-19 0.1210946495333D-03-0.1341096235120D-18
 0.2673154183403D-03 0.8462951367051D-20 0.1782189462331D-03 0.1129068554295D-18
-0.9401802302004D-03 0.2626491448435D-18-0.4571368284149D-03-0.5451006821095D-19
 0.2809853025627D-03-0.3128431218200D-19 0.2944723838548D-03 0.1640491076813D-19
 0.3926458058666D-03 0.1824065201055D-18-0.6673883134990D-03-0.5964096784278D-19
 0.3043986121517D-03-0.1278752064593D-18 0.3164652635735D-03 0.6556609210138D-19
 0.4045901302586D-03 0.1949003793160D-18 0.3022544943055D-03-0.3155173464335D-20
-0.6636818791151D-04 0.3888331060998D-19 0.2446654884421D-03-0.6418252774116D-19
 0.1466203008031D-03-0.1622988947602D-20 0.2807439351456D-03 0.2142625030380D-19
 0.3542942812964D-03 0.9110033341666D-19 0.3064152142291D-03 0.2354645080719D-20
 0.1783923501643D-03 0.1330607303632D-19-0.2492702008671D-03 0.1519383112901D-19
-0.1123197189938D-04-0.4633906540191D-19 0.1038684101341D-03-0.1444529176723D-19
 0.1030769450093D-03-0.4643280820068D-19 0.3006454498291D-03 0.1975254352332D-19
 0.1970676012605D-03 0.1160630059126D-19-0.2297946454507D-03 0.1337217503555D-18
-0.5004011760553D-04 0.2568460559264D-19-0.3170655952335D-04-0.1363521291590D-18
 0.1914523906185D-03-0.1590272481697D-20 0.9136122534485D-04-0.5275779692104D-19
-0.8866860085200D-04 0.4356576615286D-19-0.3146880418146D-04-0.9805268265667D-19
 0.9036804303708D-04-0.3992798232091D-19 0.8712384317454D-04-0.1172465316541D-19
 0.1073283489818D-03-0.8076083938555D-19 0.1561523996560D-03 0.5418447483372D-19
 0.2090527567737D-03 0.1168210632202D-19-0.7647282310813D-04 0.1351935069340D-19
 0.1776110488935D-04-0.7318745481210D-20 0.6370839128632D-04 0.6970374915348D-20
-0.1711449838895D-03 0.2460984117824D-19-0.5576562594649D-04-0.4564516834117D-19
-0.1776653243547D-04 0.1997739223533D-19 0.7317539936267D-05 0.2579846567254D-20
-0.1029436591792D-03 0.1033187401539D-19-0.1080995586912D-03 0.2076492303078D-19
-0.1516126546858D-03-0.5769222906114D-19-0.1220386846478D-03-0.2035117396981D-20
-0.1299482177421D-03-0.2827210234737D-19-0.4675196229455D-04-0.6540013531625D-20
-0.1706021875924D-03-0.7765963544789D-20-0.1895577593736D-03 0.2663953406374D-20
-0.1541097898160D-03 0.1519876869848D-20-0.2605355428263D-03 0.8826599736999D-20
-0.1306459849727D-03-0.2272253364854D-20-0.2442589265359D-03 0.2153786062440D-22
-0.1211184086189D-03 0.5091540062527D-20-0.1474298480576D-03 0.2330119278556D-20
-0.1340118591214D-03-0.1778652129819D-20-0.3064451980506D-03 0.2228207238414D-21
-0.2923090510918D-03-0.4862070420333D-22-0.3026508800974D-03-0.4425493597015D-22
-0.2837303072742D-03-0.5740631933033D-22-0.3023791275879D-03-0.9130419084931D-21
-0.1455690313716D-03 0.1951408135303D-20-0.3394818327119D-03 0.3218437411957D-20
-0.3310424493061D-03 0.3248218897710D-20-0.3355509954257D-03 0.2576134553317D-21
-0.3273741198517D-03-0.3720496944555D-20-0.1734222390422D-03-0.3845668024824D-20
-0.1608952350488D-03-0.7200406725668D-20-0.3108854640011D-03 0.8054129025714D-20
-0.3621152113855D-03 0.1119485371943D-19-0.3768704183884D-03-0.1291839632602D-19
-0.1854100640470D-03 0.1153288151622D-20-0.3698651740092D-03-0.5604020533507D-20
-0.9281203930020D-04 0.5812295837403D-20-0.3915378591270D-03-0.2036801002206D-19
-0.3161255645722D-03-0.1997847179177D-19-0.1580251721476D-03-0.9640903709769D-20
-0.3709698001578D-03 0.2453177025666D-20-0.1873025620049D-03-0.3466806929592D-21
-0.1856957604677D-03 0.1364745066025D-19-0.3732656921484D-03-0.3847729120570D-21
-0.3078977401822D-03 0.8684127815746D-20-0.3034276284554D-03-0.2347136080594D-19
-0.3583306476506D-03 0.2381266744097D-20-0.3831404799608D-03-0.2074381602528D-19
-0.1796155870097D-03 0.1187366258926D-19-0.1912039409640D-03-0.5521955034775D-20
-0.3380002768628D-03 0.1031469170949D-19-0.3446404142332D-03-0.2197845722504D-21
-0.3389595400697D-03 0.2520724220988D-19-0.3615534763765D-03-0.1135046697373D-19
-0.3959507865600D-04 0.1082939332689D-19-0.3087889628017D-03-0.3460889187055D-21
-0.1533180556076D-03 0.1632640447769D-19-0.1840446004302D-03-0.3192577181703D-20
-0.2180386448257D-03-0.3225733622448D-19-0.1132918012837D-03-0.3344401114572D-21
-0.1373323451121D-03 0.4172333733975D-19-0.1317413317997D-03 0.5988226453565D-20
-0.2943141948589D-03-0.2634725929822D-19-0.8634153484792D-04-0.2163619865170D-19
-0.1883729654878D-03-0.3166608823010D-20-0.1146463938595D-03 0.3936093107705D-19
-0.2238632643464D-03 0.1950031892454D-19-0.2319209788836D-03 0.2593987824468D-19
-0.2518779364569D-03-0.1060127654021D-19-0.2308075953035D-03-0.9002967264457D-21
-0.2768975317012D-03-0.5482280460211D-20-0.7286646921617D-04-0.1973141353146D-20
-0.1811115524044D-03 0.8915423909546D-20-0.1937580608464D-03 0.2918863069205D-21
-0.2063597979750D-03-0.1982162628707D-19-0.1887656563914D-03-0.8093791052443D-20
-0.4598183140338D-04-0.1817423457659D-19-0.6638453085928D-04 0.3310199624196D-19
-0.1374162854650D-03 0.4969449325591D-20-0.1402886526055D-03 0.3777409675201D-21
-0.8760841096164D-04-0.2263347200121D-20-0.7968172011951D-04 0.2634863213982D-20
-0.5983526127076D-04-0.9661527678953D-20-0.8429411635711D-04 0.5965291430595D-19
-0.4580592698417D-04 0.1433513232947D-19-0.9715808821891D-04-0.4705913040084D-20
-0.1114793698353D-03 0.5265015669110D-20-0.1029707660978D-03 0.1017564320534D-20
-0.9096837424749D-05-0.3549174045946D-19-0.5154656472414D-04 0.9037656842348D-20
-0.7523303859533D-04-0.3148644863304D-20-0.1034264299945D-04 0.2052321392533D-19
-0.2087433279656D-04-0.7161380124350D-20-0.1546837443793D-04 0.1015522348231D-20
 0.2367313331128D-04 0.2014147731193D-19 0.1556010314041D-04-0.7948160736797D-20
 0.2859086245453D-04 0.2292460988740D-20 0.1884075351424D-04 0.4889853182186D-20
 0.1336537282006D-04-0.2546782933125D-20 0.1823687274093D-04-0.1660887307245D-19
 0.1290643721127D-04 0.1620952715655D-19 0.8509781476890D-05-0.1860659934173D-19
 0.4735805367877D-04-0.1532293950341D-19 0.4155512820399D-04 0.1663425914099D-19
 0.2927472698815D-04 0.4201722993047D-21 0.6072964154670D-04 0.6237265614781D-21
 0.6054563881378D-04 0.3000189911541D-19 0.5665596230408D-04-0.3395576357720D-19
 0.1199938979014D-03-0.1472025313496D-19 0.1143222091113D-03 0.2821015030779D-19
 0.5980308014616D-04-0.8808535944696D-20 0.8540839667650D-04-0.1080629016524D-19
 0.4533177387767D-04-0.1325178795986D-19 0.2401871758709D-04-0.5422317355231D-20
 0.1434490371116D-03-0.1731145962049D-19 0.1134184030193D-03 0.9836898575717D-20
 0.1131727441705D-03 0.9604063093255D-21 0.1189075227827D-03-0.2378962293566D-19
 0.8182007975527D-04-0.1302693061990D-19 0.6622283206055D-04 0.2290020008554D-20
 0.6640643351825D-04 0.7827597828289D-20 0.1347381143683D-03 0.2269313794500D-19
 0.6672529207167D-04-0.7190993443102D-21 0.1325703248787D-03-0.5236318137458D-21
 0.6606450580712D-04 0.7147192109996D-20 0.1416434744946D-03-0.2466883548762D-19
 0.1747736748592D-03-0.2547920458050D-19 0.1766086435574D-03 0.1566998917523D-19
 0.1480394854899D-03 0.3503031598474D-20 0.1481999039156D-03 0.1293266525758D-19
 0.1850601353190D-03-0.1526875954878D-19 0.1576870125902D-03 0.1025236363526D-19
 0.1580062061650D-03 0.3022061368962D-20 0.1588084520198D-03-0.2841080093355D-20
 0.1609008616079D-03-0.5248881582685D-21 0.1598019443357D-03-0.1577480806204D-20
 0.1702578242071D-03-0.1648432262984D-19 0.8507908087322D-04-0.5467682828450D-20
 0.1640045023028D-03 0.3697356432929D-20 0.1657889450333D-03 0.8449694526772D-21
 0.1767473166731D-03-0.9473232723028D-20 0.9679743171649D-04 0.2777245693984D-20
 0.1679008044874D-03 0.9069107946632D-20 0.1677495630278D-03-0.5917805365492D-21
 0.9348654722553D-04-0.5728703993471D-20 0.9341823788204D-04-0.8311265960888D-20
 0.1913100809881D-03 0.3928003883790D-20 0.2757524903745D-04 0.5193070142132D-20
 0.1650286180952D-03 0.7243717832771D-21 0.1649427854961D-03 0.1203022906436D-19
 0.1662699679737D-03 0.6861418448371D-21 0.1673086798218D-03-0.4789666541959D-20
 0.1773381789485D-03-0.1230350055194D-19 0.9817507176318D-04-0.1483721028511D-20
 0.9306597721384D-04 0.1776947400841D-20 0.1051753285335D-03 0.1714733641255D-19
    1
    1    1  120    3
 0.1440102493160D-03 0.1581149292147D-03 0.1730281433648D-03 0.1889321347106D-03
 0.2057562512795D-03 0.2234762737095D-03 0.2420441026437D-03 0.2613951159924D-03
 0.2814382945422D-03 0.3020599085857D-03 0.3231211321562D-03 0.3444547639211D-03
 0.3658683185155D-03 0.3871411013738D-03 0.4080302022138D-03 0.4282699266867D-03
 0.4475824507635D-03 0.4656814382801D-03 0.4822892462560D-03 0.4971465969703D-03
 0.5100378690494D-03 0.5208072051502D-03 0.5293909144273D-03 0.5358362243733D-03
 0.5403336764563D-03 0.5432268058770D-03 0.5450283248390D-03 0.5464005990820D-03
 0.5481345146903D-03 0.5510832062030D-03 0.5560961193118D-03 0.5639150937518D-03
 0.5750927015277D-03 0.5898994186053D-03 0.6082846366359D-03 0.6298515960562D-03
 0.6538987678074D-03 0.6794730065863D-03 0.7054704599560D-03 0.7307245890517D-03
 0.7541128638161D-03 0.7746288032228D-03 0.7914556402087D-03 0.8040000587674D-03
 0.8119254189378D-03 0.8151510612637D-03 0.8138548328693D-03 0.8084503149549D-03
 0.7995697654314D-03 0.7880284631309D-03 0.7747948651501D-03 0.7609460953260D-03
 0.7476274712098D-03 0.7360003140007D-03 0.7271911964467D-03 0.7222322130699D-03
 0.7220010353686D-03 0.7271567537664D-03 0.7380764068248D-03 0.7547983101623D-03
 0.7769744869524D-03 0.8038542899819D-03 0.8343003697920D-03 0.8668789441410D-03
 0.9000152853164D-03 0.9322604809966D-03 0.9626063009932D-03 0.9908487820281D-03
 0.1017835347908D-02 0.1045559088070D-02 0.1076947910941D-02 0.1115456568187D-02
 0.1164496626223D-02 0.1226975201784D-02 0.1304968561501D-02 0.1399692165785D-02
 0.1511599222973D-02 0.1640655750252D-02 0.1786573591682D-02 0.1949086607671D-02
 0.2128098237397D-02 0.2323838230256D-02 0.2536887164370D-02 0.2768217393107D-02
 0.3019116209704D-02 0.3291134686847D-02 0.3585923667232D-02 0.3905095778212D-02
 0.4249975951423D-02 0.4621368736854D-02 0.5019211303734D-02 0.5442235474965D-02
 0.5887511132376D-02 0.6349999627824D-02 0.6821990682258D-02 0.7292574234272D-02
 0.7747021031088D-02 0.8166260911604D-02 0.8526344865834D-02 0.8798105528305D-02
 0.8946935475989D-02 0.8932849963840D-02 0.8710759752543D-02 0.8230959326296D-02
 0.7439681217317D-02 0.6279404038816D-02 0.4688747880184D-02 0.2601334216455D-02
-0.5620965112003D-04-0.3367836606046D-02-0.7432285350803D-02-0.1236887562026D-01
-0.1832313045524D-01-0.2547401849740D-01-0.3404042887139D-01-0.4428964441707D-01
-0.5654426708866D-01-0.7119088772957D-01-0.8868533855786D-01-0.1095587548556D+00
 0.2267151430026D-08 0.2676869038733D-08 0.3151015073894D-08 0.3703147726874D-08
 0.4343870631955D-08 0.5086319348608D-08 0.5944973472735D-08 0.6936126072680D-08
 0.8077457980144D-08 0.9388562280069D-08 0.1089077518267D-07 0.1260714513166D-07
 0.1456237008760D-07 0.1678270848625D-07 0.1929567637793D-07 0.2212985909674D-07
 0.2531430088360D-07 0.2887830902838D-07 0.3285050746447D-07 0.3725855317806D-07
 0.4212818826772D-07 0.4748310983838D-07 0.5334430927980D-07 0.5973089054182D-07
 0.6666049151432D-07 0.7415236240628D-07 0.8223035222487D-07 0.9092981578677D-07
 0.1003042902028D-06 0.1104368028213D-06 0.1214489566173D-06 0.1335128556782D-06
 0.1468561877657D-06 0.1617664315512D-06 0.1785826965038D-06 0.1976852688412D-06
 0.2194713764725D-06 0.2443329700944D-06 0.2726242267648D-06 0.3046377523912D-06
 0.3405735071652D-06 0.3805205010727D-06 0.4244296391778D-06 0.4720995686366D-06
 0.5231494046156D-06 0.5770041162763D-06 0.6328618139949D-06 0.6896756152816D-06
 0.7461134215202D-06 0.8005366596172D-06 0.8509555261188D-06 0.8950105799473D-06
 0.9299325350423D-06 0.9525430512619D-06 0.9592407563166D-06 0.9460554396543D-06
 0.9087077190618D-06 0.8427835917810D-06 0.7439571902958D-06 0.6084022003862D-06
 0.4333100547576D-06 0.2176736157803D-06-0.3681316622252D-07-0.3246480473579D-06
-0.6355536523780D-06-0.9537744719845D-06-0.1258274870056D-05-0.1524031549604D-05
-0.1724833914469D-05-0.1836975599311D-05-0.1843147616581D-05-0.1735009063462D-05
-0.1513806044229D-05-0.1188618687149D-05-0.7733118196278D-06-0.2829704043255D-06
 0.2688839270784D-06 0.8721634397420D-06 0.1520765971297D-05 0.2212301238630D-05
 0.2946897335258D-05 0.3725515440653D-05 0.4547492902116D-05 0.5407518408492D-05
 0.6291517313062D-05 0.7171452326786D-05 0.7998321278503D-05 0.8693120622927D-05
 0.9134775822886D-05 0.9144563184439D-05 0.8465506487563D-05 0.6735975159034D-05
 0.3455282737471D-05-0.2059884299130D-05-0.1073101987632D-04-0.2378676331607D-04
-0.4284801351621D-04-0.7003023657856D-04-0.1080639567526D-03-0.1604332248293D-03
-0.2315291133265D-03-0.3268188762357D-03-0.4530257791544D-03-0.6183301868698D-03
-0.8325951392455D-03-0.1107656154641D-02-0.1457692022482D-02-0.1899754242421D-02
-0.2454460140372D-02-0.3146947074772D-02-0.4008042110209D-02-0.5075779747676D-02
-0.6397190084758D-02-0.8030613777651D-02-0.1004846754355D-01-0.1254084448695D-01
-0.1561973728766D-01-0.1942424750826D-01-0.2412630840314D-01-0.2993743446525D-01
 0.1900517144540D-09 0.2281525124096D-09 0.2734350903780D-09 0.3273122340095D-09
 0.3915007318957D-09 0.4679845319195D-09 0.5592634568162D-09 0.6683214504188D-09
 0.7987954841383D-09 0.9549847330331D-09 0.1142190134623D-08 0.1366709425332D-08
 0.1636093368662D-08 0.1959352331422D-08 0.2347122105291D-08 0.2811895573128D-08
 0.3368073326848D-08 0.4032181426304D-08 0.4822563546269D-08 0.5759160384394D-08
 0.6862690688934D-08 0.8153527041427D-08 0.9649724643877D-08 0.1136452112002D-07
 0.1330279933476D-07 0.1545744053381D-07 0.1780482355030D-07 0.2030170299734D-07
 0.2288266889007D-07 0.2546119597594D-07 0.2793330488455D-07 0.3018580327392D-07
 0.3210665108966D-07 0.3359762213083D-07 0.3458491321089D-07 0.3502736224946D-07
 0.3491872129978D-07 0.3428603656381D-07 0.3318279351611D-07 0.3168074661061D-07
 0.2986049892579D-07 0.2780390057392D-07 0.2558768826989D-07 0.2327998170999D-07
 0.2093802763742D-07 0.1860819824376D-07 0.1632621108748D-07 0.1411859538761D-07
 0.1200372187243D-07 0.9993232198301D-08 0.8092736424611D-08 0.6302594873802D-08
 0.4617834832420D-08 0.3027862511326D-08 0.1515408234277D-08 0.5497906234331D-10
-0.1389374408176D-08-0.2866760316153D-08-0.4442504412944D-08-0.6200929215838D-08
-0.8246862194386D-08-0.1070413778790D-07-0.1370882056577D-07-0.1739450919417D-07
-0.2186864325683D-07-0.2718240874363D-07-0.3330431518956D-07-0.4011537702769D-07
-0.4744666086737D-07-0.5516977109939D-07-0.6332508648662D-07-0.7224937079237D-07
-0.8265676538613D-07-0.9565734616780D-07-0.1127271796981D-06-0.1356782621652D-06
-0.1666617537815D-06-0.2082393889062D-06-0.2635228631694D-06-0.3363985234954D-06
-0.4318337016888D-06-0.5562995430260D-06-0.7183306802858D-06-0.9292876882898D-06
-0.1204380870333D-05-0.1564067318203D-05-0.2035937416888D-05-0.2657278844103D-05
-0.3478534180526D-05-0.4567963138015D-05-0.6017894428146D-05-0.7953082778532D-05
-0.1054183005750D-04-0.1401071013349D-04-0.1866397582827D-04-0.2490899294027D-04
-0.3328933403488D-04-0.4452759452839D-04-0.5958023085045D-04-0.7970741996630D-04
-0.1065609896945D-03-0.1422951576952D-03-0.1897048031834D-03-0.2524004172650D-03
-0.3350298533019D-03-0.4435671264673D-03-0.5856897941741D-03-0.7712845667118D-03
-0.1013116982335D-02-0.1327727594052D-02-0.1736603137539D-02-0.2267713898538D-02
-0.2957488284509D-02-0.3853375598698D-02-0.5017132179986D-02-0.6529103494704D-02
-0.8493761198392D-02-0.1104694955313D-01-0.1436527088513D-01-0.1867833272453D-01
    2    2  120    8
 0.1850165976254D-03 0.1964624881973D-03 0.2086189958547D-03 0.2215300040641D-03
 0.2352427591235D-03 0.2498069730182D-03 0.2652759523766D-03 0.2817058278235D-03
 0.2991568046960D-03 0.3176922950125D-03 0.3373802928071D-03 0.3582924348163D-03
 0.3805055545567D-03 0.4041005825521D-03 0.4291643460851D-03 0.4557883270984D-03
 0.4840706507493D-03 0.5141147329306D-03 0.5460315324815D-03 0.5799379689994D-03
 0.6159595303171D-03 0.6542284872896D-03 0.6948867769470D-03 0.7380840597935D-03
 0.7839809862853D-03 0.8327469274284D-03 0.8845637563119D-03 0.9396232901020D-03
 0.9981314756822D-03 0.1060305608181D-02 0.1126379075814D-02 0.1196598115484D-02
 0.1271227306600D-02 0.1350545918627D-02 0.1434853999799D-02 0.1524468410236D-02
 0.1619729730021D-02 0.1720997639124D-02 0.1828658919322D-02 0.1943122260798D-02
 0.2064827145160D-02 0.2194238213864D-02 0.2331855357810D-02 0.2478207171464D-02
 0.2633862645715D-02 0.2799423824533D-02 0.2975538811793D-02 0.3162893825402D-02
 0.3362227992488D-02 0.3574324133449D-02 0.3800025927170D-02 0.4040227595502D-02
 0.4295892975024D-02 0.4568044580216D-02 0.4857785141852D-02 0.5166284941020D-02
 0.5494807049447D-02 0.5844692983074D-02 0.6217390905414D-02 0.6614440475459D-02
 0.7037504787758D-02 0.7488352974154D-02 0.7968897331320D-02 0.8481174096927D-02
 0.9027384937434D-02 0.9609876534438D-02 0.1023118805289D-01 0.1089402765554D-01
 0.1160132779783D-01 0.1235621927751D-01 0.1316209326794D-01 0.1402257441410D-01
 0.1494159142156D-01 0.1592334621638D-01 0.1697239696863D-01 0.1809362385966D-01
 0.1929232209343D-01 0.2057416761274D-01 0.2194532330442D-01 0.2341239903311D-01
 0.2498257714425D-01 0.2666356915552D-01 0.2846375590771D-01 0.3039214549250D-01
 0.3245853365205D-01 0.3467345513183D-01 0.3704837290473D-01 0.3959562531613D-01
 0.4232864163674D-01 0.4526188439231D-01 0.4841110452302D-01 0.5179327191312D-01
 0.5542686990142D-01 0.5933182592695D-01 0.6352984334412D-01 0.6804432644016D-01
 0.7290076679537D-01 0.7812665606510D-01 0.8375192624272D-01 0.8980886359902D-01
 0.9633260240036D-01 0.1033610323091D+00 0.1109353698779D+00 0.1191000505285D+00
 0.1279033788553D+00 0.1373974257714D+00 0.1476387579133D+00 0.1586883277754D+00
 0.1706123146343D+00 0.1834819906336D+00 0.1973746666075D+00 0.2123735457487D+00
 0.2285687578680D+00 0.2460571669371D+00 0.2649435188398D+00 0.2853401718848D+00
 0.3073683508618D+00 0.3311578680469D+00 0.3568485321249D+00 0.3845899103938D+00
-0.1499945504945D-07-0.1690761767283D-07-0.1905901991316D-07-0.2148468045893D-07
-0.2421961631812D-07-0.2730328940668D-07-0.3078022653148D-07-0.3470061838537D-07
-0.3912109545153D-07-0.4410549522010D-07-0.4972584262780D-07-0.5606332783408D-07
-0.6320956964647D-07-0.7126783783971D-07-0.8035466437761D-07-0.9060140995332D-07
-0.1021563114833D-06-0.1151864646837D-06-0.1298804333653D-06-0.1464507947700D-06
-0.1651374222230D-06-0.1862107346628D-06-0.2099759153896D-06-0.2367769897574D-06
-0.2670022298375D-06-0.3010893332584D-06-0.3395322905754D-06-0.3828880082467D-06
-0.4317850263891D-06-0.4869319530332D-06-0.5491285473753D-06-0.6192765126244D-06
-0.6983935122287D-06-0.7876269644383D-06-0.8882719804705D-06-0.1001788708203D-05
-0.1129825335252D-05-0.1274240179737D-05-0.1437130877923D-05-0.1620862585415D-05
-0.1828105166874D-05-0.2061869018283D-05-0.2325552465650D-05-0.2622987574532D-05
-0.2958500252650D-05-0.3336968674997D-05-0.3763900011322D-05-0.4245504789708D-05
-0.4788794534377D-05-0.5401676634636D-05-0.6093079171886D-05-0.6873071302188D-05
-0.7753022335830D-05-0.8745756169927D-05-0.9865753439594D-05-0.1112934858565D-04
-0.1255498873914D-04-0.1416348415184D-04-0.1597833946735D-04-0.1802607441880D-04
-0.2033664665396D-04-0.2294386166949D-04-0.2588591406281D-04-0.2920591461744D-04
-0.3295258087605D-04-0.3718091464299D-04-0.4195309070712D-04-0.4733932422949D-04
-0.5341901226438D-04-0.6028185657820D-04-0.6802933187544D-04-0.7677612960033D-04
-0.8665206324779D-04-0.9780393154717D-04-0.1103979789800D-03-0.1246223250855D-03
-0.1406901473226D-03-0.1588428380405D-03-0.1793541399991D-03-0.2025342743172D-03
-0.2287352980377D-03-0.2583564923768D-03-0.2918513736341D-03-0.3297346810212D-03
-0.3725914901635D-03-0.4210863912835D-03-0.4759752959841D-03-0.5381173412945D-03
-0.6084902780850D-03-0.6882058727183D-03-0.7785297629809D-03-0.8809014522392D-03
-0.9969598859836D-03-0.1128569101465D-02-0.1277851226622D-02-0.1447219606446D-02
-0.1639420993783D-02-0.1857578446207D-02-0.2105246154835D-02-0.2386464761263D-02
-0.2705833029509D-02-0.3068581279252D-02-0.3480665597846D-02-0.3948865954619D-02
-0.4480913123431D-02-0.5085620822265D-02-0.5773056449964D-02-0.6554721199367D-02
-0.7443778733783D-02-0.8455295600889D-02-0.9606545662526D-02-0.1091732460524D-01
-0.1241034449888D-01-0.1411164241655D-01-0.1605108814240D-01-0.1826291395937D-01
-0.2078638574248D-01-0.2366652377626D-01-0.2695502820208D-01-0.3071131662109D-01
 0.3113774581266D-07 0.3509950527191D-07 0.3956620073352D-07 0.4460221853700D-07
 0.5028020809711D-07 0.5668207561211D-07 0.6390020319760D-07 0.7203873953072D-07
 0.8121518511588D-07 0.9156198187497D-07 0.1032285717809D-06 0.1163833880074D-06
 0.1312165080581D-06 0.1479421575394D-06 0.1668020859144D-06 0.1880687875060D-06
 0.2120497517780D-06 0.2390916041941D-06 0.2695854723570D-06 0.3039723065527D-06
 0.3427496535128D-06 0.3864784742036D-06 0.4357917625396D-06 0.4914031724382D-06
 0.5541180937902D-06 0.6248445182697D-06 0.7046071937556D-06 0.7945615261872D-06
 0.8960114953588D-06 0.1010427398455D-05 0.1139468700619D-05 0.1285006635826D-05
 0.1449153227919D-05 0.1634290184928D-05 0.1843105941338D-05 0.2078632250801D-05
 0.2344291512622D-05 0.2643943537916D-05 0.2981945726586D-05 0.3363212636340D-05
 0.3793292981903D-05 0.4278445265162D-05 0.4825736068528D-05 0.5443136938123D-05
 0.6139649207945D-05 0.6925427775988D-05 0.7811940671161D-05 0.8812127021626D-05
 0.9940600290562D-05 0.1121385037963D-04 0.1265050387885D-04 0.1427158104157D-04
 0.1610082830003D-04 0.1816504840243D-04 0.2049452392335D-04 0.2312343948152D-04
 0.2609042511858D-04 0.2943909413141D-04 0.3321873950492D-04 0.3748502413201D-04
 0.4230087091390D-04 0.4773734645787D-04 0.5387480203069D-04 0.6080401029607D-04
 0.6862762206151D-04 0.7746162777811D-04 0.8743723156157D-04 0.9870272063469D-04
 0.1114258698938D-03 0.1257963560895D-03 0.1420288422886D-03 0.1603660721508D-03
 0.1810828565771D-03 0.2044900449120D-03 0.2309396464217D-03 0.2608299706615D-03
 0.2946122065880D-03 0.3327970425870D-03 0.3759631464449D-03 0.4247657318137D-03
 0.4799474385869D-03 0.5423493958169D-03 0.6129253178291D-03 0.6927556889847D-03
 0.7830659176428D-03 0.8852447754392D-03 0.1000867713423D-02 0.1131720589979D-02
 0.1279829885055D-02 0.1447493242214D-02 0.1637318352251D-02 0.1852262593762D-02
 0.2095683167395D-02 0.2371388152892D-02 0.2683701531647D-02 0.3037529601041D-02
 0.3438444705938D-02 0.3892771966737D-02 0.4407698746383D-02 0.4991387031423D-02
 0.5653116654081D-02 0.6403433818741D-02 0.7254337678165D-02 0.8219475567153D-02
 0.9314389204344D-02 0.1055677010936D-01 0.1196678113659D-01 0.1356739268369D-01
 0.1538479968501D-01 0.1744885674622D-01 0.1979362101893D-01 0.2245791259883D-01
 0.2548601570601D-01 0.2892841387735D-01 0.3284270808474D-01 0.3729459642532D-01
 0.4235911831335D-01 0.4812201256551D-01 0.5468143834080D-01 0.6214989888556D-01
-0.1251151316105D-10 0.1080479380155D-11 0.1681633429113D-10 0.1539164826999D-11
-0.1977311445072D-10 0.2196964033773D-11-0.3400077329830D-11 0.3139527314836D-11
 0.3398585562509D-10 0.4490373433127D-11-0.1187153751812D-10 0.6424344831466D-11
 0.1556456375091D-10 0.9191549593289D-11-0.2579093823777D-11 0.1315335438663D-10
 0.7066540316873D-11 0.1882156591354D-10 0.5841632337387D-10 0.2693994964084D-10
 0.1621564575887D-10 0.3856107524473D-10 0.3589002351259D-10 0.5519791651120D-10
 0.7481787164637D-10 0.7902408959450D-10 0.7199445045126D-10 0.1131472515761D-09
 0.1512372313459D-09 0.1620330842019D-09 0.2348718338348D-09 0.2320898960341D-09
 0.2644100893956D-09 0.3325063725356D-09 0.3540024074942D-09 0.4764800477627D-09
 0.5490482364050D-09 0.6829982769276D-09 0.8223876304259D-09 0.9793797221423D-09
 0.1186658299331D-08 0.1404963382578D-08 0.1695319178959D-08 0.2016457423730D-08
 0.2419500747725D-08 0.2895703750604D-08 0.3458562814865D-08 0.4160973627970D-08
 0.4968920433514D-08 0.5983437110152D-08 0.7172338053686D-08 0.8611203904568D-08
 0.1034612883312D-07 0.1240450026920D-07 0.1489744188434D-07 0.1788721877872D-07
 0.2148425081962D-07 0.2582267428257D-07 0.3104196920470D-07 0.3732506780495D-07
 0.4489568741858D-07 0.5402370037819D-07 0.6502747865303D-07 0.7830520044599D-07
 0.9433006201017D-07 0.1136709794626D-06 0.1370340326872D-06 0.1652646474690D-06
 0.1993871192364D-06 0.2406495620385D-06 0.2905607727164D-06 0.3509530221320D-06
 0.4240490108537D-06 0.5125453245798D-06 0.6197078892237D-06 0.7494941281592D-06
 0.9067012825117D-06 0.1097133958236D-05 0.1327812481514D-05 0.1607225497244D-05
 0.1945619774655D-05 0.2355358883702D-05 0.2851339626978D-05 0.3451493038389D-05
 0.4177368696901D-05 0.5054838920519D-05 0.6114914273716D-05 0.7394724964706D-05
 0.8938653987151D-05 0.1079970694058D-04 0.1304109639647D-04 0.1573816059921D-04
 0.1898060471610D-04 0.2287523869706D-04 0.2754920392386D-04 0.3315397427064D-04
 0.3987013769826D-04 0.4791339946355D-04 0.5754185194122D-04 0.6906520671721D-04
 0.8285605822693D-04 0.9936423236579D-04 0.1191343214040D-03 0.1428279118352D-03
 0.1712505289239D-03 0.2053854243774D-03 0.2464339978508D-03 0.2958656971675D-03
 0.3554768960384D-03 0.4274627934474D-03 0.5145015503889D-03 0.6198572917340D-03
 0.7475019346765D-03 0.9022674419607D-03 0.1090031654764D-02 0.1317958604075D-02
 0.1594801701775D-02 0.1931304173244D-02 0.2340710067061D-02 0.2839433253084D-02
 0.2108472746611D-10-0.1032739875061D-11-0.7089714707831D-10-0.1462237855331D-11
-0.7603877767243D-10-0.2082014046270D-11-0.1022422305725D-10-0.2965899841826D-11
 0.4660954507102D-10-0.4226338307038D-11 0.6642887560660D-10-0.6021432588703D-11
 0.5644425852232D-10-0.8581811935287D-11 0.2514216462456D-10-0.1223221429325D-10
-0.1893802616423D-10-0.1744671159321D-10-0.5377849192875D-10-0.2489281651037D-10
-0.5423169154424D-10-0.3553177401872D-10-0.3633532718352D-10-0.5073142601565D-10
-0.5370207707735D-10-0.7245507885363D-10-0.1039063542397D-09-0.1035256085393D-09
-0.1306132929316D-09-0.1479940148528D-09-0.1594704679008D-09-0.2116863947711D-09
-0.2502573616570D-09-0.3030073464939D-09-0.3711148420471D-09-0.4341004306370D-09
-0.5177259014550D-09-0.6225461483107D-09-0.7473416280128D-09-0.8938726561621D-09
-0.1072742815652D-08-0.1285259109866D-08-0.1537377399695D-08-0.1851023293127D-08
-0.2224903140279D-08-0.2670826640356D-08-0.3212134731576D-08-0.3861927794778D-08
-0.4646948726774D-08-0.5597635001950D-08-0.6746580631116D-08-0.8135178962556D-08
-0.9816626910208D-08-0.1185797614560D-07-0.1433370599163D-07-0.1733996418975D-07
-0.2099621737458D-07-0.2544380801793D-07-0.3086228735075D-07-0.3747116306950D-07
-0.4553758893293D-07-0.5539292926033D-07-0.6744615645554D-07-0.8220228424453D-07
-0.1002833258337D-06-0.1224557195618D-06-0.1496705494488D-06-0.1831008686525D-06
-0.2241935063899D-06-0.2747396542595D-06-0.3369490212618D-06-0.4135476326249D-06
-0.5079051834890D-06-0.6241743433390D-06-0.7674702956265D-06-0.9440952381397D-06
-0.1161794779365D-05-0.1430085391038D-05-0.1760639616846D-05-0.2167751446048D-05
-0.2668896769375D-05-0.3285401143963D-05-0.4043234508663D-05-0.4973959533105D-05
-0.6115839853114D-05-0.7515165898038D-05-0.9227786440987D-05-0.1132093036770D-04
-0.1387530461290D-04-0.1698757804449D-04-0.2077324040478D-04-0.2536999202934D-04
-0.3094166836565D-04-0.3768293478400D-04-0.4582478668095D-04-0.5564125009875D-04
-0.6745738937569D-04-0.8165927371854D-04-0.9870614447401D-04-0.1191458900703D-03
-0.1436342136089D-03-0.1729592866405D-03-0.2080724985526D-03-0.2501278817542D-03
-0.3005309907716D-03-0.3610007855244D-03-0.4336451515662D-03-0.5210545632020D-03
-0.6264141443613D-03-0.7536399328540D-03-0.9075390979376D-03-0.1094003100796D-02
-0.1320234762039D-02-0.1595025488469D-02-0.1929090016159D-02-0.2335490475875D-02
-0.2830169880654D-02-0.3432651956330D-02-0.4166942850066D-02-0.5062718099372D-02
-0.3912681432263D-10 0.1761914082400D-13-0.2742711126282D-10 0.9791594207638D-14
 0.7786901710661D-11 0.3296750809943D-14 0.9262561205494D-11 0.5784803351691D-15
-0.7746019222707D-11-0.2391939399316D-14 0.1959907385882D-11-0.4908257518429D-14
 0.1383098286492D-10-0.8416036775063D-14-0.3222557680451D-11-0.1243919680545D-13
-0.1135982751037D-10-0.2162356396907D-13 0.2843096618622D-11-0.3367303486535D-13
 0.3310971622872D-11-0.5445377843687D-13-0.2123044770484D-11-0.8857899941794D-13
 0.2936697189289D-11-0.1423513541408D-12-0.3111961410810D-12-0.2302457517590D-12
-0.4324124430817D-11-0.3737257737624D-12 0.1279302886681D-11-0.6042251789306D-12
 0.4345512220225D-12-0.9769893718824D-12-0.2078101781314D-11-0.1579179158988D-11
-0.1088868978957D-11-0.2552457114969D-11-0.4323794711229D-11-0.4124862291729D-11
-0.5721288355890D-11-0.6664803473292D-11-0.7221133883291D-11-0.1076044250730D-10
-0.1538369261121D-10-0.1736513220525D-10-0.2121997648826D-10-0.2800564967293D-10
-0.3422707857347D-10-0.4512866053363D-10-0.5869908979962D-10-0.7265471108041D-10
-0.9271300443754D-10-0.1168427302726D-09-0.1491664204701D-09-0.1876684119330D-09
-0.2369413707537D-09-0.3009798729869D-09-0.3786166963149D-09-0.4818892501685D-09
-0.6104834451940D-09-0.7700327204779D-09-0.9726448888585D-09-0.1227717338700D-08
-0.1548999021944D-08-0.1952431802258D-08-0.2459640917738D-08-0.3095908134737D-08
-0.3892585739787D-08-0.4892906725875D-08-0.6143308827431D-08-0.7704269467826D-08
-0.9652011388692D-08-0.1208063437668D-07-0.1510282883101D-07-0.1885578067460D-07
-0.2351285544101D-07-0.2928202572315D-07-0.3641745899887D-07-0.4522530611259D-07
-0.5608324365957D-07-0.6944568941121D-07-0.8586394173735D-07-0.1060037491419D-06
-0.1306757259478D-06-0.1608616830949D-06-0.1977536557657D-06-0.2428061208856D-06
-0.2978018277418D-06-0.3649380200042D-06-0.4469383319607D-06-0.5472113405171D-06
-0.6700577696012D-06-0.8209533441936D-06-0.1006934131929D-05-0.1237115513652D-05
-0.1523394020322D-05-0.1881383932444D-05-0.2331666502221D-05-0.2901429490634D-05
-0.3626602688292D-05-0.4554612219361D-05-0.5747881657198D-05-0.7288231909025D-05
-0.9282353727410D-05-0.1186852195252D-04-0.1522478996851D-04-0.1957890086503D-04
-0.2522031855451D-04-0.3251485965235D-04-0.4192280181280D-04-0.5402164521295D-04
-0.6953551129966D-04-0.8937380066665D-04-0.1146830927188D-03-0.1469170449842D-03
-0.1879306491584D-03-0.2401052520901D-03-0.3065114776834D-03-0.3911148438019D-03
-0.3645037096900D-10 0.2028571882412D-13-0.3480352349948D-10 0.1463003240911D-13
-0.3358843159850D-10 0.1153292409916D-13-0.2983385346605D-10 0.1097860579940D-13
-0.2132920988299D-10 0.1158372481188D-13-0.8643012707308D-11 0.1430002963937D-13
 0.3469778351411D-11 0.2039902435293D-13 0.8286808815672D-11 0.3148162214120D-13
 0.3620124106581D-11 0.5123615748221D-13-0.3446459142501D-11 0.8217845131228D-13
-0.2844986468095D-11 0.1325296248730D-12 0.4661787457682D-11 0.2148678114798D-12
-0.1568821496383D-11 0.3473027183024D-12 0.2857035700785D-11 0.5626411532285D-12
-0.1093711267928D-11 0.9112625404765D-12 0.1165226986312D-12 0.1475437853258D-11
 0.5024555718937D-11 0.2389284458621D-11 0.2045740375562D-11 0.3866889885388D-11
 0.3326469720077D-11 0.6257417218838D-11 0.8903823977989D-11 0.1012258788105D-10
 0.1293721304304D-10 0.1636903958213D-10 0.2090427881305D-10 0.2645702693010D-10
 0.3394745649500D-10 0.4273619032428D-10 0.5390751214585D-10 0.6898331883954D-10
 0.8724384242897D-10 0.1112563141799D-09 0.1412685029543D-09 0.1792555285630D-09
 0.2279142281799D-09 0.2884771511624D-09 0.3660245924084D-09 0.4636072561696D-09
 0.5871488988409D-09 0.7438548052681D-09 0.9412986524524D-09 0.1191264064637D-08
 0.1505962265872D-08 0.1903603941289D-08 0.2404485599915D-08 0.3034178043069D-08
 0.3827030241835D-08 0.4821995996869D-08 0.6070742880534D-08 0.7637209212376D-08
 0.9597989928501D-08 0.1204863807056D-07 0.1510895377047D-07 0.1892253298325D-07
 0.2366762202309D-07 0.2956428803338D-07 0.3687343507420D-07 0.4591712126202D-07
 0.5708208936099D-07 0.7083281428673D-07 0.8772735334036D-07 0.1084280080680D-06
 0.1337220677658D-06 0.1645333397331D-06 0.2019483184927D-06 0.2472307244561D-06
 0.3018406788087D-06 0.3674587100364D-06 0.4460044091217D-06 0.5396598758397D-06
 0.6508918305574D-06 0.7824843163925D-06 0.9375783228579D-06 0.1119732830488D-05
 0.1333022184948D-05 0.1582186498955D-05 0.1872872724188D-05 0.2212006213123D-05
 0.2608361160118D-05 0.3073401131228D-05 0.3622505462732D-05 0.4276704581063D-05
 0.5065089009195D-05 0.6028061194453D-05 0.7221639668250D-05 0.8723005788450D-05
 0.1063749308599D-04 0.1310716419006D-04 0.1632109945378D-04 0.2052743146480D-04
 0.2604716729325D-04 0.3328981809267D-04 0.4277110179765D-04 0.5513330552195D-04
 0.7116978863501D-04 0.9185617654873D-04 0.1183927804293D-03 0.1522646604950D-03
 0.1953285292292D-03 0.2499371261637D-03 0.3191130574831D-03 0.4067814076825D-03
-0.3645377942257D-10 0.1496425315572D-13-0.1017109181333D-10 0.7118719842261D-14
 0.1667219938917D-10 0.1158332412998D-14 0.1967181485781D-11-0.2952112270402D-14
-0.1794345452747D-10-0.8678432968261D-14 0.8751303306325D-11-0.1546422824795D-13
 0.3358795278665D-11-0.2584818098936D-13-0.9931664354281D-12-0.4195995702943D-13
-0.2187794512860D-11-0.6853280982685D-13-0.2215892369896D-11-0.1112017187313D-12
 0.5245999435878D-11-0.1798447222553D-12-0.6142959602065D-11-0.2916512882269D-12
 0.3176012991991D-11-0.4715975035053D-12 0.5274646533951D-11-0.7633663613330D-12
-0.1286905654183D-10-0.1236785024497D-11 0.7457271506256D-12-0.2002449759586D-11
 0.5902949939995D-11-0.3239937210280D-11-0.9258117232139D-11-0.5242616898846D-11
-0.7496562858207D-11-0.8480673165762D-11-0.9244452037510D-11-0.1371393572123D-10
-0.2114093530883D-10-0.2216801486334D-10-0.2624937916509D-10-0.3581259889756D-10
-0.4003895822398D-10-0.5781651744014D-10-0.7712409496297D-10-0.9327119549481D-10
-0.1216866196282D-09-0.1503320711349D-09-0.1859281336870D-09-0.2420409877668D-09
-0.3118855709344D-09-0.3892075746808D-09-0.4973095842059D-09-0.6249370475404D-09
-0.7840823261193D-09-0.1001713750568D-08-0.1265583226626D-08-0.1602448250579D-08
-0.2017883929833D-08-0.2557515929872D-08-0.3228314822134D-08-0.4070884082952D-08
-0.5129212674834D-08-0.6459726031703D-08-0.8128095901157D-08-0.1021383037808D-07
-0.1282319158386D-07-0.1608343975217D-07-0.2014794827271D-07-0.2520700847929D-07
-0.3149047930423D-07-0.3929335974251D-07-0.4894744522252D-07-0.6087532796723D-07
-0.7557366294177D-07-0.9365288364127D-07-0.1158246341047D-06-0.1429416662186D-06
-0.1760180632317D-06-0.2162358709774D-06-0.2649857054853D-06-0.3238834394116D-06
-0.3947936093229D-06-0.4798635221231D-06-0.5815554371967D-06-0.7026753775419D-06
-0.8464243518340D-06-0.1016454431976D-05-0.1216948565437D-05-0.1452750893828D-05
-0.1729550826379D-05-0.2054171265820D-05-0.2435005661957D-05-0.2882665126166D-05
-0.3410931942550D-05-0.4038130509254D-05-0.4789060568611D-05-0.5697663889310D-05
-0.6810633959843D-05-0.8192183464960D-05-0.9930211518588D-05-0.1214409993615D-04
-0.1499433838365D-04-0.1869413173760D-04-0.2352309363731D-04-0.2984305719476D-04
-0.3811608325976D-04-0.4892482747065D-04-0.6299586104661D-04-0.8122716703310D-04
-0.1047223359191D-03-0.1348355734986D-03-0.1732341233814D-03-0.2219870165137D-03
-0.2836917959383D-03-0.3616517645205D-03-0.4601160483332D-03-0.5845895658988D-03
