bcc Te -- Hedin-Lundqvist LDA                                                   
INPUT  IT=275 SPIN=0 NTYPE=  2
 -3.150000  3.150000  3.150000
  3.150000 -3.150000  3.150000
  3.150000  3.150000 -3.150000
    1  435  1.700000  0.030000    1
  0.000000  0.000000  0.000000
-0.5284091122010D+01-0.5153380175061D+01-0.5024877019220D+01-0.4898562366780D+01
-0.4774416930041D+01-0.4652421421297D+01-0.4532556552845D+01-0.4414803036982D+01
-0.4299141586005D+01-0.4185552912210D+01-0.4074017727893D+01-0.3964516745351D+01
-0.3857030676881D+01-0.3751540234779D+01-0.3648026131341D+01-0.3546469078864D+01
-0.3446849789645D+01-0.3349148975980D+01-0.3253347350166D+01-0.3159425624499D+01
-0.3067364511276D+01-0.2977144722792D+01-0.2888746971346D+01-0.2802151969233D+01
-0.2717340428749D+01-0.2634293062192D+01-0.2552990581858D+01-0.2473413700043D+01
-0.2395543129044D+01-0.2319359581158D+01-0.2244843768680D+01-0.2171976403908D+01
-0.2100738199137D+01-0.2031109866665D+01-0.1963072118788D+01-0.1896605667803D+01
-0.1831691226006D+01-0.1768309505693D+01-0.1706441219162D+01-0.1646067078708D+01
-0.1587167796628D+01-0.1529724085219D+01-0.1473716656776D+01-0.1419126223598D+01
-0.1365933497980D+01-0.1314119192219D+01-0.1263664018611D+01-0.1214548689452D+01
-0.1166753917040D+01-0.1120260413671D+01-0.1075048891641D+01-0.1031100063248D+01
-0.9883946407860D+00-0.9469133365535D+00-0.9066368628463D+00-0.8675459319612D+00
-0.8296212561945D+00-0.7928435478428D+00-0.7571935192027D+00-0.7226518825706D+00
-0.6891993502431D+00-0.6568166345167D+00-0.6254844476880D+00-0.5951835020533D+00
-0.5658945099094D+00-0.5375981835526D+00-0.5102752352796D+00-0.4839063773867D+00
-0.4584723221707D+00-0.4339537819279D+00-0.4103314689549D+00-0.3875860955482D+00
-0.3656983740044D+00-0.3446490166200D+00-0.3244187356914D+00-0.3049882435152D+00
-0.2863382523880D+00-0.2684494746063D+00-0.2513026224665D+00-0.2348784082652D+00
-0.2191575442989D+00-0.2041207428642D+00-0.1897487162575D+00-0.1760221767755D+00
-0.1629218367145D+00-0.1504284083712D+00-0.1385226040420D+00-0.1271851360235D+00
-0.1163967166122D+00-0.1061380581046D+00-0.9638987279728D-01-0.8713287298671D-01
-0.7834777096943D-01-0.7001527904195D-01-0.6211610950081D-01-0.5463097464252D-01
-0.4754058676361D-01-0.4082565816059D-01-0.3446690112999D-01-0.2844502796834D-01
-0.2274075097215D-01-0.1733478243795D-01-0.1220783466225D-01-0.7340619941586D-02
-0.2713850572474D-02 0.1691761148564D-02 0.5895502925003D-02 0.9916662460325D-02
 0.1377452745800D-01 0.1748838562152D-01 0.2107752465435D-01 0.2456123225998D-01
 0.2795879614187D-01 0.3128950400351D-01 0.3457264354838D-01 0.3782750247995D-01
 0.4107336850170D-01 0.4432952931712D-01 0.4761527262967D-01 0.5094988614283D-01
 0.5435265756009D-01 0.5784287458492D-01 0.6143982492080D-01 0.6516279627120D-01
 0.6903107633961D-01 0.7306395282950D-01 0.7728071344436D-01 0.8170064588765D-01
 0.8634303786285D-01 0.9122717707346D-01 0.9637235122293D-01 0.1017978480148D+00
 0.1075229551524D+00 0.1135669603394D+00 0.1199491512791D+00 0.1266888156751D+00
 0.1338040438940D+00 0.1413151002484D+00 0.1492444704039D+00 0.1576151603602D+00
 0.1664514162105D+00 0.1757787881056D+00 0.1856241978864D+00 0.1960160100035D+00
 0.2069841058662D+00 0.2185599617545D+00 0.2307767304471D+00 0.2436693267105D+00
 0.2572745168066D+00 0.2716310121746D+00 0.2867795674472D+00 0.3027630829658D+00
 0.3196267119587D+00 0.3374179725518D+00 0.3561868647773D+00 0.3759859927571D+00
 0.3968706922251D+00 0.4188991635630D+00 0.4421326105185D+00 0.4666353847729D+00
 0.4924751365243D+00 0.5197229712459D+00 0.5484536127763D+00 0.5787455728924D+00
 0.6106813275036D+00 0.6443474996013D+00 0.6798350490840D+00 0.7172394695637D+00
 0.7566609922449D+00 0.7982047969523D+00 0.8419812303534D+00 0.8881060314117D+00
 0.9367005640674D+00 0.9878920571180D+00 0.1041813851239D+01 0.1098605653035D+01
 0.1158413796004D+01 0.1221391508174D+01 0.1287699186239D+01 0.1357504675814D+01
 0.1430983557529D+01 0.1508319438455D+01 0.1589704248384D+01 0.1675338540378D+01
 0.1765431794870D+01 0.1860202726544D+01 0.1959879593102D+01 0.2064700504890D+01
 0.2174913734239D+01 0.2290778023241D+01 0.2412562888536D+01 0.2540548921480D+01
 0.2675028081979D+01 0.2816303983970D+01 0.2964692170447D+01 0.3120520375634D+01
 0.3284128771722D+01 0.3455870197315D+01 0.3636110364521D+01 0.3825228041287D+01
 0.4023615205355D+01 0.4231677165874D+01 0.4449832648381D+01 0.4678513838574D+01
 0.4918166379928D+01 0.5169249319787D+01 0.5432234998362D+01 0.5707608874431D+01
 0.5995869281407D+01 0.6297527106805D+01 0.6613105387910D+01 0.6943138815902D+01
 0.7288173140383D+01 0.7648764465754D+01 0.8025478430550D+01 0.8418889260420D+01
 0.8829578685075D+01 0.9258134709183D+01 0.9705150226835D+01 0.1017122146902D+02
 0.1065694627318D+02 0.1116292216389D+02 0.1168974423353D+02 0.1223800281173D+02
 0.1280828091259D+02 0.1340115144886D+02 0.1401717420229D+02 0.1465689254032D+02
 0.1532082986923D+02 0.1600948581562D+02 0.1672333212777D+02 0.1746280829101D+02
 0.1822831685177D+02 0.1902021844706D+02 0.1983882653823D+02 0.2068440185003D+02
 0.2155714651861D+02 0.2245719795579D+02 0.2338462243933D+02 0.2433940844396D+02
 0.2532145973132D+02 0.2633058822246D+02 0.2736650668130D+02 0.2842882124339D+02
 0.2951702383082D+02 0.3063048450053D+02 0.3176844378063D+02 0.3293000505719D+02
 0.3411412708216D+02 0.3531961668159D+02 0.3654512175241D+02 0.3778912464549D+02
 0.3904993604196D+02 0.4032568943984D+02 0.4161433637765D+02 0.4291364253105D+02
 0.4422118482857D+02 0.4553434974048D+02 0.4685033290403D+02 0.4816614025498D+02
 0.4947859084164D+02 0.5078432150247D+02 0.5207979359071D+02 0.5336130193106D+02
 0.5462498619044D+02 0.5586684484091D+02 0.5708275188485D+02 0.5826847649944D+02
 0.5941970574309D+02 0.6053207044376D+02 0.6160117436524D+02 0.6262262671412D+02
 0.6359207801477D+02 0.6450525933503D+02 0.6535802479617D+02 0.6614639724422D+02
 0.6686661689698D+02 0.6751519271126D+02 0.6808895613957D+02 0.6858511686371D+02
 0.6900132000565D+02 0.6933570422565D+02 0.6958696002173D+02 0.6975438744953D+02
 0.6983795238354D+02 0.6983834034638D+02 0.6975700684097D+02 0.6959622303575D+02
 0.6935911557729D+02 0.6904969924170D+02 0.6867290108795D+02 0.6823457474863D+02
 0.6774150348743D+02 0.6720139067446D+02 0.6662283638120D+02 0.6601529888288D+02
 0.6538903997778D+02 0.6475505319581D+02 0.6412497417310D+02 0.6351097271804D+02
 0.6292562638729D+02 0.6238177572789D+02 0.6189236172210D+02 0.6147024639138D+02
 0.6112801797258D+02 0.6087778256413D+02 0.6073094464850D+02 0.6069797942264D+02
 0.6078820036044D+02 0.6100952599797D+02 0.6136825038349D+02 0.6186882205244D+02
 0.6251363682565D+02 0.6330285001007D+02 0.6423421380107D+02 0.6530294578859D+02
 0.6650163443884D+02 0.6782018724514D+02 0.6924582689872D+02 0.7076314030997D+02
 0.7235418460408D+02 0.7399865331397D+02 0.7567410490004D+02 0.7735625444258D+02
 0.7901932789042D+02 0.8063647662701D+02 0.8218024835492D+02 0.8362310843801D+02
 0.8493800391276D+02 0.8609896043796D+02 0.8708170054832D+02 0.8786426977353D+02
 0.8842765554985D+02 0.8875638245489D+02 0.8883906621707D+02 0.8866890826174D+02
 0.8824411233370D+02 0.8756820504909D+02 0.8665024314481D+02 0.8550489175745D+02
 0.8415236031742D+02 0.8261818560103D+02 0.8093285513468D+02 0.7913126845755D+02
 0.7725203864749D+02 0.7533664189756D+02 0.7342842865157D+02 0.7157151568821D+02
 0.6980958436735D+02 0.6818461577785D+02 0.6673559848727D+02 0.6549724871834D+02
 0.6449878579576D+02 0.6376280736949D+02 0.6330430901328D+02 0.6312989118096D+02
 0.6323719286328D+02 0.6361458626063D+02 0.6424115907871D+02 0.6508700316294D+02
 0.6611381595064D+02 0.6727581205063D+02 0.6852092840619D+02 0.6979229471148D+02
 0.7102992859501D+02 0.7217260399165D+02 0.7315983158942D+02 0.7393388282385D+02
 0.7444178406804D+02 0.7463720579116D+02 0.7448217273562D+02 0.7394852564919D+02
 0.7301907267789D+02 0.7168837894655D+02 0.6996315561579D+02 0.6786222450600D+02
 0.6541605040539D+02 0.6266584994124D+02 0.5966230273367D+02 0.5646390678785D+02
 0.5313503510335D+02 0.4974376368456D+02 0.4635955193120D+02 0.4305086423310D+02
 0.3988282597962D+02 0.3691500769814D+02 0.3419942734514D+02 0.3177885275431D+02
 0.2968547407595D+02 0.2793999954781D+02 0.2655121008864D+02 0.2551598494882D+02
 0.2481979201709D+02 0.2443761186346D+02 0.2433524758561D+02 0.2447095616711D+02
 0.2479732266040D+02 0.2526328988400D+02 0.2581625052959D+02 0.2640410816852D+02
 0.2697721662628D+02 0.2749011612705D+02 0.2790299729793D+02 0.2818284071405D+02
 0.2830419891197D+02 0.2824960801564D+02 0.2800963639576D+02 0.2758259632819D+02
 0.2697395952335D+02 0.2619552985748D+02 0.2526443334729D+02 0.2420198858519D+02
 0.2303251959943D+02 0.2178216845119D+02 0.2047775771727D+02 0.1914574442857D+02
 0.1781129798265D+02 0.1649752647131D+02 0.1522486832162D+02 0.1401065986627D+02
 0.1286888330245D+02 0.1181009159829D+02 0.1084149770392D+02 0.9967197263522D+01
 0.9188483704118D+01 0.8504198095089D+01 0.7911058293951D+01 0.7403934074553D+01
 0.6976083638543D+01 0.6619432217955D+01 0.6325025759895D+01 0.6083786086058D+01
 0.5887585716243D+01 0.5730451740041D+01 0.5609475557713D+01
    2  435  1.000000  0.030000    3
  0.000000  0.500000  0.500000
  0.500000  0.500000  0.000000
  0.500000  0.000000  0.500000
-0.3364749451966D-03-0.3306034872262D-03-0.3248012589302D-03-0.3190678456462D-03
-0.3134028327119D-03-0.3078058054648D-03-0.3022763492425D-03-0.2968140493827D-03
-0.2914184912230D-03-0.2860892601010D-03-0.2808259413542D-03-0.2756281203204D-03
-0.2704953823370D-03-0.2654273127418D-03-0.2604234968722D-03-0.2554835200660D-03
-0.2506069676608D-03-0.2457934249940D-03-0.2410424774035D-03-0.2363537102266D-03
-0.2317267088012D-03-0.2271610584647D-03-0.2226563445548D-03-0.2182121524091D-03
-0.2138280673652D-03-0.2095036747607D-03-0.2052385599333D-03-0.2010323082204D-03
-0.1968845049598D-03-0.1927947354890D-03-0.1887625851457D-03-0.1847876392675D-03
-0.1808694831919D-03-0.1770077022565D-03-0.1732018817991D-03-0.1694516071572D-03
-0.1657564636683D-03-0.1621160366702D-03-0.1585299115004D-03-0.1549976734965D-03
-0.1515189079961D-03-0.1480932003369D-03-0.1447201358565D-03-0.1413992998924D-03
-0.1381302777822D-03-0.1349126548637D-03-0.1317460164743D-03-0.1286299479517D-03
-0.1255640346335D-03-0.1225478618574D-03-0.1195810149608D-03-0.1166630792815D-03
-0.1137936401570D-03-0.1109722829249D-03-0.1081985929229D-03-0.1054721554886D-03
-0.1027925559595D-03-0.1001593796733D-03-0.9757221196757D-04-0.9503063817994D-04
-0.9253424364801D-04-0.9008261370939D-04-0.8767533370169D-04-0.8531198896251D-04
-0.8299216482947D-04-0.8071544664017D-04-0.7848141973222D-04-0.7628966944322D-04
-0.7413978111080D-04-0.7203134007254D-04-0.6996393166608D-04-0.6793714122900D-04
-0.6595055409892D-04-0.6400375561345D-04-0.6209633111020D-04-0.6022786592678D-04
-0.5839794540078D-04-0.5660615486983D-04-0.5485207967153D-04-0.5313530514349D-04
-0.5145541662331D-04-0.4981199944861D-04-0.4820463895699D-04-0.4663292048606D-04
-0.4509642937344D-04-0.4359475095672D-04-0.4212747057352D-04-0.4069417356144D-04
-0.3929444525809D-04-0.3792787100109D-04-0.3659403612804D-04-0.3529252597654D-04
-0.3402292588421D-04-0.3278482118866D-04-0.3157779722749D-04-0.3040143933831D-04
-0.2925533285873D-04-0.2813906312636D-04-0.2705221547880D-04-0.2599437525367D-04
-0.2496512778857D-04-0.2396405842112D-04-0.2299075248891D-04-0.2204479532956D-04
-0.2112577228068D-04-0.2023326867987D-04-0.1936686986474D-04-0.1852616117291D-04
-0.1771072794197D-04-0.1692015550954D-04-0.1615402921323D-04-0.1541193439064D-04
-0.1469345637939D-04-0.1399818051708D-04-0.1332569214131D-04-0.1267557658971D-04
-0.1204741919987D-04-0.1144080530940D-04-0.1085532025592D-04-0.1029054937702D-04
-0.9746078010332D-05-0.9221491493446D-05-0.8716375163977D-05-0.8230314359531D-05
-0.7762894417718D-05-0.7313700676146D-05-0.6882318472423D-05-0.6468333144158D-05
-0.6071330028958D-05-0.5690894464433D-05-0.5326611788190D-05-0.4978067337837D-05
-0.4644846450984D-05-0.4326534465238D-05-0.4022716718208D-05-0.3732978547502D-05
-0.3456905290728D-05-0.3194082285494D-05-0.2944094869410D-05-0.2706528380083D-05
-0.2480968155122D-05-0.2266999532134D-05-0.2064207848729D-05-0.1872178442514D-05
-0.1690496651098D-05-0.1518747812090D-05-0.1356517263096D-05-0.1203390341727D-05
-0.1058952385590D-05-0.9227887322928D-06-0.7944847194447D-06-0.6736256846537D-06
-0.5597969655281D-06-0.4525838996762D-06-0.3515718247063D-06-0.2563460782268D-06
-0.1664919978459D-06-0.8159492117205D-07-0.1240185813454D-08 0.7498687062153D-07
 0.1475009105246D-06 0.2167165962874D-06 0.2830485903017D-06 0.3469115549591D-06
 0.4087201526512D-06 0.4688890457699D-06 0.5278328967068D-06 0.5859663678535D-06
 0.6437041216017D-06 0.7014608203432D-06 0.7596511264696D-06 0.8186897023726D-06
 0.8789912104438D-06 0.9409703130750D-06 0.1005041672658D-05 0.1071619951584D-05
 0.1141119812245D-05 0.1213955917033D-05 0.1290542928339D-05 0.1371295508556D-05
 0.1456628320074D-05 0.1546956025285D-05 0.1642693286582D-05 0.1744254766355D-05
 0.1852055126997D-05 0.1966509030899D-05 0.2088034057396D-05 0.2217066849762D-05
 0.2354070996787D-05 0.2499538694357D-05 0.2653992507694D-05 0.2817987243805D-05
 0.2992111937314D-05 0.3176991960352D-05 0.3373291260266D-05 0.3581714736958D-05
 0.3803010764324D-05 0.4037973868821D-05 0.4287447570484D-05 0.4552327400770D-05
 0.4833564103513D-05 0.5132167034872D-05 0.5449207769633D-05 0.5785823931468D-05
 0.6143223255729D-05 0.6522687904243D-05 0.6925579042139D-05 0.7353341698235D-05
 0.7807509920620D-05 0.8289712251330D-05 0.8801677533530D-05 0.9345241077728D-05
 0.9922351202509D-05 0.1053507617921D-04 0.1118561159837D-04 0.1187628819059D-04
 0.1260958012238D-04 0.1338811380310D-04 0.1421467722678D-04 0.1509222988876D-04
 0.1602391330433D-04 0.1701306217417D-04 0.1806321622710D-04 0.1917813279029D-04
 0.2036180012174D-04 0.2161845156071D-04 0.2295258053577D-04 0.2436895649266D-04
 0.2587264178682D-04 0.2746900960983D-04 0.2916376300126D-04 0.3096295502216D-04
 0.3287301014945D-04 0.3490074697581D-04 0.3705340228199D-04 0.3933865657636D-04
 0.4176466117678D-04 0.4434006694126D-04 0.4707405473161D-04 0.4997636772890D-04
 0.5305734569650D-04 0.5632796132223D-04 0.5979985874827D-04 0.6348539443534D-04
 0.6739768048384D-04 0.7155063057468D-04 0.7595900866865D-04 0.8063848064560D-04
 0.8560566903925D-04 0.9087821107008D-04 0.9647482015151D-04 0.1024153510947D-03
 0.1087208692086D-03 0.1154137235477D-03 0.1225176245256D-03 0.1300577261775D-03
 0.1380607133159D-03 0.1465548938956D-03 0.1555702968585D-03 0.1651387758117D-03
 0.1752941188455D-03 0.1860721648779D-03 0.1975109268709D-03 0.2096507223515D-03
 0.2225343116209D-03 0.2362070441280D-03 0.2507170134438D-03 0.2661152213605D-03
 0.2824557516007D-03 0.2997959537211D-03 0.3181966377479D-03 0.3377222801941D-03
 0.3584412420560D-03 0.3804259995046D-03 0.4037533879422D-03 0.4285048602086D-03
 0.4547667596862D-03 0.4826306091669D-03 0.5121934163103D-03 0.5435579966481D-03
 0.5768333150500D-03 0.6121348467018D-03 0.6495849586081D-03 0.6893133127747D-03
 0.7314572921844D-03 0.7761624508381D-03 0.8235829890818D-03 0.8738822556156D-03
 0.9272332775231D-03 0.9838193198475D-03 0.1043834476184D-02 0.1107484291944D-02
 0.1174986421902D-02 0.1246571323837D-02 0.1322482989991D-02 0.1402979718343D-02
 0.1488334925566D-02 0.1578838003785D-02 0.1674795223214D-02 0.1776530682941D-02
 0.1884387312037D-02 0.1998727923513D-02 0.2119936323419D-02 0.2248418477747D-02
 0.2384603739665D-02 0.2528946139814D-02 0.2681925742422D-02 0.2844050070117D-02
 0.3015855600264D-02 0.3197909335936D-02 0.3390810454446D-02 0.3595192036630D-02
 0.3811722879947D-02 0.4041109398692D-02 0.4284097614433D-02 0.4541475240024D-02
 0.4814073860324D-02 0.5102771213009D-02 0.5408493572537D-02 0.5732218240623D-02
 0.6074976146152D-02 0.6437854557749D-02 0.6821999911749D-02 0.7228620758510D-02
 0.7658990829563D-02 0.8114452228054D-02 0.8596418744617D-02 0.9106379300606D-02
 0.9645901520133D-02 0.1021663543211D-01 0.1082031730312D-01 0.1145877360106D-01
 0.1213392508964D-01 0.1284779105218D-01 0.1360249364360D-01 0.1440026236778D-01
 0.1524343867702D-01 0.1613448068913D-01 0.1707596801693D-01 0.1807060670366D-01
 0.1912123425591D-01 0.2023082476526D-01 0.2140249410757D-01 0.2263950520741D-01
 0.2394527335309D-01 0.2532337154632D-01 0.2677753586773D-01 0.2831167083724D-01
 0.2992985474729D-01 0.3163634494135D-01 0.3343558301057D-01 0.3533219987621D-01
 0.3733102072347D-01 0.3943706974865D-01 0.4165557467814D-01 0.4399197101406D-01
 0.4645190595779D-01 0.4904124195850D-01 0.5176605982946D-01 0.5463266137188D-01
 0.5764757143985D-01 0.6081753937773D-01 0.6414953975561D-01 0.6765077232476D-01
 0.7132866111037D-01 0.7519085255582D-01 0.7924521262713D-01 0.8349982278444D-01
 0.8796297472295D-01 0.9264316378338D-01 0.9754908092975D-01 0.1026896031910D+00
 0.1080737824623D+00 0.1137108325601D+00 0.1196101144325D+00 0.1257811194203D+00
 0.1322334504763D+00 0.1389768012522D+00 0.1460209329725D+00 0.1533756490237D+00
 0.1610507671995D+00 0.1690560895612D+00 0.1774013698872D+00 0.1860962787090D+00
 0.1951503659582D+00 0.2045730212766D+00 0.2143734320759D+00 0.2245605394706D+00
 0.2351429922580D+00 0.2461290991558D+00 0.2575267795755D+00 0.2693435132620D+00
 0.2815862891961D+00 0.2942615542389D+00 0.3073751620619D+00 0.3209323230100D+00
 0.3349375556287D+00 0.3493946406913D+00 0.3643065786753D+00 0.3796755517583D+00
 0.3955028915289D+00 0.4117890537521D+00 0.4285336016887D+00 0.4457351996213D+00
 0.4633916184419D+00 0.4814997553453D+00 0.5000556698989D+00 0.5190546390138D+00
 0.5384912335937D+00 0.5583594199498D+00 0.5786526893687D+00 0.5993642195574D+00
 0.6204870720233D+00 0.6420144297865D+00 0.6639398801467D+00 0.6862577475191D+00
 0.7089634816370D+00 0.7320541067820D+00 0.7555287374728D+00 0.7793891679365D+00
 0.8036405410568D+00 0.8282921058116D+00 0.8533580728684D+00 0.8788585807939D+00
 0.9048207894406D+00 0.9312801222689D+00 0.9582816831708D+00 0.9858818842654D+00
 0.1014150318304D+01 0.1043171916727D+01 0.1073049436731D+01 0.1103906301953D+01
 0.1135889825275D+01 0.1169174840791D+01 0.1203967769477D+01
  340
 0.1841883585573D+02 0.0000000000000D+00 0.7209269512965D+02-0.2993930124573D-83
 0.2888590803170D+02 0.0000000000000D+00 0.5121012479937D+02-0.5835872121008D-32
 0.2478894704654D+02-0.9740594547673D-32 0.2573142441960D+02 0.6407481228881D-32
 0.7561782493713D+01-0.5938840559691D-84 0.2072773269001D+02-0.4616802580584D-31
 0.2512842042958D+01 0.1761799868442D-32 0.2273833488869D+01 0.8663572898584D-32
 0.1656010812936D+01 0.1163092986872D-83 0.3125342224916D+01-0.2612461454769D-83
-0.7328558474471D+00-0.4082333494436D-32-0.2784808793904D+00-0.9025463847656D-32
-0.5436472920014D+01 0.0000000000000D+00-0.2901859338838D+01 0.5168680263593D-32
-0.6677591674301D+01-0.8225014386176D-32-0.1199907041171D+01-0.1889312201197D-84
-0.3078023215762D+01-0.1771231841678D-31-0.3173195909837D+01 0.3261104192681D-84
-0.2359109605251D+01-0.1070407854108D-83-0.6591530596840D+00 0.0000000000000D+00
-0.5553853345294D+01-0.5687890815963D-31-0.3033266824542D+01-0.1279855505021D-31
-0.2267958708710D+01-0.4233612146587D-33-0.4662967292950D+01-0.2860054092656D-84
-0.1825823671552D+01 0.0000000000000D+00-0.3792583321550D+01 0.3149366839201D-32
-0.4351956327617D+00 0.4516951669983D-33-0.2659301741422D+01 0.1332543792313D-31
-0.6783753875192D+00-0.5250260054907D-84-0.1471342353331D+01-0.2625130013167D-84
-0.1007861255847D+01 0.0000000000000D+00-0.9701096830885D+00-0.4640725723322D-32
-0.9421934260710D+00-0.4838673582539D-32-0.2050546206698D+01-0.1608542286260D-32
-0.1328785589063D+01-0.6306275298164D-32-0.6603118608309D+00-0.4069708414764D-32
-0.7514251107877D+00 0.1183215180013D-32-0.7348549890786D+00-0.1223753403744D-31
-0.5961570797027D-01 0.0000000000000D+00-0.1325986751740D+00-0.4359996481264D-32
-0.3306905618472D+00 0.2432997660593D-32-0.2056748867797D+00 0.1682629186974D-84
-0.9678199392078D-02-0.3726896211228D-84-0.5602116141484D-01 0.1242298734962D-84
 0.6928486875057D-02-0.8124347811261D-32 0.7296260837343D-01 0.1208186115833D-33
 0.4402493166791D-01-0.1541759296951D-32 0.2101048929132D+00-0.3056364306476D-85
 0.1685015871878D+00-0.1963693347484D-32 0.1003008669037D+00-0.5901065513435D-32
 0.1693271891103D+00 0.0000000000000D+00 0.3449070460012D+00 0.1442246992271D-32
 0.2082539794051D+00 0.3368955220147D-32 0.2052693755841D+00-0.5210476702939D-85
 0.1882607657033D+00 0.0000000000000D+00 0.4687310623073D+00-0.6821549484256D-84
 0.2326537643596D+00-0.1020337325780D-31 0.4502360124534D+00-0.1412081790755D-31
 0.4266013597169D+00 0.8500083569605D-33 0.2454892593983D+00 0.6109508874616D-33
 0.4634808131481D+00-0.1303023673202D-31 0.4495202619785D+00-0.1360885419676D-31
 0.2192416349524D+00 0.4038755021633D-33 0.4378658707145D+00 0.7867079212321D-32
 0.4244720120819D+00 0.3107804199712D-32 0.2177193999115D+00 0.2216232799734D-32
 0.4003295950012D+00 0.7511775478407D-32 0.3919584496052D+00-0.4619245831042D-33
 0.9962175171060D-01 0.0000000000000D+00 0.1938228777979D+00 0.1807242190548D-84
 0.4654058791096D-01 0.0000000000000D+00 0.1789811100383D+00-0.1475454447803D-32
 0.1703252517066D+00 0.2216210159944D-33 0.3429934611027D+00 0.1716723256229D-31
 0.1652953868369D+00-0.5686512740016D-33 0.3093802909764D+00 0.2549839860799D-32
 0.1536734985647D+00-0.1838513323754D-31 0.4979757904706D-01 0.7944749947085D-85
 0.1435212954705D+00-0.1588949989723D-84 0.2691797312081D+00 0.8871169994692D-32
 0.2646314817163D+00 0.7204959868366D-32 0.2583321070807D+00-0.8447457150470D-32
 0.1131360937869D+00-0.6511560055278D-85 0.1133243545860D+00 0.1001949739893D-32
 0.2235581567544D+00 0.1673954891244D-31 0.2111794119427D+00-0.1192403624554D-84
 0.1024269895700D+00-0.1192403624554D-84 0.9170781825187D-01 0.1218621467543D-31
 0.1853687500582D+00-0.4797756241331D-31 0.1707013971768D+00 0.6200236134173D-33
 0.1549730958473D+00 0.0000000000000D+00 0.1552263870183D+00-0.2841677174748D-31
 0.7406952467342D-01-0.4804422461842D-33 0.1273093107610D+00 0.5233447926222D-32
 0.1248539332853D+00-0.2356426534154D-32 0.1225310405642D+00 0.2311640961924D-32
 0.2929316397920D-01 0.2410580664311D-32 0.5204811422194D-01-0.4560059163682D-33
 0.5064110475373D-01 0.0000000000000D+00 0.4818581565536D-01 0.0000000000000D+00
 0.4855866419538D-01 0.0000000000000D+00 0.4367717225371D-01 0.0000000000000D+00
 0.8594883861052D-01 0.3645792373106D-32 0.8661784999332D-01 0.9935586599897D-31
 0.8426464996469D-01-0.2134170111658D-32 0.4056711857508D-01 0.1800019499297D-33
 0.3969282159292D-01-0.9649463400488D-33 0.7288538915949D-01-0.4215773253096D-33
 0.7042956539346D-01-0.3243092701545D-32 0.6696789074875D-01-0.1595810460983D-85
 0.6146886693076D-01-0.2260697353360D-33 0.2885703527284D-01-0.2112637795740D-32
 0.6925932774683D-02 0.3749746751851D-43 0.5256260609324D-01 0.5329949497007D-33
 0.5140457472667D-01-0.6866692546755D-32 0.5207472833132D-01 0.3119944729929D-33
 0.2555879857952D-01 0.1083551993696D-32 0.2524928710527D-01-0.4786516816243D-33
 0.2390113325285D-01-0.1910852876190D-84 0.2261028268763D-01-0.1009073393735D-32
 0.4451522855573D-01-0.2215544482633D-33 0.4482994793655D-01 0.2328640526920D-32
 0.4283223945361D-01 0.1895944003930D-33 0.2085339552238D-01-0.1345062599621D-32
 0.3964063320079D-01 0.9178314289878D-32 0.3846545793869D-01 0.2191697699193D-33
 0.3463614684863D-01-0.2918999254593D-32 0.3418612338306D-01 0.1010042931453D-32
 0.1607513533787D-01 0.3538966877359D-33 0.1521580519716D-01-0.3892893124889D-85
 0.3022734010276D-01 0.4324885361099D-35 0.1491828229604D-01-0.9930932847737D-33
 0.7590615137054D-02 0.0000000000000D+00 0.1437828327449D-01-0.7956098438931D-85
 0.2820770312585D-01-0.1591219692733D-84 0.1428632413671D-01-0.7956098438931D-85
 0.2654008125397D-01 0.6707800321151D-34 0.2631450135434D-01 0.5411181858269D-32
 0.1326448184440D-01 0.3897994119692D-32 0.2480205645105D-01 0.9823825521428D-32
 0.2281676655184D-01 0.3281495675975D-32 0.2235544513719D-01 0.1171143605828D-32
 0.1126812828517D-01-0.1274044481480D-32 0.1117520557358D-01-0.1002300174372D-33
 0.1056969141159D-01 0.2419587533716D-84 0.1915871500315D-01-0.8734011890356D-33
 0.1902666625785D-01 0.5004178432755D-33 0.1881498717384D-01-0.9393351339268D-33
 0.8663609187133D-02 0.1145323426136D-32 0.7847530253874D-02-0.4750028039436D-33
 0.1543751452143D-01-0.2555616850191D-32 0.7679865113806D-02-0.6064748311153D-33
 0.1405943011148D-01 0.3697804998624D-84 0.6909056467506D-02 0.1479121996026D-84
 0.1220496871059D-01-0.3376423746059D-32 0.1221549211417D-01 0.3337548021264D-31
 0.1202443479019D-01-0.3598595269348D-33 0.1054307986420D-01-0.6453021785302D-33
 0.8979098984226D-02-0.1300902987138D-84 0.8937555559003D-02-0.1061604254015D-31
 0.8818461075189D-02 0.2808546424404D-34 0.5994776413119D-02 0.1491498252058D-31
 0.7635729547075D-03 0.2689593780266D-85 0.3204954663965D-02-0.2483547390752D-85
 0.1587931076802D-02-0.1484328247446D-32 0.3221126693772D-02-0.1233106073472D-32
 0.3130633446860D-02 0.2554275533253D-33 0.3147749346780D-02 0.3968761683235D-33
 0.1556439720050D-02 0.0000000000000D+00 0.1978262998313D-02 0.4768755606430D-84
 0.2493254335766D-03 0.0000000000000D+00 0.3997219298213D-03-0.3446143591879D-34
 0.4063510243202D-03 0.3218452777720D-33 0.7326456367082D-03-0.4862155598611D-33
 0.3911756267530D-03 0.1027147881863D-32-0.2249948031068D-03-0.5034610212512D-32
-0.5426558786801D-04-0.1229553642854D-32-0.1245677200462D-03-0.3435888668509D-32
-0.1254368546750D-02 0.2270119861803D-32-0.6141590990932D-03-0.1509221511866D-32
-0.1026823239736D-02 0.1105729167809D-84-0.1046728990659D-02-0.1105729167809D-84
-0.2861281940273D-02 0.3393742023580D-32-0.2848274324118D-02 0.1334356352858D-32
-0.2850531552738D-02-0.6922597693515D-32-0.2907910947412D-02-0.1480744382217D-32
-0.2886246859993D-02 0.1149797636171D-32-0.1758734213619D-02 0.2989802868707D-32
-0.4067544820387D-02-0.1140154030159D-84-0.4098366817897D-02 0.3998909156555D-32
-0.4514204717476D-02 0.1980120097610D-85-0.2263555068350D-02 0.0000000000000D+00
-0.4889148207016D-02-0.2483160598497D-32-0.2443475236652D-02-0.2733814317981D-37
-0.2554795282454D-02 0.1630507004538D-32-0.2545941909963D-02 0.9900806317185D-33
-0.5120830581948D-02-0.4756862176712D-33-0.5272498559008D-02-0.5087788269187D-86
-0.5258832939840D-02 0.1632586595819D-32-0.2643457384239D-02 0.4570313646554D-34
-0.5316492479914D-02 0.8516626878157D-32-0.5299047520157D-02-0.1638247433820D-31
-0.5319464444476D-02-0.1281618306681D-33-0.5194111125718D-02 0.2231789185492D-32
-0.2515050867515D-02 0.0000000000000D+00-0.5024122409299D-02 0.2224971952372D-32
-0.2510159637848D-02-0.1638748968142D-32-0.2390169203478D-02 0.2034522887893D-85
-0.2391457255833D-02 0.8138091571512D-85-0.4480574281893D-02-0.4118167932378D-33
-0.4482246939390D-02 0.2028622688785D-33-0.4472091001322D-02 0.3098078320699D-32
-0.4485238982142D-02 0.4848885669127D-33-0.4477358330706D-02-0.1228298847181D-32
-0.2063623885055D-02-0.9793707627315D-33-0.3727287126743D-02 0.3278951560586D-33
-0.3728318721234D-02-0.1075096109943D-32-0.3723907041466D-02-0.5756422551362D-85
-0.3729177697832D-02-0.1060804126602D-33-0.1863401994547D-02 0.9235520369964D-33
-0.1644009002653D-02-0.3117903794639D-85-0.3293333779440D-02-0.1870742273517D-84
-0.2827599665236D-02-0.2942831082741D-32-0.2830018777105D-02-0.1354161220678D-32
-0.9235907609749D-03 0.1822369810692D-32-0.1846691801590D-02-0.1853932669965D-84
-0.4607796031481D-03 0.2966292265013D-84-0.1847948122904D-02 0.9065927263920D-33
-0.1340059311646D-02 0.1544457987897D-84-0.6691750606595D-03-0.7722289976856D-85
-0.8346401942278D-03-0.5280238037151D-32-0.4188669740674D-03-0.1134009177761D-32
-0.4168084893071D-03 0.1425428715288D-32-0.8381836250053D-03-0.2797651470789D-32
-0.3375330038416D-03 0.5496071567387D-33-0.3350257695483D-03 0.3394216113629D-32
 0.1498684628987D-03 0.1254000900543D-32 0.1479597298157D-03-0.1288053460884D-34
 0.7472515545796D-04-0.1358583698684D-32 0.7391321829178D-04 0.1082458049144D-32
 0.1064844997861D-02-0.1832126896060D-32 0.1064528873708D-02-0.4898297799749D-32
 0.1065460835690D-02-0.3817274035724D-32 0.1064021212391D-02-0.1737062438599D-33
 0.1858895688517D-03 0.3246924281772D-34 0.1874151215238D-02 0.3968285643734D-32
 0.9375464042165D-03 0.8549863290122D-33 0.9376822002367D-03 0.3448718133219D-33
 0.2230118862724D-02-0.3468764438651D-84 0.1114689613525D-02-0.2601573325449D-84
 0.1115270366905D-02-0.8671911066875D-85 0.1273510117698D-02 0.2154118574901D-85
 0.2547155734649D-02 0.1082175740156D-32 0.1413489499511D-02 0.1513827199521D-32
 0.2827448655689D-02 0.9337140669778D-33 0.1414004006024D-02-0.3042925568720D-33
 0.3066034288211D-02 0.7315884763483D-34 0.3066563508824D-02-0.1680723293444D-84
 0.3066014976591D-02-0.5757775844133D-33 0.3066690107720D-02 0.4201808211870D-85
 0.3066750606824D-02 0.3094471025002D-32 0.1631965999228D-02 0.4124663529650D-85
 0.3419064614996D-02-0.4839198347322D-84 0.3419171931392D-02-0.6979869760203D-33
 0.3418995390460D-02-0.7843591426914D-33 0.3419324230057D-02 0.4372714490882D-32
 0.1766110823538D-02-0.1321387147566D-32 0.1766260249513D-02-0.7018796617644D-33
 0.3603504915956D-02 0.7603574075597D-33 0.3603746732603D-02-0.2183187947194D-31
 0.1801845677079D-02-0.1100249625328D-33 0.1801733354200D-02-0.1523027507332D-84
 0.3633965599159D-02-0.2941001025501D-84 0.3633984546282D-02-0.2205750773760D-84
 0.1812214706527D-02-0.1062149814617D-32 0.3624483905585D-02 0.1836392061844D-32
 0.3624354489346D-02 0.3515079970597D-32 0.3624444821309D-02-0.3702207219461D-33
 0.3576805939727D-02-0.1509470769024D-32 0.3492942816181D-02 0.1873409383106D-33
 0.3492974089491D-02-0.6393308164660D-33 0.3225829134890D-02 0.1015836758397D-32
 0.3225818283287D-02 0.2420951716621D-33 0.3225838158812D-02 0.9877498687743D-36
 0.1523865415657D-02 0.2707673681759D-33 0.7619332059714D-03 0.9879688255068D-82
 0.2843728444382D-02-0.8321395283601D-33 0.2843728176134D-02-0.2362699578753D-32
 0.2843728467854D-02 0.7227657660667D-33 0.2843728385425D-02 0.1663790053551D-32
 0.1421864456895D-02 0.4025836182761D-32 0.1421864266608D-02 0.8275051215341D-33
 0.1308423184805D-02 0.4724577574806D-31 0.1308423182774D-02 0.5943661564093D-33
 0.1185103229272D-02-0.6890389461963D-33 0.2370206445241D-02-0.2210169910005D-32
 0.2370206451331D-02-0.2764698249390D-31 0.2370206460428D-02 0.5924001176450D-32
 0.2106998171594D-02 0.1052380761553D-32 0.2106998171057D-02-0.1219089837250D-32
 0.1053499086146D-02 0.2323965643932D-34 0.1830440223161D-02 0.3026366193234D-32
 0.9152201114339D-03 0.1556465616745D-33 0.2572911836313D-03-0.9694880055202D-35
 0.1543747101562D-02-0.1405650507898D-32 0.1250097653616D-02-0.3384970430759D-32
 0.1250097653263D-02-0.3288786071258D-32 0.1250097653727D-02-0.4120521413497D-32
 0.4763028409042D-03 0.4434365320520D-33 0.3271464108376D-03-0.4225472820300D-34
 0.3271464108319D-03-0.3474924525136D-34 0.6542928214927D-03 0.2071649317736D-32
 0.3271464108254D-03-0.5208220005289D-33 0.6542928217305D-03-0.1341143618543D-32
 0.3271464108216D-03 0.6893201961217D-33 0.6542928217659D-03 0.2549257827982D-32
 0.3580637758434D-03-0.1333741539099D-32 0.3580637758320D-03-0.9648283215817D-33
 0.6668402123114D-04-0.6414418198762D-33 0.6668402131770D-04-0.3026907351017D-32
-0.2172399597668D-03-0.2304063151259D-32-0.4912778815023D-03-0.4669234460604D-32
-0.4912778815171D-03 0.3486097869887D-33-0.4912778815942D-03 0.3454050965100D-32
-0.4912778814927D-03-0.3723175726711D-33-0.4912778814820D-03 0.3329524036407D-31
-0.4912778814652D-03 0.2860192454314D-32-0.2456389407262D-03-0.1116069562551D-32
-0.1000940603206D-02-0.8567281273541D-33-0.1000940603199D-02-0.1043270945944D-32
-0.1000940603174D-02 0.1893646564229D-32-0.6163523602453D-03 0.6370435333490D-33
-0.1446878054067D-02 0.1539010721755D-32-0.1446878054042D-02-0.6219513956547D-32
-0.8210401325513D-03 0.1925568153538D-32-0.8210401325517D-03 0.1221995931215D-32
-0.1642080265085D-02 0.1499604060497D-32-0.2052600331236D-03 0.4061572135315D-33
    1
    1    1  120    3
 0.0000000000000D+00 0.1593943831565D-03 0.1812152193373D-03 0.2057514564888D-03
 0.2332915667240D-03 0.2641459046900D-03 0.2986467829244D-03 0.3371481927060D-03
 0.3800251028637D-03 0.4276722556151D-03 0.4805023765878D-03 0.5389437145172D-03
 0.6034368140145D-03 0.6744304288434D-03 0.7523764878848D-03 0.8377240160172D-03
 0.9309119336613D-03 0.1032360655395D-02 0.1142462440379D-02 0.1261570446631D-02
 0.1389986489149D-02 0.1527947517269D-02 0.1675610880331D-02 0.1833038485879D-02
 0.2000180022844D-02 0.2176855462196D-02 0.2362737138094D-02 0.2557331765658D-02
 0.2759962835712D-02 0.2969753901239D-02 0.3185613346863D-02 0.3406221301476D-02
 0.3630019422940D-02 0.3855204335546D-02 0.4079725539691D-02 0.4301288638664D-02
 0.4517364723518D-02 0.4725206729812D-02 0.4921873524599D-02 0.5104262382732D-02
 0.5269150374832D-02 0.5413245007147D-02 0.5533244221066D-02 0.5625905563045D-02
 0.5688124022316D-02 0.5717017633929D-02 0.5710019551814D-02 0.5664974859137D-02
 0.5580239981372D-02 0.5454782115764D-02 0.5288275776807D-02 0.5081193178028D-02
 0.4834884985430D-02 0.4551647753968D-02 0.4234774360641D-02 0.3888583724513D-02
 0.3518426344261D-02 0.3130662408871D-02 0.2732609739160D-02 0.2332459336825D-02
 0.1939157116198D-02 0.1562251223137D-02 0.1211705467853D-02 0.8976805465015D-03
 0.6302861319283D-03 0.4193083300406D-03 0.2739185637360D-03 0.2023714302596D-03
 0.2117005424372D-03 0.3074225631295D-03 0.4932605785276D-03 0.7708984279409D-03
 0.1139777574740D-02 0.1596947514427D-02 0.2136979560164D-02 0.2751952248798D-02
 0.3431514711711D-02 0.4163032158312D-02 0.4931815376926D-02 0.5721433553145D-02
 0.6514106817715D-02 0.7291171610032D-02 0.8033608201329D-02 0.8722616217544D-02
 0.9340220568406D-02 0.9869888127671D-02 0.1029713423357D-01 0.1061009868147D-01
 0.1080007239792D-01 0.1086195908761D-01 0.1079465959828D-01 0.1060137062755D-01
 0.1028979297887D-01 0.9872246905984D-02 0.9365693800676D-02 0.8791663989926D-02
 0.8176090254362D-02 0.7549047783729D-02 0.6944404855965D-02 0.6399395762411D-02
 0.5954140889747D-02 0.5651156348565D-02 0.5534914226665D-02 0.5651528089290D-02
 0.6048636510755D-02 0.6775531679201D-02 0.7883526875196D-02 0.9426484121587D-02
 0.1146135906898D-01 0.1404860579577D-01 0.1725236168020D-01 0.2114052608987D-01
 0.2578510410063D-01 0.3126338650063D-01 0.3766050896789D-01 0.4507352833139D-01
 0.5361645869886D-01 0.6342507629430D-01 0.7466035820528D-01 0.8751060363835D-01
 0.0000000000000D+00 0.2376216425659D-08 0.2905762417640D-08 0.3550511435109D-08
 0.4334766497506D-08 0.5287760577818D-08 0.6444605921891D-08 0.7847416759112D-08
 0.9546628746841D-08 0.1160255002747D-07 0.1408718237788D-07 0.1708634436758D-07
 0.2070215253519D-07 0.2505591213899D-07 0.3029145945806D-07 0.3657904224988D-07
 0.4411978431294D-07 0.5315083902605D-07 0.6395127620846D-07 0.7684882927700D-07
 0.9222756666581D-07 0.1105366084421D-06 0.1322999733926D-06 0.1581276931652D-06
 0.1887282216478D-06 0.2249223622206D-06 0.2676586928164D-06 0.3180306587183D-06
 0.3772953619275D-06 0.4468941403764D-06 0.5284749246981D-06 0.6239164113517D-06
 0.7353539963644D-06 0.8652073734446D-06 0.1016209642431D-05 0.1191437742161D-05
 0.1394343903546D-05 0.1628787592073D-05 0.1899067717147D-05 0.2209954327897D-05
 0.2566718989549D-05 0.2975163111577D-05 0.3441643454162D-05 0.3973093024321D-05
 0.4577036921049D-05 0.5261601296328D-05 0.6035513766628D-05 0.6908093709296D-05
 0.7889231287761D-05 0.8989351770268D-05 0.1021936485995D-04 0.1159059573830D-04
 0.1311469625817D-04 0.1480353375854D-04 0.1666905695534D-04 0.1872313488683D-04
 0.2097737042013D-04 0.2344288585130D-04 0.2613008168273D-04 0.2904836922744D-04
 0.3220588147918D-04 0.3560916329800D-04 0.3926285077482D-04 0.4316934463198D-04
 0.4732848990958D-04 0.5173727229889D-04 0.5638954682082D-04 0.6127581053657D-04
 0.6638303799680D-04 0.7169458979149D-04 0.7719020975845D-04 0.8284611685921D-04
 0.8863519871147D-04 0.9452730647767D-04 0.1004896479214D-03 0.1064872750164D-03
 0.1124836628053D-03 0.1184413813935D-03 0.1243228804519D-03 0.1300914054544D-03
 0.1357121199610D-03 0.1411535142783D-03 0.1463892494887D-03 0.1514006784141D-03
 0.1561803344743D-03 0.1607368366057D-03 0.1651017126419D-03 0.1693387582810D-03
 0.1735564980718D-03 0.1779242358195D-03 0.1826919083418D-03 0.1882134648137D-03
 0.1949730328838D-03 0.2036122530060D-03 0.2149567736515D-03 0.2300397201078D-03
 0.2501204740487D-03 0.2766988974408D-03 0.3115284299685D-03 0.3566355708647D-03
 0.4143583617867D-03 0.4874202009615D-03 0.5790555776666D-03 0.6931990002992D-03
 0.8347356827108D-03 0.1009793712083D-02 0.1226038483380D-02 0.1492921348076D-02
 0.1821849104891D-02 0.2226289026031D-02 0.2721900499676D-02 0.3326864953340D-02
 0.4062617590250D-02 0.4955113855327D-02 0.6036573073850D-02 0.7347391329443D-02
 0.8937782830507D-02 0.1086889668653D-01 0.1321375831334D-01 0.1605915149410D-01
 0.0000000000000D+00 0.5148214304024D-13 0.6708354881447D-13 0.8735978132367D-13
 0.1136921923279D-12 0.1478634675433D-12 0.1921718937423D-12 0.2495774102876D-12
 0.3238879428891D-12 0.4199969711113D-12 0.5441858394034D-12 0.7045078626365D-12
 0.9112759171159D-12 0.1177680104915D-11 0.1520569105590D-11 0.1961437173190D-11
 0.2527668625509D-11 0.3254104197757D-11 0.4185010501007D-11 0.5376549436938D-11
 0.6899870683520D-11 0.8844979167178D-11 0.1132555836090D-10 0.1448497716340D-10
 0.1850375704874D-10 0.2360883660262D-10 0.3008503565559D-10 0.3828922965075D-10
 0.4866782089215D-10 0.6177823952420D-10 0.7831534562581D-10 0.9914378666923D-10
 0.1253375660501D-09 0.1582283127840D-09 0.1994640776933D-09 0.2510807425401D-09
 0.3155886458837D-09 0.3960773152258D-09 0.4963418706952D-09 0.6210354925744D-09
 0.7758523656541D-09 0.9677473491056D-09 0.1205198902507D-08 0.1498522928746D-08
 0.1860246848807D-08 0.2305555163809D-08 0.2852816965802D-08 0.3524211881327D-08
 0.4346469120993D-08 0.5351737579430D-08 0.6578609178531D-08 0.8073318423559D-08
 0.9891139754438D-08 0.1209801545332D-07 0.1477243685050D-07 0.1800760766401D-07
 0.2191391330577D-07 0.2662172089105D-07 0.3228450439026D-07 0.3908230170934D-07
 0.4722545661679D-07 0.5695856981196D-07 0.6856452936318D-07 0.8236841928318D-07
 0.9874095483012D-07 0.1181010361972D-06 0.1409167456885D-06 0.1677039376438D-06
 0.1990213196102D-06 0.2354606182309D-06 0.2776300192800D-06 0.3261290125671D-06
 0.3815122202927D-06 0.4442401566131D-06 0.5146149585629D-06 0.5926998742099D-06
 0.6782234014768D-06 0.7704714369696D-06 0.8681750202120D-06 0.9694081515808D-06
 0.1071518014991D-05 0.1171120783177D-05 0.1264210386052D-05 0.1346440143507D-05
 0.1413655154178D-05 0.1462762603372D-05 0.1493035375344D-05 0.1507940785104D-05
 0.1517566518094D-05 0.1541675720400D-05 0.1613368851584D-05 0.1783253504974D-05
 0.2123945325538D-05 0.2734704650761D-05 0.3746022765399D-05 0.5324180549742D-05
 0.7676195021689D-05 0.1105622555684D-04 0.1577545877111D-04 0.2221864636087D-04
 0.3087153767638D-04 0.4236420521227D-04 0.5753508820344D-04 0.7751917027983D-04
 0.1038608050683D-03 0.1386482188613D-03 0.1846637783479D-03 0.2455448983162D-03
 0.3259578065737D-03 0.4318026595335D-03 0.5704918810514D-03 0.7513688665902D-03
 0.9863476085368D-03 0.1290842449097D-02 0.1685017414047D-02 0.2195329413508D-02
 0.2856316320957D-02 0.3712645912966D-02 0.4821632331179D-02 0.6256699953198D-02
    2    2  120    8
 0.0000000000000D+00-0.1255952181326D-06-0.1414153923771D-06-0.1592257540136D-06
-0.1792760089860D-06-0.2018470728146D-06-0.2272549512556D-06-0.2558551002477D-06
-0.2880473239053D-06-0.3242812762336D-06-0.3650626404253D-06-0.4109600683391D-06
-0.4626129727222D-06-0.5207402760532D-06-0.5861502320897D-06-0.6597514502707D-06
-0.7425652689556D-06-0.8357396398730D-06-0.9405647072694D-06-0.1058490285448D-05
-0.1191145463188D-05-0.1340360590605D-05-0.1508191934598D-05-0.1696949321497D-05
-0.1909227125201D-05-0.2147938997393D-05-0.2416356788491D-05-0.2718154153794D-05
-0.3057455402038D-05-0.3438890205470D-05-0.3867654863563D-05-0.4349580891157D-05
-0.4891211789237D-05-0.5499888962940D-05-0.6183847845850D-05-0.6952325425965D-05
-0.7815680499508D-05-0.8785528116673D-05-0.9874889872421D-05-0.1109836185222D-04
-0.1247230226801D-04-0.1401504103061D-04-0.1574711376227D-04-0.1769152301727D-04
-0.1987402979334D-04-0.2232347873905D-04-0.2507216084126D-04-0.2815621777048D-04
-0.3161609251345D-04-0.3549703142227D-04-0.3984964329638D-04-0.4473052179509D-04
-0.5020293799088D-04-0.5633761072536D-04-0.6321356302759D-04-0.7091907383664D-04
-0.7955273509453D-04-0.8922462524186D-04-0.1000576112313D-03-0.1121887923961D-03
-0.1257711005622D-03-0.1409750722319D-03-0.1579908102037D-03-0.1770301532090D-03
-0.1983290739726D-03-0.2221503280059D-03-0.2487863767256D-03-0.2785626112569D-03
-0.3118409044986D-03-0.3490235219473D-03-0.3905574241595D-03-0.4369389956266D-03
-0.4887192382631D-03-0.5465094712984D-03-0.6109875815068D-03-0.6829048719618D-03
-0.7630935639091D-03-0.8524750072320D-03-0.9520686664895D-03-0.1063001950635D-02
-0.1186520967169D-02-0.1324002291620D-02-0.1476965849891D-02-0.1647089029319D-02
-0.1836222153100D-02-0.2046405462265D-02-0.2279887773814D-02-0.2539147016186D-02
-0.2826912848790D-02-0.3146191599771D-02-0.3500293803483D-02-0.3892864577561D-02
-0.4327917164618D-02-0.4809869877004D-02-0.5343586725581D-02-0.5934421968086D-02
-0.6588268701795D-02-0.7311611603212D-02-0.8111583822952D-02-0.8996027935200D-02
-0.9973560777371D-02-0.1105364202438D-01-0.1224664682152D-01-0.1356394129079D-01
-0.1501796505212D-01-0.1662231834584D-01-0.1839185953098D-01-0.2034281648027D-01
-0.2249291752930D-01-0.2486154983455D-01-0.2746995436314D-01-0.3034146349883D-01
-0.3350179431610D-01-0.3697939329766D-01-0.4080583345079D-01-0.4501626076211D-01
-0.4964986451976D-01-0.5475035982854D-01-0.6036648350293D-01-0.6655250978627D-01
 0.0000000000000D+00 0.6701843905012D-11 0.8007247723180D-11 0.9567349585958D-11
 0.1143186872517D-10 0.1366022360007D-10 0.1632342301433D-10 0.1950633328191D-10
 0.2331035804693D-10 0.2785667632859D-10 0.3329007826645D-10 0.3978355897499D-10
 0.4754381034777D-10 0.5681775871480D-10 0.6790039088287D-10 0.8114406238878D-10
 0.9696964672061D-10 0.1158798343957D-09 0.1384749289284D-09 0.1654718203378D-09
 0.1977264724445D-09 0.2362608857937D-09 0.2822950866132D-09 0.3372855015468D-09
 0.4029703437781D-09 0.4814241242533D-09 0.5751222125500D-09 0.6870180404636D-09
 0.8206349532785D-09 0.9801754335344D-09 0.1170651544466D-08 0.1398039582885D-08
 0.1669464709663D-08 0.1993419928491D-08 0.2380027510332D-08 0.2841348425019D-08
 0.3391751385435D-08 0.4048350175054D-08 0.4831524435495D-08 0.5765536386075D-08
 0.6879263580276D-08 0.8207068699087D-08 0.9789829468441D-08 0.1167616130384D-07
 0.1392386432691D-07 0.1660163710891D-07 0.1979110576213D-07 0.2358922464509D-07
 0.2811111185683D-07 0.3349340620810D-07 0.3989822358562D-07 0.4751783484203D-07
 0.5658017297934D-07 0.6735534472495D-07 0.8016327620440D-07 0.9538273207269D-07
 0.1134619281426D-06 0.1349309925588D-06 0.1604166171127D-06 0.1906592770443D-06
 0.2265334013194D-06 0.2690710447780D-06 0.3194896556895D-06 0.3792245456061D-06
 0.4499669232146D-06 0.5337084757557D-06 0.6327933579786D-06 0.7499791805670D-06
 0.8885082313667D-06 0.1052190693294D-05 0.1245502160843D-05 0.1473697735527D-05
 0.1742945321025D-05 0.2060482320834D-05 0.2434799264465D-05 0.2875855246977D-05
 0.3395332006475D-05 0.4006933341506D-05 0.4726738528480D-05 0.5573621338834D-05
 0.6569747190409D-05 0.7741164668810D-05 0.9118511236200D-05 0.1073785725313D-04
 0.1264171569973D-04 0.1488025556066D-04 0.1751275652193D-04 0.2060935962909D-04
 0.2425316754958D-04 0.2854276306700D-04 0.3359523330677D-04 0.3954976543167D-04
 0.4657193911700D-04 0.5485879443540D-04 0.6464479391290D-04 0.7620879554559D-04
 0.8988214129587D-04 0.1060579407096D-03 0.1252016888152D-03 0.1478632682421D-03
 0.1746904421710D-03 0.2064439411058D-03 0.2440144125172D-03 0.2884413727982D-03
 0.3409348911200D-03 0.4029007735677D-03 0.4759705430167D-03 0.5620382779752D-03
 0.6633070980671D-03 0.7823484574329D-03 0.9221788433021D-03 0.1086358107254D-02
 0.1279113876963D-02 0.1505494957581D-02 0.1771555415707D-02 0.2084566944099D-02
 0.2453255294226D-02 0.2888055575062D-02 0.3401383368716D-02 0.4007931588491D-02
 0.0000000000000D+00-0.1635421616769D-10-0.1954393018907D-10-0.2335639418081D-10
-0.2791318690161D-10-0.3335959140706D-10-0.3986922739817D-10-0.4764954080088D-10
-0.5694840206535D-10-0.6806195541742D-10-0.8134399375432D-10-0.9721716353214D-10
-0.1161863062359D-09-0.1388544055306D-09-0.1659416033634D-09-0.1983078763903D-09
-0.2369801071579D-09-0.2831843010376D-09-0.3383840931332D-09-0.4043265822705D-09
-0.4830969680211D-09-0.5771835601612D-09-0.6895555235679D-09-0.8237550474411D-09
-0.9840073639893D-09-0.1175351742066D-08-0.1403797024807D-08-0.1676507115004D-08
-0.2002021363669D-08-0.2390516333620D-08-0.2854117373010D-08-0.3407268563302D-08
-0.4067171721700D-08-0.4854308029718D-08-0.5793056981327D-08-0.6912430269358D-08
-0.8246941225730D-08-0.9837636634048D-08-0.1173331713178D-07-0.1399198240547D-07
-0.1668253978068D-07-0.1988682808422D-07-0.2370200149432D-07-0.2824335354786D-07
-0.3364764014801D-07-0.4007700470371D-07-0.4772359820033D-07-0.5681502266182D-07
-0.6762072952102D-07-0.8045954558602D-07-0.9570850788923D-07-0.1138132304055D-06
-0.1353000548323D-06-0.1607902979386D-06-0.1910168970744D-06-0.2268438873604D-06
-0.2692891694720D-06-0.3195510302710D-06-0.3790391043125D-06-0.4494104746830D-06
-0.5326116130651D-06-0.6309272450344D-06-0.7470371780925D-06-0.8840822785889D-06
-0.1045741151764D-05-0.1236319392419D-05-0.1460852963924D-05-0.1725228754514D-05
-0.2036324665166D-05-0.2402172562259D-05-0.2832148717632D-05-0.3337196334513D-05
-0.3930085418184D-05-0.4625718940921D-05-0.5441492865140D-05-0.6397720770994D-05
-0.7518138362627D-05-0.8830503317644D-05-0.1036731040902D-04-0.1216664939103D-04
-0.1427323502099D-04-0.1673964767121D-04-0.1962783137519D-04-0.2301090555999D-04
-0.2697535326417D-04-0.3162367149076D-04-0.3707756625820D-04-0.4348180757559D-04
-0.5100885355331D-04-0.5986437587551D-04-0.7029384945472D-04-0.8259030841559D-04
-0.9710348117923D-04-0.1142503992607D-03-0.1345276384085D-03-0.1585253298156D-03
-0.1869430425914D-03-0.2206075791103D-03-0.2604928792253D-03-0.3077420747322D-03
-0.3636919409799D-03-0.4299000970343D-03-0.5081758078325D-03-0.6006151297445D-03
-0.7096425594370D-03-0.8380614989797D-03-0.9891169414542D-03-0.1166575104624D-02
-0.1374825685750D-02-0.1619012172698D-02-0.1905197368012D-02-0.2240568789970D-02
-0.2633687624099D-02-0.3094780772101D-02-0.3636073448266D-02-0.4272153758827D-02
-0.5020362369214D-02-0.5901205549320D-02-0.6938802905902D-02-0.8161413618293D-02
 0.0000000000000D+00 0.6501680186433D-14 0.8262284679718D-14 0.1049923243092D-13
 0.1334126765403D-13 0.1695189583544D-13 0.2153872275670D-13 0.2736538315953D-13
 0.3476658111138D-13 0.4416725254894D-13 0.5610682292489D-13 0.7126998583086D-13
 0.9052574476414D-13 0.1149769069225D-12 0.1460228332311D-12 0.1854389878427D-12
 0.2354776723577D-12 0.2989958106189D-12 0.3796166636802D-12 0.4819347079548D-12
 0.6117749425211D-12 0.7765214421844D-12 0.9855327007996D-12 0.1250667384555D-11
 0.1586948965281D-11 0.2013406799289D-11 0.2554137693980D-11 0.3239648582734D-11
 0.4108551488494D-11 0.5209702641929D-11 0.6604902743068D-11 0.8372300864474D-11
 0.1061068732165D-10 0.1344489953358D-10 0.1703262869521D-10 0.2157298629567D-10
 0.2731727490844D-10 0.3458251948703D-10 0.4376846125692D-10 0.5537887291730D-10
 0.7004827517808D-10 0.8857539793458D-10 0.1119650248586D-09 0.1414803017408D-09
 0.1787079997623D-09 0.2256398918141D-09 0.2847740308321D-09 0.3592406677142D-09
 0.4529584952844D-09 0.5708282473860D-09 0.7189721102749D-09 0.9050291937450D-09
 0.1138519417885D-08 0.1431290578274D-08 0.1798066186740D-08 0.2257114942619D-08
 0.2831066258220D-08 0.3547900411254D-08 0.4442146173644D-08 0.5556323257383D-08
 0.6942671934193D-08 0.8665215800479D-08 0.1080220801420D-07 0.1344901273960D-07
 0.1672147377887D-07 0.2075981798952D-07 0.2573313262785D-07 0.3184443730114D-07
 0.3933634570882D-07 0.4849726863221D-07 0.5966804991162D-07 0.7324884189894D-07
 0.8970591074452D-07 0.1095779052901D-06 0.1334809239793D-06 0.1621114542398D-06
 0.1962459350409D-06 0.2367353046180D-06 0.2844924231276D-06 0.3404697209161D-06
 0.4056238253316D-06 0.4808632852961D-06 0.5669748871234D-06 0.6645235264494D-06
 0.7737202599612D-06 0.8942531516269D-06 0.1025076112275D-05 0.1164152223280D-05
 0.1308150553999D-05 0.1452099361827D-05 0.1589004083346D-05 0.1709446579211D-05
 0.1801191480541D-05 0.1848837749918D-05 0.1833566473535D-05 0.1733048765250D-05
 0.1521587871446D-05 0.1170573842410D-05 0.6493196459764D-06-0.7367886467190D-07
-0.1029072310459D-05-0.2244682380451D-05-0.3743467123405D-05-0.5541855867336D-05
-0.7649125277057D-05-0.1006874961783D-04-0.1280292010599D-04-0.1586162932641D-04
-0.1927776545716D-04-0.2312942394207D-04-0.2757007113522D-04-0.3286608722897D-04
-0.3943964837579D-04-0.4791300249235D-04-0.5914837029297D-04-0.7427667702983D-04
-0.9470945917711D-04-0.1221329234519D-03-0.1584929592050D-03-0.2059962682179D-03
 0.0000000000000D+00-0.3597410794830D-14-0.4574200383673D-14-0.5815887244866D-14
-0.7394209790216D-14-0.9400340048378D-14-0.1195007270468D-13-0.1519053971163D-13
-0.1930860611513D-13-0.2454165038333D-13-0.3119114713037D-13-0.3963996204078D-13
-0.5037426004030D-13-0.6401137121281D-13-0.8133506683676D-13-0.1033403518067D-12
-0.1312902685018D-12-0.1667878557725D-12-0.2118675880615D-12-0.2691109698835D-12
-0.3417934022801D-12-0.4340700146630D-12-0.5512111215174D-12-0.6999006057613D-12
-0.8886136718941D-12-0.1128094880450D-11-0.1431963544482D-11-0.1817479138173D-11
-0.2306509945959D-11-0.2926757610082D-11-0.3713304451442D-11-0.4710569060946D-11
-0.5974775731258D-11-0.7577072160349D-11-0.9607461775589D-11-0.1217976516743D-10
-0.1543787258338D-10-0.1956362053004D-10-0.2478670661097D-10-0.3139716655751D-10
-0.3976105733021D-10-0.5034016282070D-10-0.6371672548891D-10-0.8062446377954D-10
-0.1019874358624D-09-0.1289686820807D-09-0.1630310515106D-09-0.2060131311760D-09
-0.2602239803107D-09-0.3285610885767D-09-0.4146570767410D-09-0.5230618071383D-09
-0.6594680925875D-09-0.8309908514763D-09-0.1046511650674D-08-0.1317102931013D-08
-0.1656549073914D-08-0.2081984526419D-08-0.2614672879696D-08-0.3280954674341D-08
-0.4113396138095D-08-0.5152175251502D-08-0.6446746117295D-08-0.8057826283043D-08
-0.1005975482743D-07-0.1254326927458D-07-0.1561874872948D-07-0.1941996154133D-07
-0.2410834463868D-07-0.2987781563123D-07-0.3696008144096D-07-0.4563035004133D-07
-0.5621327021990D-07-0.6908880074151D-07-0.8469755574480D-07-0.1035449465224D-06
-0.1262031478122D-06-0.1533095388390D-06-0.1855597757970D-06-0.2236930415198D-06
-0.2684662554834D-06-0.3206131263057D-06-0.3807828503099D-06-0.4494520560802D-06
-0.5268023116519D-06-0.6125541295977D-06-0.7057472926910D-06-0.8044562769355D-06
-0.9054294346982D-06-0.1003641233792D-05-0.1091748778581D-05-0.1159448843972D-05
-0.1192737583814D-05-0.1173086321317D-05-0.1076560335339D-05-0.8729249725587D-06
-0.5248031136847D-06 0.1303044944296D-07 0.7941198212264D-06 0.1880460692226D-05
 0.3342212804556D-05 0.5256971279824D-05 0.7708697552306D-05 0.1078660071182D-04
 0.1458457725263D-04 0.1920222089678D-04 0.2474893735157D-04 0.3135329400954D-04
 0.3918031057890D-04 0.4845974078321D-04 0.5952843975723D-04 0.7288914241524D-04
 0.8928630431504D-04 0.1097968743356D-03 0.1359301362451D-03 0.1697267382964D-03
 0.2138447882185D-03 0.2716227355259D-03 0.3471187867561D-03 0.4451492861449D-03
 0.0000000000000D+00 0.8691317396783D-17 0.1172691271574D-16 0.1582235450831D-16
 0.2134749347554D-16 0.2880119247423D-16 0.3885625454623D-16 0.5242005310034D-16
 0.7071624240484D-16 0.9539487486100D-16 0.1286808846315D-15 0.1735741767360D-15
 0.2341193143235D-15 0.3157686124223D-15 0.4258720720828D-15 0.5743364483907D-15
 0.7745140091629D-15 0.1044398455613D-14 0.1408236462035D-14 0.1898697066347D-14
 0.2559791773517D-14 0.3450805730529D-14 0.4651587576440D-14 0.6269667918174D-14
 0.8449833963198D-14 0.1138700749715D-13 0.1534356298148D-13 0.2067260564405D-13
 0.2784925610491D-13 0.3751268965722D-13 0.5052259942212D-13 0.6803501318327D-13
 0.9160406862888D-13 0.1233185868237D-12 0.1659852543293D-12 0.2233742507148D-12
 0.3005484708942D-12 0.4043045157222D-12 0.5437632567463D-12 0.7311601219325D-12
 0.9829022482164D-12 0.1320981641869D-11 0.1774863125617D-11 0.2384004914162D-11
 0.3201221440002D-11 0.4297166240358D-11 0.5766303732965D-11 0.7734856522196D-11
 0.1037137332272D-10 0.1390076592186D-10 0.1862293644396D-10 0.2493746632552D-10
 0.3337630032049D-10 0.4464695937389D-10 0.5968959230451D-10 0.7975218888766D-10
 0.1064895725421D-09 0.1420934687796D-09 0.1894630852295D-09 0.2524283746981D-09
 0.3360416143689D-09 0.4469573283073D-09 0.5939260487867D-09 0.7884342911116D-09
 0.1045531552863D-08 0.1384895536424D-08 0.1832199374584D-08 0.2420859705170D-08
 0.3194262181201D-08 0.4208581630889D-08 0.5536337288048D-08 0.7270849034893D-08
 0.9531787240012D-08 0.1247203498911D-07 0.1628610392899D-07 0.2122035966026D-07
 0.2758531247144D-07 0.3577020532111D-07 0.4626006995017D-07 0.5965530758181D-07
 0.7669365968747D-07 0.9827414048280D-07 0.1254820716146D-06 0.1596137547065D-06
 0.2021984977572D-06 0.2550146396812D-06 0.3200948646553D-06 0.3997144624745D-06
 0.4963542969863D-06 0.6126282089712D-06 0.7511625830570D-06 0.9144141912224D-06
 0.1104411729654D-05 0.1322407408011D-05 0.1568428574387D-05 0.1840726979524D-05
 0.2135136346558D-05 0.2444369103459D-05 0.2757311859547D-05 0.3058417090577D-05
 0.3327335173186D-05 0.3538983217553D-05 0.3664298791387D-05 0.3671966502741D-05
 0.3531416889814D-05 0.3217356906840D-05 0.2715973778568D-05 0.2032730288220D-05
 0.1201321365294D-05 0.2928893410134D-06-0.5759640534968D-06-0.1238379084846D-05
-0.1478030545315D-05-0.1037816746540D-05 0.3620909754166D-06 0.2997325572480D-05
 0.7107349736028D-05 0.1286699371285D-04 0.2037581130951D-04 0.2968531329814D-04
 0.0000000000000D+00 0.1368399098207D-16 0.1846301617859D-16 0.2491034594559D-16
 0.3360804089839D-16 0.4534112126048D-16 0.6116826714293D-16 0.8251704647287D-16
 0.1113125421393D-15 0.1501503830362D-15 0.2025299740043D-15 0.2731692052397D-15
 0.3684278432909D-15 0.4968783130338D-15 0.6700746536218D-15 0.9035877534229D-15
 0.1218399958544D-14 0.1642782808047D-14 0.2214824657199D-14 0.2985833425010D-14
 0.4024915057977D-14 0.5425136431776D-14 0.7311813339518D-14 0.9853660319344D-14
 0.1327778155633D-13 0.1788982696840D-13 0.2410108053193D-13 0.3246485727963D-13
 0.4372540128219D-13 0.5888353585202D-13 0.7928481176236D-13 0.1067377780933D-12
 0.1436726625216D-12 0.1933541121788D-12 0.2601664021007D-12 0.3499954758921D-12
 0.4707406107398D-12 0.6329991657505D-12 0.8509827259775D-12 0.1143741682431D-11
 0.1536801720287D-11 0.2064348550098D-11 0.2772143269308D-11 0.3721409147521D-11
 0.4994009793461D-11 0.6699341407861D-11 0.8983498887931D-11 0.1204145265220D-10
 0.1613320979141D-10 0.2160523768547D-10 0.2891883002675D-10 0.3868761650461D-10
 0.5172709462982D-10 0.6911994026786D-10 0.9230198284375D-10 0.1231751929945D-09
 0.1642558889073D-09 0.2188687573487D-09 0.2914002961387D-09 0.3876291066185D-09
 0.5151552546232D-09 0.6839568762924D-09 0.9071095917117D-09 0.1201713325645D-08
 0.1590082105149D-08 0.2101265491426D-08 0.2772985801945D-08 0.3654093146522D-08
 0.4807660452759D-08 0.6314862682323D-08 0.8279807410722D-08 0.1083550610303D-07
 0.1415119414300D-07 0.1844121902950D-07 0.2397571350204D-07 0.3109324623587D-07
 0.4021558361758D-07 0.5186458847523D-07 0.6668110304722D-07 0.8544538944763D-07
 0.1090983008901D-06 0.1387617947665D-06 0.1757566370951D-06 0.2216141518891D-06
 0.2780776080367D-06 0.3470873076913D-06 0.4307416706989D-06 0.5312246887058D-06
 0.6506882382117D-06 0.7910762007155D-06 0.9538766281893D-06 0.1139789037207D-05
 0.1348297240761D-05 0.1577145195236D-05 0.1821725549051D-05 0.2074409403489D-05
 0.2323872523880D-05 0.2554508374408D-05 0.2746060828289D-05 0.2873655952637D-05
 0.2908455256186D-05 0.2819179924260D-05 0.2574747853252D-05 0.2148197457188D-05
 0.1521913386771D-05 0.6938898014890D-06-0.3156559217907D-06-0.1458567675741D-05
-0.2655834759215D-05-0.3799999468896D-05-0.4765793727454D-05-0.5431737615784D-05
-0.5714322874848D-05-0.5613999746657D-05-0.5268323337224D-05-0.5002601858962D-05
-0.5363370792046D-05-0.7117238469072D-05-0.1120054616880D-04-0.1861802981626D-04
 0.0000000000000D+00 0.1226610564773D-16 0.1655055519496D-16 0.2233101397700D-16
 0.3012959244603D-16 0.4065055396843D-16 0.5484377123946D-16 0.7399028936863D-16
 0.9981781948853D-16 0.1346562185164D-15 0.1816471809241D-15 0.2450269722933D-15
 0.3305072621880D-15 0.4457884138550D-15 0.6012512276377D-15 0.8108889199394D-15
 0.1093562109686D-14 0.1474690507267D-14 0.1988529531635D-14 0.2681237551679D-14
 0.3615004720522D-14 0.4873610908697D-14 0.6569909039771D-14 0.8855890400303D-14
 0.1193623193287D-13 0.1608651767716D-13 0.2167774569172D-13 0.2920927299847D-13
 0.3935311816923D-13 0.5301347634416D-13 0.7140669521981D-13 0.9616869057901D-13
 0.1294991702750D-12 0.1743552081299D-12 0.2347110012998D-12 0.3159062360312D-12
 0.4251131850891D-12 0.5719626335130D-12 0.7693824086289D-12 0.1034719882798D-11
 0.1391244343950D-11 0.1870155944211D-11 0.2513271292200D-11 0.3376610425026D-11
 0.4535185459267D-11 0.6089387733830D-11 0.8173501680747D-11 0.1096704318714D-10
 0.1470984698539D-10 0.1972212355706D-10 0.2643109552614D-10 0.3540633407853D-10
 0.4740658283253D-10 0.6344172831335D-10 0.8485470591888D-10 0.1134296047990D-09
 0.1515341293123D-09 0.2023070366457D-09 0.2699043055136D-09 0.3598218383875D-09
 0.4793176185455D-09 0.6379627576311D-09 0.8483590739234D-09 0.1127071116777D-08
 0.1495833332669D-08 0.1983108847243D-08 0.2626095600741D-08 0.3473298895584D-08
 0.4587817191948D-08 0.6051520661605D-08 0.7970339564296D-08 0.1048092163486D-07
 0.1375896339579D-07 0.1802956734384D-07 0.2358002160562D-07 0.3077543557702D-07
 0.4007768395544D-07 0.5206810155817D-07 0.6747431165985D-07 0.8720143911613D-07
 0.1123677198807D-06 0.1443441332716D-06 0.1847970940644D-06 0.2357323921039D-06
 0.2995373832229D-06 0.3790168453665D-06 0.4774158519607D-06 0.5984204369537D-06
 0.7461237302656D-06 0.9249417231727D-06 0.1139459090615D-05 0.1394181954876D-05
 0.1693171849108D-05 0.2039534429243D-05 0.2434739217094D-05 0.2877754891717D-05
 0.3364000803231D-05 0.3884142485314D-05 0.4422800065398D-05 0.4957295936964D-05
 0.5456643368746D-05 0.5881068769738D-05 0.6182460741351D-05 0.6306234886152D-05
 0.6195171698226D-05 0.5795789515735D-05 0.5067710415118D-05 0.3996206384804D-05
 0.2607622271196D-05 0.9866203953764D-06-0.7068139828193D-06-0.2223840593884D-05
-0.3221066889158D-05-0.3267737215925D-05-0.1870526545074D-05 0.1481456646767D-05
 0.7253604795452D-05 0.1579489595600D-04 0.2728088343281D-04 0.4170652106406D-04
