  -1.0858766119227267E-018   1.8849686116969568E-020  -5.4013226020135737E-019   9.9999999999999995E-021
  -4.9974471635026972E-019  -6.1345914997932628E-019  -5.6259037096124525E-019  -4.2262235209680367E-019
   9.2387533136025997E-021   8.9062906787285270E-021   8.7350172272056325E-021   8.5767475763464858E-021
  -1.5471309858289186E-018   2.7321469833922305E-020  -1.0858766119227267E-018   1.8849686116969568E-020
  -4.3700669201424851E-019  -4.8210638177070223E-019  -4.6957905724242224E-019  -4.2714867339665402E-019
   8.6461622808253011E-021   8.4842353483643030E-021   8.4382812684114986E-021   8.3395067873395299E-021
  -1.9892810234533546E-018   3.5561039053409181E-020  -1.5471309858289186E-018   2.7321469833922305E-020
  -4.3108455761119217E-019  -4.5143972457838274E-019  -4.4685466321637600E-019  -4.2522689254590775E-019
   8.3547229075500019E-021   8.2440928213790206E-021   8.2239258827596195E-021   8.1466550010939569E-021
  -2.4216566713258615E-018   4.3626250292435708E-020  -1.9892810234533546E-018   3.5561039053409181E-020
  -4.2680957458268706E-019  -4.3751414743251749E-019  -4.3533177477021115E-019  -4.2175246824689586E-019
   8.1523110750100186E-021   8.0673946237191084E-021   8.0561592270768483E-021   7.9918486575572275E-021
  -2.8471191143118177E-018   5.1550127267055731E-020  -2.4216566713258615E-018   4.3626250292435708E-020
  -4.2253185869687909E-019  -4.2869353066110244E-019  -4.2747205384059724E-019  -4.1791163021545822E-019
   7.9945510274524424E-021   7.9251342626389977E-021   7.9179651437741871E-021   7.8625120074413235E-021
   1.4681223323429493E-017   3.2588556364034560E-020   4.9840929824912629E-018   9.9999999999999995E-021
   8.1667587456699903E-018   7.9879384078107897E-018   9.9266757637353845E-018   1.4186794956867030E-017
   1.7024435582136097E-020   2.1982330952030353E-020   2.3539898736268398E-020   2.7462443225473761E-020
   2.9482239384468590E-017   6.4285315653372897E-020   1.4681223323429493E-017   3.2588556364034560E-020
   1.3687698127811997E-017   1.3860250777505349E-017   1.4932106766633274E-017   1.7533683150145346E-017
   2.6822165300092643E-020   3.1351922926639421E-020   3.2309788645198167E-020   3.6034967292262241E-020
   4.7948023477409650E-017   1.0436881440051736E-019   2.9482239384468590E-017   6.4285315653372897E-020
   1.7318514549225385E-017   1.7907534974905088E-017   1.8534911336653991E-017   2.0591297385302823E-017
   3.5766869348716755E-020   3.9826211184407080E-020   4.0532359526053704E-020   4.4016981713228407E-020
   6.9531818763004111E-017   1.5220535901171612E-019   4.7948023477409650E-017   1.0436881440051736E-019
   2.0468995107226075E-017   2.1205736360261604E-017   2.1631820196324832E-017   2.3358663493167784E-017
   4.3879122902428124E-020   4.7638152047491599E-020   4.8179722989364769E-020   5.1504394691051718E-020
   9.3873771084547108E-017   2.0733197033453483E-019   6.9531818763004111E-017   1.5220535901171612E-019
   2.3284414194875781E-017   2.4064090557634949E-017   2.4380205756466971E-017   2.5878707106178369E-017
   5.1421268209949796E-020   5.4968267081066916E-020   5.5399353594515379E-020   5.8603158375797930E-020
   6.4652915106160518E-017   6.0644355151591127E-020   1.1690547138116721E-017   9.9999999999999995E-021
   2.9841761999470293E-017   3.8729674072217139E-017   5.6799377807043727E-017   9.6874342050270796E-017
   2.6476316870513037E-020   4.3786302885164621E-020   5.4281267062481677E-020   8.1254674143741172E-020
   1.8814455993810928E-016   1.7340756625378626E-019   6.4652915106160518E-017   6.0644355151591127E-020
   9.1374365938534674E-017   1.0950179669200117E-016   1.2861762981608131E-016   1.7333665003699300E-016
   7.6684703170370286E-020   1.0598853042552276E-019   1.1730311501478604E-019   1.5331127256218290E-019
   3.9846502402307624E-016   3.6783373324740726E-019   1.8814455993810928E-016   1.7340756625378626E-019
   1.6897942999528808E-016   1.9802717197370856E-016   2.1525327291640346E-016   2.6638246473428946E-016
   1.4930499302773651E-019   1.8773950621127780E-019   1.9945583598554690E-019   2.4286132454034002E-019
   7.1001708126798581E-016   6.6085095683334197E-019   3.9846502402307624E-016   3.6783373324740726E-019
   2.6266196270460893E-016   3.0050393405620532E-016   3.1636752218988069E-016   3.7290746827267618E-016
   2.3977402013006991E-019   2.8657866492375672E-019   2.9814323279837904E-019   3.4888552594126676E-019
   1.1351839647800643E-015   1.0680624184831296E-018   7.1001708126798581E-016   6.6085095683334197E-019
   3.6989989125951640E-016   4.1505900880119516E-016   4.2987571573654979E-016   4.9123196073746439E-016
   3.4640732887821868E-019   4.0103726239353772E-019   4.1229562610559316E-019   4.7019566402224500E-019
   1.8914074821777802E-016   1.0995634343110873E-019   1.8676595835229267E-017   9.9999999999999995E-021
   6.5427899416496382E-017   1.0480352929116789E-016   1.8326139606532341E-016   3.8122716416581352E-016
   3.6322250567762008E-020   7.3414301456748236E-020   1.0671108897991117E-019   2.0316502914557158E-019
   8.0102302220569749E-016   4.6052184319080552E-019   1.8914074821777802E-016   1.0995634343110873E-019
   3.5971830613821931E-016   4.9846791502305532E-016   6.4938538008710625E-016   1.0158687475689744E-015
   1.9061076872722694E-019   3.0413932481903693E-019   3.6858924582916572E-019   5.6732508853454828E-019
   2.2304741251903515E-015   1.2877707018012645E-018   8.0102302220569749E-016   4.6052184319080552E-019
   9.7958121425324397E-016   1.2819672557159815E-015   1.4861299448926579E-015   2.0609310024374027E-015
   5.4307786358947814E-019   7.6246994852693792E-019   8.5862085199558680E-019   1.1782336870282264E-018
   4.9245044282856659E-015   2.8710649307852219E-018   2.2304741251903515E-015   1.2877707018012645E-018
   2.0124891008305067E-015   2.5185148049750510E-015   2.7692830925544773E-015   3.5760969226823247E-015
   1.1493649630304920E-018   1.5025450918066306E-018   1.6268879103477474E-018   2.0915344065644969E-018
   9.3877905060107179E-015   5.5384756599865789E-018   4.9245044282856659E-015   2.8710649307852219E-018
   3.5227048871427104E-015   4.2636183716795108E-015   4.5560055830797592E-015   5.6177636696890572E-015
   2.0601092557154880E-018   2.5723712764274574E-018   2.7221718016175679E-018   3.3552689634026024E-018
   4.5627753298292816E-016   1.9051960957456549E-019   2.5765084118884223E-017   9.9999999999999995E-021
   1.1510232595169295E-016   2.1906422100381294E-016   4.5100061436015770E-016   1.1278426965046294E-015
   4.6312559636669513E-020   1.1068892232854300E-019   1.8741566377801054E-019   4.4059592559761625E-019
   2.7928983433458498E-015   1.1617554313015595E-018   4.5627753298292816E-016   1.9051960957456549E-019
   1.0903622712917716E-015   1.7185412881131738E-015   2.4918336921918708E-015   4.5086126302756683E-015
   4.2245586031571670E-019   7.6329676153019732E-019   1.0204588919235668E-018   1.8374477631387185E-018
   1.0231884319842208E-014   4.2818620241351266E-018   2.7928983433458498E-015   1.1617554313015595E-018
   4.3371427844910021E-015   6.2698930050738958E-015   7.8121544251361287E-015   1.2132678214067089E-014
   1.7455536374609900E-018   2.7080384049779748E-018   3.2597747652889954E-018   5.0394595790064702E-018
   2.8042638802853084E-014   1.1861508812599841E-017   1.0231884319842208E-014   4.2818620241351266E-018
   1.1758972254047733E-014   1.5980327857583763E-014   1.8490037545228499E-014   2.6164823838392997E-014
   4.8661110302592929E-018   6.9112448308487795E-018   7.8484059726558476E-018   1.1092468093519749E-017
   6.3865529047933991E-014   2.7352814485668737E-017   2.8042638802853084E-014   1.1861508812599841E-017
   2.5593697491403844E-014   3.3240721816351441E-014   3.6885634200273449E-014   4.9090931945831823E-014
   1.0833752654186646E-017   1.4521831342612356E-017   1.5922568798054567E-017   2.1225281102892893E-017
   9.6965128654404717E-016   3.1472423892764223E-019   3.2901758041958061E-017   9.9999999999999995E-021
   1.7891929555218354E-016   3.9430577412593794E-016   9.4055016946592701E-016   2.7718659882766223E-015
   5.6370780143279134E-020   1.5555583517945084E-019   3.0312072311416240E-019   8.5462153683534783E-019
   8.4735499177865405E-015   2.7567380534209060E-018   9.6965128654404717E-016   3.1472423892764223E-019
   2.7904538140529574E-015   4.9335832867734266E-015   7.9431775836647143E-015   1.6479416232525720E-014
   8.5269785979963573E-019   1.7194238581149658E-018   2.5375510289792436E-018   5.2854352529715278E-018
   4.0698910501978839E-014   1.3338361295500729E-017   8.4735499177865405E-015   2.7567380534209060E-018
   1.5974351034225610E-014   2.5283927746538427E-014   3.3966118365571148E-014   5.8877720246708995E-014
   5.0399500155161721E-018   8.5635536936463009E-018   1.1062209565140253E-017   1.9198262919389665E-017
   1.3835679797085199E-013   4.5860686715128488E-017   4.0698910501978839E-014   1.3338361295500729E-017
   5.6896314084458904E-014   8.3450188099817478E-014   1.0204939314343265E-013   1.5805184824227972E-013
   1.8432360456803440E-017   2.8269657037397693E-017   3.3828372494335026E-017   5.2505532997497662E-017
   3.7648115956292953E-013   1.2640896438256585E-016   1.3835679797085199E-013   4.5860686715128488E-017
   1.5376315273896931E-013   2.1333243490614967E-013   2.4690243242642504E-013   3.5451328214834636E-013
   5.0919251792166057E-017   7.2945524104367374E-017   8.3247682473053431E-017   1.1998400105761655E-016
   1.8761562723650251E-015   4.9725690428979499E-019   4.0064806341125109E-017   9.9999999999999995E-021
   2.5690061948129366E-016   6.4330598684040927E-016   1.7513441044427722E-015   5.9703479940957430E-015
   6.6466171927899932E-020   2.0799319804215198E-019   4.6058869587458321E-019   1.5199114659773993E-018
   2.3049635408498158E-014   6.1523716884937062E-018   1.8761562723650251E-015   4.9725690428979499E-019
   6.3170727326210403E-015   1.2384394932052612E-014   2.2035076712987894E-014   5.1884858794096769E-014
   1.5940177985358244E-018   3.5471817546890446E-018   5.7632292105299311E-018   1.3715848976249695E-017
   1.4427610347773355E-013   3.8834503557989077E-017   2.3049635408498158E-014   6.1523716884937062E-018
   5.1138397334929807E-014   8.7964219473018646E-014   1.2745264604814504E-013   2.4538668003815514E-013
   1.3260780343614124E-017   2.4492773741731673E-017   3.3990073717525947E-017   6.5866315954842881E-017
   6.0694637548328237E-013   1.6530765415600144E-016   1.4427610347773355E-013   3.8834503557989077E-017
   2.3772197350887326E-013   3.7429885196249047E-013   4.8484611669729939E-013   8.2000972120484012E-013
   6.3229651860830895E-017   1.0416126443285211E-016   1.3167795943630354E-016   2.2393080398893199E-016
   1.9714906034307454E-012   5.4407745370124980E-016   6.0694637548328237E-013   1.6530765415600144E-016
   7.9557376872279954E-013   1.1743711259729490E-012   1.4215879232328999E-012   2.1997735005502807E-012
   2.1619860955377663E-016   3.2968871552654111E-016   3.9278371852772011E-016   6.1147531960919050E-016
   3.3738718693026337E-015   7.5507802167552154E-019   4.7243824454431594E-017   9.9999999999999995E-021
   3.4905670230097739E-016   9.7883692394080308E-016   3.0017303684652272E-015   1.1649576981976175E-014
   7.6584071103750230E-020   2.6799059170805797E-019   6.6659489856433034E-019   2.5247130784046022E-018
   5.7304861151710544E-014   1.2962047479863156E-017   3.3738718693026337E-015   7.5507802167552154E-019
   1.3015282871431235E-014   2.8021810605175432E-014   5.4792250857948199E-014   1.4494252989676895E-013
   2.7969383625377473E-018   6.8073234178484645E-018   1.2124264629236633E-017   3.2581702292417859E-017
   4.6394449278949913E-013   1.0591837146259878E-016   5.7304861151710544E-014   1.2962047479863156E-017
   1.4628487179026066E-013   2.7173411165075056E-013   4.2411196893488731E-013   9.0186075686519517E-013
   3.2190403489525956E-017   6.4218554183420618E-017   9.5681032392224956E-017   2.0574836725559661E-016
   2.4069926496966868E-012   5.5621581390147190E-016   4.6394449278949913E-013   1.0591837146259878E-016
   8.8059225473546035E-013   1.4814874501011123E-012   2.0343545468946548E-012   3.7460126927161299E-012
   1.9858560799431707E-016   3.4974277679449540E-016   4.6759322195275869E-016   8.6852704914441337E-016
   9.3178137696801789E-012   2.1822261698552534E-015   2.4069926496966868E-012   5.5621581390147190E-016
   3.6362343350679697E-012   5.6903459849014606E-012   7.2163842200340773E-012   1.2015231974961900E-011
   8.3751754249163058E-016   1.3546346393883838E-015   1.6878440363296338E-015   2.8335872417950247E-015
   5.7199471613772793E-015   1.1074146095137169E-018   5.4433234285732285E-017   9.9999999999999995E-021
   4.5539312210737971E-016   1.4136682182684439E-015   4.8289748904578785E-015   2.1052404222989261E-014
   8.6716616064479442E-020   3.3554243022866623E-019   9.2792009757353856E-019   3.9708459854134129E-018
   1.3205244360829986E-013   2.5910218589921099E-017   5.7199471613772793E-015   1.1074146095137169E-018
   2.4879829436663976E-014   5.8353622482510613E-014   1.2468253657082124E-013   3.6704283113820782E-013
   4.6554743516645411E-018   1.2301213449037975E-017   2.3901287238414405E-017   7.1756348155875003E-017
   1.3711998240883401E-012   2.7175092091687322E-016   1.3205244360829986E-013   2.5910218589921099E-017
   3.8129097092675818E-013   7.6069664688220296E-013   1.2761696151528637E-012   2.9798607878833496E-012
   7.2859297377056896E-017   1.5613647415939917E-016   2.4934969744829481E-016   5.9121257336926765E-016
   8.7364264991539160E-012   1.7529518503610716E-015   1.3711998240883401E-012   2.7175092091687322E-016
   2.9466412988993942E-012   5.2751121019086927E-012   7.6775945506546072E-012   1.5339305446367466E-011
   5.7660146336258703E-016   1.0812071149071682E-015   1.5288636487801253E-015   3.0904625859280160E-015
   4.0217569910902603E-011   8.1796835626221655E-015   8.7364264991539160E-012   1.7529518503610716E-015
   1.4947838987134566E-011   2.4718956686203275E-011   3.2867528725298922E-011   5.8766050660353187E-011
   2.9866776623895594E-015   5.1073998285641794E-015   6.6615996115790921E-015   1.2035713730890457E-014
   9.2384871324209412E-015   1.5757575728798458E-018   6.1629780715516592E-017   9.9999999999999995E-021
   5.7591313402001136E-016   1.9605683304831147E-015   7.3892631303369690E-015   3.5785568054572376E-014
   9.6859219139393077E-020   4.1064545390219294E-019   1.2513476814254617E-018   5.9736999474843725E-018
   2.8515063841612390E-013   4.9396613707531647E-017   9.2384871324209412E-015   1.5757575728798458E-018
   4.4740485906707695E-014   1.1353692112510205E-013   2.6364600424061467E-013   8.5636657106407659E-013
   7.4127865021819207E-018   2.1132466518851159E-017   4.4574499243063112E-017   1.4809841878190037E-016
   3.7639254712813905E-012   6.5900841427757264E-016   2.8515063841612390E-013   4.9396613707531647E-017
   9.1891594615303093E-013   1.9596187927719458E-012   3.5245210707635955E-012   8.9854533239674873E-012
   1.5514607171476932E-016   3.5545494592577529E-016   6.0712013062961254E-016   1.5773745785947007E-015
   2.9310547630019114E-011   5.1965014887173615E-015   3.7639254712813905E-012   6.5900841427757264E-016
   9.0346069642053620E-012   1.7147609092814576E-011   2.6430796040198412E-011   5.7088315722194988E-011
   1.5610273566899179E-015   3.1052756393325825E-015   4.6412582527482821E-015   1.0170863305787084E-014
   1.6002958244821717E-010   2.8761938602037331E-014   2.9310547630019114E-011   5.1965014887173615E-015
   5.6029286002589302E-011   9.7627794071946240E-011   1.3612658509318312E-010   2.6077616457634040E-010
   9.8833238977632819E-015   1.7817505213454743E-014   2.4334701908290311E-014   4.7204884538666400E-014
  -2.1249398335519834E-020   1.9999071349805559E-020  -9.9998535300801577E-021   9.9999999999999995E-021
  -1.0000057381179579E-020  -1.2499557558545123E-020  -1.1666143059438353E-020  -9.1658102154915223E-021
   9.9994837520859245E-021   9.9991533856973316E-021   9.9989870633926743E-021   9.9986634485674223E-021
  -3.1294559230482819E-020   2.9997470091149801E-020  -2.1249398335519834E-020   1.9999071349805559E-020
  -9.3741936281512312E-021  -1.0457205437489605E-020  -1.0240484388651454E-020  -9.5013920893445647E-021
   9.9987215527835875E-021   9.9984367010014428E-021   9.9983601855805485E-021   9.9980771221178686E-021
  -4.1211884421108481E-020   3.9995269507715042E-020  -3.1294559230482819E-020   2.9997470091149801E-020
  -9.5665256240720165E-021  -1.0106373811620510E-020  -1.0029172886226782E-020  -9.6663321239873604E-021
   9.9980965906425039E-021   9.9978231381881811E-021   9.9977752293000040E-021   9.9975031737725800E-021
  -5.1116696230837737E-020   4.9992497374710203E-020  -4.1211884421108481E-020   3.9995269507715042E-020
  -9.6943061413040546E-021  -1.0011567738154452E-020  -9.9762562089979441E-021  -9.7589168227666761E-021
   9.9975127612727684E-021   9.9972450198755268E-021   9.9972103547589824E-021   9.9969436914291789E-021
  -6.1028923013400654E-020   5.9989169061057819E-020  -5.1116696230837737E-020   4.9992497374710203E-020
  -9.7732127073583040E-021  -9.9804460267883761E-021  -9.9615581887612763E-021  -9.8161395569199129E-021
   9.9969493604287997E-021   9.9966851066116172E-021   9.9966579873417491E-021   9.9963945697501723E-021
   4.9672102678563628E-016   4.2064391519600987E-020   2.7494368839921472E-016   9.9999999999999995E-021
   1.1244140360142801E-016   2.1597534227275004E-016   2.3512075903740858E-016   3.1603042409678405E-016
   2.4194118463573804E-020   2.9623547579991485E-020   3.3761272897449676E-020   4.1422589699149771E-020
   8.0823768718906842E-016   9.1117601656109155E-020   4.9672102678563628E-016   4.2064391519600987E-020
   3.0055868409501644E-016   2.9167517433026737E-016   3.2947977747102679E-016   3.2623137472298827E-016
   4.0062926352240149E-020   4.8191113859634602E-020   4.9656431067707495E-020   5.8561244612124641E-020
   1.1399048206080366E-015   1.5785974656389850E-019   8.0823768718906842E-016   9.1117601656109155E-020
   3.2826232566908013E-016   3.2001500579465754E-016   3.4209990971093296E-016   3.3751064383354754E-016
   5.7751668533175441E-020   6.6144184744721856E-020   6.7208001028187948E-020   7.5996829367741051E-020
   1.4798361750994697E-015   2.4236967012713947E-019   1.1399048206080366E-015   1.5785974656389850E-019
   3.3827956272487198E-016   3.3248998762850648E-016   3.4666383305547059E-016   3.4300092285577315E-016
   7.5550102272092533E-020   8.4042549627906653E-020   8.4896443526354633E-020   9.3631452798830854E-020
   1.8241394586267239E-015   3.4465714788454201E-019   1.4798361750994697E-015   2.4236967012713947E-019
   3.4332790019422267E-016   3.3916577710258343E-016   3.4900425736548405E-016   3.4615173203316735E-016
   9.3349986301552948E-020   1.0190246749993040E-019   1.0261778106503003E-019   1.1133438311294126E-019
   2.0670562335510333E-015   8.6407314706937793E-020   6.1812058081175608E-016   9.9999999999999995E-021
   5.4407469501199446E-016   1.2421686490960824E-015   1.5655640819923895E-015   2.5340737592467241E-015
   4.1910813446555074E-020   6.0666566071854935E-020   8.2614822758065473E-020   1.2997029713523087E-019
   5.0456919785890211E-015   2.7511664511202429E-019   2.0670562335510333E-015   8.6407314706937793E-020
   2.3493609652894333E-015   2.6291122158108609E-015   3.2866293672622389E-015   3.6909703387922942E-015
   1.2239819146589169E-019   1.7604951193613398E-019   1.9182843402144874E-019   2.7410189904946190E-019
   9.4332364406053293E-015   6.3069914549738051E-019   5.0456919785890211E-015   2.7511664511202429E-019
   3.7322525719673562E-015   4.1004661707367354E-015   4.6455155522487930E-015   5.1010507541594302E-015
   2.6262888226468788E-019   3.4259373036009118E-019   3.6004966822196893E-019   4.6557932288332961E-019
   1.5219558031655563E-014   1.2062846725556410E-018   9.4332364406053293E-015   6.3069914549738051E-019
   5.1126277599313470E-015   5.5465586125471768E-015   6.0056312340351603E-015   6.5009220932053781E-015
   4.5629612145666157E-019   5.6241895688400186E-019   5.8093428379906217E-019   7.1051055952677317E-019
   2.2405696061844456E-014   2.0546732475024043E-018   1.5219558031655563E-014   1.2062846725556410E-018
   6.5024547172979026E-015   6.9807404626687218E-015   7.3765098730463896E-015   7.8998727924052280E-015
   7.0279024025166761E-019   8.3514471115303459E-019   8.5432282435918537E-019   1.0086061384044732E-018
   5.9817747319651560E-015   1.6431902323736211E-019   9.7861088751884074E-016   9.9999999999999995E-021
   1.3457996640395713E-015   3.6738419235247688E-015   5.3045517702538541E-015   1.0716396015081075E-014
   6.0521322922738531E-020   1.0110744243703329E-019   1.6698116730744307E-019   3.2921559701248150E-019
   2.1539520690276043E-014   7.7204643705396192E-019   5.9817747319651560E-015   1.6431902323736211E-019
   9.8756189174261057E-015   1.2653513226642992E-014   1.7704236610868781E-014   2.2755357157415675E-014
   3.1133753559997567E-019   5.2212558684405902E-019   6.1441572832188874E-019   1.0619443169677285E-018
   5.3389217015354479E-014   2.3461601832463510E-018   2.1539520690276043E-014   7.7204643705396192E-019
   2.3207604606946162E-014   2.8365651149823082E-014   3.4513108346433143E-014   4.2133054351012020E-014
   9.8700228753047384E-019   1.4475491972325073E-018   1.5978451153921062E-018   2.3668915643746352E-018
   1.0729277398280471E-013   5.5970216715868733E-018   5.3389217015354479E-014   2.3461601832463510E-018
   4.2236676365016269E-014   5.0070269734363785E-014   5.6912623140992449E-014   6.7218879688972671E-014
   2.2766449599105725E-018   3.0833674471864624E-018   3.2943873753611798E-018   4.4730143250372770E-018
   1.8908772045094421E-013   1.1428975071143145E-017   1.0729277398280471E-013   5.5970216715868733E-018
   6.7131760083529703E-014   7.7718487260213403E-014   8.5060866703669836E-014   9.8079210797540761E-014
   4.3730591747115648E-018   5.6242241554063975E-018   5.8961387607006683E-018   7.5779353904119322E-018
   1.4392987590713174E-014   2.9219573274191705E-019   1.3455700771828963E-015   9.9999999999999995E-021
   2.5284608420217317E-015   8.0905839097642969E-015   1.3258583855174053E-014   3.3057708709283239E-014
   7.9465792023719457E-020   1.5051572381230045E-019   2.9926095411666281E-019   7.1415524856985653E-019
   7.5166921653547205E-014   2.0138954969612019E-018   1.4392987590713174E-014   2.9219573274191705E-019
   3.0936212554309497E-014   4.4881182461494108E-014   7.0314128276856017E-014   1.0331677034599447E-013
   6.9753228224761325E-019   1.3341883332869529E-018   1.7131837760180017E-018   3.5379220844581875E-018
   2.4665165002762226E-013   8.0831692805221549E-018   7.5166921653547205E-014   2.0138954969612019E-018
   1.0705548212585355E-013   1.4373971440688952E-013   1.8917965934510549E-013   2.5601414061460668E-013
   3.2175856885525177E-018   5.2518245061282687E-018   6.1434223240664365E-018   1.0407563352423791E-017
   6.1752387851693820E-013   2.4019444337300308E-017   2.4665165002762226E-013   8.0831692805221549E-018
   2.5751003559359103E-013   3.3079660616882379E-013   3.9744352152920799E-013   5.1124307994624129E-013
   9.8288702258697876E-018   1.4522455202443576E-017   1.6179564070689424E-017   2.4384741568533129E-017
   1.3034492074728555E-012   5.8766537794580814E-017   6.1752387851693820E-013   2.4019444337300308E-017
   5.1013926197704299E-013   6.3310885288734164E-013   7.2205082836645920E-013   8.9509334925085799E-013
   2.3530308940424493E-017   3.2580477739749353E-017   3.5240463060009365E-017   4.9310370203741092E-017
   3.0600051589740505E-014   4.9006426642691345E-019   1.7155954549650163E-015   9.9999999999999995E-021
   4.0954609237973827E-015   1.5068797008317650E-014   2.7746258768548580E-014   8.3581164331123091E-014
   9.8568554765237481E-020   2.0875634675503278E-019   4.9221630326218034E-019   1.3798717437618168E-018
   2.2770068313629281E-013   4.8930206791950418E-018   3.0600051589740505E-014   4.9006426642691345E-019
   8.0633225795926397E-014   1.3105192495290544E-013   2.2880372953438624E-013   3.8225925450880430E-013
   1.4174031554098257E-018   3.0391659224621298E-018   4.2734224278073285E-018   1.0375158620660028E-017
   9.8490228191196328E-013   2.5789073784170730E-017   2.2770068313629281E-013   4.8930206791950418E-018
   4.0557310042837917E-013   5.9192310237764973E-013   8.4534882136128131E-013   1.2630926447477811E-012
   9.3443909158612074E-018   1.6838134385185026E-017   2.0961613284495724E-017   4.0432432374631413E-017
   3.0677001966628085E-012   9.5217322421750815E-017   9.8490228191196328E-013   2.5789073784170730E-017
   1.2812463588672151E-012   1.7709067174825966E-012   2.2581636237213599E-012   3.1574004472299431E-012
   3.7625627665807702E-017   6.0287629968421501E-017   7.0393077938248492E-017   1.1758244834633286E-016
   7.7514501180104096E-012   2.7880784570546912E-016   3.0677001966628085E-012   9.5217322421750815E-017
   3.1542944320638284E-012   4.1753989385008118E-012   4.9823693206705103E-012   6.6326685776791304E-012
   1.1207151496004951E-016   1.6629441866465475E-016   1.8647971437491022E-016   2.8392335866313036E-016
   5.9328346044668465E-014   7.8133982330118708E-019   2.0873054150344989E-015   9.9999999999999995E-021
   6.0481815151972224E-015   2.5184001410636696E-014   5.1601501423586073E-014   1.8382705659416103E-013
   1.1775828498976151E-019   2.7577447107277152E-019   7.5870712643260476E-019   2.4413174598066080E-018
   6.1754238764527206E-013   1.1121108389642330E-017   5.9328346044668465E-014   7.8133982330118708E-019
   1.8446939707402721E-013   3.3280880615966989E-013   6.4311323540538605E-013   1.2129707693994825E-012
   2.6636998604278041E-018   6.3157785338819846E-018   9.7232687828209069E-018   2.7296816904213274E-017
   3.4974350690662127E-012   7.6436316815323992E-017   6.1754238764527206E-013   1.1121108389642330E-017
   1.3261996917021494E-012   2.0862293922712050E-012   3.2349005117813999E-012   5.3108965887182876E-012
   2.4626347924001758E-017   4.8656648315942664E-017   6.4541000905179076E-017   1.4086960418784475E-016
   1.3517999747860282E-011   3.4947041611077735E-016   3.4974350690662127E-012   7.6436316815323992E-017
   5.4638469104715134E-012   8.0755130541468914E-012   1.0952162041975856E-011   1.6604190970047414E-011
   1.2982492272839410E-016   2.2446274287156779E-016   2.7544667893624609E-016   5.0856082942869843E-016
   4.0841189637976521E-011   1.2226594161267712E-015   1.3517999747860282E-011   3.4947041611077735E-016
   1.6656854953741289E-011   2.3413391830283489E-011   2.9307258698443554E-011   4.1840983329502033E-011
   4.7982761070390353E-016   7.5995937716792579E-016   8.8637279384129067E-016   1.4666420473736270E-015
   1.0700987201781789E-013   1.1927679547626348E-018   2.4600375608044729E-015   9.9999999999999995E-021
   8.3872850128081247E-015   3.9011401021503770E-014   8.8174343955286056E-014   3.6454023177569283E-013
   1.3700078611078807E-019   3.5154380420399134E-019   1.1116280818397401E-018   4.0332631703775577E-018
   1.5297421854913839E-012   2.3779056450075826E-017   1.0700987201781789E-013   1.1927679547626348E-018
   3.8234791712044192E-013   7.5971611089089359E-013   1.6130031503450344E-012   3.4086074412490981E-012
   4.6962225895715677E-018   1.2178971536608216E-017   2.0485867816255729E-017   6.5491829676579708E-017
   1.1248939985238560E-011   2.1148850739027175E-016   1.5297421854913839E-012   2.3779056450075826E-017
   3.8578376121965866E-012   6.4972828728333648E-012   1.0927188120464360E-011   1.9608407199691015E-011
   5.9746525765858701E-017   1.2865468212203118E-016   1.8174034008459030E-016   4.4572013546207404E-016
   5.3765427511552171E-011   1.1924635179889461E-015   1.1248939985238560E-011   2.1148850739027175E-016
   2.0570361737914093E-011   3.2333678410096118E-011   4.6679318503192043E-011   7.6502569593391232E-011
   4.0897191272733691E-016   7.5979528806480873E-016   9.8105210966940264E-016   1.9951833553962870E-015
   1.9388538025056328E-010   4.9742200486332407E-015   5.3765427511552171E-011   1.1924635179889461E-015
   7.7329440787769456E-011   1.1496379970110249E-010   1.5118342231562755E-010   2.3109583161283704E-010
   1.8689300291986776E-015   3.1486428731912008E-015   3.8272612964413297E-015   6.8698008154020307E-015
   1.8206423868814275E-013   1.7544061779429178E-018   2.8334357275666297E-015   9.9999999999999995E-021
   1.1113127581338400E-014   5.7126064568300767E-014   1.4133117407622733E-013   6.6735721289306205E-013
   1.5627767093022691E-019   4.3605020887399574E-019   1.5638886110339537E-018   6.3102817569113802E-018
   3.5118451008312994E-012   4.8118025828695186E-017   1.8206423868814275E-013   1.7544061779429178E-018
   7.3321760782205404E-013   1.5936189660958963E-012   3.6913644732548936E-012   8.6755006863353042E-012
   7.8525781791162573E-018   2.2076032592083591E-017   4.0448347337122883E-017   1.4528037986698442E-016
   3.3217426511656248E-011   5.4924870851340665E-016   3.5118451008312994E-012   4.8118025828695186E-017
   1.0192985057863176E-011   1.8280419261021725E-011   3.3277307767663394E-011   6.4925049349716266E-011
   1.3500345534906360E-016   3.1509242250376130E-016   4.7331463874961548E-016   1.2949665182524513E-015
   1.9549733146469219E-010   3.8014946751100707E-015   3.3217426511656248E-011   5.4924870851340665E-016
   6.9772068088411675E-011   1.1607914764666565E-010   1.7838727625105836E-010   3.1497451383435595E-010
   1.1888528986363345E-015   2.3647209114662074E-015   3.2129162850547213E-015   7.1693485079017924E-015
   8.3958809417744228E-010   1.8858799977273611E-014   1.9549733146469219E-010   3.8014946751100707E-015
   3.2193115560028845E-010   5.0438432699168703E-010   6.9736872010772800E-010   1.1391073264773822E-009
   6.6887581890085389E-015   1.1950807999464171E-014   1.5155140812218335E-014   2.9443176000607689E-014
   2.9517975993727620E-013   2.4996169319194642E-018   3.2072916885735803E-015   9.9999999999999995E-021
   1.4225917447535439E-014   8.0102995333098390E-014   2.1545483040749680E-013   1.1464932405634900E-012
   1.7557818962822603E-019   5.2928541992158763E-019   2.1284052940689074E-018   9.4467419739075692E-018
   7.5559518694054683E-012   9.2680289333767677E-017   2.9517975993727620E-013   2.4996169319194642E-018
   1.3203636911016695E-012   3.1203475533106227E-012   7.8341895278373938E-012   2.0335194803411457E-011
   1.2558946160530460E-017   3.7994370184659628E-017   7.5565681219585852E-017   3.0140498544206791E-016
   9.1030319694920098E-011   1.3462371187338624E-015   7.5559518694054683E-012   9.2680289333767677E-017
   2.4840699662369203E-011   4.7233646944569612E-011   9.2819982187308237E-011   1.9589824902696289E-010
   2.8685207524058832E-016   7.2199645673323720E-016   1.1510202348092040E-015   3.4884555180750980E-015
   6.5651145557409903E-010   1.1380134733923083E-014   9.1030319694920098E-011   1.3462371187338624E-015
   2.1645430478924067E-010   3.7955425833168357E-010   6.2055046882637166E-010   1.1762230561697227E-009
   3.2182421221971386E-015   6.8318659119541081E-015   9.7606668928796238E-015   2.3800077959270732E-014
   3.3488699687834811E-009   6.6946120494535651E-014   6.5651145557409903E-010   1.1380134733923083E-014
   1.2196730923185286E-009   2.0072818318993012E-009   2.9184714845802100E-009   5.0829713539787411E-009
   2.2184745827939084E-014   4.1925974961291766E-014   5.5487999991657379E-014   1.1638321882983802E-013
