     0.000000    -0.240290     1.289910     1.289910     1.473430     1.473430     1.473430     1.742550     1.848470     1.848470
     0.020000    -0.239910     1.286940     1.288310     1.472190     1.472190     1.473730     1.746030     1.845540     1.845540
     0.040000    -0.238780     1.278320     1.283590     1.468500     1.468500     1.474620     1.756200     1.838070     1.838070
     0.060000    -0.236890     1.264790     1.275970     1.462370     1.462370     1.476050     1.772310     1.828590     1.828590
     0.080000    -0.234240     1.247320     1.265760     1.453860     1.453860     1.477990     1.793390     1.819090     1.819090
     0.100000    -0.230840     1.226880     1.253340     1.443070     1.443070     1.480400     1.810720     1.810720     1.818420
     0.120000    -0.226680     1.204290     1.239100     1.430160     1.430160     1.483280     1.804090     1.804090     1.846450
     0.140000    -0.221770     1.180240     1.223410     1.415330     1.415330     1.486630     1.799460     1.799460     1.876630
     0.160000    -0.216090     1.155260     1.206590     1.398820     1.398820     1.490430     1.796910     1.796910     1.908230
     0.180000    -0.209660     1.129730     1.188940     1.380900     1.380900     1.494700     1.796380     1.796380     1.940540
     0.200000    -0.202460     1.103970     1.170690     1.361830     1.361830     1.499430     1.797770     1.797770     1.972810
     0.220000    -0.194510     1.078200     1.152040     1.341860     1.341860     1.504610     1.800930     1.800930     2.004010
     0.240000    -0.185790     1.052600     1.133170     1.321230     1.321230     1.510250     1.805740     1.805740     2.009290
     0.260000    -0.176310     1.027310     1.114220     1.300120     1.300120     1.516340     1.812050     1.812050     2.015030
     0.280000    -0.166060     1.002440     1.095290     1.278720     1.278720     1.522850     1.819760     1.819760     2.021250
     0.300000    -0.155060     0.978060     1.076480     1.257170     1.257170     1.529780     1.828750     1.828750     2.027930
     0.320000    -0.143290     0.954240     1.057860     1.235600     1.235600     1.537090     1.838940     1.838940     2.035080
     0.340000    -0.130760     0.931040     1.039510     1.214110     1.214110     1.544740     1.850250     1.850250     2.042700
     0.360000    -0.117460     0.908500     1.021480     1.192790     1.192790     1.552680     1.862610     1.862610     2.050790
     0.380000    -0.103410     0.886650     1.003800     1.171720     1.171720     1.560840     1.875960     1.875960     2.059360
     0.400000    -0.088600     0.865510     0.986530     1.150970     1.150970     1.569090     1.890250     1.890250     2.055350
     0.420000    -0.073030     0.845110     0.969680     1.130580     1.130580     1.577270     1.905450     1.905450     2.026460
     0.440000    -0.056720     0.825460     0.953280     1.110610     1.110610     1.585150     1.921490     1.921490     1.994390
     0.460000    -0.039650     0.806590     0.937360     1.091100     1.091100     1.592330     1.938360     1.938360     1.960630
     0.480000    -0.021840     0.788490     0.921940     1.072090     1.072090     1.598250     1.926580     1.956010     1.956010
     0.500000    -0.003300     0.771170     0.907030     1.053590     1.053590     1.602020     1.893770     1.974400     1.974400
     0.520000     0.015970     0.754650     0.892650     1.035660     1.035660     1.602300     1.863970     1.993510     1.993510
     0.540000     0.035960     0.738930     0.878800     1.018300     1.018300     1.597380     1.839270     2.013310     2.013310
     0.560000     0.056650     0.724020     0.865500     1.001550     1.001550     1.585530     1.821630     2.033760     2.033760
     0.580000     0.078030     0.709910     0.852760     0.985420     0.985420     1.565960     1.812040     2.054820     2.054820
     0.600000     0.100080     0.696630     0.840580     0.969940     0.969940     1.539350     1.810000     2.076470     2.076470
     0.620000     0.122770     0.684170     0.828980     0.955110     0.955110     1.507290     1.814020     2.098660     2.098660
     0.640000     0.146090     0.672550     0.817940     0.940960     0.940960     1.471490     1.822500     2.121360     2.121360
     0.660000     0.170000     0.661790     0.807490     0.927500     0.927500     1.433240     1.834200     2.144520     2.144520
     0.680000     0.194440     0.651920     0.797620     0.914740     0.914740     1.393460     1.848280     2.168090     2.168090
     0.700000     0.219370     0.642970     0.788330     0.902700     0.902700     1.352760     1.864150     2.192020     2.192020
     0.720000     0.244700     0.634990     0.779640     0.891380     0.891380     1.311560     1.881430     2.216240     2.216240
     0.740000     0.270330     0.628050     0.771540     0.880800     0.880800     1.270160     1.899830     2.240680     2.240680
     0.760000     0.296140     0.622270     0.764030     0.870970     0.870970     1.228760     1.919140     2.265250     2.265250
     0.780000     0.321920     0.617800     0.757120     0.861890     0.861890     1.187540     1.939160     2.289840     2.289840
     0.800000     0.347410     0.614850     0.750800     0.853570     0.853570     1.146640     1.959720     2.314320     2.314320
     0.820000     0.372250     0.613750     0.745090     0.846030     0.846030     1.106160     1.980620     2.338530     2.338530
     0.840000     0.395940     0.614920     0.739970     0.839260     0.839260     1.066220     2.001640     2.362250     2.362250
     0.860000     0.417840     0.618930     0.735460     0.833270     0.833270     1.026950     2.022500     2.381630     2.385230
     0.880000     0.437210     0.626400     0.731540     0.828080     0.828080     0.988500     2.042850     2.395450     2.407110
     0.900000     0.453370     0.637820     0.728230     0.823670     0.823670     0.951050     2.062210     2.408130     2.427460
     0.920000     0.465960     0.653280     0.725520     0.820060     0.820060     0.914910     2.079980     2.419320     2.445710
     0.940000     0.475040     0.672180     0.723410     0.817250     0.817250     0.880640     2.095350     2.428640     2.461170
     0.960000     0.481000     0.692920     0.721900     0.815240     0.815240     0.849420     2.107400     2.435670     2.473060
     0.980000     0.484340     0.711900     0.721000     0.814030     0.814030     0.824400     2.115150     2.440050     2.480600
     1.000000     0.485410     0.720690     0.720690     0.813630     0.813630     0.813630     2.117830     2.441550     2.483190
     1.000000     0.485410     0.720690     0.720690     0.813630     0.813630     0.813630     2.117830     2.441550     2.483190
     1.014142     0.484880     0.717170     0.719600     0.813830     0.815740     0.817470     2.116480     2.440770     2.481930
     1.028284     0.483300     0.707950     0.716640     0.814440     0.821760     0.827630     2.112470     2.438100     2.478620
     1.042426     0.480690     0.695370     0.712520     0.815440     0.830940     0.841760     2.105910     2.432640     2.474620
     1.056569     0.477070     0.681100     0.707970     0.816850     0.842540     0.858220     2.097000     2.423410     2.471450
     1.070711     0.472510     0.666020     0.703500     0.818650     0.855960     0.876110     2.085950     2.410280     2.469830
     1.084853     0.467050     0.650580     0.699470     0.820860     0.870810     0.894980     2.073010     2.393950     2.469630
     1.098995     0.460780     0.635050     0.696070     0.823460     0.886800     0.914570     2.058430     2.375250     2.470480
     1.113137     0.453790     0.619570     0.693410     0.826450     0.903720     0.934730     2.042460     2.354820     2.472090
     1.127279     0.446180     0.604220     0.691510     0.829840     0.921430     0.955380     2.025330     2.333140     2.474300
     1.141421     0.438030     0.589070     0.690390     0.833620     0.939810     0.976450     2.007240     2.310540     2.477010
     1.155563     0.429460     0.574150     0.690020     0.837780     0.958780     0.997910     1.988400     2.287250     2.480150
     1.169706     0.420560     0.559500     0.690350     0.842330     0.978260     1.019720     1.968960     2.263470     2.483670
     1.183848     0.411400     0.545130     0.691360     0.847260     0.998170     1.041860     1.949100     2.239330     2.487560
     1.197990     0.402080     0.531070     0.692990     0.852560     1.018450     1.064320     1.928950     2.214940     2.491800
     1.212132     0.392660     0.517310     0.695210     0.858240     1.039040     1.087080     1.908650     2.190380     2.496360
     1.226274     0.383200     0.503880     0.697980     0.864280     1.059870     1.110130     1.888320     2.165730     2.501230
     1.240416     0.373750     0.490780     0.701260     0.870680     1.080870     1.133450     1.868090     2.141030     2.506240
     1.254558     0.364370     0.478020     0.705020     0.877430     1.101970     1.157050     1.848080     2.116350     2.507280
     1.268701     0.355080     0.465600     0.709240     0.884540     1.123070     1.180900     1.828420     2.091720     2.508280
     1.282843     0.345940     0.453530     0.713890     0.891980     1.144080     1.205000     1.809250     2.067170     2.509240
     1.296985     0.336960     0.441820     0.718940     0.899760     1.164880     1.229340     1.790720     2.042750     2.510150
     1.311127     0.328160     0.430470     0.724380     0.907860     1.185320     1.253900     1.773000     2.018470     2.511040
     1.325269     0.319580     0.419480     0.730200     0.916280     1.205220     1.278690     1.756300     1.994370     2.511880
     1.339411     0.311230     0.408860     0.736370     0.925000     1.224370     1.303680     1.740850     1.970470     2.512690
     1.353553     0.303130     0.398610     0.742880     0.934020     1.242520     1.328870     1.726920     1.946790     2.513450
     1.367696     0.295280     0.388730     0.749710     0.943310     1.259350     1.354230     1.714840     1.923360     2.514150
     1.381838     0.287700     0.379230     0.756850     0.952870     1.274530     1.379760     1.704970     1.900200     2.514780
     1.395980     0.280400     0.370120     0.764280     0.962680     1.287670     1.405440     1.697710     1.877330     2.515300
     1.410122     0.273390     0.361390     0.772000     0.972720     1.298400     1.431250     1.693430     1.854790     2.515700
     1.424264     0.266680     0.353040     0.779970     0.982980     1.306410     1.457170     1.692470     1.832590     2.515900
     1.438406     0.260270     0.345090     0.788190     0.993420     1.311490     1.483170     1.695040     1.810760     2.515860
     1.452548     0.254170     0.337520     0.796640     1.004020     1.313590     1.509220     1.701210     1.789340     2.515470
     1.466690     0.248380     0.330360     0.805290     1.014760     1.312850     1.535280     1.710850     1.768350     2.514590
     1.480833     0.242900     0.323580     0.814110     1.025590     1.309540     1.561330     1.723680     1.747840     2.512980
     1.494975     0.237750     0.317210     0.823090     1.036490     1.304050     1.587300     1.727850     1.739360     2.510320
     1.509117     0.232910     0.311240     0.832170     1.047390     1.296780     1.613130     1.708430     1.757480     2.506080
     1.523259     0.228410     0.305670     0.841330     1.058260     1.288150     1.638760     1.689620     1.777640     2.499510
     1.537401     0.224230     0.300510     0.850520     1.069020     1.278520     1.664100     1.671500     1.799480     2.489710
     1.551543     0.220380     0.295750     0.859670     1.079610     1.268240     1.654140     1.689030     1.822680     2.475920
     1.565685     0.216860     0.291400     0.868720     1.089930     1.257620     1.637620     1.713430     1.846930     2.458050
     1.579828     0.213670     0.287470     0.877580     1.099910     1.246910     1.622050     1.737130     1.871990     2.436770
     1.593970     0.210810     0.283940     0.886160     1.109420     1.236380     1.607530     1.759920     1.897580     2.413080
     1.608112     0.208290     0.280820     0.894330     1.118330     1.226270     1.594180     1.781540     1.923440     2.387980
     1.622254     0.206110     0.278120     0.901950     1.126520     1.216800     1.582160     1.801690     1.949250     2.362270
     1.636396     0.204250     0.275830     0.908870     1.133830     1.208220     1.571610     1.819970     1.974590     2.336690
     1.650538     0.202740     0.273960     0.914900     1.140090     1.200750     1.562680     1.835960     1.998860     2.312050
     1.664680     0.201560     0.272500     0.919860     1.145170     1.194640     1.555540     1.849150     2.021120     2.289410
     1.678823     0.200720     0.271460     0.923560     1.148910     1.190090     1.550320     1.859050     2.039870     2.270340
     1.692965     0.200210     0.270840     0.925850     1.151210     1.187280     1.547140     1.865200     2.052880     2.257130
     1.707107     0.200040     0.270630     0.926630     1.151980     1.186330     1.546070     1.867290     2.057620     2.252310
     1.707107     0.200040     0.270630     0.926630     1.151980     1.186330     1.546070     1.867290     2.057620     2.252310
     1.721249     0.195500     0.275520     0.926820     1.152190     1.186450     1.546210     1.867100     2.056480     2.252550
     1.735391     0.184400     0.287690     0.927390     1.152800     1.186810     1.546630     1.866550     2.053110     2.253240
     1.749533     0.170270     0.303590     0.928330     1.153830     1.187400     1.547330     1.865640     2.047690     2.254380
     1.763675     0.154930     0.321410     0.929660     1.155260     1.188240     1.548310     1.864380     2.040480     2.255900
     1.777817     0.139160     0.340370     0.931370     1.157110     1.189310     1.549570     1.862800     2.031750     2.257760
     1.791960     0.123300     0.360120     0.933450     1.159360     1.190620     1.551110     1.860910     2.021790     2.259870
     1.806102     0.107540     0.380480     0.935910     1.162010     1.192170     1.552940     1.858750     2.010850     2.262130
     1.820244     0.091970     0.401350     0.938740     1.165060     1.193950     1.555040     1.856330     1.999140     2.264440
     1.834386     0.076650     0.422660     0.941950     1.168510     1.195980     1.557420     1.853700     1.986850     2.266650
     1.848528     0.061610     0.444380     0.945530     1.172360     1.198240     1.560090     1.850880     1.974120     2.268610
     1.862670     0.046890     0.466490     0.949490     1.176600     1.200740     1.563030     1.847910     1.961060     2.270130
     1.876812     0.032490     0.488960     0.953810     1.181220     1.203480     1.566260     1.844810     1.947780     2.271030
     1.890955     0.018430     0.511770     0.958500     1.186220     1.206460     1.569760     1.841610     1.934340     2.271090
     1.905097     0.004720     0.534910     0.963560     1.191600     1.209670     1.573550     1.838340     1.920810     2.270090
     1.919239    -0.008640     0.558370     0.968980     1.197340     1.213120     1.577620     1.835030     1.907220     2.267830
     1.933381    -0.021650     0.582130     0.974760     1.203450     1.216810     1.581960     1.831700     1.893610     2.264100
     1.947523    -0.034280     0.606200     0.980900     1.209920     1.220730     1.586590     1.828380     1.880010     2.258760
     1.961665    -0.046550     0.630540     0.987390     1.216730     1.224880     1.591500     1.825100     1.866440     2.251710
     1.975807    -0.058460     0.655160     0.994230     1.223870     1.229270     1.596690     1.821860     1.852900     2.241010
     1.989949    -0.069990     0.680030     1.001420     1.231350     1.233880     1.602160     1.818700     1.839400     2.218930
     2.004092    -0.081150     0.705150     1.008950     1.238730     1.239140     1.607910     1.815640     1.825940     2.197080
     2.018234    -0.091930     0.730510     1.016820     1.243800     1.247240     1.613940     1.812530     1.812680     2.175510
     2.032376    -0.102340     0.756070     1.025020     1.249100     1.255630     1.620250     1.799150     1.809840     2.154280
     2.046518    -0.112380     0.781840     1.033560     1.254620     1.264300     1.626830     1.785810     1.807150     2.133450
     2.060660    -0.122030     0.807780     1.042410     1.260370     1.273240     1.633690     1.772470     1.804620     2.113070
     2.074802    -0.131310     0.833870     1.051580     1.266330     1.282410     1.640830     1.759140     1.802270     2.093180
     2.088944    -0.140210     0.860090     1.061050     1.272510     1.291820     1.648240     1.745790     1.800100     2.073850
     2.103087    -0.148730     0.886410     1.070830     1.278900     1.301430     1.655920     1.732410     1.798140     2.055110
     2.117229    -0.156870     0.912780     1.080890     1.285510     1.311230     1.663880     1.718990     1.796400     2.037020
     2.131371    -0.164630     0.939170     1.091230     1.292340     1.321180     1.672090     1.705510     1.794900     2.019610
     2.145513    -0.172020     0.965530     1.101840     1.299390     1.331270     1.680580     1.691950     1.793640     2.002930
     2.159655    -0.179020     0.991800     1.112700     1.306670     1.341440     1.678310     1.689320     1.792650     1.987020
     2.173797    -0.185650     1.017900     1.123800     1.314190     1.351680     1.664580     1.698310     1.791930     1.971910
     2.187939    -0.191890     1.043750     1.135120     1.321970     1.361940     1.650770     1.707550     1.791500     1.957630
     2.202082    -0.197760     1.069240     1.146630     1.330040     1.372180     1.636870     1.717020     1.791360     1.944210
     2.216224    -0.203240     1.094250     1.158310     1.338420     1.382340     1.622920     1.726720     1.791510     1.931660
     2.230366    -0.208350     1.118630     1.170130     1.347170     1.392370     1.608930     1.736630     1.791930     1.920000
     2.244508    -0.213080     1.142180     1.182050     1.356360     1.402200     1.594940     1.746730     1.792580     1.909230
     2.258650    -0.217430     1.164690     1.194020     1.366040     1.411760     1.581010     1.756990     1.793370     1.899360
     2.272792    -0.221400     1.185920     1.205970     1.376300     1.420990     1.567200     1.767390     1.794100     1.883230
     2.286934    -0.224990     1.205620     1.217830     1.387190     1.429780     1.553610     1.777860     1.794400     1.868230
     2.301076    -0.228200     1.223530     1.229510     1.398710     1.438040     1.540340     1.788360     1.793570     1.855330
     2.315219    -0.231030     1.239430     1.240860     1.410790     1.445690     1.527530     1.790530     1.798790     1.845710
     2.329361    -0.233490     1.251720     1.253160     1.423200     1.452610     1.515380     1.784450     1.809010     1.840360
     2.343503    -0.235570     1.261860     1.264660     1.435580     1.458690     1.504110     1.775790     1.818850     1.838960
     2.357645    -0.237270     1.271000     1.273920     1.447350     1.463850     1.494040     1.766080     1.828020     1.840200
     2.371787    -0.238590     1.278780     1.281000     1.457810     1.467970     1.485520     1.756830     1.836140     1.842750
     2.385929    -0.239530     1.284780     1.285980     1.466140     1.470980     1.478990     1.749260     1.842660     1.845530
     2.400071    -0.240100     1.288600     1.288930     1.471550     1.472810     1.474850     1.744290     1.846960     1.847670
     2.414214    -0.240290     1.289910     1.289910     1.473430     1.473430     1.473430     1.742550     1.848470     1.848470
     2.414214    -0.240290     1.289910     1.289910     1.473430     1.473430     1.473430     1.742550     1.848470     1.848470
     2.431534    -0.240010     1.288200     1.288200     1.469610     1.474540     1.474540     1.745130     1.846920     1.846920
     2.448855    -0.239160     1.283180     1.283180     1.458690     1.477770     1.477770     1.752260     1.842720     1.842720
     2.466175    -0.237740     1.275170     1.275170     1.441970     1.482840     1.482840     1.762490     1.836850     1.836850
     2.483496    -0.235760     1.264600     1.264600     1.420950     1.489390     1.489390     1.774190     1.830290     1.830290
     2.500816    -0.233210     1.251900     1.251900     1.396870     1.497070     1.497070     1.786010     1.823760     1.823760
     2.518137    -0.230090     1.237450     1.237450     1.370710     1.505600     1.505600     1.797050     1.817720     1.817720
     2.535457    -0.226410     1.221580     1.221580     1.343150     1.514770     1.514770     1.806880     1.812410     1.812410
     2.552778    -0.222150     1.204540     1.204540     1.314660     1.524430     1.524430     1.808010     1.808010     1.815400
     2.570098    -0.217330     1.186560     1.186560     1.285600     1.534480     1.534480     1.804580     1.804580     1.822710
     2.587419    -0.211950     1.167810     1.167810     1.256220     1.544860     1.544860     1.802160     1.802160     1.829000
     2.604739    -0.205990     1.148460     1.148460     1.226700     1.555530     1.555530     1.800760     1.800760     1.834480
     2.622060    -0.199470     1.128620     1.128620     1.197180     1.566470     1.566470     1.800360     1.800360     1.839330
     2.639380    -0.192380     1.108410     1.108410     1.167760     1.577670     1.577670     1.800960     1.800960     1.843710
     2.656701    -0.184720     1.087920     1.087920     1.138540     1.589120     1.589120     1.802520     1.802520     1.847770
     2.674021    -0.176490     1.067240     1.067240     1.109570     1.600810     1.600810     1.805020     1.805020     1.851590
     2.691342    -0.167700     1.046430     1.046430     1.080920     1.612740     1.612740     1.808460     1.808460     1.855260
     2.708662    -0.158330     1.025570     1.025570     1.052620     1.624910     1.624910     1.812800     1.812800     1.858850
     2.725983    -0.148400     1.004710     1.004710     1.024720     1.637310     1.637310     1.818040     1.818040     1.862410
     2.743303    -0.137910     0.983900     0.983900     0.997240     1.649910     1.649910     1.824160     1.824160     1.865970
     2.760624    -0.126840     0.963190     0.963190     0.970210     1.662720     1.662720     1.831160     1.831160     1.869580
     2.777944    -0.115220     0.942610     0.942610     0.943660     1.675720     1.675720     1.839040     1.839040     1.873240
     2.795265    -0.103020     0.917590     0.922200     0.922200     1.688870     1.688870     1.847800     1.847800     1.877000
     2.812585    -0.090270     0.892040     0.901990     0.901990     1.702170     1.702170     1.857430     1.857430     1.880850
     2.829906    -0.076960     0.867010     0.882010     0.882010     1.715590     1.715590     1.867940     1.867940     1.884820
     2.847226    -0.063080     0.842520     0.862290     0.862290     1.729100     1.729100     1.879320     1.879320     1.888910
     2.864547    -0.048660     0.818590     0.842850     0.842850     1.742700     1.742700     1.891590     1.891590     1.893130
     2.881867    -0.033680     0.795210     0.823710     0.823710     1.756350     1.756350     1.897480     1.904730     1.904730
     2.899188    -0.018150     0.772400     0.804880     0.804880     1.770040     1.770040     1.901960     1.918730     1.918730
     2.916508    -0.002070     0.750180     0.786400     0.786400     1.783760     1.783760     1.906570     1.933590     1.933590
     2.933829     0.014550     0.728540     0.768270     0.768270     1.797500     1.797500     1.911310     1.949280     1.949280
     2.951149     0.031700     0.707490     0.750500     0.750500     1.811240     1.811240     1.916160     1.965780     1.965780
     2.968470     0.049370     0.687060     0.733120     0.733120     1.824990     1.824990     1.921130     1.983070     1.983070
     2.985790     0.067570     0.667230     0.716130     0.716130     1.838720     1.838720     1.926200     2.001110     2.001110
     3.003111     0.086280     0.648030     0.699550     0.699550     1.852440     1.852440     1.931360     2.019870     2.019870
     3.020431     0.105490     0.629460     0.683390     0.683390     1.866130     1.866130     1.936600     2.039310     2.039310
     3.037752     0.125180     0.611530     0.667660     0.667660     1.879770     1.879770     1.941890     2.059390     2.059390
     3.055072     0.145330     0.594260     0.652360     0.652360     1.893330     1.893330     1.947230     2.080060     2.080060
     3.072393     0.165940     0.577670     0.637510     0.637510     1.906770     1.906770     1.952600     2.101280     2.101280
     3.089713     0.186950     0.561780     0.623110     0.623110     1.920030     1.920030     1.957970     2.123010     2.123010
     3.107034     0.208330     0.546630     0.609180     0.609180     1.933060     1.933060     1.963320     2.145180     2.145180
     3.124354     0.230020     0.532280     0.595720     0.595720     1.945760     1.945760     1.968650     2.167740     2.167740
     3.141675     0.251930     0.518790     0.582740     0.582740     1.958020     1.958020     1.973930     2.190620     2.190620
     3.158995     0.273930     0.506310     0.570250     0.570250     1.969680     1.969680     1.979140     2.213720     2.213720
     3.176316     0.295800     0.495040     0.558250     0.558250     1.980560     1.980560     1.984260     2.236930     2.236930
     3.193636     0.317160     0.485340     0.546750     0.546750     1.989290     1.990420     1.990420     2.260100     2.260100
     3.210957     0.337350     0.477870     0.535750     0.535750     1.994210     1.998980     1.998980     2.283020     2.283020
     3.228277     0.355210     0.473760     0.525270     0.525270     1.999010     2.005890     2.005890     2.305360     2.305360
     3.245598     0.368990     0.474770     0.515300     0.515300     2.003670     2.010750     2.010750     2.326640     2.326640
     3.262918     0.377060     0.482500     0.505860     0.505860     2.008190     2.013120     2.013120     2.346170     2.346170
     3.280239     0.379420     0.496940     0.496940     0.496940     2.012560     2.012560     2.012560     2.363040     2.363040
     3.280239     0.379420     0.496940     0.496940     0.496940     2.012560     2.012560     2.012560     2.363040     2.363040
     3.290239     0.378750     0.488360     0.497820     0.505660     2.010190     2.011910     2.014460     2.347830     2.361520
     3.300239     0.376800     0.479920     0.500380     0.514520     2.007400     2.009960     2.015790     2.332660     2.357220
     3.310239     0.373720     0.471630     0.504480     0.523500     2.004270     2.006700     2.016480     2.317610     2.350780
     3.320239     0.369720     0.463480     0.509910     0.532620     2.000840     2.002130     2.016440     2.302780     2.342960
     3.330239     0.365000     0.455470     0.516450     0.541860     1.996250     1.997170     2.015550     2.288290     2.334410
     3.340239     0.359760     0.447620     0.523940     0.551220     1.989050     1.993300     2.013730     2.274220     2.325610
     3.350239     0.354140     0.439910     0.532200     0.560710     1.980560     1.989260     2.010890     2.260700     2.316930
     3.360239     0.348280     0.432360     0.541110     0.570300     1.970800     1.985100     2.006930     2.247810     2.308620
     3.370239     0.342260     0.424970     0.550580     0.580010     1.959810     1.980840     2.001780     2.235620     2.300820
     3.380239     0.336160     0.417730     0.560540     0.589830     1.947650     1.976510     1.995410     2.224200     2.293640
     3.390239     0.330040     0.410650     0.570930     0.599750     1.934380     1.972130     1.987810     2.213570     2.287120
     3.400239     0.323930     0.403730     0.581700     0.609760     1.920100     1.967720     1.979010     2.203710     2.281270
     3.410239     0.317870     0.396980     0.592830     0.619870     1.904880     1.963300     1.969050     2.194600     2.276070
     3.420239     0.311890     0.390380     0.604280     0.630070     1.888810     1.958040     1.958890     2.186170     2.271500
     3.430239     0.306000     0.383950     0.616040     0.640340     1.871990     1.946080     1.954500     2.178370     2.267510
     3.440239     0.300220     0.377690     0.628090     0.650690     1.854490     1.933280     1.950140     2.171090     2.264050
     3.450239     0.294570     0.371600     0.640410     0.661100     1.836410     1.919790     1.945830     2.164280     2.261080
     3.460239     0.289050     0.365670     0.653000     0.671570     1.817820     1.905700     1.941580     2.157860     2.258540
     3.470239     0.283670     0.359910     0.665840     0.682100     1.798780     1.891140     1.937390     2.151770     2.256400
     3.480239     0.278440     0.354330     0.678930     0.692660     1.779370     1.876210     1.933280     2.145960     2.254600
     3.490239     0.273360     0.348920     0.692260     0.703250     1.759630     1.861010     1.929250     2.140390     2.253100
     3.500239     0.268440     0.343680     0.705820     0.713870     1.739620     1.845610     1.925320     2.135030     2.251880
     3.510239     0.263670     0.338610     0.719620     0.724490     1.719390     1.830080     1.921470     2.129860     2.250890
     3.520239     0.259080     0.333720     0.733640     0.735110     1.698970     1.814510     1.917740     2.124870     2.250110
     3.530239     0.254640     0.329010     0.745710     0.747880     1.678400     1.798930     1.914100     2.120050     2.249520
     3.540239     0.250380     0.324480     0.756270     0.762340     1.657720     1.783420     1.910580     2.115400     2.249080
     3.550239     0.246280     0.320120     0.766790     0.777020     1.636940     1.768010     1.907180     2.110900     2.248780
     3.560239     0.242360     0.315940     0.777230     0.791900     1.616100     1.752760     1.903900     2.106560     2.248590
     3.570239     0.238600     0.311950     0.787590     0.807000     1.595220     1.737710     1.900740     2.102390     2.248510
     3.580239     0.235020     0.308130     0.797830     0.822310     1.574310     1.722900     1.897720     2.098380     2.248510
     3.590239     0.231620     0.304490     0.807940     0.837810     1.553410     1.708380     1.894820     2.094540     2.248590
     3.600239     0.228380     0.301040     0.817890     0.853520     1.532510     1.694180     1.892060     2.090860     2.248720
     3.610239     0.225320     0.297770     0.827650     0.869430     1.511640     1.680340     1.889430     2.087370     2.248900
     3.620239     0.222430     0.294680     0.837190     0.885530     1.490820     1.666910     1.886940     2.084050     2.249120
     3.630239     0.219720     0.291780     0.846480     0.901820     1.470040     1.653940     1.884590     2.080920     2.249370
     3.640239     0.217190     0.289060     0.855470     0.918310     1.449340     1.641460     1.882390     2.077970     2.249640
     3.650239     0.214820     0.286530     0.864140     0.934980     1.428710     1.629530     1.880330     2.075210     2.249920
     3.660239     0.212640     0.284180     0.872430     0.951830     1.408160     1.618180     1.878420     2.072640     2.250200
     3.670239     0.210630     0.282020     0.880320     0.968860     1.387720     1.607480     1.876650     2.070270     2.250490
     3.680239     0.208790     0.280050     0.887740     0.986060     1.367380     1.597470     1.875040     2.068090     2.250760
     3.690239     0.207130     0.278260     0.894650     1.003430     1.347160     1.588200     1.873570     2.066120     2.251030
     3.700239     0.205640     0.276660     0.901010     1.020960     1.327070     1.579720     1.872260     2.064340     2.251280
     3.710239     0.204330     0.275250     0.906770     1.038640     1.307130     1.572090     1.871100     2.062770     2.251510
     3.720239     0.203190     0.274020     0.911870     1.056440     1.287350     1.565360     1.870090     2.061410     2.251710
     3.730239     0.202230     0.272990     0.916280     1.074350     1.267780     1.559570     1.869230     2.060260     2.251890
     3.740239     0.201440     0.272140     0.919950     1.092300     1.248450     1.554760     1.868540     2.059310     2.252040
     3.750239     0.200830     0.271480     0.922850     1.110180     1.229500     1.550980     1.867990     2.058570     2.252160
     3.760239     0.200390     0.271000     0.924940     1.127670     1.211250     1.548260     1.867600     2.058040     2.252240
     3.770239     0.200130     0.270720     0.926200     1.143580     1.194880     1.546620     1.867370     2.057730     2.252300
     3.780239     0.200040     0.270630     0.926630     1.151980     1.186330     1.546070     1.867290     2.057620     2.252310
     3.780239     0.200040     0.270630     0.926630     1.151980     1.186330     1.546070     1.867290     2.057620     2.252310
     3.790239     0.200130     0.270720     0.926200     1.143580     1.194880     1.546620     1.867370     2.057730     2.252300
     3.800239     0.200390     0.271000     0.924940     1.127670     1.211250     1.548260     1.867600     2.058040     2.252240
     3.810239     0.200830     0.271480     0.922850     1.110180     1.229500     1.550980     1.867990     2.058570     2.252160
     3.820239     0.201440     0.272140     0.919950     1.092300     1.248450     1.554760     1.868540     2.059310     2.252040
     3.830239     0.202230     0.272990     0.916280     1.074350     1.267780     1.559570     1.869230     2.060260     2.251890
     3.840239     0.203190     0.274020     0.911870     1.056440     1.287350     1.565360     1.870090     2.061410     2.251710
     3.850239     0.204330     0.275250     0.906770     1.038640     1.307130     1.572090     1.871100     2.062770     2.251510
     3.860239     0.205640     0.276660     0.901010     1.020960     1.327070     1.579720     1.872260     2.064340     2.251280
     3.870239     0.207130     0.278260     0.894650     1.003430     1.347160     1.588200     1.873570     2.066120     2.251030
     3.880239     0.208790     0.280050     0.887740     0.986060     1.367380     1.597470     1.875040     2.068090     2.250760
     3.890239     0.210630     0.282020     0.880320     0.968860     1.387720     1.607480     1.876650     2.070270     2.250490
     3.900239     0.212640     0.284180     0.872430     0.951830     1.408160     1.618180     1.878420     2.072640     2.250200
     3.910239     0.214820     0.286530     0.864140     0.934980     1.428710     1.629530     1.880330     2.075210     2.249920
     3.920239     0.217190     0.289060     0.855470     0.918310     1.449340     1.641460     1.882390     2.077970     2.249640
     3.930239     0.219720     0.291780     0.846480     0.901820     1.470040     1.653940     1.884590     2.080920     2.249370
     3.940239     0.222430     0.294680     0.837190     0.885530     1.490820     1.666910     1.886940     2.084050     2.249120
     3.950239     0.225320     0.297770     0.827650     0.869430     1.511640     1.680340     1.889430     2.087370     2.248900
     3.960239     0.228380     0.301040     0.817890     0.853520     1.532510     1.694180     1.892060     2.090860     2.248720
     3.970239     0.231620     0.304490     0.807940     0.837810     1.553410     1.708380     1.894820     2.094540     2.248590
     3.980239     0.235020     0.308130     0.797830     0.822310     1.574310     1.722900     1.897720     2.098380     2.248510
     3.990239     0.238600     0.311950     0.787590     0.807000     1.595220     1.737710     1.900740     2.102390     2.248510
     4.000239     0.242360     0.315940     0.777230     0.791900     1.616100     1.752760     1.903900     2.106560     2.248590
     4.010239     0.246280     0.320120     0.766790     0.777020     1.636940     1.768010     1.907180     2.110900     2.248780
     4.020239     0.250380     0.324480     0.756270     0.762340     1.657720     1.783420     1.910580     2.115400     2.249080
     4.030239     0.254640     0.329010     0.745710     0.747880     1.678400     1.798930     1.914100     2.120050     2.249520
     4.040239     0.259080     0.333720     0.733640     0.735110     1.698970     1.814510     1.917740     2.124870     2.250110
     4.050239     0.263670     0.338610     0.719620     0.724490     1.719390     1.830080     1.921470     2.129860     2.250890
     4.060239     0.268440     0.343680     0.705820     0.713870     1.739620     1.845610     1.925320     2.135030     2.251880
     4.070239     0.273360     0.348920     0.692260     0.703250     1.759630     1.861010     1.929250     2.140390     2.253100
     4.080239     0.278440     0.354330     0.678930     0.692660     1.779370     1.876210     1.933280     2.145960     2.254600
     4.090239     0.283670     0.359910     0.665840     0.682100     1.798780     1.891140     1.937390     2.151770     2.256400
     4.100239     0.289050     0.365670     0.653000     0.671570     1.817820     1.905700     1.941580     2.157860     2.258540
     4.110239     0.294570     0.371600     0.640410     0.661100     1.836410     1.919790     1.945830     2.164280     2.261080
     4.120239     0.300220     0.377690     0.628090     0.650690     1.854490     1.933280     1.950140     2.171090     2.264050
     4.130239     0.306000     0.383950     0.616040     0.640340     1.871990     1.946080     1.954500     2.178370     2.267510
     4.140239     0.311890     0.390380     0.604280     0.630070     1.888810     1.958040     1.958890     2.186170     2.271500
     4.150239     0.317870     0.396980     0.592830     0.619870     1.904880     1.963300     1.969050     2.194600     2.276070
     4.160239     0.323930     0.403730     0.581700     0.609760     1.920100     1.967720     1.979010     2.203710     2.281270
     4.170239     0.330040     0.410650     0.570930     0.599750     1.934380     1.972130     1.987810     2.213570     2.287120
     4.180239     0.336160     0.417730     0.560540     0.589830     1.947650     1.976510     1.995410     2.224200     2.293640
     4.190239     0.342260     0.424970     0.550580     0.580010     1.959810     1.980840     2.001780     2.235620     2.300820
     4.200239     0.348280     0.432360     0.541110     0.570300     1.970800     1.985100     2.006930     2.247810     2.308620
     4.210239     0.354140     0.439910     0.532200     0.560710     1.980560     1.989260     2.010890     2.260700     2.316930
     4.220239     0.359760     0.447620     0.523940     0.551220     1.989050     1.993300     2.013730     2.274220     2.325610
     4.230239     0.365000     0.455470     0.516450     0.541860     1.996250     1.997170     2.015550     2.288290     2.334410
     4.240239     0.369720     0.463480     0.509910     0.532620     2.000840     2.002130     2.016440     2.302780     2.342960
     4.250239     0.373720     0.471630     0.504480     0.523500     2.004270     2.006700     2.016480     2.317610     2.350780
     4.260239     0.376800     0.479920     0.500380     0.514520     2.007400     2.009960     2.015790     2.332660     2.357220
     4.270239     0.378750     0.488360     0.497820     0.505660     2.010190     2.011910     2.014460     2.347830     2.361520
     4.280239     0.379420     0.496940     0.496940     0.496940     2.012560     2.012560     2.012560     2.363040     2.363040
     4.280239     0.379420     0.496940     0.496940     0.496940     2.012560     2.012560     2.012560     2.363040     2.363040
     4.297559     0.377730     0.488560     0.488560     0.516430     2.008710     2.008710     2.016780     2.331620     2.376310
     4.314880     0.373750     0.480720     0.480720     0.539160     2.001300     2.001300     2.020810     2.298530     2.385520
     4.332200     0.368660     0.473410     0.473410     0.563940     1.990260     1.990260     2.024630     2.264280     2.390970
     4.349521     0.363130     0.466660     0.466660     0.590100     1.975700     1.975700     2.028160     2.229320     2.393380
     4.366842     0.357510     0.460450     0.460450     0.617230     1.957900     1.957900     2.031280     2.194110     2.393480
     4.384162     0.352030     0.454790     0.454790     0.645090     1.937250     1.937250     2.033640     2.159240     2.391930
     4.401483     0.346810     0.449700     0.449700     0.673530     1.914200     1.914200     2.034390     2.125800     2.389370
     4.418803     0.341940     0.445160     0.445160     0.702430     1.889180     1.889180     2.030920     2.096560     2.386310
     4.436124     0.337450     0.441180     0.441180     0.731690     1.862570     1.862570     2.017320     2.077620     2.383070
     4.453444     0.333400     0.437770     0.437770     0.761240     1.834720     1.834720     1.991660     2.071040     2.379900
     4.470765     0.329790     0.434930     0.434930     0.790980     1.805910     1.805910     1.960160     2.070760     2.376920
     4.488085     0.326650     0.432650     0.432650     0.820840     1.776380     1.776380     1.926850     2.072890     2.374210
     4.505406     0.323990     0.430950     0.430950     0.850720     1.746330     1.746330     1.893210     2.076100     2.371840
     4.522726     0.321810     0.429820     0.429820     0.880510     1.715900     1.715900     1.859870     2.079920     2.369840
     4.540047     0.320120     0.429260     0.429260     0.910080     1.685240     1.685240     1.827190     2.084150     2.368230
     4.557367     0.318930     0.429270     0.429270     0.939270     1.654430     1.654430     1.795450     2.088720     2.367040
     4.574688     0.318230     0.429860     0.429860     0.967890     1.623580     1.623580     1.764920     2.093590     2.366260
     4.592008     0.318040     0.431020     0.431020     0.995690     1.592750     1.592750     1.735890     2.098740     2.365900
     4.609329     0.318330     0.432760     0.432760     1.022360     1.562000     1.562000     1.708700     2.104170     2.365980
     4.626649     0.319130     0.435070     0.435070     1.047510     1.531380     1.531380     1.683760     2.109890     2.366480
     4.643970     0.320420     0.437950     0.437950     1.070670     1.500930     1.500930     1.661570     2.115900     2.367420
     4.661290     0.322210     0.441410     0.441410     1.091260     1.470700     1.470700     1.642700     2.122220     2.368770
     4.678611     0.324480     0.445430     0.445430     1.108630     1.440700     1.440700     1.627790     2.128870     2.370540
     4.695931     0.327250     0.450030     0.450030     1.122130     1.410970     1.410970     1.617520     2.135850     2.372730
     4.713252     0.330490     0.455190     0.455190     1.131170     1.381530     1.381530     1.612460     2.143180     2.375310
     4.730572     0.334220     0.460910     0.460910     1.135400     1.352400     1.352400     1.612940     2.150880     2.378280
     4.747893     0.338410     0.467200     0.467200     1.134790     1.323600     1.323600     1.619010     2.158970     2.381630
     4.765213     0.343070     0.474040     0.474040     1.129620     1.295140     1.295140     1.630320     2.167470     2.385330
     4.782534     0.348180     0.481440     0.481440     1.120480     1.267040     1.267040     1.646300     2.176410     2.389380
     4.799854     0.353730     0.489380     0.489380     1.108060     1.239320     1.239320     1.666210     2.185810     2.393760
     4.817175     0.359720     0.497880     0.497880     1.093070     1.211980     1.211980     1.689310     2.195690     2.398430
     4.834495     0.366110     0.506910     0.506910     1.076150     1.185040     1.185040     1.714900     2.206090     2.403380
     4.851816     0.372890     0.516480     0.516480     1.057880     1.158510     1.158510     1.742380     2.217040     2.408580
     4.869136     0.380040     0.526580     0.526580     1.038690     1.132400     1.132400     1.771210     2.228580     2.413990
     4.886457     0.387530     0.537200     0.537200     1.018970     1.106730     1.106730     1.800950     2.240750     2.419570
     4.903777     0.395310     0.548330     0.548330     0.999020     1.081500     1.081500     1.831200     2.253590     2.425290
     4.921098     0.403360     0.559970     0.559970     0.979110     1.056730     1.056730     1.861610     2.267140     2.431100
     4.938418     0.411610     0.572090     0.572090     0.959440     1.032450     1.032450     1.891820     2.281440     2.436940
     4.955739     0.419990     0.584680     0.584680     0.940220     1.008650     1.008650     1.921510     2.296520     2.442760
     4.973059     0.428440     0.597730     0.597730     0.921640     0.985370     0.985370     1.950350     2.312380     2.448490
     4.990380     0.436840     0.611190     0.611190     0.903870     0.962650     0.962650     1.978010     2.328980     2.454060
     5.007700     0.445100     0.625040     0.625040     0.887090     0.940510     0.940510     2.004140     2.346200     2.459390
     5.025021     0.453070     0.639210     0.639210     0.871500     0.919030     0.919030     2.028410     2.363840     2.464400
     5.042341     0.460590     0.653610     0.653610     0.857290     0.898280     0.898280     2.050480     2.381530     2.469000
     5.059662     0.467480     0.668100     0.668100     0.844700     0.878430     0.878430     2.069980     2.398660     2.473090
     5.076982     0.473530     0.682410     0.682410     0.833950     0.859720     0.859720     2.086590     2.414300     2.476590
     5.094303     0.478540     0.696100     0.696100     0.825260     0.842620     0.842620     2.099960     2.427170     2.479420
     5.111623     0.482290     0.708260     0.708260     0.818870     0.828020     0.828020     2.109790     2.435940     2.481490
     5.128944     0.484620     0.717250     0.717250     0.814950     0.817570     0.817570     2.115800     2.440340     2.482760
     5.146264     0.485410     0.720690     0.720690     0.813630     0.813630     0.813630     2.117830     2.441550     2.483190
