bcc Sb -- Hedin-Lundqvist LDA                                                   
INPUT  IT=171 SPIN=1 NTYPE=  2
 -4.050000  4.050000  4.050000
  4.050000 -4.050000  4.050000
  4.050000  4.050000 -4.050000
    1  435  2.200000  0.030000    1
  0.000000  0.000000  0.000000
 0.1019976470593D+03 0.1019975744253D+03 0.1019974995510D+03 0.1019974223672D+03
 0.1019973428025D+03 0.1019972607839D+03 0.1019971762355D+03 0.1019970890794D+03
 0.1019969992354D+03 0.1019969066204D+03 0.1019968111491D+03 0.1019967127335D+03
 0.1019966112828D+03 0.1019965067036D+03 0.1019963988993D+03 0.1019962877705D+03
 0.1019961732149D+03 0.1019960551268D+03 0.1019959333974D+03 0.1019958079143D+03
 0.1019956785621D+03 0.1019955452214D+03 0.1019954077693D+03 0.1019952660791D+03
 0.1019951200202D+03 0.1019949694581D+03 0.1019948142539D+03 0.1019946542646D+03
 0.1019944893427D+03 0.1019943193363D+03 0.1019941440887D+03 0.1019939634384D+03
 0.1019937772189D+03 0.1019935852587D+03 0.1019933873808D+03 0.1019931834029D+03
 0.1019929731370D+03 0.1019927563895D+03 0.1019925329606D+03 0.1019923026444D+03
 0.1019920652288D+03 0.1019918204950D+03 0.1019915682175D+03 0.1019913081640D+03
 0.1019910400948D+03 0.1019907637629D+03 0.1019904789139D+03 0.1019901852853D+03
 0.1019898826066D+03 0.1019895705990D+03 0.1019892489750D+03 0.1019889174384D+03
 0.1019885756838D+03 0.1019882233964D+03 0.1019878602517D+03 0.1019874859152D+03
 0.1019871000420D+03 0.1019867022767D+03 0.1019862922530D+03 0.1019858695931D+03
 0.1019854339078D+03 0.1019849847957D+03 0.1019845218432D+03 0.1019840446239D+03
 0.1019835526981D+03 0.1019830456128D+03 0.1019825229010D+03 0.1019819840810D+03
 0.1019814286567D+03 0.1019808561165D+03 0.1019802659329D+03 0.1019796575623D+03
 0.1019790304444D+03 0.1019783840015D+03 0.1019777176382D+03 0.1019770307405D+03
 0.1019763226759D+03 0.1019755927920D+03 0.1019748404165D+03 0.1019740648562D+03
 0.1019732653968D+03 0.1019724413017D+03 0.1019715918117D+03 0.1019707161442D+03
 0.1019698134924D+03 0.1019688830248D+03 0.1019679238840D+03 0.1019669351863D+03
 0.1019659160206D+03 0.1019648654480D+03 0.1019637825002D+03 0.1019626661795D+03
 0.1019615154569D+03 0.1019603292722D+03 0.1019591065319D+03 0.1019578461093D+03
 0.1019565468424D+03 0.1019552075339D+03 0.1019538269491D+03 0.1019524038152D+03
 0.1019509368204D+03 0.1019494246122D+03 0.1019478657963D+03 0.1019462589354D+03
 0.1019446025478D+03 0.1019428951060D+03 0.1019411350353D+03 0.1019393207125D+03
 0.1019374504642D+03 0.1019355225650D+03 0.1019335352366D+03 0.1019314866455D+03
 0.1019293749016D+03 0.1019271980563D+03 0.1019249541007D+03 0.1019226409641D+03
 0.1019202565115D+03 0.1019177985418D+03 0.1019152647861D+03 0.1019126529051D+03
 0.1019099604873D+03 0.1019071850463D+03 0.1019043240191D+03 0.1019013747632D+03
 0.1018983345544D+03 0.1018952005841D+03 0.1018919699568D+03 0.1018886396874D+03
 0.1018852066982D+03 0.1018816678165D+03 0.1018780197710D+03 0.1018742591894D+03
 0.1018703825947D+03 0.1018663864024D+03 0.1018622669167D+03 0.1018580203274D+03
 0.1018536427065D+03 0.1018491300038D+03 0.1018444780440D+03 0.1018396825222D+03
 0.1018347390000D+03 0.1018296429016D+03 0.1018243895092D+03 0.1018189739590D+03
 0.1018133912362D+03 0.1018076361705D+03 0.1018017034315D+03 0.1017955875235D+03
 0.1017892827804D+03 0.1017827833604D+03 0.1017760832407D+03 0.1017691762118D+03
 0.1017620558717D+03 0.1017547156201D+03 0.1017471486520D+03 0.1017393479516D+03
 0.1017313062860D+03 0.1017230161979D+03 0.1017144699992D+03 0.1017056597640D+03
 0.1016965773206D+03 0.1016872142450D+03 0.1016775618521D+03 0.1016676111886D+03
 0.1016573530242D+03 0.1016467778435D+03 0.1016358758372D+03 0.1016246368932D+03
 0.1016130505876D+03 0.1016011061748D+03 0.1015887925783D+03 0.1015760983806D+03
 0.1015630118127D+03 0.1015495207442D+03 0.1015356126717D+03 0.1015212747085D+03
 0.1015064935726D+03 0.1014912555756D+03 0.1014755466103D+03 0.1014593521389D+03
 0.1014426571798D+03 0.1014254462955D+03 0.1014077035789D+03 0.1013894126400D+03
 0.1013705565922D+03 0.1013511180381D+03 0.1013310790553D+03 0.1013104211814D+03
 0.1012891253992D+03 0.1012671721215D+03 0.1012445411755D+03 0.1012212117866D+03
 0.1011971625626D+03 0.1011723714775D+03 0.1011468158540D+03 0.1011204723477D+03
 0.1010933169288D+03 0.1010653248656D+03 0.1010364707066D+03 0.1010067282628D+03
 0.1009760705895D+03 0.1009444699687D+03 0.1009118978906D+03 0.1008783250357D+03
 0.1008437212560D+03 0.1008080555571D+03 0.1007712960796D+03 0.1007334100813D+03
 0.1006943639186D+03 0.1006541230285D+03 0.1006126519113D+03 0.1005699141125D+03
 0.1005258722058D+03 0.1004804877761D+03 0.1004337214032D+03 0.1003855326455D+03
 0.1003358800249D+03 0.1002847210117D+03 0.1002320120105D+03 0.1001777083469D+03
 0.1001217642550D+03 0.1000641328657D+03 0.1000047661960D+03 0.9994361513961D+02
 0.9988062945863D+02 0.9981575777616D+02 0.9974894757059D+02 0.9968014517118D+02
 0.9960929575499D+02 0.9953634334548D+02 0.9946123081256D+02 0.9938389987441D+02
 0.9930429110087D+02 0.9922234391865D+02 0.9913799661818D+02 0.9905118636236D+02
 0.9896184919689D+02 0.9886992006249D+02 0.9877533280868D+02 0.9867802020928D+02
 0.9857791397938D+02 0.9847494479381D+02 0.9836904230685D+02 0.9826013517308D+02
 0.9814815106918D+02 0.9803301671642D+02 0.9791465790358D+02 0.9779299951005D+02
 0.9766796552873D+02 0.9753947908841D+02 0.9740746247518D+02 0.9727183715257D+02
 0.9713252377984D+02 0.9698944222804D+02 0.9684251159335D+02 0.9669165020717D+02
 0.9653677564255D+02 0.9637780471643D+02 0.9621465348728D+02 0.9604723724774D+02
 0.9587547051195D+02 0.9569926699720D+02 0.9551853960002D+02 0.9533320036630D+02
 0.9514316045609D+02 0.9494833010286D+02 0.9474861856838D+02 0.9454393409352D+02
 0.9433418384650D+02 0.9411927386980D+02 0.9389910902773D+02 0.9367359295666D+02
 0.9344262802098D+02 0.9320611527718D+02 0.9296395445045D+02 0.9271604392679D+02
 0.9246228076582D+02 0.9220256073815D+02 0.9193677839290D+02 0.9166482715936D+02
 0.9138659948863D+02 0.9110198703817D+02 0.9081088090435D+02 0.9051317190360D+02
 0.9020875090446D+02 0.8989750920712D+02 0.8957933896750D+02 0.8925413365582D+02
 0.8892178853918D+02 0.8858220116861D+02 0.8823527185122D+02 0.8788090407711D+02
 0.8751900487368D+02 0.8714948504918D+02 0.8677225929590D+02 0.8638724611639D+02
 0.8599436755416D+02 0.8559354870987D+02 0.8518471705476D+02 0.8476780155852D+02
 0.8434273169265D+02 0.8390943636057D+02 0.8346784288412D+02 0.8301787611761D+02
 0.8255945782783D+02 0.8209250642390D+02 0.8161693713628D+02 0.8113266267229D+02
 0.8063959437749D+02 0.8013764384165D+02 0.7962672489988D+02 0.7910675588772D+02
 0.7857766205217D+02 0.7803937793799D+02 0.7749184965006D+02 0.7693503681741D+02
 0.7636891420019D+02 0.7579347279916D+02 0.7520872047232D+02 0.7461468196111D+02
 0.7401139839865D+02 0.7339892624250D+02 0.7277733577023D+02 0.7214670911027D+02
 0.7150713801164D+02 0.7085872134370D+02 0.7020156259271D+02 0.6953576735444D+02
 0.6886144114604D+02 0.6817868752590D+02 0.6748760689075D+02 0.6678829589244D+02
 0.6608084786366D+02 0.6536535409574D+02 0.6464190632729D+02 0.6391060010555D+02
 0.6317153928039D+02 0.6242484100645D+02 0.6167064134297D+02 0.6090910046305D+02
 0.6014040739365D+02 0.5936478299029D+02 0.5858248112331D+02 0.5779378681768D+02
 0.5699901192812D+02 0.5619848774338D+02 0.5539255632550D+02 0.5458156097003D+02
 0.5376583871654D+02 0.5294571544761D+02 0.5212150643972D+02 0.5129352136830D+02
 0.5046207506027D+02 0.4962750078441D+02 0.4879016579346D+02 0.4795048522635D+02
 0.4710893370776D+02 0.4626605156499D+02 0.4542244612494D+02 0.4457878630928D+02
 0.4373579223424D+02 0.4289421907259D+02 0.4205483763607D+02 0.4121841150054D+02
 0.4038567340659D+02 0.3955730100070D+02 0.3873389462793D+02 0.3791595730250D+02
 0.3710387937186D+02 0.3629792792716D+02 0.3549824311819D+02 0.3470484120900D+02
 0.3391762594704D+02 0.3313640765610D+02 0.3236093064312D+02 0.3159090750746D+02
 0.3082605923145D+02 0.3006615805475D+02 0.2931106914685D+02 0.2856078561357D+02
 0.2781544930322D+02 0.2707535078731D+02 0.2634090073173D+02 0.2561257360586D+02
 0.2489082687208D+02 0.2417601484797D+02 0.2346831759544D+02 0.2276770901818D+02
 0.2207397360455D+02 0.2138677320285D+02 0.2070573866303D+02 0.2003057058933D+02
 0.1936111879371D+02 0.1869743869403D+02 0.1803981022182D+02 0.1738873485273D+02
 0.1674490484803D+02 0.1610916586825D+02 0.1548246492233D+02 0.1486580447608D+02
 0.1426019009915D+02 0.1366659166562D+02 0.1308590144320D+02 0.1251890951535D+02
 0.1196627663347D+02 0.1142852545885D+02 0.1090602847048D+02 0.1039901376526D+02
 0.9907565645914D+01 0.9431641926923D+01 0.8971082991449D+01 0.8525636797601D+01
 0.8094971810423D+01 0.7678704990702D+01 0.7276413809789D+01 0.6887662573351D+01
 0.6512010620116D+01 0.6149032744983D+01 0.5798317496502D+01 0.5459481976600D+01
 0.5132159114035D+01 0.4816006506265D+01 0.4510686018798D+01 0.4215872494944D+01
 0.3931233360993D+01 0.3656444304778D+01 0.3391173407554D+01 0.3135102581007D+01
 0.2887910631969D+01 0.2649293942782D+01 0.2418950605974D+01 0.2196616494922D+01
 0.1982079980989D+01 0.1775257418535D+01 0.1576230973427D+01
    2  435  1.200000  0.030000    3
  0.000000  0.500000  0.500000
  0.500000  0.500000  0.000000
  0.500000  0.000000  0.500000
 0.1999996212442D+01 0.1999996097091D+01 0.1999995978227D+01 0.1999995855744D+01
 0.1999995729530D+01 0.1999995599472D+01 0.1999995465453D+01 0.1999995327353D+01
 0.1999995185047D+01 0.1999995038407D+01 0.1999994887301D+01 0.1999994731593D+01
 0.1999994571143D+01 0.1999994405806D+01 0.1999994235434D+01 0.1999994059873D+01
 0.1999993878966D+01 0.1999993692549D+01 0.1999993500454D+01 0.1999993302510D+01
 0.1999993098536D+01 0.1999992888351D+01 0.1999992671765D+01 0.1999992448582D+01
 0.1999992218602D+01 0.1999991981618D+01 0.1999991737417D+01 0.1999991485778D+01
 0.1999991226476D+01 0.1999990959277D+01 0.1999990683940D+01 0.1999990400217D+01
 0.1999990107854D+01 0.1999989806586D+01 0.1999989496143D+01 0.1999989176246D+01
 0.1999988846606D+01 0.1999988506927D+01 0.1999988156903D+01 0.1999987796218D+01
 0.1999987424549D+01 0.1999987041561D+01 0.1999986646908D+01 0.1999986240236D+01
 0.1999985821179D+01 0.1999985389359D+01 0.1999984944387D+01 0.1999984485864D+01
 0.1999984013377D+01 0.1999983526499D+01 0.1999983024794D+01 0.1999982507808D+01
 0.1999981975078D+01 0.1999981426123D+01 0.1999980860449D+01 0.1999980277548D+01
 0.1999979676893D+01 0.1999979057946D+01 0.1999978420147D+01 0.1999977762925D+01
 0.1999977085686D+01 0.1999976387821D+01 0.1999975668703D+01 0.1999974927683D+01
 0.1999974164094D+01 0.1999973377250D+01 0.1999972566442D+01 0.1999971730940D+01
 0.1999970869993D+01 0.1999969982824D+01 0.1999969068635D+01 0.1999968126605D+01
 0.1999967155883D+01 0.1999966155598D+01 0.1999965124848D+01 0.1999964062705D+01
 0.1999962968213D+01 0.1999961840388D+01 0.1999960678213D+01 0.1999959480643D+01
 0.1999958246599D+01 0.1999956974971D+01 0.1999955664614D+01 0.1999954314348D+01
 0.1999952922958D+01 0.1999951489192D+01 0.1999950011757D+01 0.1999948489326D+01
 0.1999946920526D+01 0.1999945303946D+01 0.1999943638131D+01 0.1999941921580D+01
 0.1999940152749D+01 0.1999938330045D+01 0.1999936451827D+01 0.1999934516405D+01
 0.1999932522035D+01 0.1999930466923D+01 0.1999928349219D+01 0.1999926167015D+01
 0.1999923918347D+01 0.1999921601192D+01 0.1999919213461D+01 0.1999916753007D+01
 0.1999914217614D+01 0.1999911604999D+01 0.1999908912810D+01 0.1999906138624D+01
 0.1999903279942D+01 0.1999900334190D+01 0.1999897298718D+01 0.1999894170790D+01
 0.1999890947593D+01 0.1999887626222D+01 0.1999884203688D+01 0.1999880676910D+01
 0.1999877042711D+01 0.1999873297820D+01 0.1999869438864D+01 0.1999865462369D+01
 0.1999861364755D+01 0.1999857142331D+01 0.1999852791296D+01 0.1999848307732D+01
 0.1999843687601D+01 0.1999838926743D+01 0.1999834020871D+01 0.1999828965568D+01
 0.1999823756280D+01 0.1999818388316D+01 0.1999812856844D+01 0.1999807156880D+01
 0.1999801283293D+01 0.1999795230792D+01 0.1999788993926D+01 0.1999782567079D+01
 0.1999775944461D+01 0.1999769120110D+01 0.1999762087878D+01 0.1999754841430D+01
 0.1999747374242D+01 0.1999739679586D+01 0.1999731750532D+01 0.1999723579937D+01
 0.1999715160443D+01 0.1999706484464D+01 0.1999697544185D+01 0.1999688331552D+01
 0.1999678838267D+01 0.1999669055776D+01 0.1999658975267D+01 0.1999648587658D+01
 0.1999637883590D+01 0.1999626853419D+01 0.1999615487206D+01 0.1999603774710D+01
 0.1999591705378D+01 0.1999579268333D+01 0.1999566452369D+01 0.1999553245936D+01
 0.1999539637133D+01 0.1999525613696D+01 0.1999511162984D+01 0.1999496271975D+01
 0.1999480927247D+01 0.1999465114968D+01 0.1999448820884D+01 0.1999432030309D+01
 0.1999414728105D+01 0.1999396898675D+01 0.1999378525943D+01 0.1999359593344D+01
 0.1999340083808D+01 0.1999319979743D+01 0.1999299263020D+01 0.1999277914957D+01
 0.1999255916300D+01 0.1999233247208D+01 0.1999209887236D+01 0.1999185815311D+01
 0.1999161009720D+01 0.1999135448083D+01 0.1999109107339D+01 0.1999081963722D+01
 0.1999053992739D+01 0.1999025169149D+01 0.1998995466939D+01 0.1998964859303D+01
 0.1998933318613D+01 0.1998900816398D+01 0.1998867323316D+01 0.1998832809127D+01
 0.1998797242667D+01 0.1998760591820D+01 0.1998722823486D+01 0.1998683903552D+01
 0.1998643796862D+01 0.1998602467185D+01 0.1998559877179D+01 0.1998515988361D+01
 0.1998470761068D+01 0.1998424154423D+01 0.1998376126300D+01 0.1998326633277D+01
 0.1998275630607D+01 0.1998223072169D+01 0.1998168910429D+01 0.1998113096397D+01
 0.1998055579580D+01 0.1997996307936D+01 0.1997935227829D+01 0.1997872283976D+01
 0.1997807419398D+01 0.1997740575367D+01 0.1997671691353D+01 0.1997600704967D+01
 0.1997527551904D+01 0.1997452165882D+01 0.1997374478586D+01 0.1997294419598D+01
 0.1997211916335D+01 0.1997126893985D+01 0.1997039275432D+01 0.1996948981188D+01
 0.1996855929317D+01 0.1996760035364D+01 0.1996661212268D+01 0.1996559370290D+01
 0.1996454416923D+01 0.1996346256808D+01 0.1996234791647D+01 0.1996119920107D+01
 0.1996001537730D+01 0.1995879536829D+01 0.1995753806395D+01 0.1995624231987D+01
 0.1995490695627D+01 0.1995353075686D+01 0.1995211246776D+01 0.1995065079624D+01
 0.1994914440956D+01 0.1994759193368D+01 0.1994599195198D+01 0.1994434300389D+01
 0.1994264358354D+01 0.1994089213828D+01 0.1993908706727D+01 0.1993722671989D+01
 0.1993530939421D+01 0.1993333333533D+01 0.1993129673373D+01 0.1992919772351D+01
 0.1992703438061D+01 0.1992480472097D+01 0.1992250669859D+01 0.1992013820357D+01
 0.1991769706007D+01 0.1991518102420D+01 0.1991258778184D+01 0.1990991494640D+01
 0.1990716005646D+01 0.1990432057341D+01 0.1990139387893D+01 0.1989837727245D+01
 0.1989526796848D+01 0.1989206309385D+01 0.1988875968491D+01 0.1988535468459D+01
 0.1988184493932D+01 0.1987822719597D+01 0.1987449809857D+01 0.1987065418495D+01
 0.1986669188329D+01 0.1986260750853D+01 0.1985839725867D+01 0.1985405721093D+01
 0.1984958331777D+01 0.1984497140283D+01 0.1984021715663D+01 0.1983531613221D+01
 0.1983026374059D+01 0.1982505524606D+01 0.1981968576128D+01 0.1981415024233D+01
 0.1980844348342D+01 0.1980256011153D+01 0.1979649458081D+01 0.1979024116686D+01
 0.1978379396067D+01 0.1977714686248D+01 0.1977029357537D+01 0.1976322759862D+01
 0.1975594222083D+01 0.1974843051283D+01 0.1974068532030D+01 0.1973269925619D+01
 0.1972446469277D+01 0.1971597375351D+01 0.1970721830459D+01 0.1969818994618D+01
 0.1968888000332D+01 0.1967927951658D+01 0.1966937923231D+01 0.1965916959260D+01
 0.1964864072483D+01 0.1963778243090D+01 0.1962658417610D+01 0.1961503507748D+01
 0.1960312389194D+01 0.1959083900383D+01 0.1957816841214D+01 0.1956509971722D+01
 0.1955162010710D+01 0.1953771634326D+01 0.1952337474595D+01 0.1950858117887D+01
 0.1949332103401D+01 0.1947757921466D+01 0.1946134011904D+01 0.1944458762294D+01
 0.1942730506175D+01 0.1940947521193D+01 0.1939108027194D+01 0.1937210184249D+01
 0.1935252090616D+01 0.1933231780643D+01 0.1931147222596D+01 0.1928996316436D+01
 0.1926776891504D+01 0.1924486704169D+01 0.1922123435372D+01 0.1919684688134D+01
 0.1917167984962D+01 0.1914570765212D+01 0.1911890382356D+01 0.1909124101207D+01
 0.1906269095038D+01 0.1903322442672D+01 0.1900281125461D+01 0.1897142024247D+01
 0.1893901916203D+01 0.1890557471669D+01 0.1887105250869D+01 0.1883541700638D+01
 0.1879863151021D+01 0.1876065811912D+01 0.1872145769554D+01 0.1868098983109D+01
 0.1863921281083D+01 0.1859608357861D+01 0.1855155770090D+01 0.1850558933209D+01
 0.1845813117830D+01 0.1840913446320D+01 0.1835854889221D+01 0.1830632261941D+01
 0.1825240221274D+01 0.1819673262275D+01 0.1813925714952D+01 0.1807991741405D+01
 0.1801865332775D+01 0.1795540306758D+01 0.1789010304909D+01 0.1782268790645D+01
 0.1775309047030D+01 0.1768124175414D+01 0.1760707093820D+01 0.1753050536394D+01
 0.1745147052561D+01 0.1736989007460D+01 0.1728568582054D+01 0.1719877774783D+01
 0.1710908402803D+01 0.1701652105119D+01 0.1692100345199D+01 0.1682244415829D+01
 0.1672075443374D+01 0.1661584394674D+01 0.1650762083196D+01 0.1639599178351D+01
 0.1628086213825D+01 0.1616213599659D+01 0.1603971633133D+01 0.1591350514007D+01
 0.1578340358233D+01 0.1564931216874D+01 0.1551113093000D+01 0.1536875964674D+01
 0.1522209805436D+01 0.1507104611924D+01 0.1491550428192D+01 0.1475537378499D+01
 0.1459055695919D+01 0.1442095760776D+01 0.1424648133777D+01 0.1406703600821D+01
 0.1388253210949D+01 0.1369288327946D+01 0.1349800673528D+01 0.1329782386340D+01
 0.1309226070422D+01 0.1288124862532D+01 0.1266472485852D+01 0.1244263326253D+01
 0.1221492491678D+01 0.1198155897846D+01 0.1174250333419D+01 0.1149773556417D+01
 0.1124724364724D+01 0.1099102704756D+01 0.1072909747638D+01 0.1046148011076D+01
 0.1018821442056D+01 0.9909355539426D+00 0.9624975157046D+00 0.9335163076521D+00
 0.9040028181195D+00 0.8739700206992D+00 0.8434330804133D+00 0.8124095570287D+00
 0.7809195217592D+00 0.7489857937390D+00 0.7166340697136D+00 0.6838932007396D+00
 0.6507953404700D+00 0.6173762736825D+00 0.5836755899830D+00 0.5497370844433D+00
 0.5156089709250D+00 0.4813443814311D+00 0.4470016441270D+00 0.4126449203767D+00
 0.3783445757598D+00 0.3441780034897D+00 0.3102301200608D+00
  409
-0.5676883415357D+00-0.1467706342024D-33-0.4066821118391D+01-0.3422988632013D-18
-0.1800735281994D+01-0.5250753153943D-20-0.2634851818733D+01 0.6238400164674D-18
-0.1671060618302D+01 0.4736978077450D-20-0.1206188466942D+01-0.5735831860636D-18
-0.6393555464605D+00 0.1225957074870D-19-0.1342122642536D+01-0.1188350374174D-18
-0.2939900331106D+00-0.1657265029164D-19-0.3863620943507D+00 0.8075121482436D-18
-0.1847544726319D+00-0.2868152949254D-18-0.8016235684539D+00-0.1602918070454D-19
-0.2159860194132D+00-0.2543740577752D-18-0.5646079712470D+00 0.2211439903344D-19
-0.2494169383155D+00 0.7502294072607D-18-0.1226284940707D+00-0.3794296264232D-18
-0.1295327294385D+00-0.3764162340956D-18-0.1519075580268D+00 0.1083517781483D-19
-0.3124645742755D-01 0.1443980756217D-18-0.3023188496755D-01-0.4279626895979D-18
-0.2289890520305D+00 0.4968243800859D-19-0.5713428376851D-01-0.2483839796573D-19
-0.1497772351480D-01-0.5478192778149D-18-0.6556486216414D-02 0.5726406416128D-18
-0.1744978269438D+00-0.5735086198952D-19 0.1322683332171D-01 0.1777359147374D-18
-0.1349334958839D+00-0.2262019082175D-19 0.3033403834612D-01 0.7663013087276D-18
-0.3527925231967D-01 0.2540343170140D-19 0.3929420684391D-01-0.3798245312951D-19
 0.9771271667945D-02-0.1875392999631D-18 0.1961904786195D-01-0.1927210375523D-18
-0.8389575944778D-01 0.3084672709335D-20 0.2177197946206D-01 0.2477314182210D-18
 0.2161974274494D-01-0.2778467913757D-18 0.4309514277219D-01-0.2491384684962D-18
-0.1346756295350D+00 0.5229858930093D-19 0.2182768718466D-01-0.2400098563392D-18
 0.4201405806918D-01-0.3528561820366D-18 0.4136831699229D-01 0.3671716565754D-18
-0.1148749623170D-01-0.2433352825228D-19 0.1919468420315D-01-0.9500464828988D-19
 0.3822201574866D-01-0.2756104487954D-20 0.1869679857581D-01 0.3030928735062D-18
-0.3841724201196D-01 0.5649147412219D-19-0.3868598229107D-01-0.7009529113989D-19
 0.3457459673954D-01 0.2083866408724D-18-0.3302565362999D-01-0.4676919899517D-19
-0.1645511112083D-01 0.9100157502377D-20 0.3035028063081D-01-0.1083329968432D-18
 0.2958224027619D-01 0.4706060077804D-18 0.1506875336923D-01-0.2396219478116D-18
-0.2840778450208D-01 0.3301061652397D-19 0.2612285960627D-01-0.3815969815166D-18
-0.2525083527167D-01-0.2102658352690D-19 0.1082792634721D-01 0.1773223163564D-18
 0.1079867772978D-01-0.6711364747233D-19-0.4458861798096D-01-0.1101357950854D-19
 0.9257829734457D-02 0.2307507932511D-19 0.1842769422638D-01 0.1348986066587D-18
 0.1791165245889D-01-0.9495804655142D-19-0.1969054479927D-01 0.5361907762157D-19
 0.1522561154165D-01-0.1814654044968D-18 0.1491994248533D-01 0.2853491242903D-18
 0.7327192031410D-02-0.9794722780428D-19 0.1242355253268D-01 0.5299954192391D-19
 0.1196598727524D-01-0.1538818072346D-18-0.1603697658919D-01 0.2069019682024D-19
 0.9872306729129D-02 0.2013495550553D-18 0.9674307952323D-02-0.1575326867171D-19
 0.2486134382071D-02-0.8522661092108D-19-0.1447686819581D-01 0.5510432554161D-20
-0.3691002951381D-02-0.1670351147321D-19 0.3972316882708D-02-0.1413862798503D-18
 0.3714506310444D-02 0.1169272839107D-18-0.2613677780589D-01 0.2902297552263D-19
-0.1327184069301D-01-0.5282464219709D-19 0.6159407263891D-02-0.6594887353283D-19
 0.3075124488775D-02-0.1113070228336D-18-0.3920544072691D-02 0.1691631362769D-19
-0.1193581743571D-01-0.4052304172456D-19 0.4969603502826D-02-0.2719029378178D-19
 0.4854228433623D-02-0.1844221114148D-18 0.4710718069411D-02 0.2003526566037D-18
 0.1939389371852D-02 0.4946997027479D-19 0.1937171269035D-02-0.7891280687351D-19
 0.3844062983708D-02 0.1338022576880D-18-0.1909414445950D-01 0.5731754302442D-19
-0.9606342745287D-02-0.2466698521754D-19 0.1471770729656D-02 0.8218977987200D-19
 0.2982407529734D-02 0.3931626721525D-19-0.1718542096809D-01-0.3254837445438D-19
 0.2354269038611D-02-0.1011432504615D-18 0.2369407647541D-02 0.8572825209925D-19
 0.1114420109060D-02-0.9855268037656D-20 0.1862805472676D-02 0.3136859943230D-20
 0.1845875356135D-02 0.1399523123379D-18 0.1801548687153D-02-0.1380053666108D-19
-0.3403096278714D-02 0.3503578990189D-20 0.7434253682885D-03-0.8560058635772D-19
 0.7402124528798D-03-0.2520566409685D-19-0.6031368503357D-02-0.5217208150338D-21
-0.6031830171228D-02 0.1167529717026D-19 0.5911845371513D-03-0.2526697885243D-19
 0.1238296781228D-02 0.1078343609596D-18 0.1224233238410D-02-0.1448234240560D-18
 0.1244342806313D-02-0.4117478525215D-19-0.5345096239824D-02 0.2951323390823D-19
-0.5326308379354D-02-0.4528974878273D-20 0.1001756548471D-02 0.2979927659082D-19
 0.1063399687343D-02-0.5207677210830D-21-0.9354790917276D-02 0.1471873533071D-21
 0.8810809843873D-03-0.2947618599899D-19-0.4108010972984D-02 0.1865796300584D-19
-0.1009095252873D-02-0.7825535506080D-20 0.8020018081140D-03-0.8612740987963D-19
 0.8647183462002D-03-0.2059343841817D-19 0.8203612893923D-03 0.4693728043675D-19
 0.4285587140064D-03-0.3522143810528D-19 0.4717498042966D-03 0.2759885626918D-19
-0.3510030491298D-02-0.2581214952027D-19 0.3823624162855D-03 0.3125973565157D-19
 0.8088624406493D-03-0.5958952239355D-19 0.7782596694332D-03 0.7443607967549D-19
-0.6181238056897D-02 0.1591800424915D-19-0.3036427831800D-02-0.2097853030046D-19
 0.7265649036529D-03 0.2573321161805D-19 0.8404511256502D-03 0.5377157462109D-19
 0.7261334017514D-03 0.5288427187187D-19 0.7606913659572D-03 0.9816664834428D-20
-0.2238382053417D-02-0.1410406867556D-19 0.3352162271971D-03-0.2915848011252D-21
 0.7501233904044D-03-0.3494822691812D-19 0.4005145420908D-03 0.2400651857125D-19
 0.1820739457868D-03-0.2194053351748D-19-0.1962148787799D-02 0.1801474712265D-19
-0.3805642301022D-02-0.2148844412941D-19-0.1936571757336D-02 0.1591867303537D-20
 0.6922509376918D-03-0.3323166219251D-19 0.7493241302058D-03-0.2560866560393D-20
 0.3640151865184D-03-0.3725438186785D-19-0.3273419211416D-02 0.7164101484454D-20
 0.7068230587908D-03 0.2971558837692D-20 0.7864818068055D-03 0.4298432927214D-19
 0.3781208596308D-03-0.2852622972208D-19 0.4373439505858D-03 0.3524707740962D-20
-0.1380092686937D-02 0.1014722620737D-19 0.7224489566720D-03 0.2557334497110D-19
 0.7551519429836D-03-0.4839271770815D-19 0.8546768294447D-03 0.5869740347605D-20
-0.1118302780889D-02-0.4140290843942D-20 0.3655705783767D-03-0.2240297660870D-19
 0.7722866868650D-03 0.3440804231460D-19 0.4172350311329D-03-0.1953298368881D-20
-0.1875198969920D-02 0.1313102479024D-19-0.9170487777273D-03-0.4514838213364D-20
 0.7397015905507D-03-0.1244842845735D-19 0.7445571163536D-03 0.2708637892614D-19
 0.8131803913425D-03-0.3487050387025D-20-0.1489235660699D-02-0.5643868373773D-20
 0.7343943887826D-03-0.2887220201039D-19 0.7425367731064D-03 0.1089254513802D-19
 0.7902332200473D-03 0.3623145737339D-20 0.7199285371495D-03 0.1733875875898D-19
-0.1606105374817D-03 0.3410270572210D-20 0.6905374020517D-03-0.5864578665610D-20
 0.3536931638396D-03 0.1036123894383D-19 0.7053132640889D-03 0.4439273742427D-20
 0.7334424682687D-03-0.2143782694376D-20 0.7139523616963D-03 0.2378669724216D-19
 0.3678507970192D-03-0.6062152452540D-20-0.7224995982755D-03 0.4895806384393D-21
-0.8347257318524D-04-0.2115397924370D-20 0.3355223521036D-03 0.3639285236242D-20
 0.3360096943489D-03-0.8880539070981D-20 0.7017329997575D-03-0.1025114322545D-19
 0.3637526764016D-03 0.1804900220320D-20-0.5491616047511D-03 0.1231121194527D-19
-0.1344760239475D-03 0.4777475203809D-21-0.2503094353488D-03-0.6986391999872D-20
 0.6533241907201D-03 0.1700793864197D-19 0.3282992846051D-03-0.1339404176938D-19
-0.1938589073297D-03 0.1568583652974D-20-0.1808198063268D-03-0.5728711757673D-20
 0.6142583726449D-03-0.1105086331887D-19 0.6143986802305D-03 0.6234390149240D-20
 0.6200372322191D-03-0.2224943433195D-19 0.6276307739914D-03 0.2164162861312D-20
 0.6389525995534D-03 0.5922526704196D-20-0.1304543095758D-03-0.5188748358638D-21
 0.5780470831262D-03-0.1311788386056D-20 0.5830140508039D-03-0.6009418676400D-20
-0.1633747262641D-03 0.1120325775827D-21-0.7734580647076D-04-0.3797206770474D-20
 0.5402137842607D-03-0.4928337789540D-21 0.2723003595451D-03 0.3080345425206D-20
-0.4392164687741D-04 0.1486630734441D-20-0.4310588371233D-04 0.2252869209193D-20
-0.8210623636153D-04-0.5896374751588D-20 0.4930722185866D-03 0.8049876033380D-20
 0.4946196288134D-03-0.1223130680878D-19 0.2481389839001D-03-0.4782273565712D-20
 0.4486618226615D-03-0.7781149429495D-20 0.4496198110176D-03 0.5123641167085D-20
 0.4480749079172D-03 0.5791142175884D-20 0.1861516168980D-04 0.1734779302124D-20
 0.2042971883046D-03-0.1771053309681D-20 0.4021966240048D-03 0.7048709163400D-20
 0.1985529432681D-03 0.1531868087365D-20 0.2836972352013D-04 0.2759420475859D-20
 0.2308813279030D-04-0.1270847360908D-20 0.3616614727564D-03 0.6266663169753D-21
 0.3543064243176D-03-0.1974262467760D-20 0.3563653103458D-03 0.2627856054577D-20
 0.3513621771685D-03 0.4369100054069D-20 0.3467482667635D-03 0.2275438922715D-20
 0.3347258971603D-04-0.1115097388257D-20 0.3153099230898D-03-0.1899594862989D-20
 0.3085695648069D-03-0.3856406222401D-20 0.3098205535877D-03 0.4127564523498D-20
 0.3083581212808D-03 0.1044620509609D-20 0.1492348258999D-03 0.4770793739257D-21
 0.4450404945387D-04 0.1484244096702D-20 0.7855626775026D-04-0.1524089233242D-20
 0.2701397216487D-03-0.3566055003951D-20 0.2526551974080D-03 0.6385019654124D-21
 0.1133203948606D-03 0.8862389041400D-21 0.2212927099731D-03 0.1973839010223D-21
 0.5534079475605D-04-0.1133379026936D-20 0.2095763107895D-03 0.8212992105527D-21
 0.9299777119237D-04 0.1242505294674D-20 0.4381903070482D-04 0.5332299458120D-22
 0.1858408384910D-03 0.4063805454281D-21 0.8891948250403D-04 0.8740540710910D-21
 0.9078178768044D-04-0.1587140176243D-20 0.1770779845805D-03 0.2012735628430D-20
 0.8082329031499D-04-0.3295263847111D-21 0.8432995661986D-04 0.2204875476970D-21
 0.1474655163237D-03 0.9472514554968D-21 0.1321147991964D-03 0.1368829414369D-21
 0.7093854732749D-04-0.9254965819253D-21 0.6594996623782D-04-0.1355778271197D-21
 0.1116985529412D-03-0.5428363779980D-21 0.1057970874278D-03 0.7827152423430D-21
 0.1079577848553D-03-0.1051953386023D-20 0.9802169122726D-04-0.1658736672171D-21
 0.5392030962442D-05-0.5456118746975D-22 0.7968826035275D-04-0.5322496801939D-22
 0.4007656218834D-04-0.2102784333276D-21 0.2652743883550D-04-0.5582228920062D-22
 0.6166596991971D-04 0.2911460715746D-22 0.2767935605567D-04-0.1078612187501D-22
 0.1768388958932D-04-0.3382452880200D-22 0.2968819240211D-04 0.9610070269879D-23
 0.3986482836031D-04-0.2435361584853D-22 0.2928766919812D-04-0.1524723368815D-21
 0.4614435251996D-04 0.5608114017589D-22 0.1371704461936D-04 0.1142331184767D-21
 0.3309547335684D-04 0.3216155157057D-21 0.2566171459830D-04 0.5581924558660D-21
 0.1652233344158D-04 0.1121086608694D-21 0.2378455449074D-04-0.4232771931469D-21
 0.3866141491882D-05 0.3921261564481D-22 0.1936922391178D-04-0.1325591709388D-22
 0.1019404298912D-04 0.7903420273601D-22 0.2295126940365D-05-0.7200897222086D-21
-0.4501628059954D-05-0.1929300544523D-22 0.1723986061374D-05-0.3159540312056D-21
 0.1820577059451D-04-0.3622797411224D-21 0.6038943166620D-05 0.3218664964873D-21
-0.9369482748843D-05-0.4385044134988D-21-0.1440803576882D-04-0.7691004181700D-21
-0.1602410507706D-04-0.7377568004851D-22-0.1144271127817D-04 0.3467916928933D-21
 0.1993508082017D-04-0.2570825317787D-22 0.5263886255448D-05 0.7642749540601D-21
-0.1284265838279D-04 0.7001478054159D-21-0.3057158105581D-04-0.3154121422438D-21
-0.3731856932383D-04 0.8169957497108D-21-0.3356084679991D-04-0.1433609539147D-20
 0.1773376836396D-04-0.8946769942535D-21-0.3961034273186D-04 0.6876064045592D-21
-0.5677610475855D-04-0.5325273701309D-21-0.5021081272494D-04 0.1490984294952D-20
-0.5783252372928D-04 0.3883935825099D-21-0.5466439142686D-04-0.1634651682065D-20
-0.5425232670516D-05 0.4486126041860D-21-0.9733654363699D-08-0.2973753960550D-22
-0.5769825022841D-04-0.8130973267161D-21-0.6522073225942D-04 0.1025101738617D-20
-0.7155193798140D-04-0.8313779001246D-21-0.6600495083398D-04-0.2182957194098D-21
-0.3071432110481D-04 0.1308052322114D-20-0.4098370489162D-04-0.5972181900085D-21
-0.2067385593988D-05-0.1327046692254D-21-0.7463307935533D-05 0.4891628549179D-21
-0.3290890286769D-04-0.7018344589828D-21-0.6427850577400D-04-0.2957660410048D-22
-0.6610378763926D-04 0.2622980850514D-20-0.8492269723005D-04-0.1132962080017D-20
-0.8118634831992D-05-0.5196137898153D-21-0.1771657250928D-04 0.9289146748896D-21
-0.4971477289752D-05 0.7408050460664D-22-0.7370364809735D-04-0.2234190566599D-23
-0.4310901205315D-04-0.4493351232539D-21-0.8831676332461D-06-0.3450042868185D-21
-0.1232157023714D-04 0.1507726664949D-22-0.6623711220866D-04 0.6636017470595D-21
-0.7174970640669D-04-0.1578459610000D-20-0.8663525304281D-04-0.8099593960401D-21
-0.6058843051732D-05-0.3466655908321D-21-0.3414269147098D-04-0.1348940817956D-21
-0.3407480925374D-04 0.7513256139083D-21-0.7126912271010D-04 0.2436097707385D-20
-0.3994452044656D-04-0.6302438558271D-21-0.7995216753568D-04-0.1499014412765D-20
-0.3774212498676D-04 0.9790011431227D-21-0.8597833160049D-04-0.8608378918075D-21
-0.1177106474997D-04-0.1731795699063D-20-0.2251155243833D-04 0.7091665718678D-21
-0.7472659058732D-04 0.1000175143575D-20-0.7506842563449D-04 0.1883556214122D-20
-0.1647679688796D-04-0.3594244225513D-21-0.6891636186228D-04 0.1275512773254D-20
-0.6836948325247D-04-0.3458892184779D-21-0.7362470132973D-04 0.3844690008989D-21
-0.7710220640598D-04-0.1511041257223D-20-0.7019359560372D-04-0.1121677070296D-20
-0.8172343990247D-04-0.5381294407370D-21-0.4082556284432D-04-0.1134172890502D-21
-0.6782501384111D-04 0.4382685138109D-21-0.6973669262391D-04-0.1906658002823D-20
-0.7845839069581D-04-0.1632461322306D-21-0.1147153488502D-04 0.3537693820814D-21
-0.6922348029575D-04 0.1603974699011D-20-0.6708651503968D-04-0.8358818521564D-21
-0.9449986760735D-05-0.4716569141402D-21-0.8971878280007D-05-0.5682785533444D-21
-0.2277814302353D-04 0.5916340806547D-21-0.3543079734348D-05 0.1472840316358D-21
-0.6525058248355D-04-0.1060426680717D-20-0.6464383430010D-04 0.1808530259046D-20
-0.6592019641386D-04-0.1573961867461D-20-0.6697314254239D-04-0.3033157278269D-21
-0.7108542318501D-04-0.4132984573743D-21-0.3669915654975D-04 0.7500561245998D-21
-0.1139198967187D-04 0.1541546934751D-21-0.1315838303267D-04 0.5640077874697D-21
-0.6574568902799D-04-0.1365902483851D-20-0.6746348006262D-04-0.4732178095992D-23
-0.2094532275864D-04-0.7425462504248D-21-0.1248244810408D-04 0.5343020043780D-21
-0.6175192087956D-04-0.1031775369698D-21-0.6366474020818D-04-0.1781959972163D-21
-0.6426719288423D-04 0.8756045946887D-21-0.2230140477002D-04 0.2859382843926D-21
-0.5941994146458D-04 0.6494364424714D-21-0.5917658489091D-04-0.3647023221823D-21
-0.5953585050642D-04-0.1615158192773D-20-0.1475417975485D-04 0.5699982934372D-21
-0.2988561291247D-04 0.2271152998353D-21-0.1093394062839D-04-0.1322980685794D-22
-0.1116717011030D-04 0.4743905218087D-21-0.2890625170686D-04 0.3656396129094D-21
-0.5733127841690D-04 0.1089424223097D-20-0.5717354083765D-04-0.9772461737046D-21
-0.2830496302765D-04 0.1031500369192D-20-0.5667331648739D-04 0.4365416041512D-21
-0.2807677469553D-04 0.2148314933286D-21-0.1210017928836D-04-0.7453175191119D-21
-0.2263285165762D-04-0.1206679132263D-21-0.2141781387211D-04 0.8653405393155D-21
-0.5593451280948D-04 0.1039049331391D-21-0.5410029913640D-04-0.1350026100272D-20
-0.2698967600120D-04 0.8561641894197D-21-0.5392219230915D-04 0.5648611818585D-21
-0.5240312775238D-04 0.1382296798136D-21-0.5098418697808D-04 0.1227290849855D-21
-0.5192217506261D-04 0.1534416503124D-20-0.4882102320773D-04 0.3984424742393D-22
-0.1280075761452D-04-0.5554263033788D-21-0.5143542930199D-04 0.9316225221098D-21
-0.2507206425393D-04-0.4651660708514D-21-0.2509065240501D-04 0.7413936829713D-21
-0.4858572125427D-04 0.3793367143683D-21-0.4805825253025D-04-0.8952867339301D-22
-0.2434647131767D-04-0.3617626461194D-22-0.2454531441462D-04-0.3099468905055D-21
-0.9860005984799D-05 0.3213715357029D-21-0.1166850058607D-04 0.1269347537531D-21
-0.2435669582950D-04-0.1973719314112D-21-0.4289589084408D-04-0.1434535145051D-21
-0.2555438426950D-04-0.7456177611090D-21-0.2335577045746D-04 0.1743876742591D-21
-0.9706677122956D-05 0.3032628883896D-21-0.4636288324314D-04 0.1016503649823D-22
-0.4486885779125D-04-0.8756353110691D-21-0.4525118826994D-04 0.1072006315635D-20
-0.4350648658581D-04 0.1573572571139D-22-0.1740304511287D-04-0.4256801215876D-21
-0.1943114728648D-04 0.5290578190852D-21-0.4380152997520D-04-0.3694382746182D-21
-0.4178652165015D-04-0.7349732024578D-21-0.3230295231948D-04-0.7044074884840D-21
-0.4057290132352D-04 0.4976084590338D-21-0.3909760639681D-04-0.2544241283784D-21
-0.1870822023811D-04 0.2794577135810D-21-0.1516726104492D-04-0.2780371770554D-21
-0.2265628207049D-04 0.4817266793835D-23
    1
    1    1  120    3
 0.8271947613668D-04 0.9090470274668D-04 0.9959885180920D-04 0.1089104581379D-03
 0.1188064905169D-03 0.1292801476663D-03 0.1403112607099D-03 0.1518703954111D-03
 0.1639130429017D-03 0.1763815631891D-03 0.1892035688943D-03 0.2022896743900D-03
 0.2155348786851D-03 0.2288163122085D-03 0.2419960114814D-03 0.2549197676640D-03
 0.2674222586166D-03 0.2793280151669D-03 0.2904600831142D-03 0.3006443092007D-03
 0.3097227893803D-03 0.3175622612019D-03 0.3240726805625D-03 0.3292188707283D-03
 0.3330417865723D-03 0.3356685602834D-03 0.3373288724449D-03 0.3383527633297D-03
 0.3391692627626D-03 0.3402786029952D-03 0.3422224759399D-03 0.3455268509790D-03
 0.3506507661216D-03 0.3579199494316D-03 0.3674854574363D-03 0.3792859714981D-03
 0.3930504046808D-03 0.4083114335533D-03 0.4244555552189D-03 0.4407729929786D-03
 0.4565265898432D-03 0.4710042648775D-03 0.4835754534880D-03 0.4937233580608D-03
 0.5010763487798D-03 0.5054167483703D-03 0.5066902424994D-03 0.5049979755333D-03
 0.5005915252517D-03 0.4938554725001D-03 0.4852934703477D-03 0.4755051821411D-03
 0.4651660613229D-03 0.4549998435288D-03 0.4457525711724D-03 0.4381607210402D-03
 0.4329193470599D-03 0.4306463302058D-03 0.4318453494665D-03 0.4368692696345D-03
 0.4458829226388D-03 0.4588354281328D-03 0.4754387040768D-03 0.4951741123099D-03
 0.5173217365723D-03 0.5410462592238D-03 0.5655207352847D-03 0.5901178679520D-03
 0.6146040423305D-03 0.6393326744311D-03 0.6653209428131D-03 0.6942146907947D-03
 0.7280740793348D-03 0.7691027500837D-03 0.8193370985725D-03 0.8804614022499D-03
 0.9537062756549D-03 0.1039907208509D-02 0.1139593454430D-02 0.1253154278928D-02
 0.1380950241797D-02 0.1523448841174D-02 0.1681274856894D-02 0.1855277092359D-02
 0.2046511641647D-02 0.2256245162487D-02 0.2485880556628D-02 0.2736903269923D-02
 0.3010752617474D-02 0.3308707746206D-02 0.3631697128122D-02 0.3980117133902D-02
 0.4353565552341D-02 0.4750581131403D-02 0.5168288606637D-02 0.5602050912209D-02
 0.6045020713381D-02 0.6487711328086D-02 0.6917473461991D-02 0.7318018493335D-02
 0.7668880514788D-02 0.7944969749470D-02 0.8116127211787D-02 0.8146804916396D-02
 0.7995822705558D-02 0.7616216429508D-02 0.6955155879717D-02 0.5953758814995D-02
 0.4546828150234D-02 0.2662086957450D-02 0.2191530154900D-03-0.2872499689658D-02
-0.6715908536648D-02-0.1143057708991D-01-0.1715663711126D-01-0.2406087622147D-01
-0.3234171116393D-01-0.4223466217175D-01-0.5401370699753D-01-0.6799201692898D-01
 0.9138912429950D-09 0.1079731825383D-08 0.1272121368205D-08 0.1496678722359D-08
 0.1757795734706D-08 0.2061158045808D-08 0.2412820921606D-08 0.2819801126266D-08
 0.3289675100546D-08 0.3830932800458D-08 0.4452891081237D-08 0.5165632654931D-08
 0.5980158113003D-08 0.6908158009030D-08 0.7962180585256D-08 0.9155295843254D-08
 0.1050106390376D-07 0.1201343274007D-07 0.1370633007721D-07 0.1559366423970D-07
 0.1768879813429D-07 0.2000468768721D-07 0.2255341494647D-07 0.2534664854224D-07
 0.2839570776937D-07 0.3171269678591D-07 0.3531169516080D-07 0.3921142030440D-07
 0.4343794436317D-07 0.4802928459786D-07 0.5303963689542D-07 0.5854497654796D-07
 0.6464649870252D-07 0.7147424382488D-07 0.7918589339066D-07 0.8796461707310D-07
 0.9801062879746D-07 0.1095327894632D-06 0.1227348812996D-06 0.1378048520872D-06
 0.1549001214289D-06 0.1741384708815D-06 0.1955848750626D-06 0.2192444584158D-06
 0.2450495680667D-06 0.2728528255020D-06 0.3024117158028D-06 0.3333796714596D-06
 0.3652862010163D-06 0.3975250896769D-06 0.4293301600431D-06 0.4597615637580D-06
 0.4876793468693D-06 0.5117327061865D-06 0.5303375367902D-06 0.5416798921430D-06
 0.5437134941154D-06 0.5342010953148D-06 0.5107656106012D-06 0.4710173134788D-06
 0.4127193801672D-06 0.3340778733925D-06 0.2341035506701D-06 0.1131320242663D-06
-0.2660767914473D-07-0.1803541586107D-06-0.3403607870176D-06-0.4957337809856D-06
-0.6329361673655D-06-0.7369701867476D-06-0.7932994375334D-06-0.7899136426302D-06
-0.7190816698056D-06-0.5780198960642D-06-0.3684742234445D-06-0.9528208543908D-07
 0.2353300258516D-06 0.6173806522717D-06 0.1046151098435D-05 0.1518686442657D-05
 0.2033605393296D-05 0.2590527136122D-05 0.3188955104347D-05 0.3826852858319D-05
 0.4498628401248D-05 0.5192649317328D-05 0.5887863730295D-05 0.6549536398095D-05
 0.7123494412161D-05 0.7528732008447D-05 0.7647434814681D-05 0.7312033521534D-05
 0.6287775774076D-05 0.4250081839801D-05 0.7544555567861D-06-0.4802187424155D-05
-0.1323147165793D-04-0.2561598951926D-04-0.4338664405084D-04-0.6841532770713D-04
-0.1031243191141D-03-0.1506119503080D-03-0.2147959148009D-03-0.3005769202127D-03
-0.4140272906598D-03-0.5626182087300D-03-0.7554945126813D-03-0.1003822742868D-02
-0.1321210628045D-02-0.1724227462148D-02-0.2232997978817D-02-0.2871933111011D-02
-0.3670587813439D-02-0.4664838092311D-02-0.5898410906688D-02-0.7425032022506D-02
-0.9311008152478D-02-0.1163829628863D-01-0.1450752254070D-01-0.1804122994205D-01
 0.6274629125056D-10 0.7545287693997D-10 0.9055440020759D-10 0.1085528508128D-09
 0.1299396946185D-09 0.1554873841519D-09 0.1859029918017D-09 0.2222919408918D-09
 0.2657761683602D-09 0.3178406543879D-09 0.3802696122784D-09 0.4551484471911D-09
 0.5450718086919D-09 0.6530585907048D-09 0.7828293637710D-09 0.9386699825662D-09
 0.1125636333206D-08 0.1349650817135D-08 0.1617392889709D-08 0.1936404670621D-08
 0.2314752621830D-08 0.2760959416121D-08 0.3283243242957D-08 0.3888968753707D-08
 0.4583446378802D-08 0.5368588101813D-08 0.6241265200916D-08 0.7191712629775D-08
 0.8202056487325D-08 0.9245534857718D-08 0.1028686240546D-07 0.1128404433955D-07
 0.1219149861366D-07 0.1296468983920D-07 0.1356484325504D-07 0.1396348036679D-07
 0.1414515273550D-07 0.1410855336158D-07 0.1386528448129D-07 0.1343740704385D-07
 0.1285373003189D-07 0.1214644344605D-07 0.1134787083043D-07 0.1048830979278D-07
 0.9594434922312D-08 0.8688778928787D-08 0.7789418470773D-08 0.6910431079633D-08
 0.6062116225929D-08 0.5251629770098D-08 0.4483241553386D-08 0.3758663952036D-08
 0.3077099696198D-08 0.2435038050540D-08 0.1825826838925D-08 0.1238855789492D-08
 0.6584302276669D-09 0.6218150329697D-10-0.5809683327048D-09-0.1313175925464D-08
-0.2190334939961D-08-0.3284510429913D-08-0.4685520674302D-08-0.6500473680703D-08
-0.8849809975989D-08-0.1185833928244D-07-0.1564126086362D-07-0.2028706480604D-07
-0.2584418425882D-07-0.3232055139514D-07-0.3970571011242D-07-0.4801636804149D-07
-0.5735651054643D-07-0.6797411619390D-07-0.8030036565886D-07-0.9496932992354D-07
-0.1128282075965D-06-0.1349552476418D-06-0.1626995459504D-06-0.1977558787990D-06
-0.2422829635750D-06-0.2990790750370D-06-0.3718312894860D-06-0.4654655085446D-06
-0.5866333463400D-06-0.7443853278447D-06-0.9510975133335D-06-0.1223733496271D-05
-0.1585555853382D-05-0.2068417118177D-05-0.2715817895951D-05-0.3586940386007D-05
-0.4761973291328D-05-0.6349086183043D-05-0.8493618696431D-05-0.1139016826344D-04
-0.1529862581550D-04-0.2056548950209D-04-0.2765233222935D-04-0.3717373920810D-04
-0.4994758314233D-04-0.6706086969321D-04-0.8995451221683D-04-0.1205306588370D-03
-0.1612857510880D-03-0.2154746872312D-03-0.2873124427781D-03-0.3822288682325D-03
-0.5071968844450D-03-0.6711738755392D-03-0.8856960741333D-03-0.1165688138858D-02
-0.1530528896623D-02-0.2005442541429D-02-0.2623254923590D-02-0.3426636758658D-02
-0.4470959394765D-02-0.5828053785142D-02-0.7591158747955D-02-0.9881514485581D-02
    2    2  120    8
 0.1311128134884D-03 0.1392256434474D-03 0.1478419407740D-03 0.1569927866240D-03
 0.1667116189799D-03 0.1770336379293D-03 0.1879965675581D-03 0.1996401452804D-03
 0.2120069701882D-03 0.2251419286064D-03 0.2390931202123D-03 0.2539112439082D-03
 0.2696506438593D-03 0.2863685828212D-03 0.3041264604618D-03 0.3229889935360D-03
 0.3430255523606D-03 0.3643092786991D-03 0.3869185989052D-03 0.4109361808703D-03
 0.4364506959048D-03 0.4635556430525D-03 0.4923512833601D-03 0.5229433756495D-03
 0.5554453672689D-03 0.5899769011316D-03 0.6266663664961D-03 0.6656492178107D-03
 0.7070707780529D-03 0.7510844325819D-03 0.7978548060214D-03 0.8475556322431D-03
 0.9003734538198D-03 0.9565052265054D-03 0.1016162390353D-02 0.1079568299576D-02
 0.1146962840065D-02 0.1218599402722D-02 0.1294750262369D-02 0.1375703179224D-02
 0.1461767328313D-02 0.1553269659950D-02 0.1650561632489D-02 0.1754014934404D-02
 0.1864029330530D-02 0.1981027868772D-02 0.2105465548068D-02 0.2237824198527D-02
 0.2378622338312D-02 0.2528409168436D-02 0.2687776070828D-02 0.2857349896984D-02
 0.3037805667253D-02 0.3229859529904D-02 0.3434283125975D-02 0.3651895344340D-02
 0.3883579215097D-02 0.4130272613410D-02 0.4392987019308D-02 0.4672797817085D-02
 0.4970865570818D-02 0.5288424750904D-02 0.5626808600489D-02 0.5987436699822D-02
 0.6371842605020D-02 0.6781660851031D-02 0.7218658576524D-02 0.7684720400173D-02
 0.8181885446861D-02 0.8712330700906D-02 0.9278412321496D-02 0.9882648652614D-02
 0.1052776732335D-01 0.1121668550446D-01 0.1195256547452D-01 0.1273879284975D-01
 0.1357903853694D-01 0.1447723722371D-01 0.1543765817876D-01 0.1646487987327D-01
 0.1756387371176D-01 0.1873997657337D-01 0.1999898398190D-01 0.2134712371892D-01
 0.2279116237559D-01 0.2433837433809D-01 0.2599666757273D-01 0.2777454993148D-01
 0.2968127209045D-01 0.3172679054525D-01 0.3392193780182D-01 0.3627837700094D-01
 0.3880879875531D-01 0.4152687767193D-01 0.4444749438861D-01 0.4758668970303D-01
 0.5096192630576D-01 0.5459203684005D-01 0.5849752447920D-01 0.6270051686028D-01
 0.6722510541238D-01 0.7209729890278D-01 0.7734541965686D-01 0.8300004816812D-01
 0.8909447370375D-01 0.9566464319778D-01 0.1027496603751D+00 0.1103917258395D+00
 0.1186367089714D+00 0.1275340636483D+00 0.1371374727125D+00 0.1475047655336D+00
 0.1586986380370D+00 0.1707865728950D+00 0.1838416873740D+00 0.1979426559908D+00
 0.2131746945822D+00 0.2296295103490D+00 0.2474063972622D+00 0.2666121493924D+00
-0.8479721265236D-08-0.9558232466590D-08-0.1077421774971D-07-0.1214520579866D-07
-0.1369099356545D-07-0.1543388678924D-07-0.1739905918614D-07-0.1961488197419D-07
-0.2211337824010D-07-0.2493063950666D-07-0.2810739808721D-07-0.3168956694941D-07
-0.3572896709782D-07-0.4028400962631D-07-0.4542062459715D-07-0.5121313154279D-07
-0.5774541720517D-07-0.6511205080444D-07-0.7341977933590D-07-0.8278894631339D-07
-0.9335540254594D-07-0.1052723134283D-06-0.1187125856109D-06-0.1338711708208D-06
-0.1509681797243D-06-0.1702517846151D-06-0.1920022064899D-06-0.2165354240006D-06
-0.2442082417046D-06-0.2754230224558D-06-0.3106341577240D-06-0.3503541167253D-06
-0.3951616478198D-06-0.4457095582949D-06-0.5027351988277D-06-0.5670703007168D-06
-0.6396544114096D-06-0.7215475079037D-06-0.8139470991054D-06-0.9182043143502D-06
-0.1035845872977D-05-0.1168594505751D-05-0.1318397084643D-05-0.1487450888918D-05
-0.1678239370426D-05-0.1893565816095D-05-0.2136599195688D-05-0.2410917294094D-05
-0.2720565164221D-05-0.3070110582911D-05-0.3464719171228D-05-0.3910224975818D-05
-0.4413226795689D-05-0.4981179339343D-05-0.5622516153950D-05-0.6346766589298D-05
-0.7164714278178D-05-0.8088546364963D-05-0.9132057289006D-05-0.1031084134480D-04
-0.1164255364247D-04-0.1314715738181D-04-0.1484725964741D-04-0.1676843070339D-04
-0.1893963318874D-04-0.2139363445733D-04-0.2416756033856D-04-0.2730342275049D-04
-0.3084883201457D-04-0.3485768047701D-04-0.3939105642280D-04-0.4451812139962D-04
-0.5031729388404D-04-0.5687737401391D-04-0.6429906564352D-04-0.7269643467127D-04
-0.8219886235852D-04-0.9295292414441D-04-0.1051249094538D-03-0.1189032538369D-03
-0.1345017725041D-03-0.1521628085524D-03-0.1721614309415D-03-0.1948094783880D-03
-0.2204609880585D-03-0.2495174878943D-03-0.2824350109380D-03-0.3197309653180D-03
-0.3619933211773D-03-0.4098895563778D-03-0.4641786421615D-03-0.5257228560683D-03
-0.5955034731187D-03-0.6746362689907D-03-0.7643922230168D-03-0.8662180641109D-03
-0.9817633327988D-03-0.1112907615333D-02-0.1261796296463D-02-0.1430876076431D-02
-0.1622941862768D-02-0.1841183611953D-02-0.2089247035021D-02-0.2371294456605D-02
-0.2692084041133D-02-0.3057048274198D-02-0.3472396508009D-02-0.3945217869265D-02
-0.4483614885968D-02-0.5096838885028D-02-0.5795468560423D-02-0.6591592776959D-02
-0.7499051131555D-02-0.8533686314215D-02-0.9713673980654D-02-0.1105986695009D-01
-0.1259624252721D-01-0.1435036775694D-01-0.1635398697685D-01-0.1864362885139D-01
 0.1842295575121D-07 0.2076710486042D-07 0.2341001203454D-07 0.2638976758714D-07
 0.2974936440641D-07 0.3353725615162D-07 0.3780811456844D-07 0.4262356090542D-07
 0.4805312702332D-07 0.5417519068242D-07 0.6107818561180D-07 0.6886180203518D-07
 0.7763853476740D-07 0.8753519199052D-07 0.9869487402870D-07 0.1112789046729D-06
 0.1254693389063D-06 0.1414714223586D-06 0.1595167975847D-06 0.1798666192984D-06
 0.2028156436838D-06 0.2286962168653D-06 0.2578834580980D-06 0.2908003455620D-06
 0.3279243610912D-06 0.3697939119107D-06 0.4170168303877D-06 0.4702785998373D-06
 0.5303531420850D-06 0.5981133130935D-06 0.6745446924280D-06 0.7607590001028D-06
 0.8580115939356D-06 0.9677186947705D-06 0.1091479779601D-05 0.1231099409804D-05
 0.1388615909062D-05 0.1566329384248D-05 0.1766838245780D-05 0.1993074977698D-05
 0.2248353104580D-05 0.2536412649579D-05 0.2861480284353D-05 0.3228327882136D-05
 0.3642349077893D-05 0.4109634351484D-05 0.4637069314070D-05 0.5232431007241D-05
 0.5904513358641D-05 0.6663251157600D-05 0.7519881425306D-05 0.8487101448587D-05
 0.9579276072559D-05 0.1081264188397D-04 0.1220557204536D-04 0.1377883865337D-04
 0.1555595443960D-04 0.1756350795814D-04 0.1983160323438D-04 0.2239429252035D-04
 0.2529013938495D-04 0.2856277466423D-04 0.3226162110983D-04 0.3644261019504D-04
 0.4116910811751D-04 0.4651283994263D-04 0.5255508226291D-04 0.5938784298759D-04
 0.6711539173677D-04 0.7585578200836D-04 0.8574280655985D-04 0.9692794169581D-04
 0.1095828655148D-03 0.1239019331911D-03 0.1401053932978D-03 0.1584425677492D-03
 0.1791959447457D-03 0.2026852306059D-03 0.2292725792943D-03 0.2593677721317D-03
 0.2934348518535D-03 0.3319987427265D-03 0.3756537603287D-03 0.4250720019886D-03
 0.4810142322222D-03 0.5443407257821D-03 0.6160251903069D-03 0.6971687128003D-03
 0.7890178731980D-03 0.8929827927633D-03 0.1010660696167D-02 0.1143859727138D-02
 0.1294629813131D-02 0.1465294027841D-02 0.1658489499174D-02 0.1877209181396D-02
 0.2124855603715D-02 0.2405296495620D-02 0.2722935920335D-02 0.3082786764310D-02
 0.3490563572326D-02 0.3952777002744D-02 0.4476852043882D-02 0.5071247682375D-02
 0.5745606625077D-02 0.6510903503038D-02 0.7379631033237D-02 0.8365985420172D-02
 0.9486099077956D-02 0.1075827558368D-01 0.1220329359970D-01 0.1384472085214D-01
 0.1570932558700D-01 0.1782751872976D-01 0.2023393151870D-01 0.2296803377568D-01
 0.2607492766990D-01 0.2960618002064D-01 0.3362083625977D-01 0.3818644417499D-01
 0.1713074299540D-11 0.2052186911939D-11 0.2457245143718D-11 0.2943680872466D-11
 0.3525208270568D-11 0.4221998843566D-11 0.5056465153766D-11 0.6056747078239D-11
 0.7254256935667D-11 0.8688503181576D-11 0.1040699473526D-10 0.1246556885235D-10
 0.1493127035083D-10 0.1788458403073D-10 0.2142182326502D-10 0.2565926001885D-10
 0.3073514760151D-10 0.3681345535936D-10 0.4409580787836D-10 0.5281704560879D-10
 0.6326278615996D-10 0.7577310682022D-10 0.9075710528680D-10 0.1087024833358D-09
 0.1301940784028D-09 0.1559302085352D-09 0.1867493817312D-09 0.2236534317541D-09
 0.2678409525203D-09 0.3207473160229D-09 0.3840874151275D-09 0.4599125769010D-09
 0.5506799935225D-09 0.6593220515000D-09 0.7893469567712D-09 0.9449472932755D-09
 0.1131132134607D-08 0.1353887398111D-08 0.1620358368122D-08 0.1939079698974D-08
 0.2320235067081D-08 0.2775978858935D-08 0.3320805028906D-08 0.3971997853239D-08
 0.4750154367995D-08 0.5679813922274D-08 0.6790195122456D-08 0.8116071317532D-08
 0.9698805817694D-08 0.1158757129008D-07 0.1384078320873D-07 0.1652779896408D-07
 0.1973089975697D-07 0.2354763244265D-07 0.2809354091750D-07 0.3350536855715D-07
 0.3994479640931D-07 0.4760281017360D-07 0.5670475928535D-07 0.6751625554497D-07
 0.8034998409626D-07 0.9557360407608D-07 0.1136188070086D-06 0.1349918009643D-06
 0.1602852596201D-06 0.1901920717488D-06 0.2255209275257D-06 0.2672141741761D-06
 0.3163679297277D-06 0.3742550348320D-06 0.4423507739889D-06 0.5223621640927D-06
 0.6162606440751D-06 0.7263193800362D-06 0.8551548819516D-06 0.1005774810593D-05
 0.1181631730725D-05 0.1386685699159D-05 0.1625475786141D-05 0.1903205343849D-05
 0.2225841904725D-05 0.2600239833725D-05 0.3034288496568D-05 0.3537099663768D-05
 0.4119240149461D-05 0.4793032769933D-05 0.5572936883374D-05 0.6476045939830D-05
 0.7522720939366D-05 0.8737417958540D-05 0.1014973723830D-04 0.1179577942480D-04
 0.1371984381248D-04 0.1597658388308D-04 0.1863365474535D-04 0.2177499409120D-04
 0.2550475011751D-04 0.2995201306818D-04 0.3527630448429D-04 0.4167398265890D-04
 0.4938541499307D-04 0.5870307813899D-04 0.6998031744488D-04 0.8364101850891D-04
 0.1001898601971D-03 0.1202237640586D-03 0.1444444090676D-03 0.1736732770132D-03
 0.2088697538035D-03 0.2511553323816D-03 0.3018454083877D-03 0.3624937048906D-03
 0.4349513965519D-03 0.5214470193609D-03 0.6246874409177D-03 0.7479844796847D-03
 0.8954014079931D-03 0.1071919597599D-02 0.1283611951578D-02 0.1537823226922D-02
-0.2281089887028D-11-0.2730030677979D-11-0.3269817253641D-11-0.3914317228020D-11
-0.4687601545837D-11-0.5613312512399D-11-0.6722268832049D-11-0.8049028579252D-11
-0.9639203230886D-11-0.1154375160704D-10-0.1382428620300D-10-0.1655520570021D-10
-0.1982637668884D-10-0.2374393152932D-10-0.2843636014874D-10-0.3405612374576D-10
-0.4078608316201D-10-0.4884801532238D-10-0.5850166619038D-10-0.7006401005713D-10
-0.8391125219169D-10-0.1004955547482D-09-0.1203564554749D-09-0.1441407649124D-09
-0.1726225544857D-09-0.2067315136573D-09-0.2475759395057D-09-0.2964837534997D-09
-0.3550455510332D-09-0.4251635907746D-09-0.5091140121837D-09-0.6096226110226D-09
-0.7299448421042D-09-0.8739785448066D-09-0.1046385678357D-08-0.1252738392111D-08
-0.1499700020417D-08-0.1795234349461D-08-0.2148860226455D-08-0.2571948761346D-08
-0.3078087123140D-08-0.3683497846853D-08-0.4407552083286D-08-0.5273370100185D-08
-0.6308541048756D-08-0.7545973432792D-08-0.9024906187124D-08-0.1079211519069D-07
-0.1290332744704D-07-0.1542491594888D-07-0.1843589050260D-07-0.2203025849060D-07
-0.2631981574579D-07-0.3143743479306D-07-0.3754094372856D-07-0.4481770453451D-07
-0.5348997752885D-07-0.6382124877269D-07-0.7612363241572D-07-0.9076657214095D-07
-0.1081869940402D-06-0.1289012029999D-06-0.1535187469372D-06-0.1827585943921D-06
-0.2174679425878D-06-0.2586441207911D-06-0.3074599547198D-06-0.3652932926347D-06
-0.4337610726674D-06-0.5147589467624D-06-0.6105069574993D-06-0.7236026373558D-06
-0.8570822283828D-06-0.1014492049932D-05-0.1199970935291D-05-0.1418346805957D-05
-0.1675248932927D-05-0.1977240468322D-05-0.2331973954642D-05-0.2748377179406D-05
-0.3236874008418D-05-0.3809652029894D-05-0.4480985440880D-05-0.5267632331802D-05
-0.6189320554357D-05-0.7269353768117D-05-0.8535360556604D-05-0.1002023710074D-04
-0.1176331928496D-04-0.1381186220416D-04-0.1622287878335D-04-0.1906545333999D-04
-0.2242360017799D-04-0.2639982587495D-04-0.3111948263292D-04-0.3673611567959D-04
-0.4343789462008D-04-0.5145537341412D-04-0.6107064222585D-04-0.7262815402485D-04
-0.8654723448942D-04-0.1033366152306D-03-0.1236109455541D-03-0.1481098104544D-03
-0.1777192444461D-03-0.2134967894666D-03-0.2567004513871D-03-0.3088237095326D-03
-0.3716378619000D-03-0.4472458595487D-03-0.5381503013710D-03-0.6473423255094D-03
-0.7784152938456D-03-0.9357118236981D-03-0.1124507114236D-02-0.1351236605783D-02
-0.1623766064302D-02-0.1951709188575D-02-0.2346785032429D-02-0.2823222887774D-02
 0.6262119391081D-15 0.1473491286209D-14 0.1643563534239D-14 0.2132627519773D-14
 0.2714830433153D-14 0.3385331814823D-14 0.3915938175128D-14 0.5853149452903D-14
 0.7077618270247D-14 0.8909005598442D-14 0.1122027571508D-13 0.1487926698375D-13
 0.1919401121662D-13 0.2524192039336D-13 0.3176007980285D-13 0.4069397483814D-13
 0.5297561237821D-13 0.6618820590785D-13 0.8466432428528D-13 0.1084884914477D-12
 0.1379302230642D-12 0.1747663302476D-12 0.2223793052770D-12 0.2840759632364D-12
 0.3627340592451D-12 0.4611096020187D-12 0.5874663508255D-12 0.7482069817470D-12
 0.9525946435479D-12 0.1213241691004D-11 0.1544693355574D-11 0.1965319715380D-11
 0.2501510844207D-11 0.3183509523649D-11 0.4052523031510D-11 0.5156342531331D-11
 0.6560988583767D-11 0.8348720905078D-11 0.1062115130684D-10 0.1351164865307D-10
 0.1718468258675D-10 0.2185525419880D-10 0.2779060636593D-10 0.3533266352529D-10
 0.4491246304088D-10 0.5707955280001D-10 0.7252833258213D-10 0.9213547594022D-10
 0.1170153064257D-09 0.1485745200295D-09 0.1885880969092D-09 0.2393025019449D-09
 0.3035488481219D-09 0.3848982973392D-09 0.4878521683345D-09 0.6180691144211D-09
 0.7826682230422D-09 0.9905888383174D-09 0.1253043359329D-08 0.1584072028100D-08
 0.2001238549673D-08 0.2526478016417D-08 0.3187127372899D-08 0.4017207097730D-08
 0.5058958506098D-08 0.6364716400593D-08 0.7999164742270D-08 0.1004203115940D-07
 0.1259130648861D-07 0.1576703377168D-07 0.1971575116183D-07 0.2461563451324D-07
 0.3068238725498D-07 0.3817586956965D-07 0.4740743764582D-07 0.5874785060771D-07
 0.7263553825686D-07 0.8958481579710D-07 0.1101934824678D-06 0.1351488915261D-06
 0.1652313085038D-06 0.2013128168802D-06 0.2443495758260D-06 0.2953644309150D-06
 0.3554162133525D-06 0.4255510314437D-06 0.5067300585699D-06 0.5997271741183D-06
 0.7049892286971D-06 0.8224508893786D-06 0.9512962913472D-06 0.1089660200241D-05
 0.1234263713326D-05 0.1379982810109D-05 0.1519354002885D-05 0.1642029119556D-05
 0.1734201920120D-05 0.1778041828457D-05 0.1751183604472D-05 0.1626334454137D-05
 0.1371066753268D-05 0.9478616670395D-06 0.3144442019473D-06-0.5756012093588D-06
-0.1772043992603D-05-0.3327307290263D-05-0.5296330974941D-05-0.7737751751756D-05
-0.1071749339274D-04-0.1431620401180D-04-0.1864228693101D-04-0.2385241887387D-04
-0.3018135378008D-04-0.3798229947298D-04-0.4777824579179D-04-0.6032326045576D-04
-0.7667143928457D-04-0.9825026624838D-04-0.1269360219454D-03-0.1651323143220D-03
 0.5328417995838D-16-0.4414017425248D-15-0.2213479716831D-15-0.8875483044166D-15
-0.7445118005886D-15-0.9271652564581D-15-0.1154074869111D-14-0.1975423717487D-14
-0.2406565146574D-14-0.2828118868424D-14-0.3812839309089D-14-0.5105015290506D-14
-0.6584235839012D-14-0.8181182876872D-14-0.1038991460801D-13-0.1321857498043D-13
-0.1699931680602D-13-0.2171278109059D-13-0.2792867777160D-13-0.3533079233471D-13
-0.4534875245406D-13-0.5738384343904D-13-0.7315855221397D-13-0.9355604991531D-13
-0.1191484018360D-12-0.1521992542565D-12-0.1936174951343D-12-0.2468580408263D-12
-0.3142798226308D-12-0.4004682789532D-12-0.5101201142939D-12-0.6494106564615D-12
-0.8271831046114D-12-0.1053095890359D-11-0.1341062428784D-11-0.1707102068606D-11
-0.2173346670991D-11-0.2766463357946D-11-0.3521156282129D-11-0.4481316305519D-11
-0.5702553701394D-11-0.7255970281035D-11-0.9230881571150D-11-0.1174162731148D-10
-0.1493329753772D-10-0.1898865050470D-10-0.2414065576413D-10-0.3068344565241D-10
-0.3899046664949D-10-0.4953361141931D-10-0.6290873583128D-10-0.7987163361639D-10
-0.1013730227862D-09-0.1286147262389D-09-0.1631123581021D-09-0.2067713610267D-09
-0.2619914417736D-09-0.3317864344230D-09-0.4199392982459D-09-0.5311891978632D-09
-0.6714666790105D-09-0.8481800008807D-09-0.1070566901589D-08-0.1350122618979D-08
-0.1701122084576D-08-0.2141248659922D-08-0.2692353118999D-08-0.3381353482459D-08
-0.4241309213484D-08-0.5312674489156D-08-0.6644760282779D-08-0.8297404862792D-08
-0.1034286264373D-07-0.1286788894005D-07-0.1597598618070D-07-0.1978972233653D-07
-0.2445301450542D-07-0.3013314173447D-07-0.3702222702865D-07-0.4533770967422D-07
-0.5532125024587D-07-0.6723518516985D-07-0.8135548283824D-07-0.9795967033603D-07
-0.1173079353033D-06-0.1396149349560D-06-0.1650094952164D-06-0.1934785118761D-06
-0.2247910415763D-06-0.2583976164930D-06-0.2932997487910D-06-0.3278838771423D-06
-0.3597146226913D-06-0.3852823661977D-06-0.3997020429496D-06-0.3963617796197D-06
-0.3665235462034D-06-0.2988815632164D-06-0.1790884736366D-06 0.1073754283738D-07
 0.2925110282923D-06 0.6926741948563D-06 0.1242695945504D-05 0.1979612865655D-05
 0.2946706125374D-05 0.4194494646890D-05 0.5782350840647D-05 0.7781216801402D-05
 0.1027811085944D-04 0.1338336025277D-04 0.1724173447788D-04 0.2204886122735D-04
 0.2807437967763D-04 0.3569319806524D-04 0.4542586973866D-04 0.5798854401435D-04
 0.7435226398002D-04 0.9581096826989D-04 0.1240579900969D-03 0.1612729542997D-03
 0.1733382168313D-14 0.2438733678880D-14 0.3013623738949D-14 0.4174427648785D-14
 0.5303838284178D-14 0.6504381651494D-14 0.8209354407914D-14 0.1079362280402D-13
 0.1379568074075D-13 0.1769300345834D-13 0.2229095446277D-13 0.2877508435002D-13
 0.3665596912209D-13 0.4670870100373D-13 0.5969283156506D-13 0.7590409375525D-13
 0.9677890959296D-13 0.1230557770751D-12 0.1570981806254D-12 0.1998861323206D-12
 0.2546661368869D-12 0.3240471464898D-12 0.4125874372499D-12 0.5254342608021D-12
 0.6695094919028D-12 0.8521877528909D-12 0.1084791950730D-11 0.1381133055795D-11
 0.1758417537337D-11 0.2238074836240D-11 0.2849051906751D-11 0.3625850589502D-11
 0.4615452820277D-11 0.5873747232028D-11 0.7474977411961D-11 0.9511875564727D-11
 0.1210294221745D-10 0.1539862333767D-10 0.1958956298503D-10 0.2491843355069D-10
 0.3169300190325D-10 0.4030423461566D-10 0.5124772869699D-10 0.6515244543497D-10
 0.8281486319431D-10 0.1052461160863D-09 0.1337249789059D-09 0.1698707552168D-09
 0.2157335586187D-09 0.2739047622954D-09 0.3476588170748D-09 0.4411322113986D-09
 0.5595432694198D-09 0.7094710701714D-09 0.8992060408567D-09 0.1139178091697D-08
 0.1442501304276D-08 0.1825643613346D-08 0.2309259401743D-08 0.2919217841777D-08
 0.3687874089488D-08 0.4655633611800D-08 0.5872863001996D-08 0.7402234479578D-08
 0.9321572488539D-08 0.1172730168339D-07 0.1473860480807D-07 0.1850240328156D-07
 0.2319929104668D-07 0.2905053776314D-07 0.3632630505864D-07 0.4535516528625D-07
 0.5653501506428D-07 0.7034539321306D-07 0.8736114373092D-07 0.1082672063674D-06
 0.1338741575217D-06 0.1651338076707D-06 0.2031538492244D-06 0.2492099940452D-06
 0.3047534949465D-06 0.3714110444020D-06 0.4509731839752D-06 0.5453660443977D-06
 0.6566000309695D-06 0.7866873904301D-06 0.9375192123336D-06 0.1110690680667D-05
 0.1307262444617D-05 0.1527445056661D-05 0.1770194214605D-05 0.2032706239245D-05
 0.2309807994510D-05 0.2593242589130D-05 0.2870863960777D-05 0.3125769054769D-05
 0.3335417135335D-05 0.3470810311604D-05 0.3495835955937D-05 0.3366895929030D-05
 0.3032962756998D-05 0.2436197402220D-05 0.1513223214462D-05 0.1970553840184D-06
-0.1580483790658D-05-0.3886305510294D-05-0.6784365753547D-05-0.1033606276947D-04
-0.1460459461760D-04-0.1966575257249D-04-0.2562806256352D-04-0.3266539827363D-04
-0.4106478122439D-04-0.5129106482189D-04-0.6406818488568D-04-0.8047413242625D-04
-0.1020438954615D-03-0.1308730550721D-03-0.1697157182978D-03-0.2220770832971D-03
