bcc Sb -- Hedin-Lundqvist LDA                                                   
INPUT  IT=171 SPIN=0 NTYPE=  2
 -4.000000  4.000000  4.000000
  4.000000 -4.000000  4.000000
  4.000000  4.000000 -4.000000
    1  435  2.200000  0.030000    1
  0.000000  0.000000  0.000000
 0.9590888089769D-04 0.1014000742861D-03 0.1072056390070D-03 0.1133435508777D-03
 0.1198327528004D-03 0.1266934129566D-03 0.1339467888523D-03 0.1416153539560D-03
 0.1497228671979D-03 0.1582944465285D-03 0.1673566465605D-03 0.1769375406822D-03
 0.1870668078593D-03 0.1977758243898D-03 0.2090977608987D-03 0.2210676848650D-03
 0.2337226690037D-03 0.2471019058296D-03 0.2612468287589D-03 0.2762012401179D-03
 0.2920114464565D-03 0.3087264015757D-03 0.3263978577146D-03 0.3450805253561D-03
 0.3648322421458D-03 0.3857141514370D-03 0.4077908910158D-03 0.4311307925778D-03
 0.4558060925743D-03 0.4818931550681D-03 0.5094727072843D-03 0.5386300885778D-03
 0.5694555135746D-03 0.6020443502983D-03 0.6364974141247D-03 0.6729212784671D-03
 0.7114286031420D-03 0.7521384814121D-03 0.7951768067698D-03 0.8406766605784D-03
 0.8887787217515D-03 0.9396316997200D-03 0.9933927920016D-03 0.1050228167767D-02
 0.1110313478878D-02 0.1173834399934D-02 0.1240987198987D-02 0.1311979340646D-02
 0.1387030123397D-02 0.1466371353084D-02 0.1550248054561D-02 0.1638919223714D-02
 0.1732658622076D-02 0.1831755616475D-02 0.1936516066229D-02 0.2047263260572D-02
 0.2164338909129D-02 0.2288104188431D-02 0.2418940847601D-02 0.2557252376565D-02
 0.2703465240251D-02 0.2858030182526D-02 0.3021423603729D-02 0.3194149015957D-02
 0.3376738580439D-02 0.3569754731597D-02 0.3773791892621D-02 0.3989478287676D-02
 0.4217477856144D-02 0.4458492274566D-02 0.4713263092283D-02 0.4982573987133D-02
 0.5267253147825D-02 0.5568175790082D-02 0.5886266813918D-02 0.6222503609917D-02
 0.6577919022747D-02 0.6953604480572D-02 0.7350713299610D-02 0.7770464173382D-02
 0.8214144856956D-02 0.8683116056821D-02 0.9178815537743D-02 0.9702762458511D-02
 0.1025656194911D-01 0.1084190994256D-01 0.1146059827526D-01 0.1211452007069D-01
 0.1280567542164D-01 0.1353617738743D-01 0.1430825832319D-01 0.1512427655903D-01
 0.1598672344831D-01 0.1689823080476D-01 0.1786157874947D-01 0.1887970398984D-01
 0.1995570855355D-01 0.2109286900223D-01 0.2229464615008D-01 0.2356469531465D-01
 0.2490687712809D-01 0.2632526893852D-01 0.2782417683265D-01 0.2940814831284D-01
 0.3108198566264D-01 0.3285076003722D-01 0.3471982631650D-01 0.3669483876083D-01
 0.3878176751099D-01 0.4098691597617D-01 0.4331693915602D-01 0.4577886294440D-01
 0.4838010446584D-01 0.5112849349667D-01 0.5403229502671D-01 0.5710023301865D-01
 0.6034151542603D-01 0.6376586053248D-01 0.6738352467874D-01 0.7120533144574D-01
 0.7524270236643D-01 0.7950768924073D-01 0.8401300813268D-01 0.8877207513080D-01
 0.9379904395707D-01 0.9910884551327D-01 0.1047172294564D+00 0.1106408079001D+00
 0.1168971013391D+00 0.1235045869052D+00 0.1304827490555D+00 0.1378521328097D+00
 0.1456343996500D+00 0.1538523862013D+00 0.1625301658163D+00 0.1716931131949D+00
 0.1813679721653D+00 0.1915829267649D+00 0.2023676757603D+00 0.2137535107482D+00
 0.2257733979839D+00 0.2384620640926D+00 0.2518560858067D+00 0.2659939839009D+00
 0.2809163214704D+00 0.2966658067250D+00 0.3132874004588D+00 0.3308284283641D+00
 0.3493386983550D+00 0.3688706230737D+00 0.3894793477411D+00 0.4112228835273D+00
 0.4341622466018D+00 0.4583616030335D+00 0.4838884196944D+00 0.5108136213300D+00
 0.5392117539395D+00 0.5691611546147D+00 0.6007441279665D+00 0.6340471292649D+00
 0.6691609544024D+00 0.7061809367749D+00 0.7452071511594D+00 0.7863446246503D+00
 0.8297035546846D+00 0.8753995341716D+00 0.9235537837082D+00 0.9742933908285D+00
 0.1027751556198D+01 0.1084067846636D+01 0.1143388454771D+01 0.1205866465131D+01
 0.1271662126384D+01 0.1340943129353D+01 0.1413884890475D+01 0.1490670840124D+01
 0.1571492715325D+01 0.1656550856144D+01 0.1746054505022D+01 0.1840222108227D+01
 0.1939281618403D+01 0.2043470797157D+01 0.2153037516436D+01 0.2268240057342D+01
 0.2389347404817D+01 0.2516639536534D+01 0.2650407704065D+01 0.2790954704326D+01
 0.2938595138913D+01 0.3093655658921D+01 0.3256475192419D+01 0.3427405151688D+01
 0.3606809616839D+01 0.3795065492406D+01 0.3992562632986D+01 0.4199703933831D+01
 0.4416905381911D+01 0.4644596062651D+01 0.4883218117178D+01 0.5133226644559D+01
 0.5395089543113D+01 0.5669287284569D+01 0.5956312614271D+01 0.6256670170491D+01
 0.6570876015213D+01 0.6899457068631D+01 0.7242950438899D+01 0.7601902638604D+01
 0.7976868678703D+01 0.8368411030642D+01 0.8777098446679D+01 0.9203504628474D+01
 0.9648206733367D+01 0.1011178370793D+02 0.1059481443775D+02 0.1109787570282D+02
 0.1162153992741D+02 0.1216637271353D+02 0.1273293014755D+02 0.1332175586937D+02
 0.1393337789421D+02 0.1456830517770D+02 0.1522702391580D+02 0.1590999357176D+02
 0.1661764262369D+02 0.1735036402796D+02 0.1810851039483D+02 0.1889238887530D+02
 0.1970225575985D+02 0.2053831079285D+02 0.2140069120944D+02 0.2228946550436D+02
 0.2320462694714D+02 0.2414608686133D+02 0.2511366769056D+02 0.2610709587932D+02
 0.2712599460221D+02 0.2816987638082D+02 0.2923813563512D+02 0.3033004122217D+02
 0.3144472902374D+02 0.3258119465097D+02 0.3373828634478D+02 0.3491469815665D+02
 0.3610896350723D+02 0.3731944922488D+02 0.3854435018190D+02 0.3978168464778D+02
 0.4102929049787D+02 0.4228482241376D+02 0.4354575023318D+02 0.4480935860044D+02
 0.4607274809240D+02 0.4733283798164D+02 0.4858637082494D+02 0.4982991904252D+02
 0.5105989368279D+02 0.5227255553312D+02 0.5346402876829D+02 0.5463031727953D+02
 0.5576732386102D+02 0.5687087236294D+02 0.5793673295757D+02 0.5896065057428D+02
 0.5993837660108D+02 0.6086570383233D+02 0.6173850469058D+02 0.6255277259915D+02
 0.6330466644179D+02 0.6399055785562D+02 0.6460708117809D+02 0.6515118563618D+02
 0.6562018946291D+02 0.6601183534503D+02 0.6632434673464D+02 0.6655648422531D+02
 0.6670760136541D+02 0.6677769889287D+02 0.6676747661188D+02 0.6667838168064D+02
 0.6651265240005D+02 0.6627335607893D+02 0.6596441998026D+02 0.6559065376991D+02
 0.6515776246244D+02 0.6467234819591D+02 0.6414189992041D+02 0.6357476933841D+02
 0.6298013240483D+02 0.6236793484334D+02 0.6174882137481D+02 0.6113404737200D+02
 0.6053537320109D+02 0.5996494037034D+02 0.5943513051334D+02 0.5895840685935D+02
 0.5854714019239D+02 0.5821341958945D+02 0.5796885107677D+02 0.5782434521387D+02
 0.5778989835906D+02 0.5787436747246D+02 0.5808524791776D+02 0.5842845273632D+02
 0.5890810232480D+02 0.5952632667832D+02 0.6028308841307D+02 0.6117602894394D+02
 0.6220034699030D+02 0.6334871109341D+02 0.6461121580534D+02 0.6597538187686D+02
 0.6742621016723D+02 0.6894628727172D+02 0.7051595226767D+02 0.7211351923965D+02
 0.7371556411910D+02 0.7529726635480D+02 0.7683281261946D+02 0.7829584792904D+02
 0.7965998016998D+02 0.8089931728861D+02 0.8198904224318D+02 0.8290599850463D+02
 0.8362929072021D+02 0.8414086693644D+02 0.8442608789203D+02 0.8447424334118D+02
 0.8427902405985D+02 0.8383890374659D+02 0.8315744492380D+02 0.8224347894848D+02
 0.8111118249297D+02 0.7977999798206D+02 0.7827443238101D+02 0.7662368062893D+02
 0.7486112352225D+02 0.7302364693531D+02 0.7115085032572D+02 0.6928409283423D+02
 0.6746546522417D+02 0.6573663680734D+02 0.6413768659287D+02 0.6270586631721D+02
 0.6147442440698D+02 0.6047143286872D+02 0.5971876262973D+02 0.5923113801729D+02
 0.5901542820288D+02 0.5907008047660D+02 0.5938487341779D+02 0.5994085555133D+02
 0.6071065465804D+02 0.6165898560386D+02 0.6274352560314D+02 0.6391598662377D+02
 0.6512350116508D+02 0.6631014308757D+02 0.6741867777957D+02 0.6839234325786D+02
 0.6917674249220D+02 0.6972163812006D+02 0.6998272263720D+02 0.6992315876698D+02
 0.6951496327492D+02 0.6874004817160D+02 0.6759099944978D+02 0.6607143942916D+02
 0.6419606560124D+02 0.6199025272458D+02 0.5948932543011D+02 0.5673743313792D+02
 0.5378614607181D+02 0.5069274970342D+02 0.4751835939486D+02 0.4432587584689D+02
 0.4117789364709D+02 0.3813462044492D+02 0.3525189474712D+02 0.3257938790167D+02
 0.3015903553306D+02 0.2802380669856D+02 0.2619678053330D+02 0.2469067749815D+02
 0.2350771924737D+02 0.2263995270018D+02 0.2206991113597D+02 0.2177164760086D+02
 0.2171198985638D+02 0.2185213094784D+02 0.2214923847027D+02 0.2255829136432D+02
 0.2303374781961D+02 0.2353132388308D+02 0.2400943292647D+02 0.2443062336872D+02
 0.2476254688498D+02 0.2497887686104D+02 0.2505967204611D+02 0.2499170894875D+02
 0.2476824235304D+02 0.2438880757774D+02 0.2385849338159D+02 0.2318736414517D+02
 0.2238943908715D+02 0.2148192294598D+02 0.2048410248683D+02 0.1941657677863D+02
 0.1830024414217D+02 0.1715568426671D+02 0.1600234411476D+02 0.1485816441213D+02
 0.1373901954605D+02 0.1265860251796D+02 0.1162811527071D+02 0.1065637742074D+02
 0.9749746697429D+01 0.8912379638397D+01 0.8146273816599D+01 0.7451655834333D+01
 0.6827083427655D+01 0.6269881564548D+01 0.5776264128905D+01 0.5341779332126D+01
 0.4961422399137D+01 0.4630045996947D+01 0.4342416095245D+01 0.4093523641747D+01
 0.3878530703174D+01 0.3692966810715D+01 0.3532627569335D+01 0.3393801534696D+01
 0.3273308362192D+01 0.3168866485430D+01 0.3079174066736D+01
    2  435  1.200000  0.030000    3
  0.000000  0.500000  0.500000
  0.500000  0.500000  0.000000
  0.500000  0.000000  0.500000
 0.2947928615978D-10 0.3130212832934D-10 0.3323768519411D-10 0.3529292640545D-10
 0.3747525257788D-10 0.3979252193714D-10 0.4225307867978D-10 0.4486578277210D-10
 0.4764004220957D-10 0.5058584667016D-10 0.5371380359785D-10 0.5703517613159D-10
 0.6056192406448D-10 0.6430674664834D-10 0.6828312844766D-10 0.7250538760688D-10
 0.7698872784535D-10 0.8174929292229D-10 0.8680422490021D-10 0.9217172555284D-10
 0.9787112239138D-10 0.1039229379514D-09 0.1103489638303D-09 0.1171723388070D-09
 0.1244176326953D-09 0.1321109344778D-09 0.1402799463952D-09 0.1489540833136D-09
 0.1581645792332D-09 0.1679445993867D-09 0.1783293598138D-09 0.1893562537483D-09
 0.2010649869154D-09 0.2134977201001D-09 0.2266992211174D-09 0.2407170255537D-09
 0.2556016086498D-09 0.2714065666097D-09 0.2881888097515D-09 0.3060087669258D-09
 0.3249306038968D-09 0.3450224539057D-09 0.3663566631668D-09 0.3890100508180D-09
 0.4130641863980D-09 0.4386056830287D-09 0.4657265094536D-09 0.4945243205859D-09
 0.5251028100984D-09 0.5575720832137D-09 0.5920490533295D-09 0.6286578623213D-09
 0.6675303285987D-09 0.7088064211027D-09 0.7526347634565D-09 0.7991731683725D-09
 0.8485892070499D-09 0.9010608118360D-09 0.9567769170587D-09 0.1015938138496D-08
 0.1078757497003D-08 0.1145461184738D-08 0.1216289379740D-08 0.1291497109821D-08
 0.1371355172211D-08 0.1456151107738D-08 0.1546190236249D-08 0.1641796754952D-08
 0.1743314907227D-08 0.1851110221131D-08 0.1965570825602D-08 0.2087108846790D-08
 0.2216161893598D-08 0.2353194632228D-08 0.2498700459245D-08 0.2653203276775D-08
 0.2817259380623D-08 0.2991459461957D-08 0.3176430734052D-08 0.3372839189076D-08
 0.3581391997901D-08 0.3802840054807D-08 0.4037980680878D-08 0.4287660492988D-08
 0.4552778454033D-08 0.4834289107880D-08 0.5133206015780D-08 0.5450605403579D-08
 0.5787630038652D-08 0.6145493342293D-08 0.6525483757872D-08 0.6928969387282D-08
 0.7357402918686D-08 0.7812326854237D-08 0.8295379062603D-08 0.8808298672853D-08
 0.9352932337866D-08 0.9931240879753D-08 0.1054530634782D-07 0.1119733951088D-07
 0.1188968781822D-07 0.1262484384714D-07 0.1340545427451D-07 0.1423432940065D-07
 0.1511445326814D-07 0.1604899439992D-07 0.1704131720312D-07 0.1809499407512D-07
 0.1921381826520D-07 0.2040181752398D-07 0.2166326859850D-07 0.2300271262093D-07
 0.2442497145580D-07 0.2593516504993D-07 0.2753872985696D-07 0.2924143839764D-07
 0.3104942003762D-07 0.3296918304067D-07 0.3500763798711D-07 0.3717212263655D-07
 0.3947042833630D-07 0.4191082805251D-07 0.4450210613543D-07 0.4725358992131D-07
 0.5017518329696D-07 0.5327740232800D-07 0.5657141309089D-07 0.6006907183911D-07
 0.6378296766261D-07 0.6772646777096D-07 0.7191376557703D-07 0.7635993174753D-07
 0.8108096842001D-07 0.8609386675615D-07 0.9141666805334D-07 0.9706852862687D-07
 0.1030697887144D-06 0.1094420456215D-06 0.1162082313890D-06 0.1233926952517D-06
 0.1310212912055D-06 0.1391214709687D-06 0.1477223826836D-06 0.1568549757118D-06
 0.1665521119158D-06 0.1768486837954D-06 0.1877817399209D-06 0.1993906181060D-06
 0.2117170868223D-06 0.2248054953222D-06 0.2387029330365D-06 0.2534593988007D-06
 0.2691279805546D-06 0.2857650461045D-06 0.3034304456682D-06 0.3221877269096D-06
 0.3421043632719D-06 0.3632519963698D-06 0.3857066933477D-06 0.4095492201055D-06
 0.4348653314118D-06 0.4617460788807D-06 0.4902881379573D-06 0.5205941550581D-06
 0.5527731161571D-06 0.5869407380662D-06 0.6232198838555D-06 0.6617410038719D-06
 0.7026426039913D-06 0.7460717426951D-06 0.7921845588012D-06 0.8411468317046D-06
 0.8931345761947D-06 0.9483346738783D-06 0.1006945543526D-05 0.1069177852699D-05
 0.1135255273269D-05 0.1205415283420D-05 0.1279910019067D-05 0.1359007177680D-05
 0.1442990977819D-05 0.1532163177693D-05 0.1626844156427D-05 0.1727374061868D-05
 0.1834114029079D-05 0.1947447473754D-05 0.2067781465235D-05 0.2195548183932D-05
 0.2331206468492D-05 0.2475243457991D-05 0.2628176335152D-05 0.2790554176665D-05
 0.2962959917332D-05 0.3146012434796D-05 0.3340368762407D-05 0.3546726437947D-05
 0.3765825996722D-05 0.3998453617603D-05 0.4245443931541D-05 0.4507683002399D-05
 0.4786111490812D-05 0.5081728011976D-05 0.5395592699447D-05 0.5728830987353D-05
 0.6082637624610D-05 0.6458280934960D-05 0.6857107338079D-05 0.7280546147467D-05
 0.7730114662320D-05 0.8207423570828D-05 0.8714182684248D-05 0.9252207021566D-05
 0.9823423266473D-05 0.1042987661880D-04 0.1107373806479D-04 0.1175731209117D-04
 0.1248304487076D-04 0.1325353294720D-04 0.1407153244981D-04 0.1493996887024D-04
 0.1586194743544D-04 0.1684076411226D-04 0.1787991728276D-04 0.1898312012968D-04
 0.2015431377618D-04 0.2139768122427D-04 0.2271766214064D-04 0.2411896854056D-04
 0.2560660142462D-04 0.2718586842450D-04 0.2886240251926D-04 0.3064218188583D-04
 0.3253155095243D-04 0.3453724272591D-04 0.3666640247021D-04 0.3892661281583D-04
 0.4132592038693D-04 0.4387286403500D-04 0.4657650477642D-04 0.4944645753354D-04
 0.5249292478863D-04 0.5572673226181D-04 0.5915936673504D-04 0.6280301614731D-04
 0.6667061209730D-04 0.7077587489340D-04 0.7513336130320D-04 0.7975851515923D-04
 0.8466772099136D-04 0.8987836086009D-04 0.9540887458140D-04 0.1012788235381D-03
 0.1075089582898D-03 0.1141212902013D-03 0.1211391673216D-03 0.1285873547612D-03
 0.1364921198305D-03 0.1448813222077D-03 0.1537845094316D-03 0.1632330180231D-03
 0.1732600805575D-03 0.1839009390278D-03 0.1951929648595D-03 0.2071757859498D-03
 0.2198914211387D-03 0.2333844225202D-03 0.2477020260444D-03 0.2628943108727D-03
 0.2790143679755D-03 0.2961184784876D-03 0.3142663023656D-03 0.3335210779142D-03
 0.3539498327853D-03 0.3756236070734D-03 0.3986176891741D-03 0.4230118650997D-03
 0.4488906819755D-03 0.4763437264914D-03 0.5054659190967D-03 0.5363578247967D-03
 0.5691259814097D-03 0.6038832462308D-03 0.6407491620379D-03 0.6798503434838D-03
 0.7213208848866D-03 0.7653027905686D-03 0.8119464288352D-03 0.8614110108594D-03
 0.9138650956449D-03 0.9694871224562D-03 0.1028465971968D-02 0.1091001557656D-02
 0.1157305448764D-02 0.1227601526508D-02 0.1302126674910D-02 0.1381131508116D-02
 0.1464881135609D-02 0.1553655967351D-02 0.1647752560335D-02 0.1747484508719D-02
 0.1853183379072D-02 0.1965199693109D-02 0.2083903959396D-02 0.2209687756640D-02
 0.2342964870006D-02 0.2484172483283D-02 0.2633772428210D-02 0.2792252494122D-02
 0.2960127798934D-02 0.3137942224983D-02 0.3326269920436D-02 0.3525716870121D-02
 0.3736922536025D-02 0.3960561571781D-02 0.4197345610702D-02 0.4448025132205D-02
 0.4713391405380D-02 0.4994278515005D-02 0.5291565467792D-02 0.5606178384794D-02
 0.5939092776245D-02 0.6291335905739D-02 0.6663989238087D-02 0.7058190978744D-02
 0.7475138696808D-02 0.7916092040878D-02 0.8382375536474D-02 0.8875381476171D-02
 0.9396572887320D-02 0.9947486590337D-02 0.1052973632776D-01 0.1114501597992D-01
 0.1179510284079D-01 0.1248186097395D-01 0.1320724461414D-01 0.1397330163888D-01
 0.1478217706625D-01 0.1563611660933D-01 0.1653747023059D-01 0.1748869573537D-01
 0.1849236233244D-01 0.1955115421065D-01 0.2066787404050D-01 0.2184544646501D-01
 0.2308692146191D-01 0.2439547766148D-01 0.2577442547289D-01 0.2722721012383D-01
 0.2875741443115D-01 0.3036876143941D-01 0.3206511669340D-01 0.3385049032612D-01
 0.3572903866996D-01 0.3770506561928D-01 0.3978302338454D-01 0.4196751293467D-01
 0.4426328366805D-01 0.4667523270508D-01 0.4920840322864D-01 0.5186798236728D-01
 0.5465929791628D-01 0.5758781453761D-01 0.6065912853979D-01 0.6387896208088D-01
 0.6725315567462D-01 0.7078766005919D-01 0.7448852605037D-01 0.7836189374371D-01
 0.8241397932729D-01 0.8665106124512D-01 0.9107946358169D-01 0.9570553885510D-01
 0.1005356475421D+00 0.1055761371973D+00 0.1108333177534D+00 0.1163134366478D+00
 0.1220226495925D+00 0.1279669914909D+00 0.1341523423730D+00 0.1405843940559D+00
 0.1472686110205D+00 0.1542101928328D+00 0.1614140299903D+00 0.1688846622942D+00
 0.1766262297136D+00 0.1846424272902D+00 0.1929364513647D+00 0.2015109516519D+00
 0.2103679734997D+00 0.2195089083913D+00 0.2289344329591D+00 0.2386444594532D+00
 0.2486380729959D+00 0.2589134839478D+00 0.2694679648385D+00 0.2802978075415D+00
 0.2913982619740D+00 0.3027635009096D+00 0.3143865633016D+00 0.3262593305663D+00
 0.3383724770874D+00 0.3507154631336D+00 0.3632764954364D+00 0.3760425417660D+00
 0.3889993059806D+00 0.4021312695151D+00 0.4154216848117D+00 0.4288526510710D+00
 0.4424051287097D+00 0.4560590574270D+00 0.4697933958306D+00 0.4835862880783D+00
 0.4974151333173D+00 0.5112568088680D+00 0.5250877706866D+00 0.5388843433277D+00
 0.5526228531241D+00 0.5662799921501D+00 0.5798329868590D+00 0.5932600462007D+00
 0.6065405644878D+00 0.6196556697738D+00 0.6325884623987D+00 0.6453246797417D+00
 0.6578529794439D+00 0.6701657468841D+00 0.6822594318364D+00 0.6941355419306D+00
 0.7058010490443D+00 0.7172696144577D+00 0.7285620907115D+00 0.7397080361763D+00
 0.7507463311293D+00 0.7617270618848D+00 0.7727122908066D+00
  401
 0.1248963325241D+02 0.0000000000000D+00 0.4380361028532D+02 0.1956997910173D-51
 0.2312701461198D+02 0.0000000000000D+00 0.3618060805892D+02-0.4297760382180D-31
 0.2409036461470D+02 0.1100959871865D-31 0.2694221062640D+02-0.3222510862534D-31
 0.1071399456104D+02 0.3881953851991D-52 0.3965115664246D+02 0.1488369969649D-31
 0.6274026063217D+01 0.3184003899362D-32 0.1572459548289D+02-0.3417600142535D-31
 0.8247154003204D+01-0.7602617450318D-52 0.1925606760036D+02 0.1707648940602D-51
 0.1315209068771D+02-0.7908087579865D-32 0.1502959937793D+02 0.4288334888979D-31
 0.2066833300251D+02 0.0000000000000D+00 0.1042375605301D+02 0.3276535931227D-31
 0.1613818083349D+02 0.7138350351340D-31 0.4474178257129D+01 0.1234958687603D-52
 0.6101561495548D+01 0.9179701854332D-33 0.6140653550991D+01-0.2131637618618D-52
 0.6648587012393D+01 0.6996776270522D-52 0.1671176584826D+01 0.0000000000000D+00
 0.8855324320168D+01-0.7453792235244D-32 0.4367806888239D+01 0.9155163853749D-32
 0.4821688972823D+01 0.4633843449222D-32 0.6089341593889D+01 0.1869489139467D-52
 0.3332730509376D+01 0.0000000000000D+00 0.3914503240779D+01-0.2147657140950D-31
 0.7267756096984D+00-0.6068030996471D-33 0.2246955343724D+01-0.1450939001071D-31
 0.5846743040367D+00 0.3431859612337D-52 0.1250430144126D+01 0.1715929806421D-52
 0.1360933722291D+01 0.0000000000000D+00 0.5096851449961D+00-0.1760308302381D-31
 0.5279574698384D+00 0.5841408655044D-32 0.1220591614813D+01 0.2658366271751D-31
 0.1410875253613D+01 0.1254138149700D-32 0.1796477314949D+00-0.2328245652356D-32
-0.2768721334958D+00-0.3491251058292D-32-0.3454120466259D+00-0.4152219236636D-31
 0.3594271808692D-01 0.0000000000000D+00-0.3707378038367D+00-0.4791521468439D-33
-0.6130225958072D+00 0.1969728841592D-31-0.2168516684845D+00-0.1099859267698D-52
-0.2175066987777D+00 0.2436104976133D-52-0.6806868482404D-01-0.8120349921457D-53
-0.9058772761625D+00-0.4747643966229D-32-0.1964636165707D+00-0.2135104079297D-32
-0.1387783189688D+00 0.9877576422593D-33-0.9037232228836D+00 0.1997808331337D-53
-0.7463314607989D+00 0.1181462493538D-31-0.4230743952100D+00-0.1052412278424D-31
-0.3336577318021D+00 0.0000000000000D+00-0.8601041058088D+00 0.5073413725257D-31
-0.2541158214384D+00 0.7224977059488D-32-0.3566484499102D+00 0.3405855028481D-53
-0.2725723506010D+00 0.0000000000000D+00-0.4989853407997D+00 0.4458941109318D-52
-0.3630640675963D+00 0.3473015213390D-32-0.6652517415089D+00-0.4664918167077D-32
-0.4834475170875D+00-0.2930541230649D-32-0.2661664119048D+00 0.1977779819449D-32
-0.5754434124357D+00-0.1453906558510D-31-0.4971344737286D+00 0.7504092170257D-32
-0.1978898819817D+00 0.2033661581338D-32-0.4466820412812D+00-0.9450725865924D-32
-0.3153183237836D+00-0.9845725899714D-32-0.1359082076923D+00-0.8096343319454D-33
-0.2988631201468D+00 0.4391909366472D-31-0.2220639445801D+00-0.1501545777722D-31
-0.7435598938655D-01 0.0000000000000D+00-0.8204693531691D-01-0.1181313200808D-52
-0.1208035801838D-02 0.0000000000000D+00-0.1040661269629D+00 0.6641635151116D-32
-0.2520750820295D-01 0.1366109494569D-35-0.9586066807495D-01 0.2304186428056D-32
 0.1668875976046D-01 0.1228817672707D-32-0.7598640461184D-01-0.8293291959483D-32
-0.3282623413759D-01 0.2573974543862D-32-0.1022379524283D-01-0.5193126871187D-53
 0.3560878825548D-01 0.1038625374292D-52-0.6321496023776D-01-0.4002238464270D-32
-0.1045496724836D-01 0.5517925525566D-32 0.4874502139865D-01-0.3539805201899D-32
 0.4617914987584D-02 0.4256314888716D-53 0.2081488061393D-02 0.1225307173735D-31
 0.2437765099321D-01-0.7867702082427D-31 0.6497911126432D-01 0.7794207927126D-53
 0.6636308854261D-01 0.7794207927126D-53 0.5597063318624D-01 0.1278165005534D-32
 0.8058283958747D-01-0.4523214405943D-31 0.1490900778714D+00 0.4250446905647D-32
 0.1024318216080D+00 0.0000000000000D+00 0.9322488637337D-01 0.3002516829081D-31
 0.8681991619467D-01 0.8985890529381D-34 0.1237063487163D+00-0.2330310055143D-32
 0.1474739279280D+00-0.2183517412753D-31 0.1775074569940D+00-0.2846420353518D-33
 0.3697080707141D-01 0.2103894577701D-32 0.6995928933456D-01 0.1813119030206D-32
 0.8869373353085D-01 0.0000000000000D+00 0.8325741882137D-01 0.0000000000000D+00
 0.7583292051270D-01 0.0000000000000D+00 0.6652351102446D-01 0.0000000000000D+00
 0.1530148763314D+00 0.1908380757056D-32 0.1427700135031D+00 0.3619521005502D-32
 0.1724003339098D+00 0.1300247731518D-33 0.7390574386709D-01-0.2289536643538D-32
 0.8301731002498D-01 0.3169453728448D-32 0.1369585853421D+00-0.1296480351582D-32
 0.1656386514896D+00-0.3874654507914D-32 0.1581212933506D+00 0.1043109754210D-53
 0.1367914074048D+00-0.5012913668790D-34 0.7048980863277D-01-0.1188787320223D-32
 0.2151006152074D-01 0.5862976753267D-34 0.1307056202383D+00 0.6371936532532D-32
 0.1441632068872D+00-0.3446995827578D-32 0.1326942361112D+00-0.1064585428100D-30
 0.7259273017301D-01 0.1336036059522D-32 0.7825035368517D-01 0.1625456651765D-34
 0.7794471547896D-01 0.1249038859814D-52 0.6277254564067D-01-0.6388410378387D-32
 0.1324601096670D+00 0.5521627288055D-34 0.1267794223124D+00 0.9614495123923D-32
 0.1258830706676D+00 0.5678665513087D-32 0.6989797271630D-01 0.1694860571292D-33
 0.1125061536606D+00-0.9186440787150D-32 0.1269629785411D+00 0.5435128685873D-32
 0.1035133567987D+00 0.1490480749506D-31 0.1074392009879D+00-0.1508896422202D-31
 0.5489463116178D-01-0.1480944225339D-32 0.4534374192773D-01 0.2544609718018D-53
 0.9452045807189D-01 0.3101197045632D-32 0.4940324096893D-01-0.1107775307980D-33
 0.2283967427142D-01 0.0000000000000D+00 0.4427254157454D-01 0.5200544867108D-53
 0.9562985516922D-01 0.1040108973378D-52 0.4496712049966D-01 0.5200544867108D-53
 0.8015899063238D-01 0.3708333252828D-32 0.8277332779805D-01 0.1775530370188D-31
 0.4006611574609D-01-0.5127548783388D-32 0.7818364731802D-01 0.1047089298792D-31
 0.6973007373266D-01 0.2510290902833D-32 0.7432532534032D-01-0.2004221371905D-32
 0.3592507593363D-01 0.2056371167769D-31 0.3742923891880D-01 0.6278175414704D-34
 0.3379271573532D-01-0.1581575902833D-52 0.6045101845909D-01-0.1671477114111D-32
 0.6136354568909D-01 0.5979939650315D-32 0.6384026153654D-01-0.1327028538555D-32
 0.3000250182558D-01-0.1075109709204D-32 0.2547077477459D-01 0.3320862850769D-32
 0.5340468744357D-01 0.3476840936297D-32 0.2697418284901D-01 0.3835237420263D-33
 0.4855309208383D-01-0.2417089358514D-52 0.2529483237402D-01-0.9668357433351D-53
 0.4360533447963D-01-0.4444334005608D-32 0.4290244381885D-01-0.6496303314200D-32
 0.4501129241206D-01-0.5408194641032D-33 0.4197088056708D-01 0.1498559030337D-32
 0.3609746557200D-01 0.8503419638277D-53 0.3601512672317D-01 0.4673762377464D-31
 0.3728071506160D-01 0.1575594755179D-32 0.2920341037441D-01-0.8539349203189D-32
 0.4597528126213D-02-0.1758066874057D-53 0.2400723544052D-01 0.1623383589104D-53
 0.1223857095152D-01-0.1036480319084D-33 0.2389221040072D-01 0.8104099553282D-32
 0.2460493590113D-01 0.2092109280340D-33 0.2445952699390D-01 0.1071601822837D-31
 0.1235134496483D-01 0.0000000000000D+00 0.2263430364059D-01-0.3117121765507D-52
 0.2758014341184D-02 0.0000000000000D+00 0.9634921393622D-02-0.5315753647482D-33
 0.9603431914868D-02 0.2718780862378D-33 0.1971499922573D-01 0.3423655734378D-33
 0.9559567844175D-02-0.1400338986580D-33 0.1774529716891D-01 0.7005362002024D-33
 0.4360984296888D-02 0.1070674818964D-32 0.8842797504878D-02-0.2291156324730D-32
 0.1546761413148D-01 0.6398683999802D-33 0.7529717970538D-02 0.5622121550366D-32
 0.6879439834064D-02-0.7227655850483D-53 0.6997977482898D-02 0.7227655850483D-53
 0.1199817686212D-01 0.8629586220203D-33 0.1190858484390D-01 0.5236268681625D-32
 0.1178987857747D-01-0.1426743900972D-31 0.1223043819493D-01-0.7722740723783D-32
 0.1197785859301D-01 0.1568461651813D-33 0.5518956125378D-02-0.2092470562222D-32
 0.9283432992810D-02 0.7452675765080D-53 0.9471767587170D-02-0.4053164380462D-33
 0.8534697684161D-02-0.1294315741508D-53 0.4279108576528D-02 0.0000000000000D+00
 0.7290390449089D-02-0.1136695466555D-32 0.3595837728889D-02-0.8646928780680D-34
 0.3326014286628D-02 0.2027678671736D-34 0.3232531769987D-02-0.2337363585139D-32
 0.6591672012766D-02 0.2625876904917D-32 0.5586413189524D-02 0.3325659090717D-54
 0.5445815663072D-02-0.1310046044997D-32 0.2798009279813D-02 0.2323019562262D-32
 0.4292403462551D-02 0.1617723138392D-31 0.4107651250568D-02 0.2244046888476D-32
 0.4294082964897D-02 0.1044787195615D-33 0.3929219556584D-02 0.2172893214226D-32
 0.1665078627206D-02 0.0000000000000D+00 0.3264305942641D-02-0.2940705459727D-32
 0.1418358348370D-02 0.5020776981945D-33 0.1544143110174D-02-0.1329876408049D-53
 0.1550035170565D-02-0.5319505630132D-53 0.2630127761385D-02 0.4410442280525D-33
 0.2662171622864D-02 0.1151311038135D-32 0.2543666665307D-02-0.4575722420783D-32
 0.2644999374822D-02 0.5849865045411D-34 0.2311173545517D-02 0.1943300906827D-32
 0.1253966378668D-02-0.5118032095581D-36 0.2139016999272D-02-0.5428538170202D-33
 0.2163019050590D-02-0.1522593173208D-32 0.2120134803811D-02 0.3762715346255D-53
 0.2142796915030D-02 0.6400329074835D-32 0.9712730256413D-03 0.2650595270292D-33
 0.1025393504770D-02 0.2038033939051D-53 0.2077054173368D-02 0.1222820363870D-52
 0.1812150840778D-02-0.2250882813909D-32 0.1678859022672D-02-0.1692396982084D-32
 0.8072336294373D-03-0.1122327007053D-32 0.1604153249747D-02 0.1211832670043D-52
 0.3846391819991D-03-0.1938932272092D-52 0.1518910861340D-02-0.1073542184058D-32
 0.1592858632539D-02-0.1009542948583D-52 0.7748329389544D-03 0.5047714742905D-53
 0.1457026013393D-02 0.8331565228301D-32 0.7448252723688D-03 0.1373415691814D-33
 0.7092545299745D-03 0.4846449682769D-32 0.1482348275143D-02-0.9728151413647D-33
 0.1481684316107D-02-0.4299145629698D-32 0.1435812568207D-02 0.1857073973028D-32
 0.1378185744322D-02 0.3883583221022D-32 0.1332563503605D-02 0.2534845932874D-33
 0.6830532258101D-03-0.5111230273120D-32 0.6705503425244D-03-0.1347129813740D-33
 0.1315839215001D-02 0.2530790772456D-32 0.1318486555845D-02 0.3345263017731D-33
 0.1299591179491D-02 0.2937095989326D-32 0.1280389813712D-02 0.2656568685634D-33
 0.1482688838903D-03-0.2891991415828D-34 0.1249102211703D-02 0.1294459559475D-32
 0.6164235505446D-03 0.3235455958964D-32 0.5771268639652D-03 0.8915095428675D-33
 0.1227930695983D-02 0.2267375804583D-52 0.6198404032588D-03 0.1700531853606D-52
 0.5836373698333D-03 0.5668439510615D-53 0.5855259560768D-03-0.1408050741480D-53
 0.1163526034485D-02-0.1098658725134D-32 0.5735082829436D-03-0.3190045055386D-33
 0.1156885126804D-02-0.4868835306769D-32 0.5580340817730D-03-0.1336799795144D-33
 0.1086169839449D-02-0.2868048527820D-32 0.1091223174442D-02 0.1098613464303D-52
 0.1082753758018D-02-0.2005035862105D-33 0.1078180281110D-02-0.2746533662659D-53
 0.1065751653917D-02 0.7503835195766D-33 0.5327732504293D-03-0.2696107634536D-53
 0.9862768729497D-03 0.3163167024417D-52 0.9975385281870D-03 0.1728787735061D-33
 0.9825724498516D-03-0.9360596074499D-33 0.9830221378065D-03-0.2122617802055D-33
 0.4682515019785D-03-0.1398007963415D-33 0.4671216736139D-03-0.6602099437723D-34
 0.8661425250390D-03 0.2040529375429D-32 0.8624540002332D-03 0.2036325925347D-31
 0.4306727869678D-03-0.1041702709275D-32 0.4317089958061D-03 0.9955348053219D-53
 0.8118268493737D-03 0.1922400519878D-52 0.8047464886824D-03 0.1441800389810D-52
 0.3642351775949D-03-0.5050121379380D-33 0.7264031940208D-03-0.5051111468250D-32
 0.7254288706507D-03 0.9460995861696D-33 0.7314019082059D-03 0.2442372008418D-32
 0.6591691734452D-03 0.1522940904172D-32 0.5753192985150D-03 0.2024336601714D-32
 0.5770502757293D-03 0.4452345308443D-34 0.4149350646395D-03-0.2931432406660D-32
 0.4145395512321D-03 0.8844718061392D-34 0.4167043996004D-03 0.4443353946622D-32
 0.1678156491768D-03 0.3445291983866D-33 0.8297095068784D-04-0.6457909299120D-50
 0.2497804674999D-03 0.9600130576524D-32 0.2490286758535D-03 0.4412786737387D-33
 0.2500931054358D-03-0.1260182271629D-34 0.2484853477283D-03 0.1158391730112D-34
 0.1235750474446D-03-0.6075110591062D-49 0.1154232353065D-03 0.1279579011057D-33
 0.8363254139604D-04 0.1957219254676D-40 0.8529503762933D-04 0.2048632283640D-50
 0.4396106315359D-04-0.1449158642248D-33 0.8653799710143D-04-0.9472243547643D-33
 0.8483853370055D-04-0.1008275656844D-31 0.7649620716468D-04-0.1092736605654D-32
 0.1013210589050D-04-0.1602510082870D-32 0.9527475190570D-05 0.2851622336090D-34
 0.4598704066012D-05 0.8462267514429D-33-0.6921337713092D-04 0.1700653652503D-32
-0.3688025868797D-04 0.1129641453854D-33-0.2382363544878D-04 0.2178714862012D-36
-0.1409787199774D-03-0.4792782175758D-33-0.2125643886805D-03 0.1991115587667D-32
-0.2104647945499D-03-0.8139878094720D-33-0.2138991511142D-03-0.1149419482056D-32
-0.1380772802894D-03-0.1653364170060D-32-0.1687201559789D-03 0.3240645627155D-33
-0.1686911884320D-03 0.3170490499292D-34-0.3370437974689D-03 0.4933602630403D-32
-0.1683202384748D-03 0.3340182944996D-33-0.3368035018771D-03-0.4502731063135D-34
-0.1684423911036D-03 0.1993229357888D-36-0.3378453624752D-03 0.1231129485647D-32
-0.3921747851007D-03 0.3440884212301D-34-0.3914063659161D-03-0.3747370079211D-34
-0.4414161363483D-03-0.1183443354267D-32-0.4415828481679D-03-0.1279818166428D-32
-0.4849539777843D-03 0.1394573896792D-32-0.5231942318991D-03-0.5076225284746D-33
-0.5230868870011D-03-0.2862392721659D-33-0.5229467857515D-03 0.7842390370886D-33
-0.5229709382675D-03 0.2581166080603D-35-0.5231946239574D-03 0.6216455996547D-34
-0.5231380750654D-03-0.1533297346559D-32-0.2615235764476D-03-0.3179880429710D-34
-0.5797810687265D-03 0.1440233604255D-32-0.5796808311543D-03 0.2001645488432D-31
-0.5797116026484D-03 0.1245346412535D-32-0.2992708070442D-03-0.5394044471144D-35
-0.6111300745839D-03-0.3822821386982D-32-0.6111732078900D-03-0.1186656504247D-32
-0.3087450311722D-03 0.1103171522707D-33-0.3087425450266D-03 0.1392430862300D-36
-0.6174880128303D-03 0.1403408989021D-33-0.7718586456212D-04 0.1062702559354D-38
-0.6177736420378D-03-0.5053384109925D-32-0.6177736420377D-03-0.1686773963057D-32
-0.6177736420386D-03 0.7976055558233D-33-0.6177736420389D-03 0.1582079421280D-31
-0.6177736420383D-03 0.5413296917125D-33-0.3088868210188D-03-0.4365538967169D-33
-0.3060889550853D-03 0.1131176830179D-32-0.3060889550854D-03 0.6404140092692D-33
-0.6009209055578D-03 0.1698017611243D-32-0.6009209055582D-03 0.4501862545512D-33
-0.5843176695489D-03-0.1273248180505D-32-0.2921588347747D-03 0.1039138788799D-34
-0.5626775432061D-03-0.5985504913855D-32-0.5626775432059D-03-0.1646975222464D-32
-0.5626775432059D-03 0.6639455884033D-33-0.5363567960513D-03-0.3744747588391D-32
-0.5057417775985D-03 0.3319593697208D-32-0.5057417775987D-03-0.2836809883683D-32
-0.5057417775990D-03 0.4796289479013D-33-0.1264354443996D-03-0.1215359985145D-31
-0.2528708887994D-03-0.4098052658531D-33-0.2356220476485D-03-0.3427703707831D-31
-0.2356220476478D-03 0.3056950670466D-33-0.2166478973823D-03-0.8098072645946D-33
-0.4332957947641D-03 0.5592325942997D-32-0.4332957947644D-03-0.1159171534152D-31
-0.2166478973832D-03-0.3417859059572D-33-0.4332957947648D-03-0.1191328627049D-32
-0.2166478973823D-03 0.4457666199838D-33-0.1961722929711D-03-0.7659314200702D-34
-0.3923445859444D-03-0.9523543285410D-33-0.3923445859424D-03-0.1209198252116D-33
-0.3488491556860D-03-0.1853673366886D-32-0.3488491556862D-03-0.2717185936032D-32
-0.1744245778441D-03-0.1128257348299D-31-0.2560880399037D-03 0.2435239607845D-32
-0.2560880399034D-03 0.5281396861498D-33-0.2560880399038D-03 0.1225625882593D-32
-0.2560880399055D-03-0.4487643209354D-32-0.2560880399041D-03 0.2300476927467D-34
-0.1038771809267D-03-0.2178563353258D-32-0.1587322596440D-03 0.3381695333893D-32
-0.7936612982197D-04 0.2519956944187D-33-0.7936612982250D-04 0.4837647614828D-32
-0.1587322596443D-03-0.8475810130232D-32-0.1587322596444D-03 0.6456984832983D-33
-0.1094704519077D-03 0.2659345287923D-32-0.1094704519091D-03 0.3187086764880D-32
-0.5473522595406D-04 0.6189347532526D-33-0.5473522595476D-04 0.1354386384973D-31
-0.3020209267330D-04 0.4035170044323D-32-0.6040418534657D-04-0.7419088226415D-34
-0.1195201067236D-04 0.1594525946597D-32-0.1195201067349D-04-0.4162707056444D-32
-0.5976005336363D-05-0.5820424816201D-33 0.3548715088828D-04-0.7383158367187D-33
 0.3548715088825D-04 0.1474792985770D-32 0.3548715088765D-04-0.1634518232723D-32
 0.3548715088784D-04 0.3533961718531D-32 0.1774357544428D-04 0.1270843645208D-33
 0.8153664022430D-04 0.2346911027692D-32
    1
    1    1  120    3
 0.6918792806602D-04 0.7804804915030D-04 0.8790550653975D-04 0.9884920212826D-04
 0.1109714411721D-03 0.1243683847639D-03 0.1391381694025D-03 0.1553812646873D-03
 0.1731979367993D-03 0.1926884651331D-03 0.2139498037008D-03 0.2370756965973D-03
 0.2621523867088D-03 0.2892586616335D-03 0.3184605455156D-03 0.3498113079702D-03
 0.3833451214388D-03 0.4190771926895D-03 0.4569963743906D-03 0.4970656720208D-03
 0.5392139443123D-03 0.5833370838108D-03 0.6292890633609D-03 0.6768842358419D-03
 0.7258880665177D-03 0.7760211090342D-03 0.8269498898786D-03 0.8782932023418D-03
 0.9296136868413D-03 0.9804271315369D-03 0.1030195331066D-02 0.1078339058878D-02
 0.1124232829352D-02 0.1167221940444D-02 0.1206619802080D-02 0.1241729083838D-02
 0.1271842168595D-02 0.1296265941334D-02 0.1314325493695D-02 0.1325391786516D-02
 0.1328887947929D-02 0.1324318603506D-02 0.1311277457958D-02 0.1289476527615D-02
 0.1258753176704D-02 0.1219096806965D-02 0.1170653370217D-02 0.1113746668080D-02
 0.1048878245557D-02 0.9767403193705D-03 0.8982090585815D-03 0.8143468461609D-03
 0.7263869152714D-03 0.6357233248323D-03 0.5438860978781D-03 0.4525181087441D-03
 0.3633407434607D-03 0.2781182850454D-03 0.1986163793095D-03 0.1265552896056D-03
 0.6356536199641D-04 0.1113319885979D-04-0.2944061292067D-04-0.5709646343471D-04
-0.7104847256755D-04-0.7083385953914D-04-0.5632792581111D-04-0.2778134425034D-04
 0.1418986309659D-04 0.6858618985628D-04 0.1340625438662D-03 0.2089335675462D-03
 0.2912431544368D-03 0.3787909736697D-03 0.4692334258609D-03 0.5601300084864D-03
 0.6490687166706D-03 0.7337248970827D-03 0.8120047269915D-03 0.8821038343357D-03
 0.9426575580261D-03 0.9927875352068D-03 0.1032245385359D-02 0.1061438271665D-02
 0.1081553978483D-02 0.1094560617764D-02 0.1103307384397D-02 0.1111497761675D-02
 0.1123764029438D-02 0.1145620813544D-02 0.1183519853333D-02 0.1244786844027D-02
 0.1337670096129D-02 0.1471269556714D-02 0.1655591549190D-02 0.1901480437862D-02
 0.2220696800639D-02 0.2625865454353D-02 0.3130594952061D-02 0.3749463237052D-02
 0.4498195275667D-02 0.5393713070306D-02 0.6454387650912D-02 0.7700173154487D-02
 0.9152954027162D-02 0.1083677552958D-01 0.1277832693094D-01 0.1500730146959D-01
 0.1755710284414D-01 0.2046543271674D-01 0.2377534714687D-01 0.2753620753756D-01
 0.3180519898802D-01 0.3664872951097D-01 0.4214453889173D-01 0.4838376606632D-01
 0.5547412261992D-01 0.6354338481535D-01 0.7274461739616D-01 0.8326202970142D-01
 0.5527738201224D-09 0.6726917740469D-09 0.8178340709960D-09 0.9933018018838D-09
 0.1205181931325D-08 0.1460715915275D-08 0.1768515547091D-08 0.2138791172025D-08
 0.2583642183488D-08 0.3117360252531D-08 0.3756819522598D-08 0.4521873539304D-08
 0.5435869726596D-08 0.6526166787498D-08 0.7824804051197D-08 0.9369159591564D-08
 0.1120281662291D-07 0.1337638551015D-07 0.1594860114252D-07 0.1898733906801D-07
 0.2257098318449D-07 0.2678964054672D-07 0.3174683265089D-07 0.3756090668341D-07
 0.4436706812255D-07 0.5231898785501D-07 0.6159119105643D-07 0.7238077865990D-07
 0.8491020254503D-07 0.9942899004512D-07 0.1162168318610D-06 0.1355851865108D-06
 0.1578805835820D-06 0.1834858124909D-06 0.2128233645120D-06 0.2463558102201D-06
 0.2845891483908D-06 0.3280719615007D-06 0.3773983610301D-06 0.4332052329771D-06
 0.4961745459190D-06 0.5670278365821D-06 0.6465273725571D-06 0.7354671041051D-06
 0.8346720061623D-06 0.9449842998103D-06 0.1067260680933D-05 0.1202352109317D-05
 0.1351098656902D-05 0.1514301599166D-05 0.1692714837329D-05 0.1887008522186D-05
 0.2097757113403D-05 0.2325392785257D-05 0.2570191515756D-05 0.2832215760369D-05
 0.3111299660812D-05 0.3406983032813D-05 0.3718498366425D-05 0.4044698012538D-05
 0.4384049630854D-05 0.4734560548496D-05 0.5093788140416D-05 0.5458770082836D-05
 0.5826058573501D-05 0.6191665278213D-05 0.6551133102806D-05 0.6899508034256D-05
 0.7231464564296D-05 0.7541321994616D-05 0.7823247414837D-05 0.8071342308425D-05
 0.8279951785720D-05 0.8443858541968D-05 0.8558740493504D-05 0.8621509678328D-05
 0.8630967681153D-05 0.8588350728693D-05 0.8498241597863D-05 0.8369399875185D-05
 0.8216044742704D-05 0.8059104059253D-05 0.7928043053929D-05 0.7862778576681D-05
 0.7916361229140D-05 0.8157925495496D-05 0.8676715060104D-05 0.9586642603126D-05
 0.1103232669329D-04 0.1319598432349D-04 0.1630632549482D-04 0.2064855218683D-04
 0.2657699556700D-04 0.3452900050305D-04 0.4504213851724D-04 0.5877295635219D-04
 0.7652013615627D-04 0.9925016598736D-04 0.1281299779179D-03 0.1645647233166D-03
 0.2102477409243D-03 0.2672206695742D-03 0.3379533852472D-03 0.4254397126556D-03
 0.5333201755874D-03 0.6660225077155D-03 0.8289335944764D-03 0.1028589062478D-02
 0.1272905867762D-02 0.1571449056324D-02 0.1935787028038D-02 0.2379937631348D-02
 0.2920986053340D-02 0.3579859018940D-02 0.4382330313263D-02 0.5360190110536D-02
 0.6552682672258D-02 0.8008196895314D-02 0.9786530734812D-02 0.1196188664004D-01
 0.2500786151262D-13 0.3246587900630D-13 0.4211453672772D-13 0.5458564109883D-13
 0.7068930493404D-13 0.9146293282775D-13 0.1182333325809D-12 0.1526951505014D-12
 0.1970099928615D-12 0.2539310913763D-12 0.3269604109897D-12 0.4205453767836D-12
 0.5403258485604D-12 0.6934423303373D-12 0.8889211211314D-12 0.1138152785685D-11
 0.1455488067341D-11 0.1858974040791D-11 0.2371267096754D-11 0.3020755588725D-11
 0.3842944787376D-11 0.4882150264396D-11 0.6193578269631D-11 0.7845851379835D-11
 0.9924095812826D-11 0.1253366656934D-10 0.1580467131825D-10 0.1989738793363D-10
 0.2500880913850D-10 0.3138040429128D-10 0.3930743509626D-10 0.4914990658257D-10
 0.6134559551062D-10 0.7642519619228D-10 0.9503020690782D-10 0.1179334037667D-09
 0.1460628165078D-09 0.1805287173695D-09 0.2226548465157D-09 0.2740127848327D-09
 0.3364612674585D-09 0.4121880240050D-09 0.5037568749065D-09 0.6141557010296D-09
 0.7468488384736D-09 0.9058265976336D-09 0.1095657124738D-08 0.1321527467495D-08
 0.1589282651585D-08 0.1905440794197D-08 0.2277197054770D-08 0.2712382693489D-08
 0.3219399228434D-08 0.3807073392116D-08 0.4484468368654D-08 0.5260568045453D-08
 0.6143889843538D-08 0.7141907769739D-08 0.8260376066752D-08 0.9502383165670D-08
 0.1086728883255D-07 0.1234930573451D-07 0.1393598480579D-07 0.1560627174082D-07
 0.1732857675878D-07 0.1905841036143D-07 0.2073630288621D-07 0.2228546133007D-07
 0.2361027238764D-07 0.2459504035458D-07 0.2510470886549D-07 0.2498678036956D-07
 0.2407727850566D-07 0.2220982705269D-07 0.1923196669010D-07 0.1502777822006D-07
 0.9553070057405D-08 0.2881501394004D-08-0.4728633461887D-08-0.1274903095082D-07
-0.2026353081095D-07-0.2581930968134D-07-0.2722574934661D-07-0.2130155408195D-07
-0.3534071230760D-08 0.3235459285435D-07 0.9499475844103D-07 0.1961338292594D-06
 0.3516833209505D-06 0.5831052819002D-06 0.9193227419346D-06 0.1399263181577D-05
 0.2075340700140D-05 0.3018044547334D-05 0.4322101905746D-05 0.6114436262922D-05
 0.8564569313732D-05 0.1189774227340D-04 0.1641167499117D-04 0.2249738063371D-04
 0.3066558807201D-04 0.4157977276913D-04 0.5609883251461D-04 0.7533193092262D-04
 0.1007113416323D-03 0.1340881899860D-03 0.1778606339538D-03 0.2351414496343D-03
 0.3099782093040D-03 0.4076344940351D-03 0.5349518725211D-03 0.7008087672029D-03
 0.9167169573131D-03 0.1197598425178D-02 0.1562828501318D-02 0.2037628858261D-02
 0.2654948732729D-02 0.3457951566956D-02 0.4503312522455D-02 0.5865535975406D-02
    2    2  120    8
-0.6874033245559D-07-0.7739482179056D-07-0.8713609267124D-07-0.9809996838471D-07
-0.1104394344821D-06-0.1243262105842D-06-0.1399536930830D-06-0.1575389038695D-06
-0.1773262298658D-06-0.1995898726688D-06-0.2246385270708D-06-0.2528184917088D-06
-0.2845195722458D-06-0.3201789285696D-06-0.3602885647398D-06-0.4054001538565D-06
-0.4561343922887D-06-0.5131871129112D-06-0.5773410668942D-06-0.6494734613043D-06
-0.7305708808613D-06-0.8217387136528D-06-0.9242197482969D-06-0.1039406084026D-05
-0.1168862505206D-05-0.1314341110332D-05-0.1477810853712D-05-0.1661475773335D-05
-0.1867811718852D-05-0.2099589306344D-05-0.2359919967699D-05-0.2652284012003D-05
-0.2980588681210D-05-0.3349202959538D-05-0.3763029542316D-05-0.4227548491667D-05
-0.4748907210410D-05-0.5333973492178D-05-0.5990448628836D-05-0.6726932854629D-05
-0.7553065081510D-05-0.8479604556180D-05-0.9518604964641D-05-0.1068351292792D-04
-0.1198938613224D-04-0.1345301400375D-04-0.1509318611901D-04-0.1693084182020D-04
-0.1898940334005D-04-0.2129495457152D-04-0.2387665686068D-04-0.2676696612887D-04
-0.3000214158989D-04-0.3362251436178D-04-0.3767311448344D-04-0.4220398788727D-04
-0.4727097764549D-04-0.5293610275406D-04-0.5926850962151D-04-0.6634493633583D-04
-0.7425087945281D-04-0.8308113452168D-04-0.9294123875226D-04-0.1039481126670D-03
-0.1162318052902D-03-0.1299362674585D-03-0.1452214851127D-03-0.1622643594539D-03
-0.1812613316735D-03-0.2024294060430D-03-0.2260093043364D-03-0.2522666885659D-03
-0.2814959838357D-03-0.3140217274574D-03-0.3502032638417D-03-0.3904362640453D-03
-0.4351583168837D-03-0.4848507293610D-03-0.5400452654857D-03-0.6013260234586D-03
-0.6693376850329D-03-0.7447875634762D-03-0.8284553380610D-03-0.9211954396648D-03
-0.1023948721472D-02-0.1137744775249D-02-0.1263716174892D-02-0.1403100809818D-02
-0.1557258848519D-02-0.1727674918754D-02-0.1915978991681D-02-0.2123947867487D-02
-0.2353530351080D-02-0.2606848853532D-02-0.2886229271055D-02-0.3194202116014D-02
-0.3533539262792D-02-0.3907254098670D-02-0.4318645847806D-02-0.4771300063113D-02
-0.5269141606223D-02-0.5816434673232D-02-0.6417848273926D-02-0.7078454828684D-02
-0.7803809763326D-02-0.8599951266681D-02-0.9473496010007D-02-0.1043163928635D-01
-0.1148227519266D-01-0.1263399700040D-01-0.1389624810644D-01-0.1527933181585D-01
-0.1679460280911D-01-0.1845449317542D-01-0.2027276771478D-01-0.2226457586609D-01
-0.2444678998951D-01-0.2683810273171D-01-0.2945946755742D-01-0.3233424891902D-01
 0.3010084522665D-11 0.3596701123410D-11 0.4297744107581D-11 0.5135524693187D-11
 0.6136718338127D-11 0.7333180247537D-11 0.8762993068417D-11 0.1047162945999D-10
 0.1251344913548D-10 0.1495335395162D-10 0.1786892090743D-10 0.2135276249179D-10
 0.2551557320815D-10 0.3048947838857D-10 0.3643238429011D-10 0.4353275273642D-10
 0.5201578160866D-10 0.6215021289145D-10 0.7425714174952D-10 0.8871967714377D-10
 0.1059955016220D-09 0.1266306270288D-09 0.1512772179670D-09 0.1807131798634D-09
 0.2158675497252D-09 0.2578482137204D-09 0.3079780903222D-09 0.3678345349007D-09
 0.4393006387292D-09 0.5246212106354D-09 0.6264756536189D-09 0.7480574112752D-09
 0.8931771877926D-09 0.1066375873331D-08 0.1273070953702D-08 0.1519716134073D-08
 0.1814009131167D-08 0.2165117854157D-08 0.2583974519684D-08 0.3083595489559D-08
 0.3679498223239D-08 0.4390152591265D-08 0.5237570880268D-08 0.6247946393725D-08
 0.7452485670250D-08 0.8888310172899D-08 0.1059963191663D-07 0.1263902538895D-07
 0.1506908401112D-07 0.1796421238908D-07 0.2141296536922D-07 0.2552056389742D-07
 0.3041218648899D-07 0.3623651618199D-07 0.4317036162809D-07 0.5142363234133D-07
 0.6124584731901D-07 0.7293309335447D-07 0.8683715851645D-07 0.1033752968803D-06
 0.1230430148279D-06 0.1464277098572D-06 0.1742265829547D-06 0.2072657161262D-06
 0.2465250350090D-06 0.2931649514819D-06 0.3485612681231D-06 0.4143421537713D-06
 0.4924368006437D-06 0.5851269620698D-06 0.6951145569651D-06 0.8255930982076D-06
 0.9803419381669D-06 0.1163824957623D-05 0.1381321346688D-05 0.1639062529558D-05
 0.1944413007958D-05 0.2306059571078D-05 0.2734261768690D-05 0.3241113214724D-05
 0.3840887272181D-05 0.4550397532623D-05 0.5389476478892D-05 0.6381470449954D-05
 0.7553900115895D-05 0.8939144404611D-05 0.1057535086689D-04 0.1250737491729D-04
 0.1478804028347D-04 0.1747942787729D-04 0.2065461511545D-04 0.2439945293313D-04
 0.2881496309610D-04 0.3401977661089D-04 0.4015344256041D-04 0.4737978404419D-04
 0.5589143345067D-04 0.6591443842640D-04 0.7771450953864D-04 0.9160327568052D-04
 0.1079468357270D-03 0.1271743217080D-03 0.1497895306547D-03 0.1763825327431D-03
 0.2076456209345D-03 0.2443890626466D-03 0.2875629023249D-03 0.3382787092731D-03
 0.3978397267722D-03 0.4677710799441D-03 0.5498624467356D-03 0.6462109141209D-03
 0.7592818298152D-03 0.8919710086234D-03 0.1047692229296D-02 0.1230466684017D-02
 0.1445048214664D-02 0.1697050866234D-02 0.1993124090304D-02 0.2341131764297D-02
-0.5470700556476D-11-0.6537290411048D-11-0.7811973385299D-11-0.9335325297539D-11
-0.1115586167363D-10-0.1333151616090D-10-0.1593154963463D-10-0.1903866036019D-10
-0.2275171135295D-10-0.2718873651374D-10-0.3249082036373D-10-0.3882639436782D-10
-0.4639677036329D-10-0.5544224257584D-10-0.6624998021408D-10-0.7916273442628D-10
-0.9459006605341D-10-0.1130207293393D-09-0.1350387013672D-09-0.1613407562622D-09
-0.1927593018291D-09-0.2302874277379D-09-0.2751113289840D-09-0.3286459338734D-09
-0.3925811317663D-09-0.4689322307845D-09-0.5601057722905D-09-0.6689713690306D-09
-0.7989549993995D-09-0.9541410481700D-09-0.1139404982733D-08-0.1360558201005D-08
-0.1624535974137D-08-0.1939603423452D-08-0.2315622340907D-08-0.2764342382584D-08
-0.3299779967226D-08-0.3938631251979D-08-0.4700808639033D-08-0.5610025165128D-08
-0.6694555824716D-08-0.7988062656591D-08-0.9530672676751D-08-0.1137014690053D-07
-0.1356340210605D-07-0.1617816223248D-07-0.1929511086527D-07-0.2301022392236D-07
-0.2743780317915D-07-0.3271376911983D-07-0.3899994956118D-07-0.4648870478463D-07
-0.5540897003014D-07-0.6603278659306D-07-0.7868379092740D-07-0.9374638678673D-07
-0.1116777182586D-06-0.1330205065204D-06-0.1584198667655D-06-0.1886413469048D-06
-0.2245944794380D-06-0.2673579933604D-06-0.3182128282001D-06-0.3786774129719D-06
-0.4505536611672D-06-0.5359762437590D-06-0.6374768833684D-06-0.7580526514359D-06
-0.9012555012170D-06-0.1071287342015D-05-0.1273124152992D-05-0.1512647415712D-05
-0.1796816703405D-05-0.2133850537790D-05-0.2533464964034D-05-0.3007123386952D-05
-0.3568364782767D-05-0.4233146817909D-05-0.5020297946575D-05-0.5951988074246D-05
-0.7054348116702D-05-0.8358114770508D-05-0.9899482754051D-05-0.1172098284725D-04
-0.1387265041358D-04-0.1641323089771D-04-0.1941178063974D-04-0.2294931339312D-04
-0.2712100929093D-04-0.3203846530560D-04-0.3783273773231D-04-0.4465744461227D-04
-0.5269295747385D-04-0.6215066245746D-04-0.7327875498170D-04-0.8636811281169D-04
-0.1017602380887D-03-0.1198553160442D-03-0.1411231270476D-03-0.1661139157280D-03
-0.1954731990826D-03-0.2299564391484D-03-0.2704488434136D-03-0.3179847870171D-03
-0.3737743565266D-03-0.4392289080935D-03-0.5159964668778D-03-0.6059961425128D-03
-0.7114662439921D-03-0.8350115868504D-03-0.9796716973290D-03-0.1148988640775D-02
-0.1347105804029D-02-0.1578868691355D-02-0.1849969077848D-02-0.2167091361149D-02
-0.2538118091246D-02-0.2972334160953D-02-0.3480704515286D-02-0.4076146293269D-02
-0.4703752995583D-15-0.5970706750307D-15-0.7579022237890D-15-0.9620654757288D-15
-0.1221231917396D-14-0.1550213727842D-14-0.1967809321234D-14-0.2497871182034D-14
-0.3170669375189D-14-0.4024603682094D-14-0.5108399357461D-14-0.6483859847004D-14
-0.8229385962994D-14-0.1044440690042D-13-0.1325502178277D-13-0.1682112196092D-13
-0.2134543054381D-13-0.2708492509371D-13-0.3436533677586D-13-0.4359942981608D-13
-0.5531025365238D-13-0.7016036604902D-13-0.8898904690694D-13-0.1128590071413D-12
-0.1431158397315D-12-0.1814625696079D-12-0.2300545503472D-12-0.2916183250607D-12
-0.3696026250523D-12-0.4683676638914D-12-0.5934251140152D-12-0.7517389895484D-12
-0.9521060640841D-12-0.1205632924876D-11-0.1526338107676D-11-0.1931906239653D-11
-0.2444638789563D-11-0.3092642634336D-11-0.3911326934890D-11-0.4945270288224D-11
-0.6250569314994D-11-0.7897761261803D-11-0.9975494638353D-11-0.1259508491413D-10
-0.1589622479929D-10-0.2005405381476D-10-0.2528799639737D-10-0.3187267038577D-10
-0.4015148883380D-10-0.5055338965413D-10-0.6361363077252D-10-0.7999926212471D-10
-0.1005406694814D-09-0.1262700540100D-09-0.1584688746098D-09-0.1987254028018D-09
-0.2490053767269D-09-0.3117371707725D-09-0.3899157969675D-09-0.4872273737899D-09
-0.6082002036950D-09-0.7583840488868D-09-0.9445662751794D-09-0.1175025881041D-08
-0.1459837300804D-08-0.1811223619560D-08-0.2243975429969D-08-0.2775931503501D-08
-0.3428543798221D-08-0.4227517010056D-08-0.5203553814870D-08-0.6393186100287D-08
-0.7839738750230D-08-0.9594389943608D-08-0.1171740320445D-07-0.1427947534002D-07
-0.1736332740519D-07-0.2106546532047D-07-0.2549834145811D-07-0.3079284160289D-07
-0.3710152917068D-07-0.4460261818007D-07-0.5350549671082D-07-0.6405791019024D-07
-0.7655633170911D-07-0.9135999378599D-07-0.1089112825238D-06-0.1297636203899D-06
-0.1546215547210D-06-0.1843950839944D-06-0.2202759969189D-06-0.2638394515762D-06
-0.3171826691413D-06-0.3831047519517D-06-0.4653447414325D-06-0.5688809517413D-06
-0.7003138866070D-06-0.8683315503890D-06-0.1084284596355D-05-0.1362858738638D-05
-0.1722879871779D-05-0.2188224020431D-05-0.2788883523837D-05-0.3562153870633D-05
-0.4554046131234D-05-0.5820911397625D-05-0.7431518684351D-05-0.9469677676486D-05
-0.1203791565010D-04-0.1526250732399D-04-0.1930080301022D-04-0.2435136204162D-04
-0.3066830011622D-04-0.3858029847515D-04-0.4851583276990D-04-0.6103426851842D-04
-0.7686408408523D-04-0.9694646065580D-04-0.1224856858050D-03-0.1550047968461D-03
 0.8766306144844D-15 0.1112792588137D-14 0.1412601900002D-14 0.1793209320751D-14
 0.2276387548154D-14 0.2889769240410D-14 0.3668427073591D-14 0.4656870802450D-14
 0.5911589564218D-14 0.7504259066028D-14 0.9525833442068D-14 0.1209169889502D-13
 0.1534825823995D-13 0.1948120296650D-13 0.2472608368971D-13 0.3138161639445D-13
 0.3982662356102D-13 0.5054140206663D-13 0.6413488079608D-13 0.8137888607781D-13
 0.1032516693669D-12 0.1309927657481D-12 0.1661726866779D-12 0.2107806889569D-12
 0.2673362143398D-12 0.3390291182783D-12 0.4298976600173D-12 0.5450522095534D-12
 0.6909591587460D-12 0.8757971882403D-12 0.1109909302838D-11 0.1406369482488D-11
 0.1781700627495D-11 0.2256774160167D-11 0.2857948188718D-11 0.3618491883533D-11
 0.4580385402785D-11 0.5796570041419D-11 0.7333785942936D-11 0.9276115997192D-11
 0.1172944720852D-10 0.1482703124821D-10 0.1873647441534D-10 0.2366842924945D-10
 0.2988750167611D-10 0.3772577557748D-10 0.4759975308005D-10 0.6003129863631D-10
 0.7567380565185D-10 0.9534444476657D-10 0.1200643413698D-09 0.1511079065835D-09
 0.1900640855352D-09 0.2389112706155D-09 0.3001099387253D-09 0.3767154098450D-09
 0.4725167046911D-09 0.5922045924021D-09 0.7415775456605D-09 0.9277893684369D-09
 0.1159651011751D-08 0.1447990666810D-08 0.1806090007652D-08 0.2250200096786D-08
 0.2800161817990D-08 0.3480132506324D-08 0.4319452799416D-08 0.5353650115654D-08
 0.6625625538829D-08 0.8187010591345D-08 0.1009975779018D-07 0.1243793313673D-07
 0.1528980350166D-07 0.1876015464197D-07 0.2297298336935D-07 0.2807445555931D-07
 0.3423636153715D-07 0.4165990994954D-07 0.5058026392869D-07 0.6127162064701D-07
 0.7405356785825D-07 0.8929853780435D-07 0.1074417424868D-06 0.1289935553423D-06
 0.1545569144771D-06 0.1848502353044D-06 0.2207404338646D-06 0.2632875728239D-06
 0.3138093499120D-06 0.3739685044989D-06 0.4458970763830D-06 0.5323629914504D-06
 0.6370010694823D-06 0.7646162244064D-06 0.9215923053838D-06 0.1116414670934D-05
 0.1360352878040D-05 0.1668307686717D-05 0.2059883578862D-05 0.2560675166734D-05
 0.3203849662013D-05 0.4031989234930D-05 0.5099307286794D-05 0.6474183859165D-05
 0.8242222673401D-05 0.1050979282252D-04 0.1340847749229D-04 0.1710054026315D-04
 0.2178627852788D-04 0.2771371318727D-04 0.3519228144753D-04 0.4461141559651D-04
 0.5646669729684D-04 0.7139466313417D-04 0.9021974070456D-04 0.1140135654474D-03
 0.1441704163696D-03 0.1824971157119D-03 0.2313218959006D-03 0.2936205908024D-03
-0.6538582666943D-18-0.8822679294897D-18-0.1190431012415D-17-0.1606176716751D-17
-0.2167043535969D-17-0.2923654614616D-17-0.3944281707234D-17-0.5320989444443D-17
-0.7177918982813D-17-0.9682449451094D-17-0.1306025300176D-16-0.1761554824760D-16
-0.2375845028200D-16-0.3204172025306D-16-0.4321037686209D-16-0.5826842020450D-16
-0.7856875759693D-16-0.1059342155536D-15-0.1428205043097D-15-0.1925355207933D-15
-0.2595345269811D-15-0.3498172877096D-15-0.4714621892339D-15-0.6353448781682D-15
-0.8561042493517D-15-0.1153441154475D-14-0.1553863811994D-14-0.2093032751725D-14
-0.2818910907204D-14-0.3795992362583D-14-0.5110980513764D-14-0.6880404914554D-14
-0.9260840005568D-14-0.1246260467401D-13-0.1676812380573D-13-0.2255652566632D-13
-0.3033657485960D-13-0.4079074790908D-13-0.5483418273386D-13-0.7369348507976D-13
-0.9901199117459D-13-0.1329903158813D-12-0.1785738353291D-12-0.2397026130366D-12
-0.3216442757112D-12-0.4314370506217D-12-0.5784787208397D-12-0.7753089674882D-12
-0.1038647341342D-11-0.1390768886065D-11-0.1861325009069D-11-0.2489750549297D-11
-0.3328441158320D-11-0.4446941487480D-11-0.5937456067674D-11-0.7922088964480D-11
-0.1056233512217D-10-0.1407149995459D-10-0.1873091299366D-10-0.2491104580077D-10
-0.3309894477710D-10-0.4393376947221D-10-0.5825268604753D-10-0.7714994294609D-10
-0.1020526266339D-09-0.1348174326269D-09-0.1778537184492D-09-0.2342792382793D-09
-0.3081161397968D-09-0.4045361901013D-09-0.5301654504160D-09-0.6934600012560D-09
-0.9051651044798D-09-0.1178870847926D-08-0.1531676389908D-08-0.1984973250078D-08
-0.2565352968514D-08-0.3305637346054D-08-0.4246015687800D-08-0.5435255700976D-08
-0.6931924993133D-08-0.8805524069224D-08-0.1113737607804D-07-0.1402105555970D-07
-0.1756204637084D-07-0.2187622391207D-07-0.2708662592823D-07-0.3331786098495D-07
-0.4068735480194D-07-0.4929255661611D-07-0.5919313647722D-07-0.7038730081539D-07
-0.8278149182897D-07-0.9615326924011D-07-0.1101078091758D-06-0.1240297969795D-06
-0.1370339022805D-06-0.1479194303845D-06-0.1551367966507D-06-0.1567765397856D-06
-0.1505927273600D-06-0.1340740360350D-06-0.1045716856535D-06-0.5948743957403D-07
 0.3493025682340D-08 0.8615827009302D-07 0.1896003395233D-06 0.3142397924888D-06
 0.4602412325389D-06 0.6285696071735D-06 0.8230092209793D-06 0.1053475022492D-05
 0.1340947721895D-05 0.1724222613506D-05 0.2268522925976D-05 0.3075702257984D-05
 0.4295627986667D-05 0.6138162271774D-05 0.8885760126577D-05 0.1290770210555D-04
 0.1126284759802D-17 0.1519745202066D-17 0.2050598550192D-17 0.2766796432805D-17
 0.3733015173595D-17 0.5036485348714D-17 0.6794854249188D-17 0.9166770128198D-17
 0.1236617101358D-16 0.1668154180113D-16 0.2250182831899D-16 0.3035144376822D-16
 0.4093731479665D-16 0.5521241325120D-16 0.7446121253126D-16 0.1004148823120D-15
 0.1354064039654D-15 0.1825794121842D-15 0.2461694717696D-15 0.3318826631629D-15
 0.4474051959629D-15 0.6030891191789D-15 0.8128749383724D-15 0.1095533228753D-14
 0.1476333093162D-14 0.1989287718300D-14 0.2680170665038D-14 0.3610571684506D-14
 0.4863343485478D-14 0.6549921229547D-14 0.8820145936738D-14 0.1187545441656D-13
 0.1598657461884D-13 0.2151726445534D-13 0.2895613326904D-13 0.3895929683854D-13
 0.5240750654261D-13 0.7048265395960D-13 0.9477014235322D-13 0.1273958065848D-12
 0.1712089405168D-12 0.2300267913418D-12 0.3089609501334D-12 0.4148527755732D-12
 0.5568537605629D-12 0.7471985987829D-12 0.1002233861459D-11 0.1343785670895D-11
 0.1800976093514D-11 0.2412633267112D-11 0.3230485069101D-11 0.4323386416408D-11
 0.5782907270328D-11 0.7730708528242D-11 0.1032826358371D-10 0.1378965025317D-10
 0.1839835336037D-10 0.2452929397226D-10 0.3267765133437D-10 0.4349649087175D-10
 0.5784576760693D-10 0.7685598635832D-10 0.1020106606743D-09 0.1352528079502D-09
 0.1791220155038D-09 0.2369302311964D-09 0.3129862970336D-09 0.4128815138093D-09
 0.5438510354592D-09 0.7152288202225D-09 0.9390168644129D-09 0.1230592769439D-08
 0.1609582427953D-08 0.2100927333377D-08 0.2736176661557D-08 0.3555033857688D-08
 0.4607182081011D-08 0.5954404178759D-08 0.7672994004405D-08 0.9856429685541D-08
 0.1261823449594D-07 0.1609489287524D-07 0.2044859895903D-07 0.2586950662142D-07
 0.3257699175111D-07 0.4081926178059D-07 0.5087040689336D-07 0.6302374880032D-07
 0.7758003859068D-07 0.9482882627686D-07 0.1150210636512D-06 0.1383309895942D-06
 0.1648054106063D-06 0.1942991339775D-06 0.2263962041162D-06 0.2603186127232D-06
 0.2948265546970D-06 0.3281184357645D-06 0.3577430658521D-06 0.3805427334035D-06
 0.3926503463053D-06 0.3895694830066D-06 0.3663651307888D-06 0.3179894278900D-06
 0.2397467118618D-06 0.1278741999857D-06-0.1984464238015D-07-0.2035862412521D-06
-0.4213759770131D-06-0.6697269428199D-06-0.9455296843282D-06-0.1249750639628D-05
-0.1593539586613D-05-0.2007175485981D-05-0.2552055866242D-05-0.3335378503702D-05
-0.4526736193735D-05-0.6375238955957D-05-0.9226091593099D-05-0.1353643295221D-04
-0.8176140116127D-18-0.1103214937992D-17-0.1488529986735D-17-0.2008351105645D-17
-0.2709605430715D-17-0.3655574486241D-17-0.4931598454624D-17-0.6652751541246D-17
-0.8974200549078D-17-0.1210513481240D-16-0.1632759362530D-16-0.2202176539113D-16
-0.2970011828284D-16-0.4005337185566D-16-0.5401239441722D-16-0.7283155487229D-16
-0.9820102778052D-16-0.1323978748964D-15-0.1784895192477D-15-0.2406074979338D-15
-0.3243159346615D-15-0.4371070820567D-15-0.5890681298465D-15-0.7937774238170D-15
-0.1069510115384D-14-0.1440857745584D-14-0.1940905332402D-14-0.2614155311010D-14
-0.3520455397178D-14-0.4740269577480D-14-0.6381754695860D-14-0.8590252162494D-14
-0.1156101832255D-13-0.1555628760951D-13-0.2092813719724D-13-0.2814910789882D-13
-0.3785319636829D-13-0.5089069042592D-13-0.6840150146530D-13-0.9191315680920D-13
-0.1234716540049D-12-0.1658161168754D-12-0.2226116718982D-12-0.2987598059300D-12
-0.4008115196842D-12-0.5375169601362D-12-0.7205557674317D-12-0.9655067270979D-12
-0.1293133550160D-11-0.1731087951107D-11-0.2316162506238D-11-0.3097266967670D-11
-0.4139354058464D-11-0.5528590449838D-11-0.7379155103154D-11-0.9842162540081D-11
-0.1311735003045D-10-0.1746835559022D-10-0.2324263993815D-10-0.3089740479025D-10
-0.4103321574424D-10-0.5443749996525D-10-0.7214062843188D-10-0.9548798633842D-10
-0.1262322182154D-09-0.1666508222274D-09-0.2196953347166D-09-0.2891796653040D-09
-0.3800164373382D-09-0.4985117552807D-09-0.6527300907718D-09-0.8529424024259D-09
-0.1112171134713D-08-0.1446846062121D-08-0.1877583081477D-08-0.2430095281104D-08
-0.3136238120642D-08-0.4035180960244D-08-0.5174678445334D-08-0.6612392688197D-08
-0.8417178676565D-08-0.1067020123258D-07-0.1346568242985D-07-0.1691100473555D-07
-0.2112578478974D-07-0.2623942909928D-07-0.3238653582189D-07-0.3969939968767D-07
-0.4829673162649D-07-0.5826768676429D-07-0.6965026529779D-07-0.8240342363713D-07
-0.9637256211308D-07-0.1112489802251D-06-0.1265249227025D-06-0.1414478949859D-06
-0.1549799544250D-06-0.1657710918382D-06-0.1721584321396D-06-0.1722069249407D-06
-0.1638077832453D-06-0.1448517339429D-06-0.1134860627104D-06-0.6845347260707D-07
-0.9481408678100D-08 0.6234471540964D-07 0.1443570008422D-06 0.2324294817521D-06
 0.3217558468026D-06 0.4086631729290D-06 0.4939453264364D-06 0.5881986165032D-06
 0.7196342827569D-06 0.9446154072215D-06 0.1360957895847D-05 0.2123561099159D-05
 0.3461806132371D-05 0.5698034239201D-05 0.9267606605517D-05 0.1474299770175D-04
