bcc Sb -- Hedin-Lundqvist LDA                                                   
INPUT  IT=171 SPIN=1 NTYPE=  2
 -4.000000  4.000000  4.000000
  4.000000 -4.000000  4.000000
  4.000000  4.000000 -4.000000
    1  435  2.200000  0.030000    1
  0.000000  0.000000  0.000000
 0.1019976469512D+03 0.1019975743140D+03 0.1019974994362D+03 0.1019974222489D+03
 0.1019973426807D+03 0.1019972606583D+03 0.1019971761061D+03 0.1019970889461D+03
 0.1019969990980D+03 0.1019969064788D+03 0.1019968110033D+03 0.1019967125832D+03
 0.1019966111280D+03 0.1019965065440D+03 0.1019963987348D+03 0.1019962876011D+03
 0.1019961730403D+03 0.1019960549469D+03 0.1019959332120D+03 0.1019958077233D+03
 0.1019956783652D+03 0.1019955450185D+03 0.1019954075602D+03 0.1019952658637D+03
 0.1019951197983D+03 0.1019949692294D+03 0.1019948140182D+03 0.1019946540217D+03
 0.1019944890925D+03 0.1019943190784D+03 0.1019941438230D+03 0.1019939631646D+03
 0.1019937769368D+03 0.1019935849679D+03 0.1019933870812D+03 0.1019931830941D+03
 0.1019929728189D+03 0.1019927560617D+03 0.1019925326228D+03 0.1019923022963D+03
 0.1019920648701D+03 0.1019918201254D+03 0.1019915678367D+03 0.1019913077715D+03
 0.1019910396904D+03 0.1019907633462D+03 0.1019904784845D+03 0.1019901848428D+03
 0.1019898821507D+03 0.1019895701292D+03 0.1019892484909D+03 0.1019889169396D+03
 0.1019885751698D+03 0.1019882228667D+03 0.1019878597059D+03 0.1019874853527D+03
 0.1019870994624D+03 0.1019867016795D+03 0.1019862916375D+03 0.1019858689589D+03
 0.1019854332543D+03 0.1019849841224D+03 0.1019845211494D+03 0.1019840439089D+03
 0.1019835519613D+03 0.1019830448536D+03 0.1019825221186D+03 0.1019819832749D+03
 0.1019814278260D+03 0.1019808552605D+03 0.1019802650508D+03 0.1019796566534D+03
 0.1019790295078D+03 0.1019783830364D+03 0.1019777166437D+03 0.1019770297158D+03
 0.1019763216199D+03 0.1019755917039D+03 0.1019748392952D+03 0.1019740637008D+03
 0.1019732642062D+03 0.1019724400748D+03 0.1019715905475D+03 0.1019707148415D+03
 0.1019698121501D+03 0.1019688816416D+03 0.1019679224587D+03 0.1019669337175D+03
 0.1019659145072D+03 0.1019648638884D+03 0.1019637808932D+03 0.1019626645235D+03
 0.1019615137506D+03 0.1019603275138D+03 0.1019591047200D+03 0.1019578442422D+03
 0.1019565449185D+03 0.1019552055514D+03 0.1019538249062D+03 0.1019524017102D+03
 0.1019509346513D+03 0.1019494223770D+03 0.1019478634930D+03 0.1019462565620D+03
 0.1019446001021D+03 0.1019428925858D+03 0.1019411324385D+03 0.1019393180366D+03
 0.1019374477068D+03 0.1019355197237D+03 0.1019335323088D+03 0.1019314836285D+03
 0.1019293717927D+03 0.1019271948527D+03 0.1019249507996D+03 0.1019226375625D+03
 0.1019202530063D+03 0.1019177949299D+03 0.1019152610642D+03 0.1019126490699D+03
 0.1019099565352D+03 0.1019071809739D+03 0.1019043198228D+03 0.1019013704391D+03
 0.1018983300986D+03 0.1018951959926D+03 0.1018919652255D+03 0.1018886348120D+03
 0.1018852016744D+03 0.1018816626397D+03 0.1018780144367D+03 0.1018742536926D+03
 0.1018703769306D+03 0.1018663805657D+03 0.1018622609023D+03 0.1018580141299D+03
 0.1018536363203D+03 0.1018491234232D+03 0.1018444712630D+03 0.1018396755347D+03
 0.1018347317997D+03 0.1018296354821D+03 0.1018243818638D+03 0.1018189660808D+03
 0.1018133831181D+03 0.1018076278052D+03 0.1018016948115D+03 0.1017955786411D+03
 0.1017892736275D+03 0.1017827739288D+03 0.1017760735219D+03 0.1017691661971D+03
 0.1017620455521D+03 0.1017547049862D+03 0.1017471376943D+03 0.1017393366603D+03
 0.1017312946508D+03 0.1017230042085D+03 0.1017144576447D+03 0.1017056470333D+03
 0.1016965642024D+03 0.1016872007273D+03 0.1016775479228D+03 0.1016675968352D+03
 0.1016573382337D+03 0.1016467626026D+03 0.1016358601323D+03 0.1016246207101D+03
 0.1016130339117D+03 0.1016010889911D+03 0.1015887748714D+03 0.1015760801345D+03
 0.1015629930111D+03 0.1015495013701D+03 0.1015355927077D+03 0.1015212541365D+03
 0.1015064723743D+03 0.1014912337318D+03 0.1014755241014D+03 0.1014593289445D+03
 0.1014426332792D+03 0.1014254216671D+03 0.1014076782006D+03 0.1013893864889D+03
 0.1013705296448D+03 0.1013510902702D+03 0.1013310504419D+03 0.1013103916966D+03
 0.1012890950166D+03 0.1012671408138D+03 0.1012445089144D+03 0.1012211785431D+03
 0.1011971283069D+03 0.1011723361785D+03 0.1011467794802D+03 0.1011204348661D+03
 0.1010932783058D+03 0.1010652850665D+03 0.1010364296955D+03 0.1010066860028D+03
 0.1009760270425D+03 0.1009444250955D+03 0.1009118516509D+03 0.1008782773878D+03
 0.1008436721570D+03 0.1008080049627D+03 0.1007712439444D+03 0.1007333563582D+03
 0.1006943085593D+03 0.1006540659831D+03 0.1006125931284D+03 0.1005698535392D+03
 0.1005258097874D+03 0.1004804234565D+03 0.1004336551244D+03 0.1003854643478D+03
 0.1003358096467D+03 0.1002846484896D+03 0.1002319372791D+03 0.1001776313389D+03
 0.1001216849010D+03 0.1000640510940D+03 0.1000046819330D+03 0.9994352830928D+02
 0.9988053998266D+02 0.9981566557384D+02 0.9974885255876D+02 0.9968004726410D+02
 0.9960919486433D+02 0.9953623938018D+02 0.9946112367879D+02 0.9938378947546D+02
 0.9930417733707D+02 0.9922222668728D+02 0.9913787581339D+02 0.9905106187503D+02
 0.9896172091458D+02 0.9886978786931D+02 0.9877519658518D+02 0.9867787983235D+02
 0.9857776932216D+02 0.9847479572555D+02 0.9836888869278D+02 0.9825997687431D+02
 0.9814798794257D+02 0.9803284861444D+02 0.9791448467420D+02 0.9779282099657D+02
 0.9766778156967D+02 0.9753928951734D+02 0.9740726712058D+02 0.9727163583769D+02
 0.9713231632252D+02 0.9698922844057D+02 0.9684229128230D+02 0.9669142317319D+02
 0.9653654168023D+02 0.9637756361411D+02 0.9621440502688D+02 0.9604698120454D+02
 0.9587520665442D+02 0.9569899508680D+02 0.9551825939100D+02 0.9533291160549D+02
 0.9514286288268D+02 0.9494802344820D+02 0.9474830255575D+02 0.9454360843791D+02
 0.9433384825439D+02 0.9411892803890D+02 0.9389875264675D+02 0.9367322570510D+02
 0.9344224956882D+02 0.9320572528468D+02 0.9296355256787D+02 0.9271562979412D+02
 0.9246185401252D+02 0.9220212098288D+02 0.9193632524321D+02 0.9166436021144D+02
 0.9138611832696D+02 0.9110149123526D+02 0.9081037002039D+02 0.9051264548613D+02
 0.9020820848804D+02 0.8989695031293D+02 0.8957876310302D+02 0.8925354031435D+02
 0.8892117719946D+02 0.8858157129436D+02 0.8823462289062D+02 0.8788023546235D+02
 0.8751831602034D+02 0.8714877535569D+02 0.8677152814292D+02 0.8638649286616D+02
 0.8599359154984D+02 0.8559274927487D+02 0.8518389349203D+02 0.8476695314985D+02
 0.8434185769801D+02 0.8390853601745D+02 0.8346691540687D+02 0.8301692069686D+02
 0.8255847362988D+02 0.8209149259015D+02 0.8161589278276D+02 0.8113158688895D+02
 0.8063848622772D+02 0.8013650236160D+02 0.7962554909772D+02 0.7910554474286D+02
 0.7857641451441D+02 0.7803809292631D+02 0.7749052605165D+02 0.7693367348635D+02
 0.7636750995592D+02 0.7579202642510D+02 0.7520723071415D+02 0.7461314752484D+02
 0.7400981794906D+02 0.7339729840084D+02 0.7277565911222D+02 0.7214498216412D+02
 0.7150535925549D+02 0.7085688920358D+02 0.7019967544025D+02 0.6953382350422D+02
 0.6885943885356D+02 0.6817662498522D+02 0.6748548223200D+02 0.6678610717984D+02
 0.6607859309351D+02 0.6536303119412D+02 0.6463951314861D+02 0.6390813443093D+02
 0.6316899881614D+02 0.6242222338301D+02 0.6166794411387D+02 0.6090632110416D+02
 0.6013754330225D+02 0.5936183148434D+02 0.5857943944029D+02 0.5779065211326D+02
 0.5699578127396D+02 0.5619515812466D+02 0.5538912463730D+02 0.5457802401362D+02
 0.5376219319462D+02 0.5294195796009D+02 0.5211763347918D+02 0.5128952931671D+02
 0.5045796018568D+02 0.4962325923934D+02 0.4878579361331D+02 0.4794597832918D+02
 0.4710428789334D+02 0.4626126251480D+02 0.4541750940089D+02 0.4457369735288D+02
 0.4373054636383D+02 0.4288881148084D+02 0.4204926338558D+02 0.4121266551943D+02
 0.4037975048213D+02 0.3955119577304D+02 0.3872760158220D+02 0.3790947076092D+02
 0.3709719348410D+02 0.3629103666179D+02 0.3549114025230D+02 0.3469752031859D+02
 0.3391008039696D+02 0.3312863059063D+02 0.3235291497678D+02 0.3158264591710D+02
 0.3081754414917D+02 0.3005738166256D+02 0.2930202337300D+02 0.2855146213050D+02
 0.2780583952737D+02 0.2706544587874D+02 0.2633069159392D+02 0.2560205088081D+02
 0.2487998093308D+02 0.2416483578260D+02 0.2345679518628D+02 0.2275583271747D+02
 0.2206173251054D+02 0.2137415603743D+02 0.2069273375848D+02 0.2001716587827D+02
 0.1934730180762D+02 0.1868319653332D+02 0.1802512960700D+02 0.1737360206109D+02
 0.1672930577055D+02 0.1609308596232D+02 0.1546588924227D+02 0.1484871765799D+02
 0.1424257637893D+02 0.1364843485174D+02 0.1306718500555D+02 0.1249961652012D+02
 0.1194638989426D+02 0.1140802745181D+02 0.1088490155622D+02 0.1037724013164D+02
 0.9885127542014D+01 0.9408521711224D+01 0.8947263377467D+01 0.8501101000481D+01
 0.8069703838471D+01 0.7652689893011D+01 0.7249638058448D+01 0.6860114382337D+01
 0.6483680437548D+01 0.6119913671615D+01 0.5768405895388D+01 0.5428777989149D+01
 0.5100667393050D+01 0.4783736928192D+01 0.4477654486415D+01 0.4182101859403D+01
 0.3896754397565D+01 0.3621296856492D+01 0.3355407635172D+01 0.3098780497421D+01
 0.2851107900278D+01 0.2612102145203D+01 0.2381479900731D+01 0.2158998726066D+01
 0.1944472002735D+01 0.1737844572565D+01 0.1539230605369D+01
    2  435  1.200000  0.030000    3
  0.000000  0.500000  0.500000
  0.500000  0.500000  0.000000
  0.500000  0.000000  0.500000
 0.1999996164940D+01 0.1999996048143D+01 0.1999995927788D+01 0.1999995803769D+01
 0.1999995675972D+01 0.1999995544283D+01 0.1999995408583D+01 0.1999995268751D+01
 0.1999995124660D+01 0.1999994976181D+01 0.1999994823180D+01 0.1999994665519D+01
 0.1999994503057D+01 0.1999994335647D+01 0.1999994163138D+01 0.1999993985376D+01
 0.1999993802199D+01 0.1999993613444D+01 0.1999993418941D+01 0.1999993218514D+01
 0.1999993011982D+01 0.1999992799161D+01 0.1999992579858D+01 0.1999992353876D+01
 0.1999992121012D+01 0.1999991881056D+01 0.1999991633793D+01 0.1999991378998D+01
 0.1999991116444D+01 0.1999990845893D+01 0.1999990567103D+01 0.1999990279823D+01
 0.1999989983793D+01 0.1999989678747D+01 0.1999989364411D+01 0.1999989040502D+01
 0.1999988706728D+01 0.1999988362788D+01 0.1999988008374D+01 0.1999987643167D+01
 0.1999987266836D+01 0.1999986879045D+01 0.1999986479443D+01 0.1999986067670D+01
 0.1999985643358D+01 0.1999985206122D+01 0.1999984755571D+01 0.1999984291297D+01
 0.1999983812884D+01 0.1999983319901D+01 0.1999982811903D+01 0.1999982288434D+01
 0.1999981749023D+01 0.1999981193183D+01 0.1999980620415D+01 0.1999980030204D+01
 0.1999979422016D+01 0.1999978795307D+01 0.1999978149510D+01 0.1999977484045D+01
 0.1999976798313D+01 0.1999976091696D+01 0.1999975363559D+01 0.1999974613246D+01
 0.1999973840082D+01 0.1999973043370D+01 0.1999972222393D+01 0.1999971376414D+01
 0.1999970504669D+01 0.1999969606374D+01 0.1999968680721D+01 0.1999967726876D+01
 0.1999966743982D+01 0.1999965731152D+01 0.1999964687475D+01 0.1999963612012D+01
 0.1999962503794D+01 0.1999961361825D+01 0.1999960185076D+01 0.1999958972487D+01
 0.1999957722967D+01 0.1999956435392D+01 0.1999955108602D+01 0.1999953741403D+01
 0.1999952332564D+01 0.1999950880817D+01 0.1999949384855D+01 0.1999947843331D+01
 0.1999946254858D+01 0.1999944618005D+01 0.1999942931299D+01 0.1999941193222D+01
 0.1999939402208D+01 0.1999937556647D+01 0.1999935654875D+01 0.1999933695181D+01
 0.1999931675801D+01 0.1999929594917D+01 0.1999927450655D+01 0.1999925241086D+01
 0.1999922964219D+01 0.1999920618005D+01 0.1999918200332D+01 0.1999915709023D+01
 0.1999913141835D+01 0.1999910496457D+01 0.1999907770507D+01 0.1999904961531D+01
 0.1999902067001D+01 0.1999899084309D+01 0.1999896010770D+01 0.1999892843619D+01
 0.1999889580001D+01 0.1999886216980D+01 0.1999882751528D+01 0.1999879180523D+01
 0.1999875500751D+01 0.1999871708899D+01 0.1999867801552D+01 0.1999863775192D+01
 0.1999859626194D+01 0.1999855350822D+01 0.1999850945226D+01 0.1999846405438D+01
 0.1999841727372D+01 0.1999836906814D+01 0.1999831939424D+01 0.1999826820729D+01
 0.1999821546118D+01 0.1999816110843D+01 0.1999810510008D+01 0.1999804738570D+01
 0.1999798791331D+01 0.1999792662935D+01 0.1999786347863D+01 0.1999779840428D+01
 0.1999773134768D+01 0.1999766224845D+01 0.1999759104434D+01 0.1999751767123D+01
 0.1999744206303D+01 0.1999736415164D+01 0.1999728386688D+01 0.1999720113644D+01
 0.1999711588579D+01 0.1999702803815D+01 0.1999693751437D+01 0.1999684423291D+01
 0.1999674810974D+01 0.1999664905826D+01 0.1999654698924D+01 0.1999644181072D+01
 0.1999633342794D+01 0.1999622174325D+01 0.1999610665602D+01 0.1999598806256D+01
 0.1999586585600D+01 0.1999573992623D+01 0.1999561015977D+01 0.1999547643967D+01
 0.1999533864544D+01 0.1999519665290D+01 0.1999505033406D+01 0.1999489955706D+01
 0.1999474418600D+01 0.1999458408083D+01 0.1999441909725D+01 0.1999424908651D+01
 0.1999407389537D+01 0.1999389336590D+01 0.1999370733532D+01 0.1999351563591D+01
 0.1999331809484D+01 0.1999311453397D+01 0.1999290476975D+01 0.1999268861302D+01
 0.1999246586883D+01 0.1999223633629D+01 0.1999199980838D+01 0.1999175607175D+01
 0.1999150490653D+01 0.1999124608613D+01 0.1999097937706D+01 0.1999070453867D+01
 0.1999042132297D+01 0.1999012947440D+01 0.1998982872958D+01 0.1998951881707D+01
 0.1998919945716D+01 0.1998887036157D+01 0.1998853123319D+01 0.1998818176587D+01
 0.1998782164406D+01 0.1998745054257D+01 0.1998706812627D+01 0.1998667404977D+01
 0.1998626795712D+01 0.1998584948145D+01 0.1998541824471D+01 0.1998497385723D+01
 0.1998451591744D+01 0.1998404401146D+01 0.1998355771275D+01 0.1998305658170D+01
 0.1998254016521D+01 0.1998200799633D+01 0.1998145959378D+01 0.1998089446153D+01
 0.1998031208836D+01 0.1997971194736D+01 0.1997909349545D+01 0.1997845617291D+01
 0.1997779940284D+01 0.1997712259064D+01 0.1997642512345D+01 0.1997570636959D+01
 0.1997496567799D+01 0.1997420237759D+01 0.1997341577669D+01 0.1997260516234D+01
 0.1997176979968D+01 0.1997090893125D+01 0.1997002177628D+01 0.1996910752999D+01
 0.1996816536284D+01 0.1996719441973D+01 0.1996619381923D+01 0.1996516265277D+01
 0.1996409998378D+01 0.1996300484680D+01 0.1996187624662D+01 0.1996071315733D+01
 0.1995951452132D+01 0.1995827924839D+01 0.1995700621463D+01 0.1995569426142D+01
 0.1995434219431D+01 0.1995294878194D+01 0.1995151275486D+01 0.1995003280429D+01
 0.1994850758098D+01 0.1994693569384D+01 0.1994531570870D+01 0.1994364614689D+01
 0.1994192548388D+01 0.1994015214782D+01 0.1993832451804D+01 0.1993644092351D+01
 0.1993449964125D+01 0.1993249889467D+01 0.1993043685190D+01 0.1992831162398D+01
 0.1992612126312D+01 0.1992386376077D+01 0.1992153704569D+01 0.1991913898198D+01
 0.1991666736701D+01 0.1991411992924D+01 0.1991149432609D+01 0.1990878814160D+01
 0.1990599888411D+01 0.1990312398381D+01 0.1990016079025D+01 0.1989710656972D+01
 0.1989395850256D+01 0.1989071368041D+01 0.1988736910334D+01 0.1988392167686D+01
 0.1988036820885D+01 0.1987670540643D+01 0.1987292987266D+01 0.1986903810314D+01
 0.1986502648251D+01 0.1986089128084D+01 0.1985662864987D+01 0.1985223461913D+01
 0.1984770509193D+01 0.1984303584122D+01 0.1983822250530D+01 0.1983326058335D+01
 0.1982814543088D+01 0.1982287225494D+01 0.1981743610923D+01 0.1981183188899D+01
 0.1980605432573D+01 0.1980009798182D+01 0.1979395724478D+01 0.1978762632151D+01
 0.1978109923221D+01 0.1977436980412D+01 0.1976743166508D+01 0.1976027823677D+01
 0.1975290272784D+01 0.1974529812667D+01 0.1973745719397D+01 0.1972937245504D+01
 0.1972103619187D+01 0.1971244043479D+01 0.1970357695402D+01 0.1969443725077D+01
 0.1968501254809D+01 0.1967529378141D+01 0.1966527158869D+01 0.1965493630030D+01
 0.1964427792847D+01 0.1963328615639D+01 0.1962195032697D+01 0.1961025943117D+01
 0.1959820209589D+01 0.1958576657151D+01 0.1957294071893D+01 0.1955971199622D+01
 0.1954606744474D+01 0.1953199367482D+01 0.1951747685100D+01 0.1950250267649D+01
 0.1948705637796D+01 0.1947112268831D+01 0.1945468583026D+01 0.1943772949880D+01
 0.1942023684305D+01 0.1940219044765D+01 0.1938357231346D+01 0.1936436383772D+01
 0.1934454579347D+01 0.1932409830847D+01 0.1930300084328D+01 0.1928123216887D+01
 0.1925877034335D+01 0.1923559268823D+01 0.1921167576378D+01 0.1918699534385D+01
 0.1916152638985D+01 0.1913524302418D+01 0.1910811850277D+01 0.1908012518714D+01
 0.1905123451547D+01 0.1902141697333D+01 0.1899064206338D+01 0.1895887827478D+01
 0.1892609305148D+01 0.1889225276053D+01 0.1885732265907D+01 0.1882126686154D+01
 0.1878404830558D+01 0.1874562871835D+01 0.1870596858147D+01 0.1866502709673D+01
 0.1862276215029D+01 0.1857913027807D+01 0.1853408662961D+01 0.1848758493348D+01
 0.1843957746116D+01 0.1839001499302D+01 0.1833884678271D+01 0.1828602052436D+01
 0.1823148231794D+01 0.1817517663851D+01 0.1811704630340D+01 0.1805703244421D+01
 0.1799507447668D+01 0.1793111007666D+01 0.1786507515365D+01 0.1779690383185D+01
 0.1772652842870D+01 0.1765387944254D+01 0.1757888553736D+01 0.1750147353891D+01
 0.1742156842734D+01 0.1733909334344D+01 0.1725396959121D+01 0.1716611665667D+01
 0.1707545222197D+01 0.1698189219952D+01 0.1688535076023D+01 0.1678574038540D+01
 0.1668297191184D+01 0.1657695460479D+01 0.1646759622254D+01 0.1635480311421D+01
 0.1623848030663D+01 0.1611853163081D+01 0.1599485983481D+01 0.1586736674283D+01
 0.1573595339705D+01 0.1560052025465D+01 0.1546096736220D+01 0.1531719459471D+01
 0.1516910186663D+01 0.1501658941887D+01 0.1485955806897D+01 0.1469790955146D+01
 0.1453154681212D+01 0.1436037440674D+01 0.1418429884166D+01 0.1400322903876D+01
 0.1381707672547D+01 0.1362575697049D+01 0.1342918862783D+01 0.1322729494993D+01
 0.1302000408647D+01 0.1280724978523D+01 0.1258897194565D+01 0.1236511741472D+01
 0.1213564060070D+01 0.1190050437012D+01 0.1165968072372D+01 0.1141315180908D+01
 0.1116091065497D+01 0.1090296231684D+01 0.1063932467367D+01 0.1037002971695D+01
 0.1009512441881D+01 0.9814672185419D+00 0.9528753795422D+00 0.9237469052672D+00
 0.8940937803068D+00 0.8639301815786D+00 0.8332725899836D+00 0.8021400064387D+00
 0.7705540750812D+00 0.7385393357063D+00 0.7061233626082D+00 0.6733370630077D+00
 0.6402148400729D+00 0.6067949525174D+00 0.5731197116159D+00 0.5392359252280D+00
 0.5051951437080D+00 0.4710542137538D+00 0.4368755937993D+00 0.4027280500833D+00
 0.3686870611704D+00 0.3348356994435D+00 0.3012651562729D+00
  401
-0.5792695780437D+00-0.1193539885636D-33-0.4092939531721D+01 0.1264505959177D-18
-0.1800823506409D+01 0.5447790945859D-20-0.2590128361677D+01-0.2252905291028D-18
-0.1654496877166D+01-0.5211705587377D-20-0.1164644256879D+01 0.2030121657124D-18
-0.6291656145556D+00-0.1210973813644D-19-0.1280062526744D+01 0.3142551857603D-19
-0.2880609035086D+00 0.1736473432710D-19-0.3639833454030D+00-0.2857831315775D-18
-0.1735400510015D+00 0.1197480764279D-18-0.7829800658698D+00 0.1506632497285D-19
-0.1994667698719D+00 0.1110147024447D-18-0.5495613730712D+00-0.2135384478543D-19
-0.2239347252738D+00-0.2750739311633D-18-0.1099342739334D+00 0.1121268299876D-18
-0.1087924017515D+00 0.9278645869169D-19-0.1463627767717D+00-0.1427277462675D-19
-0.2238816347307D-01-0.4565206053013D-19-0.2144172313856D-01 0.1798733832050D-18
-0.2189804531990D+00-0.4885471107997D-19-0.5470939161012D-01 0.2647347959199D-19
 0.3742806773507D-03 0.2336322007236D-18 0.8545323592693D-03-0.1963846841835D-18
-0.1656536158587D+00 0.5837684119528D-19 0.2642628104813D-01-0.9158451420088D-19
-0.1269288172177D+00 0.2350049583473D-19 0.4155452699546D-01-0.2681099968501D-18
-0.3291788512208D-01-0.2171718949138D-19 0.4881054408352D-01 0.2699506771651D-19
 0.1211721095890D-01 0.9101490803171D-19 0.2419272506216D-01 0.3287485522191D-19
-0.7784529514275D-01-0.1169360562046D-19 0.2562541710421D-01-0.8633932657879D-19
 0.2546391980868D-01 0.1368519925535D-18 0.5062025248380D-01 0.2701563393269D-19
-0.1243552509894D+00-0.5387220306134D-19 0.2474151309591D-01 0.9015219348739D-19
 0.4636005069229D-01 0.1308060254925D-18 0.4573092228346D-01-0.1424774108522D-18
-0.1065583002094D-01 0.2659498979914D-19 0.2067214638555D-01 0.5104611306752D-19
 0.4113459499981D-01-0.3940184397143D-19 0.2012471681935D-01-0.9832057546202D-19
-0.3575159609124D-01-0.4618434673908D-19-0.3608263239141D-01 0.7390165559235D-19
 0.3633851567061D-01-0.7392982123701D-19-0.3105981774705D-01 0.4831416929358D-19
-0.1544333343120D-01-0.1595090868670D-19 0.3104872146692D-01 0.3531314536565D-19
 0.3023026339302D-01-0.1567289321309D-18 0.1541415212406D-01 0.1191018286449D-18
-0.2693451856253D-01-0.3702424279222D-19 0.2601061138686D-01 0.1909837766605D-18
-0.2426613963453D-01 0.1442581508274D-19 0.1044816092027D-01-0.5954846837553D-19
 0.1045053546495D-01-0.8472890024417D-20-0.4331582421506D-01 0.6108160976898D-20
 0.8656847836369D-02-0.4556742446979D-20 0.1723783244027D-01-0.6693842443748D-19
 0.1674652069437D-01-0.2267073643176D-19-0.1932316979172D-01-0.4154439325751D-19
 0.1369788748552D-01 0.9251089797937D-19 0.1342675298212D-01-0.9869669668778D-19
 0.6591726133016D-02 0.2638329404642D-19 0.1071481544386D-01-0.2344001512088D-19
 0.1031330358555D-01 0.3939354943271D-19-0.1599566330875D-01-0.1617757096258D-19
 0.8108655408344D-02-0.7102390330058D-19 0.7950744074255D-02-0.3056033246138D-19
 0.2043000784547D-02 0.4646730252054D-19-0.1450768162688D-01-0.1772253997991D-19
-0.3692610287152D-02 0.1888304352275D-19 0.3084979358617D-02 0.7734507884933D-19
 0.2871514986227D-02-0.3495475254265D-19-0.2629063976999D-01-0.3992803117330D-19
-0.1331053406240D-01 0.5735081795898D-19 0.4495107197979D-02 0.1154812241331D-19
 0.2246149337342D-02 0.5263379273698D-19-0.3958472548348D-02-0.1115986603804D-19
-0.1198205403794D-01 0.4294215475424D-19 0.3344476593291D-02 0.1693122554630D-19
 0.3297970700359D-02 0.8727953666972D-19 0.3209582070112D-02-0.6138605344736D-19
 0.1207589024147D-02-0.1762768982575D-19 0.1204496023171D-02 0.4321984318184D-19
 0.2414716772513D-02-0.5105175009346D-19-0.1919823062759D-01-0.4388650473815D-19
-0.9616027379179D-02 0.2145677150280D-19 0.8649692484292D-03-0.2578320964947D-19
 0.1726702882482D-02-0.3062381069916D-19-0.1713695830574D-01 0.2874943985158D-19
 0.1252449131324D-02 0.4751119486734D-19 0.1256713567306D-02-0.3278482577685D-19
 0.6323827216008D-03-0.1635230107164D-19 0.9364741834816D-03-0.8206181442335D-20
 0.9563434619166D-03-0.4431054918287D-19 0.9881671144897D-03-0.2919862687847D-19
-0.3359115637342D-02-0.8957656627238D-20 0.3688910939211D-03 0.4731282351321D-19
 0.4069416239213D-03 0.6488019389775D-22-0.5889623291929D-02 0.1043492140810D-20
-0.5903210243562D-02-0.1729260573296D-19 0.2725256374973D-03 0.1370112418960D-19
 0.6578545617397D-03-0.3572732045013D-19 0.6285409801354D-03 0.7999344916275D-19
 0.7194048690301D-03-0.7288996582897D-21-0.5189286316950D-02-0.1786338886626D-19
-0.5143641394194D-02-0.2837536404627D-20 0.5234737716338D-03-0.1151218586928D-19
 0.6701879232722D-03-0.2153956690008D-19-0.8923813586652D-02-0.8593375555621D-20
 0.5502779266890D-03 0.1314607391069D-19-0.3876187815285D-02-0.1467460533143D-19
-0.9361374378450D-03 0.9214119716949D-20 0.5958101110771D-03 0.4717845581550D-19
 0.6998904651712D-03-0.2720419489488D-20 0.6257125415663D-03-0.2091168999505D-19
 0.3474608112908D-03 0.1442934803679D-19 0.4173733930596D-03-0.7170956468468D-20
-0.3205120652610D-02 0.2908707295841D-19 0.3356570955239D-03-0.1128960229761D-19
 0.7412535937628D-03 0.2427019103442D-19 0.6933358638846D-03-0.2391903923751D-19
-0.5609506497240D-02-0.1252727369048D-19-0.2721490075606D-02 0.2278775396679D-19
 0.7204208214071D-03-0.1183469211623D-19 0.8851493966710D-03-0.1417947314332D-19
 0.7982285709094D-03-0.1819351847531D-19 0.8458114152964D-03-0.1317156903579D-19
-0.1913428773038D-02 0.1317484639916D-19 0.3975171690642D-03 0.1799830916190D-21
 0.8881589186089D-03 0.1390300200677D-19 0.4778484792109D-03-0.6710254395509D-20
 0.2161527180623D-03 0.1260138773746D-19-0.1650388760454D-02-0.9672566163574D-20
-0.3157743030808D-02 0.1987989143291D-19-0.1620048215042D-02-0.7776060147148D-20
 0.8681412260203D-03 0.1743660712237D-19 0.9329008642308D-03-0.3913754964470D-20
 0.4546514635212D-03 0.2139854160759D-19-0.2643426360787D-02-0.1435291339576D-19
 0.9205294689259D-03-0.1773443809892D-20 0.1010434973735D-02-0.1151053885599D-19
 0.4876101248716D-03 0.1508873530622D-19 0.5565721754538D-03-0.8831330868587D-20
-0.1071204673937D-02-0.5745192033315D-20 0.9609783133409D-03-0.1013507703938D-19
 0.9953800401293D-03 0.2554390536888D-19 0.1105843835815D-02-0.1488774453491D-19
-0.8168078814413D-03 0.3683643621095D-20 0.4924222132844D-03 0.1267304975987D-19
 0.1025442409765D-02-0.1007896108565D-19 0.5458385872315D-03-0.3365608025053D-20
-0.1296011026316D-02-0.1089039183186D-19-0.6278223058595D-03 0.1627955023324D-20
 0.9971335051780D-03 0.4395604889253D-20 0.1003854175074D-02-0.8855586649944D-20
 0.1069751548170D-02-0.5560831987202D-20-0.9423002202136D-03 0.1777970310998D-20
 0.9896751020232D-03 0.1500282153158D-19 0.9983380361256D-03-0.6227200233808D-20
 0.1041133287180D-02-0.8909061904116D-20 0.9680893884391D-03-0.6270832854968D-20
-0.7948655792376D-04-0.1448061855092D-20 0.9314282682576D-03 0.2428514990665D-20
 0.4686607036745D-03-0.3399067142685D-20 0.9383471030351D-03-0.3027762953778D-20
 0.9580638925658D-03-0.3232357842832D-20 0.9440046252322D-03-0.6174072203786D-20
 0.4802735130761D-03 0.1578922222005D-20-0.2872717624821D-03-0.7323215199593D-21
-0.3083286333201D-04 0.2561376093869D-20 0.4463236660550D-03-0.1784865927056D-20
 0.4468361470945D-03 0.4700255392943D-20 0.9080881446428D-03 0.2714487680186D-20
 0.4627412448434D-03-0.2395627627289D-21-0.1460260138961D-03-0.6066967570199D-20
-0.3533789989354D-04-0.1876239274236D-20-0.6095610030343D-04 0.8014453858855D-20
 0.8448465180669D-03-0.5023331492327D-20 0.4245804235060D-03 0.7368316406778D-20
-0.1630920798517D-04-0.3188568645885D-20-0.1243857196520D-04 0.6208799953912D-20
 0.7889943108138D-03 0.5361702841615D-20 0.7899361173364D-03-0.2739907778058D-20
 0.7901482089023D-03 0.1217872227842D-19 0.7907976860292D-03-0.3687913348739D-20
 0.7925577642010D-03-0.1090760481705D-20 0.2449849780869D-04-0.1453261380677D-20
 0.7278056522024D-03 0.6862014682244D-22 0.7228422141947D-03 0.1586133996457D-20
 0.1061113011217D-03-0.2578048954546D-20 0.5052807264457D-04 0.3530765369649D-20
 0.6560443246027D-03-0.1346613394891D-20 0.3257223772400D-03-0.6628497469641D-21
 0.7253823811028D-04-0.7631449710987D-21 0.7413103985689D-04-0.1888975485887D-20
 0.1353695713296D-03 0.5293012711472D-20 0.5910712823156D-03-0.2777600030138D-20
 0.5935586550612D-03 0.6474510310636D-20 0.2937447260278D-03 0.2153303822012D-20
 0.5170856921053D-03 0.3476071404436D-20 0.5216140811521D-03-0.1703694950552D-20
 0.5094237515617D-03-0.1091566754936D-20 0.1768802609754D-03-0.1616386928278D-20
 0.2336949905057D-03 0.7097856632577D-21 0.4506188407752D-03-0.1631318285845D-20
 0.2123553281198D-03-0.1602920854794D-20 0.9435416127250D-04-0.9129514208240D-21
 0.8070794154831D-04 0.9769645302492D-21 0.3974452855245D-03-0.5098521322200D-21
 0.3816577582191D-03 0.4296228867241D-21 0.3859173594148D-03-0.9299575662500D-21
 0.3719855083996D-03-0.9450992716696D-21 0.3558269890101D-03-0.2404294852316D-20
 0.7617824284175D-04 0.5500662216790D-21 0.3300230499030D-03 0.6558266993335D-21
 0.3164772339293D-03 0.1577794507389D-20 0.3190769982910D-03-0.1050813566207D-20
 0.3145639403397D-03-0.7866781820801D-21 0.1453639088208D-03-0.6628934990930D-21
 0.7968876820472D-04-0.5840193035644D-21 0.1376426161032D-03 0.7150543372151D-21
 0.2660517451554D-03 0.1548128087622D-20 0.2299269535071D-03-0.9184703821642D-21
 0.1029307375410D-03-0.3037658148468D-21 0.1961301713827D-03-0.2497553198333D-21
 0.4908806487885D-04 0.4677461937758D-21 0.1735933489136D-03-0.8131423966501D-21
 0.1140941145936D-03-0.4150103930385D-21 0.5241408512873D-04-0.3455935855525D-21
 0.1508600971330D-03-0.1546322436001D-21 0.6863724628881D-04-0.1629855764416D-21
 0.7187312905948D-04 0.5676739182878D-21 0.1355506611052D-03-0.2589488594221D-21
 0.7705432643279D-04 0.1052429171099D-21 0.8291352641801D-04-0.3800836986071D-21
 0.1002499238042D-03-0.1805965129073D-21 0.7534187558520D-04-0.1605135210439D-21
 0.4575268639192D-04 0.2270121107964D-21 0.3748270049244D-04-0.1704373752822D-22
 0.5419418077725D-04 0.1439911809561D-22 0.4530639506964D-04-0.1347290533629D-22
 0.4878188712896D-04 0.3914551645477D-22 0.3340375255955D-04-0.9387154642456D-23
-0.1031703265216D-06-0.2619583370694D-22 0.1435497915523D-04-0.7032419651285D-23
 0.7566194968154D-05-0.1723083456264D-21-0.1200042273501D-04-0.2254887487323D-22
 0.1940372454912D-04 0.2395325569287D-21 0.5303312188462D-05 0.2953111807794D-22
-0.8612722533225D-05-0.3151610448420D-21-0.4604766048340D-05 0.4168352297640D-23
-0.3551769876631D-04 0.2525744995123D-21 0.4432610502335D-05 0.1605655406039D-21
-0.7257387168732D-05 0.1040160958837D-21-0.1597444915416D-04-0.4512710822317D-21
-0.4042200396083D-04-0.3741811492367D-21-0.4965779019224D-04-0.7625239466132D-21
-0.6164765555333D-04 0.1507622839473D-22-0.5185281723819D-04 0.2660306079515D-21
-0.7796869154450D-04-0.6011969038587D-22-0.1043963474699D-04 0.1754486009467D-22
-0.6655195697160D-04 0.3588459552975D-22-0.7613788579735D-04 0.4544506774043D-21
-0.8457095186578D-04 0.2717645291001D-21-0.7669422110754D-04 0.2643697302085D-21
-0.1346930611573D-04 0.2154366416589D-21-0.2803340952070D-04-0.5768415509153D-21
-0.8778580973420D-04 0.4419780626442D-21-0.9343992219791D-04 0.3820265983707D-21
-0.5715080145936D-04 0.4539573179587D-23-0.5175386784636D-04-0.2299465789957D-21
-0.4848593158441D-04 0.2229756513993D-21-0.6519550489885D-04-0.1207699241228D-20
-0.5217185389222D-04-0.6075786654598D-21-0.1096820893267D-03 0.2635706921281D-21
-0.1174037076507D-03-0.5128366551799D-21-0.1128456848079D-03 0.4190723841276D-21
-0.5203130111905D-04 0.6405473402945D-21-0.1176752083395D-03-0.3932116280648D-21
-0.1359475664362D-03 0.6707438970605D-22-0.1263904662861D-03-0.1120789971801D-20
-0.1340869683490D-03-0.2450709781750D-22-0.1305646129341D-03 0.5537201119553D-21
-0.4066609911235D-04-0.5355301278357D-21-0.1746562518331D-04 0.2856159372929D-21
-0.1312982714163D-03 0.4869296513453D-21-0.1384578926250D-03-0.5923588184246D-21
-0.1446791453291D-03 0.1982411113687D-21-0.1387530415991D-03 0.4633864456483D-21
-0.6699300527888D-04-0.9608478085861D-21-0.7726162493134D-04 0.6860547248504D-21
-0.3636619703431D-04 0.5594500270235D-21-0.4157719808247D-04-0.4410530160178D-21
-0.6787367389806D-04 0.3950363410463D-21-0.1345282984700D-03 0.1456795825019D-21
-0.1355484338201D-03-0.1912915200796D-20-0.1532767445567D-03 0.1309123072490D-20
-0.7529479991829D-04 0.3561254865593D-21-0.8368218703062D-04-0.8014876607073D-21
-0.3805733197668D-04 0.4083672692825D-21-0.1392163646832D-03 0.2995659419052D-21
-0.7514939779750D-04 0.5370843244115D-21-0.1195448815931D-04 0.1005570690358D-21
-0.7616721079945D-04 0.7936255218934D-21-0.1304251037462D-03-0.1881813923428D-21
-0.1338047365870D-03 0.7120470007343D-21-0.1459804783682D-03 0.9965965758750D-21
-0.3682592089908D-04 0.4909996633406D-21-0.6406388789350D-04 0.2340819950492D-21
-0.6405045630867D-04-0.4761164671750D-21-0.1290678780031D-03-0.1743904513397D-20
-0.6797983441399D-04 0.1975542665361D-21-0.1360423433602D-03 0.2451925545188D-21
-0.6637945579244D-04-0.6093285620842D-21-0.1402537813489D-03 0.1069755098232D-20
-0.7156645336457D-04 0.5943665852321D-21-0.7841957868050D-04-0.5540276923526D-21
-0.1277934682417D-03-0.5291245218925D-21-0.1275767026490D-03-0.1180720865651D-20
-0.7109646081503D-04 0.6743916921593D-21-0.1197838263456D-03-0.7580438555073D-21
-0.1190345653475D-03 0.4052408564351D-21-0.1217216698994D-03-0.1339432481347D-22
-0.1233082611432D-03 0.3585829886674D-21-0.1198427434110D-03 0.3551864082100D-21
-0.1256751661203D-03 0.7524672158623D-21-0.6282271991663D-04 0.2317685443506D-21
-0.1139771083358D-03-0.9031797678350D-22-0.1144815595122D-03 0.4095072439409D-21
-0.1172727268713D-03 0.4063311873656D-21-0.3298812028944D-04-0.4157686286589D-22
-0.1083255268834D-03-0.1012031809513D-20-0.1079240903526D-03 0.3163353162015D-21
-0.3109381742907D-04 0.1842817213572D-21-0.3100516660748D-04 0.3342622853128D-21
-0.6158588871689D-04-0.5719954073710D-22-0.7525213145318D-05-0.2699357362953D-21
-0.1021423886783D-03 0.6660511847757D-21-0.1020743769597D-03-0.1240907245312D-20
-0.1012186461713D-03 0.4358572677307D-21-0.1010720478291D-03 0.2774396168685D-21
-0.1004266662441D-03 0.6528859230538D-21-0.4953126729101D-04-0.1948304791028D-21
-0.2899215450466D-04-0.9620758876812D-22-0.2746363948962D-04-0.9481672745479D-21
-0.9376951705361D-04 0.4583289180318D-21-0.9272947784100D-04 0.2459946648333D-21
-0.5575416813590D-04 0.4580899461229D-21-0.2472771412548D-04-0.8341878847859D-21
-0.8716479346150D-04 0.1770120199555D-21-0.8419047275163D-04 0.4169865747758D-21
-0.8178851795298D-04-0.2581620369500D-21-0.4909726892220D-04 0.5024207404147D-23
-0.8200685798383D-04-0.2796138764653D-21-0.8193842037685D-04 0.2323737551582D-21
-0.7902528309276D-04 0.2433843252251D-21-0.2005358293158D-04-0.3469709869084D-21
-0.3865984375874D-04-0.5656118736978D-22-0.2306948193101D-04 0.4017128386975D-21
-0.1921350336682D-04-0.6200018712488D-21-0.3907912843064D-04-0.1357026044614D-21
-0.7463473477343D-04-0.6640689313736D-21-0.7491117465900D-04 0.4087678747163D-21
-0.3688352361379D-04-0.6350917737596D-21-0.6959435105091D-04-0.1243040675711D-21
-0.3253144081897D-04-0.7457494357189D-22-0.2354670096357D-04 0.1527233309291D-21
-0.4268028614422D-04 0.7111564026763D-21-0.3333499983966D-04-0.1066239889330D-20
-0.7131019054077D-04 0.1808938203183D-21-0.6529885502327D-04 0.2875926520644D-21
-0.3318408838663D-04-0.4926126147651D-21-0.6410312746524D-04-0.1945854110955D-21
-0.6104963761335D-04 0.3152549149996D-22-0.5707738911006D-04 0.8769584103546D-22
-0.5963489998571D-04-0.8951553853729D-21-0.5076053223298D-04-0.8738005981191D-22
-0.1915636987018D-04 0.1515306375825D-21-0.5724353729786D-04-0.5513150330502D-21
-0.2667160603531D-04 0.1931472239832D-21-0.2754819489611D-04-0.4642671221173D-21
-0.5044825836290D-04-0.1323696270200D-21-0.4966190031599D-04 0.2537820224221D-21
-0.3040855491589D-04 0.5566610590195D-22-0.3193723782897D-04 0.4682611172590D-21
-0.1104830525296D-04-0.3198138022839D-21-0.1437015198570D-04 0.1402393398355D-21
-0.2514039187253D-04 0.1801670165418D-21-0.3882118962090D-04-0.1195899503236D-22
-0.2985898109896D-04 0.2087677731989D-21-0.2572764911042D-04 0.2430454072164D-21
-0.8929956229207D-05-0.2459482775090D-21-0.4420924580771D-04 0.1013935637720D-21
-0.4069419379667D-04 0.2759447832329D-21-0.4177384132940D-04-0.6336393393459D-21
-0.3776268069769D-04 0.1409403026403D-21-0.1263657628734D-04 0.3135784047828D-21
-0.1506106386106D-04-0.4066743373457D-21
    1
    1    1  120    3
 0.8745183874595D-04 0.9610464507319D-04 0.1052951201363D-03 0.1151380226404D-03
 0.1255983461372D-03 0.1366688141053D-03 0.1483280249428D-03 0.1605447687326D-03
 0.1732718769516D-03 0.1864483159546D-03 0.1999974354114D-03 0.2138246126346D-03
 0.2278187316303D-03 0.2418497699949D-03 0.2557717571786D-03 0.2694215730695D-03
 0.2826243527848D-03 0.2951945280401D-03 0.3069450089606D-03 0.3176916922776D-03
 0.3272677072836D-03 0.3355322942434D-03 0.3423904454735D-03 0.3478052253109D-03
 0.3518202475164D-03 0.3545702919617D-03 0.3562985923327D-03 0.3573545003759D-03
 0.3581920042361D-03 0.3593403213794D-03 0.3613724140825D-03 0.3648445114861D-03
 0.3702419555970D-03 0.3779090411392D-03 0.3880053149934D-03 0.4004657738659D-03
 0.4150036876383D-03 0.4311249853423D-03 0.4481812375551D-03 0.4654224685075D-03
 0.4820700169099D-03 0.4973719999039D-03 0.5106629578625D-03 0.5213979103434D-03
 0.5291854954785D-03 0.5337971897601D-03 0.5351771716533D-03 0.5334338719493D-03
 0.5288345569066D-03 0.5217867858297D-03 0.5128235526879D-03 0.5025787572329D-03
 0.4917656704178D-03 0.4811477154197D-03 0.4715107269203D-03 0.4636291477206D-03
 0.4582321115246D-03 0.4559654223225D-03 0.4573522792584D-03 0.4627544376058D-03
 0.4723328111262D-03 0.4860184014499D-03 0.5034899071169D-03 0.5241815212353D-03
 0.5473149200958D-03 0.5719916173075D-03 0.5973254981406D-03 0.6226467627457D-03
 0.6477079192126D-03 0.6728878240349D-03 0.6992704701544D-03 0.7286040022372D-03
 0.7630692799081D-03 0.8049894488061D-03 0.8564989360623D-03 0.9193478026459D-03
 0.9947957748992D-03 0.1083676523305D-02 0.1186493910055D-02 0.1303599738665D-02
 0.1435312282930D-02 0.1582060235167D-02 0.1744435546425D-02 0.1923263396606D-02
 0.2119583388213D-02 0.2334651705885D-02 0.2569860952129D-02 0.2826681749953D-02
 0.3106524594019D-02 0.3410617397147D-02 0.3739801592267D-02 0.4094338206604D-02
 0.4473623208453D-02 0.4875909400328D-02 0.5297927387210D-02 0.5734513528799D-02
 0.6178129759518D-02 0.6618402123728D-02 0.7041557375461D-02 0.7429906586396D-02
 0.7761262406719D-02 0.8008453374197D-02 0.8138842235181D-02 0.8113983520384D-02
 0.7889368521222D-02 0.7414274604914D-02 0.6631687614474D-02 0.5478104706668D-02
 0.3883236074276D-02 0.1769152795363D-02-0.9508517450428D-03-0.4374454125836D-02
-0.8612785922477D-02-0.1379453314890D-01-0.2007021466213D-01-0.2761847967296D-01
-0.3665141578343D-01-0.4742053892257D-01-0.6021847133958D-01-0.7537982583270D-01
 0.1009929478124D-08 0.1193205190014D-08 0.1405810755639D-08 0.1653950250664D-08
 0.1942498954254D-08 0.2277672767106D-08 0.2666249442447D-08 0.3115921022012D-08
 0.3635069512598D-08 0.4233071281270D-08 0.4920205528860D-08 0.5707624746419D-08
 0.6607431663513D-08 0.7632602361264D-08 0.8796882662670D-08 0.1011475577901D-07
 0.1160121525720D-07 0.1327155591024D-07 0.1514118748210D-07 0.1722535045737D-07
 0.1953877021901D-07 0.2209563015574D-07 0.2490913782913D-07 0.2799195817589D-07
 0.3135628076735D-07 0.3501511170659D-07 0.3898348038134D-07 0.4328139736629D-07
 0.4793675225589D-07 0.5299056954681D-07 0.5850143663656D-07 0.6455187138133D-07
 0.7125209433212D-07 0.7874409515121D-07 0.8720027572723D-07 0.9682120705768D-07
 0.1078261681885D-06 0.1204440255442D-06 0.1348978467067D-06 0.1513930617358D-06
 0.1701011917727D-06 0.1911497565756D-06 0.2146076721515D-06 0.2404775946139D-06
 0.2686816942801D-06 0.2990541828505D-06 0.3313245007881D-06 0.3651077809636D-06
 0.3998833443779D-06 0.4349821865798D-06 0.4695609432712D-06 0.5025876220713D-06
 0.5328133926661D-06 0.5587620914160D-06 0.5787067383892D-06 0.5906751030265D-06
 0.5924483746233D-06 0.5816084396052D-06 0.5555950743016D-06 0.5118463298898D-06
 0.4479789945635D-06 0.3621037110338D-06 0.2532142606424D-06 0.1217461419159D-06
-0.2981982951596D-07-0.1962830723240D-06-0.3692607386587D-06-0.5370451371183D-06
-0.6851883324816D-06-0.7978140227664D-06-0.8597210531209D-06-0.8586189493035D-06
-0.7870108291934D-06-0.6428887409294D-06-0.4292592259290D-06-0.1525739135842D-06
 0.1791066506582D-06 0.5578660033039D-06 0.9770135959397D-06 0.1431613322130D-05
 0.1918274068779D-05 0.2434538037845D-05 0.2977686936175D-05 0.3543202430522D-05
 0.4122560795129D-05 0.4700448874189D-05 0.5250904045455D-05 0.5732329941750D-05
 0.6080683911314D-05 0.6200618198668D-05 0.5953561673664D-05 0.5142353298844D-05
 0.3490937623348D-05 0.6185640294083D-06-0.3993569071685D-05-0.1104405602150D-04
-0.2146400756175D-04-0.3648198718884D-04-0.5770431907724D-04-0.8721249530532D-04
-0.1276813974862D-03-0.1825204976171D-03-0.2560418878254D-03-0.3536581756257D-03
-0.4821117298114D-03-0.6497413219842D-03-0.8667842167316D-03-0.1145731350206D-02
-0.1501734559045D-02-0.1953116697678D-02-0.2521993074978D-02-0.3235113655717D-02
-0.4124930903491D-02-0.5231059319107D-02-0.6602062446073D-02-0.8297740750511D-02
-0.1039169483164D-01-0.1297436065260D-01-0.1615622476696D-01-0.2007176320256D-01
 0.7020905808741D-10 0.8444908903733D-10 0.1013630196730D-09 0.1214883853540D-09
 0.1454427810441D-09 0.1739933401040D-09 0.2080567510795D-09 0.2487331102959D-09
 0.2973912611943D-09 0.3556387336905D-09 0.4254728660315D-09 0.5092383461525D-09
 0.6098068306048D-09 0.7306038387305D-09 0.8757103035656D-09 0.1049957076069D-08
 0.1259046143906D-08 0.1509522717353D-08 0.1808884189441D-08 0.2165513346803D-08
 0.2588458941139D-08 0.3087187985214D-08 0.3670895903180D-08 0.4347795553992D-08
 0.5123729676188D-08 0.6000820873392D-08 0.6975535663943D-08 0.8036885593978D-08
 0.9164772539863D-08 0.1032926957990D-07 0.1149083833068D-07 0.1260246062330D-07
 0.1361314093170D-07 0.1447306460508D-07 0.1513883086749D-07 0.1557857926229D-07
 0.1577494701249D-07 0.1572644855212D-07 0.1544589931877D-07 0.1495775203854D-07
 0.1429396564011D-07 0.1349019384835D-07 0.1258209082095D-07 0.1160300696421D-07
 0.1058207941626D-07 0.9543706195050D-08 0.8507220181347D-08 0.7487305766853D-08
 0.6494367396406D-08 0.5535133548333D-08 0.4613110345366D-08 0.3728974098659D-08
 0.2880730265792D-08 0.2063723879366D-08 0.1270384092236D-08 0.4898124800165D-09
-0.2930021069119D-09-0.1098116568338D-08-0.1951872867309D-08-0.2888281075777D-08
-0.3950343638724D-08-0.5191062693844D-08-0.6673417665101D-08-0.8468499327207D-08
-0.1065082881845D-07-0.1329004939770D-07-0.1643992190057D-07-0.2012741803793D-07
-0.2434938846519D-07-0.2908501989432D-07-0.3433167759704D-07-0.4016148942498D-07
-0.4678676102782D-07-0.5461548112088D-07-0.6428603488119D-07-0.7668407875226D-07
-0.9295752401920D-07-0.1145493332395D-06-0.1432640132038D-06-0.1813787390136D-06
-0.2318068838532D-06-0.2983245665813D-06-0.3858758858101D-06-0.5009794799009D-06
-0.6522728214234D-06-0.8512383636254D-06-0.1113181792705D-05-0.1458546219943D-05
-0.1914693670472D-05-0.2518309930026D-05-0.3318677067474D-05-0.4382101839948D-05
-0.5797940215596D-05-0.7686729606072D-05-0.1021118275195D-04-0.1359090201228D-04
-0.1812200046791D-04-0.2420296629181D-04-0.3236848750232D-04-0.4333316928188D-04
-0.5804751835102D-04-0.7776901477091D-04-0.1041518241367D-03-0.1393601232254D-03
-0.1862113246999D-03-0.2483594860572D-03-0.3305308869492D-03-0.4388318309974D-03
-0.5811483010685D-03-0.7676709143605D-03-0.1011573175071D-02-0.1329898435984D-02
-0.1744704064596D-02-0.2284568728287D-02-0.2986559366796D-02-0.3898840058181D-02
-0.5084064657893D-02-0.6623802333945D-02-0.8624196109408D-02-0.1122328750280D-01
    2    2  120    8
 0.1415358507612D-03 0.1502933499271D-03 0.1595942852198D-03 0.1694722077107D-03
 0.1799632016405D-03 0.1911052611133D-03 0.2029390953094D-03 0.2155075952144D-03
 0.2288567297327D-03 0.2430349457946D-03 0.2580941472201D-03 0.2740890532039D-03
 0.2910783039250D-03 0.3091237017244D-03 0.3282914981487D-03 0.3486515378072D-03
 0.3702786710933D-03 0.3932518326620D-03 0.4176556409234D-03 0.4435793087465D-03
 0.4711185049790D-03 0.5003741265701D-03 0.5314543434731D-03 0.5644732778498D-03
 0.5995533201703D-03 0.6368235700153D-03 0.6764225314401D-03 0.7184963572543D-03
 0.7632018130525D-03 0.8107043903234D-03 0.8611816655311D-03 0.9148210757907D-03
 0.9718238285018D-03 0.1032402399816D-02 0.1096784839725D-02 0.1165212087353D-02
 0.1237942853911D-02 0.1315250462518D-02 0.1397428533556D-02 0.1484787436287D-02
 0.1577660559895D-02 0.1676400512485D-02 0.1781386241840D-02 0.1893018569675D-02
 0.2011728485984D-02 0.2137972145626D-02 0.2272240036585D-02 0.2415051634249D-02
 0.2566965827326D-02 0.2728574650340D-02 0.2900515439335D-02 0.3083463827738D-02
 0.3278147178565D-02 0.3485337236695D-02 0.3705865320850D-02 0.3940613722397D-02
 0.4190533563216D-02 0.4456635094131D-02 0.4740007534302D-02 0.5041808946714D-02
 0.5363288732898D-02 0.5705775870759D-02 0.6070705189444D-02 0.6459604392782D-02
 0.6874123270395D-02 0.7316020127160D-02 0.7787195198348D-02 0.8289674858279D-02
 0.8825650714746D-02 0.9397462218901D-02 0.1000764029208D-01 0.1065888956661D-01
 0.1135413810059D-01 0.1209651673817D-01 0.1288941772786D-01 0.1373647194876D-01
 0.1464161427149D-01 0.1560906105958D-01 0.1664338485101D-01 0.1774948782472D-01
 0.1893269011190D-01 0.2019870111710D-01 0.2155371783690D-01 0.2300439738237D-01
 0.2455796946803D-01 0.2622220422430D-01 0.2800554506412D-01 0.2991707384090D-01
 0.3196666198876D-01 0.3416493244974D-01 0.3652343962632D-01 0.3905462280124D-01
 0.4177201425589D-01 0.4469019475660D-01 0.4782502818744D-01 0.5119361433354D-01
 0.5481456476379D-01 0.5870794862757D-01 0.6289560828646D-01 0.6740110990613D-01
 0.7225009811600D-01 0.7747024427326D-01 0.8309165862648D-01 0.8914682733119D-01
 0.9567108000393D-01 0.1027025304616D+00 0.1102825954893D+00 0.1184559285714D+00
 0.1272710186404D+00 0.1367801041353D+00 0.1470398547406D+00 0.1581112947360D+00
 0.1700605692062D+00 0.1829588722178D+00 0.1968833411035D+00 0.2119169740540D+00
 0.2281496427885D+00 0.2456780081792D+00 0.2646066158956D+00 0.2850477501929D+00
-0.9454640358400D-08-0.1065737687661D-07-0.1201343670064D-07-0.1354237724816D-07
-0.1526627386108D-07-0.1721000748370D-07-0.1940165650526D-07-0.2187286546713D-07
-0.2465934727541D-07-0.2780135735771D-07-0.3134432370652D-07-0.3533945137359D-07
-0.3984453444340D-07-0.4492471248672D-07-0.5065350876337D-07-0.5711380125974D-07
-0.6439912829625D-07-0.7261494240613D-07-0.8188026285638D-07-0.9232926617305D-07
-0.1041134037050D-06-0.1174034267449D-06-0.1323920701997D-06-0.1492966360279D-06
-0.1683624391639D-06-0.1898660454100D-06-0.2141197020503D-06-0.2414754681836D-06
-0.2723308287663D-06-0.3071339765814D-06-0.3463909694008D-06-0.3906724721222D-06
-0.4406228328023D-06-0.4969687398812D-06-0.5605308012364D-06-0.6322345010836D-06
-0.7131250212725D-06-0.8043812610258D-06-0.9073346904692D-06-0.1023487218798D-05
-0.1154535364526D-05-0.1302392920825D-05-0.1469221860919D-05-0.1657461439671D-05
-0.1869867416843D-05-0.2109549303880D-05-0.2380020582412D-05-0.2685246284237D-05
-0.3029706969976D-05-0.3418459732442D-05-0.3857220259842D-05-0.4352440345171D-05
-0.4911412913917D-05-0.5542371853676D-05-0.6254625797990D-05-0.7058685930576D-05
-0.7966438062971D-05-0.8991305351274D-05-0.1014846909984D-04-0.1145507818330D-04
-0.1293053127629D-04-0.1459674521280D-04-0.1647851745630D-04-0.1860387185167D-04
-0.2100452133268D-04-0.2371631358614D-04-0.2677982728578D-04-0.3024094182125D-04
-0.3415160361676D-04-0.3857056385405D-04-0.4356436162297D-04-0.4920827091201D-04
-0.5558757453544D-04-0.6279877975292D-04-0.7095125853698D-04-0.8016882677147D-04
-0.9059185404635D-04-0.1023793042903D-03-0.1157114651718D-03-0.1307925994255D-03
-0.1478544600230D-03-0.1671597360108D-03-0.1890066322639D-03-0.2137333155007D-03
-0.2417238561156D-03-0.2734140646408D-03-0.3092991887167D-03-0.3499415034903D-03
-0.3959803966876D-03-0.4481422485962D-03-0.5072535666433D-03-0.5742539807415D-03
-0.6502133635712D-03-0.7363487710843D-03-0.8340468693090D-03-0.9448861756713D-03
-0.1070666122982D-02-0.1213436237601D-02-0.1375534209225D-02-0.1559623614815D-02
-0.1768743555486D-02-0.2006358203236D-02-0.2276421019517D-02-0.2583439332944D-02
-0.2932558687339D-02-0.3329647073966D-02-0.3781405500301D-02-0.4295480256645D-02
-0.4880609070687D-02-0.5546770928028D-02-0.6305383286026D-02-0.7169503662826D-02
-0.8154094938336D-02-0.9276299822185D-02-0.1055579597221D-01-0.1201516218511D-01
-0.1368034956058D-01-0.1558116459921D-01-0.1775188123395D-01-0.2023187428171D-01
 0.2094178377207D-07 0.2360735282815D-07 0.2661273920164D-07 0.3000127796668D-07
 0.3382188012824D-07 0.3812967278022D-07 0.4298685250756D-07 0.4846352720328D-07
 0.5463880107335D-07 0.6160184087387D-07 0.6945325422288D-07 0.7830645293022D-07
 0.8828940717775D-07 0.9954637301461D-07 0.1122401253499D-06 0.1265541675462D-06
 0.1426955658501D-06 0.1608977567592D-06 0.1814241700668D-06 0.2045717836317D-06
 0.2306757450555D-06 0.2601139137024D-06 0.2933127192509D-06 0.3307529474887D-06
 0.3729772403952D-06 0.4205974016031D-06 0.4743039829924D-06 0.5348756281239D-06
 0.6031912228732D-06 0.6802418062813D-06 0.7671460872435D-06 0.8651656409202D-06
 0.9757245735603D-06 0.1100429007319D-05 0.1241092186563D-05 0.1399759135607D-05
 0.1578738775163D-05 0.1780635466994D-05 0.2008389846907D-05 0.2265319016454D-05
 0.2555168892857D-05 0.2882165187424D-05 0.3251080273377D-05 0.3667298624612D-05
 0.4136901728802D-05 0.4666751667041D-05 0.5264599840207D-05 0.5939193765129D-05
 0.6700415366257D-05 0.7559417955139D-05 0.8528803457904D-05 0.9622796336416D-05
 0.1085747035805D-04 0.1225097230632D-04 0.1382381059190D-04 0.1559914140912D-04
 0.1760313958134D-04 0.1986536250655D-04 0.2241922541526D-04 0.2530246906675D-04
 0.2855776618857D-04 0.3223331976043D-04 0.3638364054774D-04 0.4107031563459D-04
 0.4636299900072D-04 0.5234039917028D-04 0.5909155192208D-04 0.6671707863239D-04
 0.7533081696104D-04 0.8506144268273D-04 0.9605455312014D-04 0.1084747398093D-03
 0.1225082750406D-03 0.1383657572660D-03 0.1562855524285D-03 0.1765372075550D-03
 0.1994258514553D-03 0.2252965728757D-03 0.2545400799890D-03 0.2875983448786D-03
 0.3249718421872D-03 0.3672268335201D-03 0.4150047351946D-03 0.4690314481939D-03
 0.5301294454128D-03 0.5992299351289D-03 0.6773884320105D-03 0.7658004994014D-03
 0.8658220704993D-03 0.9789898481272D-03 0.1107047691447D-02 0.1251973373395D-02
 0.1416012870212D-02 0.1601715151147D-02 0.1811976973813D-02 0.2050088346244D-02
 0.2319790295880D-02 0.2625334088897D-02 0.2971556209026D-02 0.3363953982505D-02
 0.3808781973821D-02 0.4313149391128D-02 0.4885142267680D-02 0.5533947291792D-02
 0.6270008415713D-02 0.7105183850677D-02 0.8052946614933D-02 0.9128589056440D-02
 0.1034948345780D-01 0.1173535201089D-01 0.1330861708584D-01 0.1509476456426D-01
 0.1712281684613D-01 0.1942582943609D-01 0.2204152229985D-01 0.2501293487443D-01
 0.2838924415361D-01 0.3222659273847D-01 0.3658909533692D-01 0.4154985295198D-01
 0.1257648601414D-11 0.1505869690957D-11 0.1802812910020D-11 0.2157806986117D-11
 0.2583675909844D-11 0.3093524028047D-11 0.3704231020776D-11 0.4434670920227D-11
 0.5309991876936D-11 0.6357868418994D-11 0.7612396724287D-11 0.9114881528169D-11
 0.1091353529167D-10 0.1306800015161D-10 0.1564584564726D-10 0.1873395064548D-10
 0.2243173012412D-10 0.2685812448193D-10 0.3215909369869D-10 0.3850481402084D-10
 0.4610398192276D-10 0.5520036504429D-10 0.6609125787637D-10 0.7912969984031D-10
 0.9473884749855D-10 0.1134242981340D-09 0.1357911907124D-09 0.1625648602799D-09
 0.1946111117212D-09 0.2329665791980D-09 0.2788704136990D-09 0.3338061954513D-09
 0.3995447843111D-09 0.4782056286666D-09 0.5723200526057D-09 0.6849158011437D-09
 0.8196076523033D-09 0.9807172092910D-09 0.1173403864725D-08 0.1403828268150D-08
 0.1679346556981D-08 0.2008739077487D-08 0.2402480705248D-08 0.2873066310940D-08
 0.3435399004661D-08 0.4107241121894D-08 0.4909760050349D-08 0.5868172195967D-08
 0.7012503179009D-08 0.8378489650734D-08 0.1000864723333D-07 0.1195353635811D-07
 0.1427324257269D-07 0.1703914844204D-07 0.2033599737085D-07 0.2426434623847D-07
 0.2894342972401D-07 0.3451455632259D-07 0.4114506203205D-07 0.4903299159642D-07
 0.5841253898863D-07 0.6956047605792D-07 0.8280360779492D-07 0.9852756762671D-07
 0.1171870122522D-06 0.1393176268981D-06 0.1655500165236D-06 0.1966260884023D-06
 0.2334179811128D-06 0.2769504202986D-06 0.3284265884515D-06 0.3892587550337D-06
 0.4611038086409D-06 0.5459055879671D-06 0.6459441930535D-06 0.7638951569379D-06
 0.9028989655080D-06 0.1066645196806D-05 0.1259472327609D-05 0.1486489887083D-05
 0.1753724886155D-05 0.2068302858923D-05 0.2438667200569D-05 0.2874852766236D-05
 0.3388819821382D-05 0.3994873082654D-05 0.4710175197318D-05 0.5555391892014D-05
 0.6555482099063D-05 0.7740687412829D-05 0.9147736791496D-05 0.1082134321639D-04
 0.1281600757683D-04 0.1519823124130D-04 0.1804914475107D-04 0.2146768072491D-04
 0.2557427669499D-04 0.3051526652697D-04 0.3646790646689D-04 0.4364624292514D-04
 0.5230772288886D-04 0.6276085160852D-04 0.7537379085809D-04 0.9058444447351D-04
 0.1089120064497D-03 0.1309710489153D-03 0.1574884148783D-03 0.1893248948833D-03
 0.2275024541776D-03 0.2732402875350D-03 0.3280007718996D-03 0.3935498542015D-03
 0.4720323357892D-03 0.5660667258604D-03 0.6788576938894D-03 0.8143296193769D-03
 0.9772750656303D-03 0.1173521869887D-02 0.1410111749176D-02 0.1695503120070D-02
-0.2215493650760D-11-0.2652358103078D-11-0.3175596728208D-11-0.3802101622955D-11
-0.4551788474661D-11-0.5449842312159D-11-0.6525171888461D-11-0.7813322650032D-11
-0.9355278762597D-11-0.1120130454486D-10-0.1341245560507D-10-0.1606008023259D-10
-0.1923084164689D-10-0.2302756221263D-10-0.2757489274142D-10-0.3301939137654D-10
-0.3953879704570D-10-0.4734659795243D-10-0.5669506903941D-10-0.6789018758009D-10
-0.8129415545996D-10-0.9734609048695D-10-0.1165646916788D-09-0.1395768158333D-09
-0.1671302734950D-09-0.2001187428324D-09-0.2396144952749D-09-0.2868997901917D-09
-0.3435063889446D-09-0.4112707280023D-09-0.4923872853041D-09-0.5894815096754D-09
-0.7056927917458D-09-0.8447772486107D-09-0.1011225010219D-08-0.1210402303790D-08
-0.1448725470736D-08-0.1733859906839D-08-0.2074966943849D-08-0.2482988998917D-08
-0.2970995856599D-08-0.3554588517517D-08-0.4252395097395D-08-0.5086644253843D-08
-0.6083852107710D-08-0.7275645580017D-08-0.8699728809500D-08-0.1040103763528D-07
-0.1243310522512D-07-0.1485968153421D-07-0.1775664752144D-07-0.2121428311811D-07
-0.2533994967985D-07-0.3026125099905D-07-0.3612976682144D-07-0.4312546039476D-07
-0.5146185149388D-07-0.6139212624356D-07-0.7321629238280D-07-0.8728960315348D-07
-0.1040324108647D-06-0.1239417422332D-06-0.1476048125981D-06-0.1757148690299D-06
-0.2090896415524D-06-0.2486929629658D-06-0.2956598935263D-06-0.3513261536762D-06
-0.4172622684174D-06-0.4953136062583D-06-0.5876468311876D-06-0.6968044771385D-06
-0.8257683539202D-06-0.9780343767626D-06-0.1157699830387D-05-0.1369566958518D-05
-0.1619264680436D-05-0.1913394217969D-05-0.2259701819767D-05-0.2667287658145D-05
-0.3146856317667D-05-0.3711023115282D-05-0.4374685696021D-05-0.5155483428974D-05
-0.6074359766226D-05-0.7156263582642D-05-0.8431013000688D-05-0.9934377158939D-05
-0.1170941149771D-04-0.1380812922759D-04-0.1629355787798D-04-0.1924230040240D-04
-0.2274766326206D-04-0.2692351216481D-04-0.3190892799162D-04-0.3787386818499D-04
-0.4502590175389D-04-0.5361827252296D-04-0.6395933538552D-04-0.7642368422497D-04
-0.9146499340664D-04-0.1096310129392D-03-0.1315807718681D-03-0.1581047489995D-03
-0.1901482508717D-03-0.2288394924413D-03-0.2755231792295D-03-0.3318024357244D-03
-0.3995909285249D-03-0.4811801441869D-03-0.5793248377111D-03-0.6973540067243D-03
-0.8393108372024D-03-0.1010130104447D-02-0.1215854853541D-02-0.1463899938275D-02
-0.1763360039410D-02-0.2125369779357D-02-0.2563512900747D-02-0.3094299035556D-02
 0.6526519654187D-15 0.6189110621086D-15 0.1020121406129D-14 0.8546048103364D-15
 0.1118418017427D-14 0.1918587044892D-14 0.2916967856851D-14 0.3551997737955D-14
 0.4703659378975D-14 0.5917450809888D-14 0.7735255173937D-14 0.9696178461462D-14
 0.1255602954499D-13 0.1695382592938D-13 0.2063467876642D-13 0.2677448825060D-13
 0.3476258236609D-13 0.4330715501919D-13 0.5587131454141D-13 0.7145309974825D-13
 0.9179541592382D-13 0.1156046099877D-12 0.1483099468268D-12 0.1891717194106D-12
 0.2404792262378D-12 0.3064191481355D-12 0.3904948981898D-12 0.4964914156353D-12
 0.6326503962636D-12 0.8053977600057D-12 0.1023603462858D-11 0.1303710781185D-11
 0.1659298795293D-11 0.2111709145751D-11 0.2686424025025D-11 0.3417278804310D-11
 0.4346284163916D-11 0.5528145549346D-11 0.7030577968231D-11 0.8939938563141D-11
 0.1136448428916D-10 0.1444631642779D-10 0.1836031157096D-10 0.2332995085916D-10
 0.2963787319643D-10 0.3764281912960D-10 0.4779706442272D-10 0.6067262045317D-10
 0.7699633290644D-10 0.9767819372959D-10 0.1238697416641D-09 0.1570270629207D-09
 0.1989751188403D-09 0.2520150774151D-09 0.3190382320163D-09 0.4036725130505D-09
 0.5104663733211D-09 0.6451153042547D-09 0.8147365324320D-09 0.1028212524393D-08
 0.1296610250178D-08 0.1633692764947D-08 0.2056531673844D-08 0.2586263247361D-08
 0.3248987397400D-08 0.4076844772359D-08 0.5109288688082D-08 0.6394596407336D-08
 0.7991613830964D-08 0.9971776105954D-08 0.1242140637894D-07 0.1544426935217D-07
 0.1916437296248D-07 0.2372894027638D-07 0.2931142403515D-07 0.3611438655311D-07
 0.4437196351040D-07 0.5435148114920D-07 0.6635365046054D-07 0.8071056645678D-07
 0.9778040435020D-07 0.1179374689482D-06 0.1415557861174D-06 0.1689840163745D-06
 0.2005089665446D-06 0.2363044349852D-06 0.2763615981209D-06 0.3203967602403D-06
 0.3677319011748D-06 0.4171435873981D-06 0.4666760744450D-06 0.5134156963231D-06
 0.5532251464825D-06 0.5804395023026D-06 0.5875290538194D-06 0.5647395688378D-06
 0.4997248119774D-06 0.3771924802373D-06 0.1785857039173D-06-0.1181770063751D-06
-0.5388934794236D-06-0.1113211072957D-05-0.1874758822998D-05-0.2861399944443D-05
-0.4115835704669D-05-0.5686923777725D-05-0.7632259298140D-05-0.1002275749738D-04
-0.1295019383777D-04-0.1653880638308D-04-0.2096215656324D-04-0.2646633251012D-04
-0.3340030590205D-04-0.4225367637126D-04-0.5370141274994D-04-0.6865449093616D-04
-0.8831533970094D-04-0.1142378655167D-03-0.1483950392648D-03-0.1932623439314D-03
-0.1057484852168D-14-0.1571403984445D-14-0.2044536484015D-14-0.2369266345955D-14
-0.3221123830272D-14-0.4427879435580D-14-0.5385552609993D-14-0.6806595300429D-14
-0.8741780166175D-14-0.1112770051431D-13-0.1429939691093D-13-0.1826762990400D-13
-0.2341139556344D-13-0.3005290889934D-13-0.3793497300183D-13-0.4838310407925D-13
-0.6206070269906D-13-0.7870778948762D-13-0.1004728712974D-12-0.1274925200896D-12
-0.1626213966799D-12-0.2068616766773D-12-0.2636572393607D-12-0.3357384396319D-12
-0.4272978416701D-12-0.5442513622012D-12-0.6927149579626D-12-0.8815858217837D-12
-0.1122675043991D-11-0.1428686662771D-11-0.1818128695385D-11-0.2314320627086D-11
-0.2945373783195D-11-0.3748244424165D-11-0.4769729171760D-11-0.6068857427349D-11
-0.7720996213106D-11-0.9822646007426D-11-0.1249459586226D-10-0.1589141697308D-10
-0.2020893755087D-10-0.2569692905803D-10-0.3266912745862D-10-0.4152592661906D-10
-0.5277454130097D-10-0.6705664588903D-10-0.8518445327483D-10-0.1081869317473D-09
-0.1373649513615D-09-0.1743621741509D-09-0.2212540189174D-09-0.2806631715136D-09
-0.3558934530788D-09-0.4511092594212D-09-0.5715530436102D-09-0.7238168055217D-09
-0.9161819436795D-09-0.1159038126564D-08-0.1465403855951D-08-0.1851568462504D-08
-0.2337883141696D-08-0.2949731804086D-08-0.3718715475294D-08-0.4684099483863D-08
-0.5894568348298D-08-0.7410340647625D-08-0.9305710370069D-08-0.1167207900319D-07
-0.1462154496990D-07-0.1829111993455D-07-0.2284763511853D-07-0.2849337910875D-07
-0.3547249319055D-07-0.4407809699579D-07-0.5466005598071D-07-0.6763320476412D-07
-0.8348570950022D-07-0.1027870525038D-06-0.1261948911537D-06-0.1544597039527D-06
-0.1884257277272D-06-0.2290261620500D-06-0.2772699976853D-06-0.3342170531954D-06
-0.4009369955550D-06-0.4784471363881D-06-0.5676229122110D-06-0.6690740399668D-06
-0.7829787408800D-06-0.9088681945749D-06-0.1045353885123D-05-0.1189792123651D-05
-0.1337882939420D-05-0.1483205694169D-05-0.1616700670281D-05-0.1726116104463D-05
-0.1795451482027D-05-0.1804442582081D-05-0.1728145805786D-05-0.1536690914636D-05
-0.1195270783528D-05-0.6644246308948D-06 0.9937205996054D-07 0.1142871731060D-05
 0.2515165182435D-05 0.4267114905603D-05 0.6451743326764D-05 0.9126514482206D-05
 0.1235878803143D-04 0.1623603274655D-04 0.2088258266334D-04 0.2648468882136D-04
 0.3332522063667D-04 0.4182853281156D-04 0.5261472210884D-04 0.6656094175190D-04
 0.8486616605068D-04 0.1091155920374D-03 0.1413431169889D-03 0.1840961349263D-03
 0.6550921341712D-15 0.1217586134712D-14 0.1267442707218D-14 0.1578283175228D-14
 0.2090109655648D-14 0.3019263619441D-14 0.3858898533527D-14 0.4710828875781D-14
 0.6007445113830D-14 0.7456327041748D-14 0.9926767713394D-14 0.1289517345204D-13
 0.1627555142437D-13 0.2108389038054D-13 0.2638282113714D-13 0.3377519299949D-13
 0.4334817046550D-13 0.5488992156776D-13 0.7004876758771D-13 0.8905068133504D-13
 0.1137430789497D-12 0.1447519204452D-12 0.1846863425211D-12 0.2351220047202D-12
 0.2991859409110D-12 0.3809707813102D-12 0.4850517631775D-12 0.6172145489979D-12
 0.7856139038639D-12 0.9995841384074D-12 0.1271925510760D-11 0.1618665715494D-11
 0.2059897511366D-11 0.2620795233998D-11 0.3334075470384D-11 0.4241056310293D-11
 0.5393572781022D-11 0.6859500832412D-11 0.8722312656372D-11 0.1108894821851D-10
 0.1409546468469D-10 0.1791473466712D-10 0.2276356542132D-10 0.2891919275400D-10
 0.3673115368489D-10 0.4664176717560D-10 0.5920953985784D-10 0.7514225521469D-10
 0.9533184436424D-10 0.1209040989246D-09 0.1532769282642D-09 0.1942403387818D-09
 0.2460417415159D-09 0.3115081896901D-09 0.3941898941821D-09 0.4985372697559D-09
 0.6301248397415D-09 0.7959231535225D-09 0.1004633229526D-08 0.1267100482481D-08
 0.1596815482402D-08 0.2010526425931D-08 0.2528974814635D-08 0.3177786574628D-08
 0.3988537020050D-08 0.5000014117236D-08 0.6259705386874D-08 0.7825539138634D-08
 0.9767890651854D-08 0.1217186429933D-07 0.1513985191198D-07 0.1879432878388D-07
 0.2328083258699D-07 0.2877099803743D-07 0.3546547151919D-07 0.4359640759394D-07
 0.5342914935895D-07 0.6526248105016D-07 0.7942667083360D-07 0.9627819482691D-07
 0.1161897307685D-06 0.1395335544586D-06 0.1666560447912D-06 0.1978403640666D-06
 0.2332539285179D-06 0.2728764968061D-06 0.3164043942043D-06 0.3631257205449D-06
 0.4117615723244D-06 0.4602682725456D-06 0.5055969555610D-06 0.5434082447671D-06
 0.5677431969184D-06 0.5706553444829D-06 0.5418148351471D-06 0.4681015208042D-06
 0.3332114669798D-06 0.1173063139448D-06-0.2032622487442D-06-0.6561273450310D-06
-0.1272972886153D-05-0.2089523629327D-05-0.3145559238597D-05-0.4485162665465D-05
-0.6157565218484D-05-0.8219164064573D-05-0.1073753452156D-04-0.1379855466250D-04
-0.1751802092795D-04-0.2205935229313D-04-0.2765899912228D-04-0.3466099689265D-04
-0.4356151216547D-04-0.5506340050104D-04-0.7013965232813D-04-0.9010377663990D-04
-0.1166850827055D-03-0.1521088690231D-03-0.1991865884678D-03-0.2614307170995D-03
