bcc Sb -- Hedin-Lundqvist LDA                                                   
INPUT  IT=171 SPIN=0 NTYPE=  2
 -3.900000  3.900000  3.900000
  3.900000 -3.900000  3.900000
  3.900000  3.900000 -3.900000
    1  435  2.200000  0.030000    1
  0.000000  0.000000  0.000000
 0.9590837716339D-04 0.1013995417106D-03 0.1072050759390D-03 0.1133429555717D-03
 0.1198321234113D-03 0.1266927475330D-03 0.1339460853317D-03 0.1416146101579D-03
 0.1497220808167D-03 0.1582936151268D-03 0.1673557675616D-03 0.1769366113614D-03
 0.1870658253365D-03 0.1977747856203D-03 0.2090966626630D-03 0.2210665237598D-03
 0.2337214414310D-03 0.2471006079854D-03 0.2612454566215D-03 0.2761997894359D-03
 0.2920099127350D-03 0.3087247800629D-03 0.3263961433867D-03 0.3450787129021D-03
 0.3648303259506D-03 0.3857121255652D-03 0.4077887491918D-03 0.4311285281672D-03
 0.4558036985634D-03 0.4818906240421D-03 0.5094700314050D-03 0.5386272595581D-03
 0.5694525226539D-03 0.6020411882150D-03 0.6364940710877D-03 0.6729177441260D-03
 0.7114248665547D-03 0.7521345310106D-03 0.7951726303254D-03 0.8406722451633D-03
 0.8887740536992D-03 0.9396267645829D-03 0.9933875745069D-03 0.1050222651769D-02
 0.1110307647310D-02 0.1173828234750D-02 0.1240980681117D-02 0.1311972449922D-02
 0.1387022838512D-02 0.1466363651499D-02 0.1550239912462D-02 0.1638910615920D-02
 0.1732649521970D-02 0.1831745995923D-02 0.1936505895488D-02 0.2047252508206D-02
 0.2164327541903D-02 0.2288092171215D-02 0.2418928143263D-02 0.2557238945851D-02
 0.2703451041670D-02 0.2858015172222D-02 0.3021407735340D-02 0.3194132240479D-02
 0.3376720846078D-02 0.3569735983603D-02 0.3773772073123D-02 0.3989457335508D-02
 0.4217455706653D-02 0.4458468859413D-02 0.4713238339240D-02 0.4982547819855D-02
 0.5267225485621D-02 0.5568146547670D-02 0.5886235901156D-02 0.6222470931538D-02
 0.6577884478055D-02 0.6953567963156D-02 0.7350674696992D-02 0.7770423366698D-02
 0.8214101720578D-02 0.8683070457984D-02 0.9178767336134D-02 0.9702711505848D-02
 0.1025650808869D-01 0.1084185300877D-01 0.1146053809308D-01 0.1211445645521D-01
 0.1280560817741D-01 0.1353610630795D-01 0.1430818319022D-01 0.1512419714198D-01
 0.1598663950349D-01 0.1689814207470D-01 0.1786148496213D-01 0.1887960485774D-01
 0.1995560377299D-01 0.2109275825229D-01 0.2229452909168D-01 0.2356457158959D-01
 0.2490674635792D-01 0.2632513072337D-01 0.2782403075011D-01 0.2940799391665D-01
 0.3108182248139D-01 0.3285058757289D-01 0.3471964404301D-01 0.3669464612252D-01
 0.3878156392084D-01 0.4098670081418D-01 0.4331671176729D-01 0.4577862263726D-01
 0.4837985050973D-01 0.5112822512008D-01 0.5403201141480D-01 0.5709993331090D-01
 0.6034119871372D-01 0.6376552585604D-01 0.6738317102486D-01 0.7120495774449D-01
 0.7524230748807D-01 0.7950727199254D-01 0.8401256725538D-01 0.8877160929489D-01
 0.9379855175907D-01 0.9910832547159D-01 0.1047166800071D+00 0.1106402273925D+00
 0.1168964880309D+00 0.1235039389574D+00 0.1304820645273D+00 0.1378514096534D+00
 0.1456336357045D+00 0.1538515791861D+00 0.1625293133252D+00 0.1716922126897D+00
 0.1813670209680D+00 0.1915819220503D+00 0.2023666145487D+00 0.2137523898963D+00
 0.2257722141773D+00 0.2384608138349D+00 0.2518547654123D+00 0.2659925894826D+00
 0.2809148489302D+00 0.2966642517424D+00 0.3132857584800D+00 0.3308266945886D+00
 0.3493368677239D+00 0.3688686902555D+00 0.3894773071181D+00 0.4112207291801D+00
 0.4341599722951D+00 0.4583592021991D+00 0.4838858854143D+00 0.5108109463186D+00
 0.5392089305255D+00 0.5691581747211D+00 0.6007409830909D+00 0.6340438104582D+00
 0.6691574522462D+00 0.7061772413588D+00 0.7452032520570D+00 0.7863405108942D+00
 0.8296992147390D+00 0.8753949559071D+00 0.9235489543717D+00 0.9742882970140D+00
 0.1027746183818D+01 0.1084062180882D+01 0.1143382480094D+01 0.1205860165196D+01
 0.1271655484032D+01 0.1340936126578D+01 0.1413877508370D+01 0.1490663058857D+01
 0.1571484514083D+01 0.1656542213099D+01 0.1746045397288D+01 0.1840212511817D+01
 0.1939271508176D+01 0.2043460146775D+01 0.2153026298320D+01 0.2268228242614D+01
 0.2389334963256D+01 0.2516626436520D+01 0.2650393912539D+01 0.2790940186719D+01
 0.2938579859102D+01 0.3093639579173D+01 0.3256458273346D+01 0.3427387352176D+01
 0.3606790894005D+01 0.3795045801544D+01 0.3992541927504D+01 0.4199682165211D+01
 0.4416882499648D+01 0.4644572014212D+01 0.4883192847946D+01 0.5133200097793D+01
 0.5395061659909D+01 0.5669258003813D+01 0.5956281872610D+01 0.6256637902307D+01
 0.6570842152597D+01 0.6899421541366D+01 0.7242913174449D+01 0.7601863562113D+01
 0.7976827713006D+01 0.8368368096283D+01 0.8777053461942D+01 0.9203457509420D+01
 0.9648157393904D+01 0.1011173205986D+02 0.1059476039091D+02 0.1109781916518D+02
 0.1162148080510D+02 0.1216631091117D+02 0.1273286556831D+02 0.1332168841521D+02
 0.1393330746611D+02 0.1456823167595D+02 0.1522694724030D+02 0.1590991362234D+02
 0.1661755930051D+02 0.1735027723194D+02 0.1810842002813D+02 0.1889229484180D+02
 0.1970215796572D+02 0.2053820914734D+02 0.2140058562530D+02 0.2228935589886D+02
 0.2320451324275D+02 0.2414596898660D+02 0.2511354558117D+02 0.2610696947914D+02
 0.2712586386430D+02 0.2816974126873D+02 0.2923799612425D+02 0.3032989730100D+02
 0.3144458069548D+02 0.3258104193504D+02 0.3373812927854D+02 0.3491453679712D+02
 0.3610879793303D+02 0.3731927953814D+02 0.3854417651042D+02 0.3978150714710D+02
 0.4102910935358D+02 0.4228463784385D+02 0.4354556249047D+02 0.4480916797501D+02
 0.4607255491430D+02 0.4733264262339D+02 0.4858617370428D+02 0.4982972062499D+02
 0.5105969448460D+02 0.5227235612360D+02 0.5346382977274D+02 0.5463011938168D+02
 0.5576712780557D+02 0.5687067895785D+02 0.5793654307631D+02 0.5896046515769D+02
 0.5993819665930D+02 0.6086553044598D+02 0.6173833901201D+02 0.6255261585291D+02
 0.6330451992503D+02 0.6399042293742D+02 0.6460695929883D+02 0.6515107830551D+02
 0.6562009825770D+02 0.6601176190576D+02 0.6632429276163D+02 0.6655645147308D+02
 0.6670759163709D+02 0.6677771403199D+02 0.6676751849481D+02 0.6667845220570D+02
 0.6651275347710D+02 0.6627348961587D+02 0.6596458786993D+02 0.6559085787313D+02
 0.6515800459246D+02 0.6467263009802D+02 0.6414222325335D+02 0.6357513565119D+02
 0.6298054311517D+02 0.6236839121118D+02 0.6174932447994D+02 0.6113459808317D+02
 0.6053597215246D+02 0.5996558793007D+02 0.5943582675777D+02 0.5895915154167D+02
 0.5854793271780D+02 0.5821425898267D+02 0.5796973596074D+02 0.5782527378066D+02
 0.5779086834977D+02 0.5787537615455D+02 0.5808629207354D+02 0.5842952863890D+02
 0.5890920574074D+02 0.5952745285992D+02 0.6028423209626D+02 0.6117718436078D+02
 0.6220150788842D+02 0.6334987074368D+02 0.6461236705322D+02 0.6597651716280D+02
 0.6742732157934D+02 0.6894736661245D+02 0.7051699110518D+02 0.7211450897881D+02
 0.7371649610836D+02 0.7529813193879D+02 0.7683360326727D+02 0.7829655533390D+02
 0.7966059633605D+02 0.8089983467275D+02 0.8198945387193D+02 0.8290629806029D+02
 0.8362947271501D+02 0.8414092678566D+02 0.8442602203141D+02 0.8447404937131D+02
 0.8427870080476D+02 0.8383845134234D+02 0.8315686492671D+02 0.8224277436082D+02
 0.8111035779500D+02 0.7977905919637D+02 0.7827338702299D+02 0.7662253769442D+02
 0.7485989343404D+02 0.7302234146546D+02 0.7114948247614D+02 0.6928267670693D+02
 0.6746401585046D+02 0.6573516996779D+02 0.6413621858377D+02 0.6270441372737D+02
 0.6147300384699D+02 0.6047006071892D+02 0.5971745473143D+02 0.5922990940839D+02
 0.5901429281073D+02 0.5906905086778D+02 0.5938396049730D+02 0.5994006835129D+02
 0.6071000009080D+02 0.6165846832037D+02 0.6274314780571D+02 0.6391574801422D+02
 0.6512339886397D+02 0.6631017169427D+02 0.6741882938994D+02 0.6839260764376D+02
 0.6917710724617D+02 0.6972208895342D+02 0.6998324362358D+02 0.6992373274271D+02
 0.6951557218261D+02 0.6874067353585D+02 0.6759162277395D+02 0.6607204270215D+02
 0.6419663172833D+02 0.6199076601829D+02 0.5948977200897D+02 0.5673780135087D+02
 0.5378642682366D+02 0.5069293675888D+02 0.4751844956519D+02 0.4432586912403D+02
 0.4117779321610D+02 0.3813443260094D+02 0.3525162870232D+02 0.3257905547621D+02
 0.3015865075003D+02 0.2802338526403D+02 0.2619633926157D+02 0.2469023362046D+02
 0.2350728977460D+02 0.2263955361870D+02 0.2206955677524D+02 0.2177135000904D+02
 0.2171175816166D+02 0.2185197093599D+02 0.2214915229872D+02 0.2255827742090D+02
 0.2303380075229D+02 0.2353143496264D+02 0.2400959042248D+02 0.2443081338772D+02
 0.2476275412884D+02 0.2497908584210D+02 0.2505986825799D+02 0.2499188025234D+02
 0.2476838035836D+02 0.2438890918426D+02 0.2385856218352D+02 0.2318741175554D+02
 0.2238948648567D+02 0.2148200154445D+02 0.2048425520188D+02 0.1941685876131D+02
 0.1830072340573D+02 0.1715644214082D+02 0.1600347537525D+02 0.1485977754221D+02
 0.1374123646052D+02 0.1266155866515D+02 0.1163195930085D+02 0.1066127125535D+02
 0.9755865506289D+01 0.8919912124493D+01 0.8155422905118D+01 0.7462639676276D+01
 0.6840136854896D+01 0.6285257468243D+01 0.5794237039070D+01 0.5362647167309D+01
 0.4985511099966D+01 0.4657712834804D+01 0.4374055781981D+01 0.4129573506895D+01
 0.3919478710881D+01 0.3739358812259D+01 0.3585077089914D+01 0.3452999147461D+01
 0.3340034622432D+01 0.3244007485549D+01 0.3163744831263D+01
    2  435  1.200000  0.030000    3
  0.000000  0.500000  0.500000
  0.500000  0.500000  0.000000
  0.500000  0.000000  0.500000
 0.3034681598241D-10 0.3222330158020D-10 0.3421581889264D-10 0.3633154267718D-10
 0.3857809133695D-10 0.4096355435323D-10 0.4349652147937D-10 0.4618611341682D-10
 0.4904201502386D-10 0.5207450995929D-10 0.5529451782782D-10 0.5871363322519D-10
 0.6234416790283D-10 0.6619919483193D-10 0.7029259540697D-10 0.7463910913334D-10
 0.7925438715244D-10 0.8415504830943D-10 0.8935873913133D-10 0.9488419704207D-10
 0.1007513183317D-09 0.1069812294827D-09 0.1135963633854D-09 0.1206205397575D-09
 0.1280790514640D-09 0.1359987552476D-09 0.1444081685820D-09 0.1533375719680D-09
 0.1628191185747D-09 0.1728869496365D-09 0.1835773175468D-09 0.1949287159652D-09
 0.2069820190953D-09 0.2197806284494D-09 0.2333706292902D-09 0.2478009561041D-09
 0.2631235695399D-09 0.2793936430565D-09 0.2966697617552D-09 0.3150141328150D-09
 0.3344928103001D-09 0.3551759325084D-09 0.3771379746930D-09 0.4004580166611D-09
 0.4252200284182D-09 0.4515131719775D-09 0.4794321225821D-09 0.5090774089799D-09
 0.5405557763900D-09 0.5739805702629D-09 0.6094721445794D-09 0.6471582945207D-09
 0.6871747177101D-09 0.7296655021618D-09 0.7747836452644D-09 0.8226916039181D-09
 0.8735618806862D-09 0.9275776441942D-09 0.9849333888190D-09 0.1045835634156D-08
 0.1110503669935D-08 0.1179170344808D-08 0.1252082904891D-08 0.1329503883071D-08
 0.1411712045730D-08 0.1499003395585D-08 0.1591692237581D-08 0.1690112309558D-08
 0.1794617985452D-08 0.1905585550258D-08 0.2023414554957D-08 0.2148529253944D-08
 0.2281380134288D-08 0.2422445536614D-08 0.2572233377395D-08 0.2731282976405D-08
 0.2900167000383D-08 0.3079493523648D-08 0.3269908217409D-08 0.3472096672972D-08
 0.3686786872172D-08 0.3914751806977D-08 0.4156812262414D-08 0.4413839770013D-08
 0.4686759747784D-08 0.4976554830373D-08 0.5284268406605D-08 0.5611008374021D-08
 0.5957951129910D-08 0.6326345804718D-08 0.6717518758753D-08 0.7132878355076D-08
 0.7573920032264D-08 0.8042231685975D-08 0.8539499384874D-08 0.9067513437971D-08
 0.9628174842342D-08 0.1022350212412D-07 0.1085563860422D-07 0.1152686011097D-07
 0.1223958317557D-07 0.1299637372813D-07 0.1379995633320D-07 0.1465322399397D-07
 0.1555924856893D-07 0.1652129182585D-07 0.1754281718125D-07 0.1862750216279D-07
 0.1977925164938D-07 0.2100221192219D-07 0.2230078558656D-07 0.2367964741325D-07
 0.2514376116700D-07 0.2669839746697D-07 0.2834915275338D-07 0.3010196942361D-07
 0.3196315722125D-07 0.3393941593848D-07 0.3603785952355D-07 0.3826604167527D-07
 0.4063198302858D-07 0.4314420001049D-07 0.4581173548150D-07 0.4864419126726D-07
 0.5165176271106D-07 0.5484527535043D-07 0.5823622386267D-07 0.6183681341290D-07
 0.6566000356904D-07 0.6971955491743D-07 0.7403007856177D-07 0.7860708867573D-07
 0.8346705831564D-07 0.8862747866754D-07 0.9410692195692D-07 0.9992510824061D-07
 0.1061029763389D-06 0.1126627591334D-06 0.1196280635204D-06 0.1270239552959D-06
 0.1348770493003D-06 0.1432156051142D-06 0.1520696286663D-06 0.1614709801110D-06
 0.1714534883858D-06 0.1820530728246D-06 0.1933078722813D-06 0.2052583822222D-06
 0.2179476003017D-06 0.2314211809048D-06 0.2457275992325D-06 0.2609183255120D-06
 0.2770480099800D-06 0.2941746792634D-06 0.3123599448815D-06 0.3316692246109D-06
 0.3521719775361D-06 0.3739419535771D-06 0.3970574584203D-06 0.4216016347848D-06
 0.4476627610726D-06 0.4753345684103D-06 0.5047165772562D-06 0.5359144547566D-06
 0.5690403941793D-06 0.6042135177087D-06 0.6415603040896D-06 0.6812150426279D-06
 0.7233203152193D-06 0.7680275080562D-06 0.8154973548875D-06 0.8659005137474D-06
 0.9194181792776D-06 0.9762427327302D-06 0.1036578432043D-05 0.1100642144410D-05
 0.1168664124031D-05 0.1240888837716D-05 0.1317575841368D-05 0.1399000710387D-05
 0.1485456027468D-05 0.1577252431108D-05 0.1674719728721D-05 0.1778208078189D-05
 0.1888089242247D-05 0.2004757919946D-05 0.2128633160067D-05 0.2260159861454D-05
 0.2399810365693D-05 0.2548086147639D-05 0.2705519609942D-05 0.2872675987803D-05
 0.3050155370938D-05 0.3238594849643D-05 0.3438670792796D-05 0.3651101265687D-05
 0.3876648596491D-05 0.4116122100169D-05 0.4370380969643D-05 0.4640337344337D-05
 0.4926959567160D-05 0.5231275641103D-05 0.5554376897909D-05 0.5897421891605D-05
 0.6261640530846D-05 0.6648338464307D-05 0.7058901734869D-05 0.7494801718679D-05
 0.7957600366884D-05 0.8448955767936D-05 0.8970628050415D-05 0.9524485646749D-05
 0.1011251194024D-04 0.1073681231806D-04 0.1139962165557D-04 0.1210331225735D-04
 0.1285040228374D-04 0.1364356469105D-04 0.1448563671780D-04 0.1537962994884D-04
 0.1632874099379D-04 0.1733636281547D-04 0.1840609674865D-04 0.1954176525019D-04
 0.2074742542541D-04 0.2202738337667D-04 0.2338620942442D-04 0.2482875425260D-04
 0.2636016603511D-04 0.2798590860066D-04 0.2971178070016D-04 0.3154393644115D-04
 0.3348890696100D-04 0.3555362341121D-04 0.3774544133285D-04 0.4007216650484D-04
 0.4254208235493D-04 0.4516397902403D-04 0.4794718418500D-04 0.5090159571788D-04
 0.5403771635427D-04 0.5736669040525D-04 0.6090034269865D-04 0.6465121985421D-04
 0.6863263403717D-04 0.7285870933416D-04 0.7734443090815D-04 0.8210569709340D-04
 0.8715937460648D-04 0.9252335705240D-04 0.9821662692174D-04 0.1042593212803D-03
 0.1106728013697D-03 0.1174797263422D-03 0.1247041313751D-03 0.1323715104128D-03
 0.1405089038117D-03 0.1491449911611D-03 0.1583101895885D-03 0.1680367578563D-03
 0.1783589065863D-03 0.1893129149602D-03 0.2009372542663D-03 0.2132727186809D-03
 0.2263625636945D-03 0.2402526526146D-03 0.2549916116017D-03 0.2706309937145D-03
 0.2872254524716D-03 0.3048329254593D-03 0.3235148285414D-03 0.3433362612622D-03
 0.3643662240558D-03 0.3866778479138D-03 0.4103486371863D-03 0.4354607262401D-03
 0.4621011507153D-03 0.4903621341759D-03 0.5203413909703D-03 0.5521424461813D-03
 0.5858749735515D-03 0.6216551523591D-03 0.6596060442049D-03 0.6998579907894D-03
 0.7425490337145D-03 0.7878253575055D-03 0.8358417569648D-03 0.8867621301715D-03
 0.9407599983231D-03 0.9980190538639D-03 0.1058733738173D-02 0.1123109850389D-02
 0.1191365188750D-02 0.1263730226146D-02 0.1340448821334D-02 0.1421778967696D-02
 0.1507993581043D-02 0.1599381328510D-02 0.1696247500089D-02 0.1798914925048D-02
 0.1907724934784D-02 0.2023038374592D-02 0.2145236665823D-02 0.2274722921221D-02
 0.2411923114792D-02 0.2557287309245D-02 0.2711290942242D-02 0.2874436174835D-02
 0.3047253302972D-02 0.3230302235921D-02 0.3424174042110D-02 0.3629492566553D-02
 0.3846916119961D-02 0.4077139244169D-02 0.4320894553175D-02 0.4578954655129D-02
 0.4852134153568D-02 0.5141291733893D-02 0.5447332332143D-02 0.5771209393013D-02
 0.6113927212332D-02 0.6476543372162D-02 0.6860171261608D-02 0.7265982692635D-02
 0.7695210601407D-02 0.8149151846217D-02 0.8629170088621D-02 0.9136698771337D-02
 0.9673244175091D-02 0.1024038857027D-01 0.1083979344033D-01 0.1147320279640D-01
 0.1214244655228D-01 0.1284944398451D-01 0.1359620723772D-01 0.1438484490497D-01
 0.1521756563300D-01 0.1609668178985D-01 0.1702461312901D-01 0.1800389049975D-01
 0.1903715951913D-01 0.2012718426722D-01 0.2127685090057D-01 0.2248917126233D-01
 0.2376728635418D-01 0.2511446977294D-01 0.2653413094205D-01 0.2802981826714D-01
 0.2960522200444D-01 0.3126417701037D-01 0.3301066510088D-01 0.3484881724237D-01
 0.3678291523527D-01 0.3881739316854D-01 0.4095683822629D-01 0.4320599120843D-01
 0.4556974622893D-01 0.4805315006849D-01 0.5066140051214D-01 0.5339984427059D-01
 0.5627397366032D-01 0.5928942281776D-01 0.6245196239223D-01 0.6576749373446D-01
 0.6924204126456D-01 0.7288174429370D-01 0.7669284667793D-01 0.8068168594153D-01
 0.8485467982148D-01 0.8921831231636D-01 0.9377911672777D-01 0.9854365830882D-01
 0.1035185133570D+00 0.1087102481666D+00 0.1141253938066D+00 0.1197704210596D+00
 0.1256517105773D+00 0.1317755236079D+00 0.1381479672156D+00 0.1447749607807D+00
 0.1516621960524D+00 0.1588150994697D+00 0.1662387870941D+00 0.1739380229739D+00
 0.1819171690052D+00 0.1901801400007D+00 0.1987303488388D+00 0.2075706589278D+00
 0.2167033253515D+00 0.2261299461103D+00 0.2358513999796D+00 0.2458677981941D+00
 0.2561784205930D+00 0.2667816698169D+00 0.2776750071910D+00 0.2888549126106D+00
 0.3003168223332D+00 0.3120550975629D+00 0.3240629671647D+00 0.3363325090924D+00
 0.3488546006244D+00 0.3616189183056D+00 0.3746138986473D+00 0.3878267620384D+00
 0.4012434886037D+00 0.4148488717741D+00 0.4286265133819D+00 0.4425589150506D+00
 0.4566274950918D+00 0.4708127267109D+00 0.4850941810604D+00 0.4994507191681D+00
 0.5138605662023D+00 0.5283015661849D+00 0.5427512886488D+00 0.5571873582576D+00
 0.5715875960696D+00 0.5859304332036D+00 0.6001950910311D+00 0.6143620925243D+00
 0.6284134820744D+00 0.6423334564383D+00 0.6561086291251D+00 0.6697288034104D+00
 0.6831872950320D+00 0.6964818805676D+00 0.7096151889810D+00 0.7225958743528D+00
 0.7354390902035D+00 0.7481679326969D+00 0.7608140193893D+00 0.7734192651011D+00
 0.7860365896881D+00 0.7987321401980D+00 0.8115862164598D+00
  375
 0.1291858226298D+02 0.0000000000000D+00 0.4842732902325D+02 0.1415645285822D-51
 0.2547739605624D+02 0.0000000000000D+00 0.4764458686391D+02-0.1830262798252D-31
 0.2961769407825D+02-0.3577231968457D-31 0.3885565657324D+02-0.4344176145849D-32
 0.1433665018782D+02 0.2808112180456D-52 0.6169150723977D+02 0.2065462015595D-30
 0.8746911356717D+01-0.1055654118036D-31 0.2538909512994D+02-0.5508372633324D-32
 0.1303294530480D+02-0.5499550866997D-52 0.2764864243271D+02 0.1235272229877D-51
 0.2109543156619D+02 0.5060262541814D-31 0.2187435386038D+02 0.2691836922710D-32
 0.3361022228989D+02 0.0000000000000D+00 0.1711939643305D+02-0.1289632657372D-31
 0.2666517567982D+02-0.2281726233109D-31 0.6623721144017D+01 0.8933394537887D-53
 0.1006631046820D+02-0.4373992090456D-32 0.1024122331997D+02-0.1541975456604D-52
 0.9948326982274D+01 0.5061299907490D-52 0.2592332920112D+01 0.0000000000000D+00
 0.1516046388035D+02-0.9828320461331D-31 0.7782514310870D+01-0.3988245164310D-31
 0.7639611549573D+01 0.2046863734728D-32 0.1101984625280D+02 0.1352343542843D-52
 0.5493253230828D+01 0.0000000000000D+00 0.8015398126818D+01-0.2609630319329D-31
 0.1241609885378D+01-0.2871198135279D-32 0.5291728205785D+01-0.5315928604692D-32
 0.1371976638828D+01 0.2482524818958D-52 0.3125425917062D+01 0.1241262409552D-52
 0.2727910892653D+01 0.0000000000000D+00 0.1821242799639D+01-0.2969895435723D-32
 0.1799915454802D+01-0.6025916114634D-32 0.4232291787641D+01-0.3830667071645D-31
 0.3638450454764D+01 0.6058077115238D-32 0.1427441398272D+01 0.1942498478148D-31
 0.1828649709520D+01 0.6132268932740D-31 0.1589255653253D+01 0.2982516588451D-31
 0.3114555603866D+00 0.0000000000000D+00 0.4460456453872D+00-0.7716016563937D-33
 0.1231108815561D+01-0.4518391580071D-31 0.8599194323220D+00-0.7956117782815D-53
 0.5234891201662D+00 0.1762219830260D-52 0.8832995380851D+00-0.5874066102827D-53
 0.6134893661330D+00-0.1920802676717D-32 0.6387953500316D+00 0.4171621659614D-32
 0.2142733124468D+00-0.8280207919240D-32 0.5636883804712D+00 0.1445166564344D-53
 0.9082519498481D+00-0.7184272527425D-31 0.3202723444663D+00 0.4329862378506D-32
 0.3097884807819D+00 0.0000000000000D+00 0.4836455712628D+00-0.1003060311341D-31
 0.4172892621369D+00-0.7528716396107D-32 0.3046496237057D+00 0.2463713726671D-53
 0.4886417171977D+00 0.0000000000000D+00 0.7101767598941D+00 0.3225490906742D-52
 0.1768930585566D+00-0.3771670452926D-32 0.4656084085994D+00 0.5239249442929D-32
 0.8590607437562D+00 0.6033645743225D-33 0.2361810374670D+00-0.4759179615723D-33
 0.4387825004675D+00-0.3097726305530D-33 0.5763334519525D+00 0.4674735826915D-31
 0.3951590377388D+00-0.9259085574605D-33 0.4784165632232D+00-0.2348835023218D-31
 0.7311432057996D+00 0.7425367184965D-31 0.3047682653995D+00 0.4555239682707D-33
 0.5577413033349D+00 0.6266900794729D-31 0.6988541403643D+00 0.3088311676317D-31
 0.1369057022549D+00 0.0000000000000D+00 0.3131984584971D+00-0.8545335972267D-53
 0.1174660640945D+00 0.0000000000000D+00 0.2708531807173D+00 0.5631039329916D-32
 0.4248883051488D+00 0.1675922943898D-33 0.6024572384668D+00-0.6315598779613D-31
 0.4254816051135D+00 0.7395007802573D-33 0.6283513760463D+00-0.9564116028491D-33
 0.3191025507576D+00-0.1535613448528D-32 0.8869421068266D-01-0.3756583251617D-53
 0.3864097993510D+00 0.7513166503837D-53 0.5092662779841D+00-0.7691016300164D-32
 0.5997810590775D+00-0.1805679986625D-31 0.7103778455517D+00-0.7502440412570D-32
 0.2573352078050D+00 0.3078915963566D-53 0.2525947172721D+00-0.2343433801863D-31
 0.5331212329662D+00 0.6961284048700D-31 0.5246229454859D+00 0.5638142815484D-53
 0.3205180703322D+00 0.5638142815484D-53 0.2945740718946D+00-0.1018483911647D-33
 0.5290885193203D+00 0.3322920997756D-32 0.5784344221880D+00-0.1718990601172D-31
 0.4832713345188D+00 0.0000000000000D+00 0.4645632955834D+00 0.2253314089603D-31
 0.3077019691064D+00 0.3654254625849D-32 0.4436768712265D+00-0.4379471028145D-32
 0.4818507069850D+00-0.1685493765873D-31 0.5426360854537D+00 0.1354061149291D-31
 0.1073853422154D+00 0.7596614406508D-33 0.2030167626389D+00 0.3362902361800D-32
 0.2386002605065D+00 0.0000000000000D+00 0.2069329144532D+00 0.0000000000000D+00
 0.1928444445214D+00 0.0000000000000D+00 0.1740278040656D+00 0.0000000000000D+00
 0.3812842262893D+00-0.3662707750215D-31 0.3626671542172D+00-0.1603921693922D-31
 0.4171030904304D+00 0.5081322943133D-32 0.1696685651665D+00-0.6993891480993D-33
 0.1835042960350D+00-0.2718878414073D-32 0.3141935809112D+00-0.2102219264758D-31
 0.3633472515461D+00 0.4176705954312D-31 0.3211177632828D+00 0.7545605432218D-54
 0.2825269731661D+00-0.3626221350387D-34 0.1334729688867D+00 0.6386588176455D-33
 0.4066560598858D-01-0.1165295204585D-33 0.2471828953746D+00-0.1932464110982D-31
 0.2703515357351D+00 0.1056931099912D-31 0.2485176197744D+00 0.1161206822045D-30
 0.1353711795505D+00 0.1314040909268D-32 0.1475093540156D+00 0.2284680595660D-32
 0.1379029654957D+00 0.9035247121845D-53 0.1099543679546D+00-0.6831370642224D-34
 0.2312229807561D+00-0.1579224443676D-31 0.2201139311728D+00-0.2643283959502D-31
 0.2068864997546D+00 0.7456344379566D-32 0.1163043743827D+00 0.2360273029150D-32
 0.1838806605225D+00-0.7831488983812D-32 0.2101532141068D+00 0.1120148627117D-31
 0.1592349876559D+00 0.3504473499194D-31 0.1654846933615D+00-0.5121861574195D-33
 0.8144715916198D-01-0.1672047084773D-32 0.6568419120025D-01 0.1840709554199D-53
 0.1386016373393D+00-0.9500520595284D-32 0.7308440304741D-01-0.2617852866158D-32
 0.3307741337612D-01 0.0000000000000D+00 0.6112036833606D-01 0.3761949252699D-53
 0.1348882145171D+00 0.7523898504686D-53 0.6205680046725D-01 0.3761949252699D-53
 0.1104116666025D+00-0.8719940779566D-32 0.1149846449280D+00 0.1809518765479D-32
 0.5516834812286D-01 0.4858724757934D-32 0.1029136793975D+00-0.2473840818028D-31
 0.9138866828471D-01 0.7111159592513D-32 0.9899197658070D-01 0.9192852256674D-34
 0.4728240605969D-01-0.2922029964999D-31 0.5203514943704D-01 0.2357847133666D-33
 0.4255963714373D-01-0.1144074022464D-52 0.7575210248347D-01 0.1518276863868D-31
 0.7720366317736D-01-0.2319579778486D-32 0.8425831226432D-01 0.2249655102718D-32
 0.3674154278178D-01-0.1225622202209D-33 0.3045710331646D-01-0.2005693516883D-31
 0.6496508107829D-01-0.6584227785863D-32 0.3386235828949D-01 0.3605914366359D-33
 0.5587237251603D-01-0.1748464389285D-52 0.2947371743286D-01-0.6993857557519D-53
 0.5037535285625D-01-0.8233025857922D-32 0.4900146473451D-01-0.2490987665837D-31
 0.5392220354752D-01-0.4630566270368D-32 0.4693780528770D-01 0.7087026870593D-32
 0.3993735052452D-01 0.6151169535169D-53 0.3964817860134D-01-0.2759859534004D-32
 0.4262213773582D-01 0.6639126988208D-33 0.3077583510933D-01 0.2269570177407D-31
 0.4644282645473D-02-0.1271743352289D-53 0.2421424348239D-01 0.1174316698682D-53
 0.1262631709973D-01-0.2327986608187D-33 0.2436266067120D-01 0.1340896029036D-32
 0.2589369441421D-01 0.4741496628972D-32 0.2506186132035D-01-0.2294145597298D-32
 0.1295263064408D-01 0.0000000000000D+00 0.2253957771865D-01-0.2254851019907D-52
 0.2985647924458D-02 0.0000000000000D+00 0.9394864401628D-02 0.1428587147429D-32
 0.9362669390813D-02-0.3990829411214D-32 0.1992182223607D-01-0.2019656921320D-32
 0.1030112319023D-01-0.1121486882569D-33 0.1674726505291D-01-0.2902184726667D-32
 0.4114537843936D-02-0.8733621164395D-32 0.9167089978157D-02 0.1517481669198D-32
 0.1482216766059D-01 0.1188387493653D-31 0.7145539520701D-02 0.1167554837497D-32
 0.6295213393835D-02-0.5228312652140D-53 0.6975866423356D-02 0.5228312652140D-53
 0.1108936106821D-01 0.1085838402785D-31 0.1093732069992D-01-0.4538707358874D-32
 0.1088601391721D-01 0.5538352545633D-31 0.1153431024856D-01-0.1035878794717D-33
 0.1193840997858D-01-0.1908220885879D-32 0.4965400816366D-02-0.1046133403636D-31
 0.8387434714340D-02 0.5391086651745D-53 0.8776704336683D-02-0.1726467351099D-32
 0.7537926018138D-02-0.9362769210389D-54 0.4004167778604D-02 0.0000000000000D+00
 0.6627665305538D-02 0.9277705538836D-33 0.3403744148715D-02-0.3760455477656D-35
 0.2918716032744D-02 0.7724852658042D-33 0.2799200459668D-02-0.1881848992182D-33
 0.6061049163797D-02-0.1130643100850D-31 0.4992954426060D-02 0.2405701911505D-54
 0.4841282382211D-02-0.2270682800493D-32 0.2516328077681D-02-0.7412305296883D-33
 0.3896827755111D-02-0.3095758329168D-33 0.3681743625571D-02 0.1976388353535D-32
 0.4002628355093D-02 0.4481310650267D-32 0.3489275273917D-02-0.2250453099050D-34
 0.1502378415224D-02 0.0000000000000D+00 0.3002552700695D-02 0.4005517420635D-31
 0.1562586939357D-02 0.1243038980443D-33 0.1378248683947D-02-0.9620006532034D-54
 0.1448950613293D-02-0.3848002612016D-53 0.2451520922163D-02-0.4666612174192D-33
 0.2550811902472D-02-0.2567391840070D-32 0.2413238597352D-02-0.4559306106715D-31
 0.2561943565897D-02 0.5882550141599D-32 0.2561229089251D-02 0.8099447696669D-33
 0.1190267012667D-02 0.1986893210594D-32 0.2069618384504D-02 0.4622221841955D-33
 0.2133088290091D-02-0.2119991187097D-32 0.2080926451067D-02 0.2721857909827D-53
 0.2107883379025D-02-0.1252510969079D-31 0.1079927692203D-02-0.8032454876136D-34
 0.9796088369087D-03 0.1474264802943D-53 0.2020789103133D-02 0.8845588820831D-53
 0.1804869725952D-02 0.3492233092859D-32 0.1859886960860D-02 0.6800706978119D-33
 0.8072688034481D-03 0.2242214038005D-32 0.1626092725341D-02 0.8766106482173D-53
 0.3933801646794D-03-0.1402577037127D-52 0.1645328552116D-02 0.3586356122370D-32
 0.1552120725340D-02-0.7302791222647D-53 0.7647956867951D-03 0.3651395611960D-53
 0.1442441920189D-02 0.6781065312747D-33 0.7395187078318D-03 0.3768074226429D-33
 0.7112386854925D-03 0.2991219055647D-32 0.1464800438858D-02-0.1425345434481D-32
 0.1414786311419D-02-0.1873256919552D-32 0.1378640068053D-02 0.2591016268458D-31
 0.1308450989854D-02 0.7532304764735D-32 0.1312357604651D-02-0.5214246364260D-33
 0.6547475062660D-03-0.2995461998462D-31 0.6581248649884D-03-0.2584071513246D-35
 0.1173544590678D-02 0.7218928137679D-33 0.1172767418931D-02 0.1526775874763D-33
 0.1166299532543D-02 0.5381753673656D-32 0.1165393023445D-02 0.4307853363146D-32
 0.1380528196141D-03 0.8907863821878D-34 0.1022148243133D-02 0.3086292793276D-33
 0.5052626410976D-03-0.7363763130784D-32 0.5133721052086D-03-0.4360498897075D-32
 0.9426087285849D-03 0.1640165200129D-52 0.4745837415678D-03 0.1230123900248D-52
 0.4808969763185D-03 0.4100413000005D-53 0.4263090326886D-03-0.1018550088488D-53
 0.8541451438988D-03 0.3124888489519D-33 0.3868817148720D-03-0.2861683468852D-34
 0.7822253356673D-03-0.3133674686409D-33 0.3989169453600D-03 0.1468981828399D-32
 0.6836826543898D-03-0.1674168041983D-32 0.6917381411388D-03 0.7947105941069D-53
 0.6863580344115D-03-0.1804919451259D-32 0.6839379854542D-03-0.1986776485652D-53
 0.7069523794146D-03-0.1827873161117D-33 0.3058983266887D-03-0.1950299507817D-53
 0.5094638673751D-03 0.2288159053810D-52 0.5176753306624D-03-0.3741923431913D-34
 0.5091388359346D-03 0.3273017790444D-32 0.5122796509070D-03-0.2242212324841D-31
 0.2103655808445D-03-0.3506808274340D-33 0.2196586507700D-03 0.1578315003945D-32
 0.3301573041965D-03-0.1122759164479D-32 0.3311353706524D-03-0.1433392899519D-31
 0.1716441986729D-03-0.7297707242996D-33 0.1648252976137D-03 0.7201459678111D-53
 0.2475875093511D-03 0.1390618364647D-52 0.2544050342829D-03 0.1042963773404D-52
 0.7744973040168D-04 0.1866671897095D-32 0.1553805941806D-03-0.1977353333260D-32
 0.1524703072136D-03-0.9179365486469D-33 0.1573332027672D-03 0.1023225534189D-31
 0.6948759502615D-04-0.1469024622399D-32-0.1593317486346D-04-0.1796430697311D-32
-0.9503381272676D-05 0.1147904625707D-32-0.1711230730135D-03-0.1321897569847D-32
-0.1712934627122D-03-0.1552674122077D-32-0.1696981899117D-03 0.1403504247837D-31
-0.1199715103348D-03 0.9139824000474D-33-0.6067023349263D-04-0.4671496482560D-50
-0.3088534391892D-03-0.5440959040568D-32-0.3095039855628D-03-0.6129544757911D-32
-0.3073540263615D-03-0.9115855886240D-35-0.3097007409038D-03 0.8379527558435D-35
-0.1545061771436D-03-0.4394589091946D-49-0.1583277087218D-03 0.3443111814777D-33
-0.1849733455998D-03 0.1415805401218D-40-0.1840642460856D-03 0.1481931390692D-50
-0.2121599125495D-03 0.9461234994557D-33-0.4243832587922D-03-0.7817875055930D-33
-0.4245813515864D-03 0.2333002196646D-32-0.4275699953476D-03 0.2831432861977D-32
-0.4724019489940D-03 0.2139736637959D-32-0.4719822018543D-03 0.3640122596621D-32
-0.2361153686072D-03-0.8165715233029D-33-0.5145415851595D-03-0.5076861929417D-32
-0.2576828587313D-03 0.1261658855626D-33-0.9153987070388D-04 0.1576030003517D-36
-0.5488851174611D-03-0.3466983514360D-33-0.5769459763620D-03-0.9606828786260D-33
-0.5767361463362D-03-0.1561485294918D-32-0.5771649428115D-03-0.8917376317494D-33
-0.2988368183736D-03-0.4615497215537D-32-0.3056876788097D-03 0.3456078885084D-32
-0.3056868206678D-03 0.2293456680242D-34-0.6114156594130D-03 0.9975607461779D-33
-0.3056870743823D-03-0.6371106495244D-33-0.6113551048640D-03-0.1918161076761D-32
-0.3056814621260D-03 0.1441854244947D-36-0.6114062525273D-03-0.2153427169330D-33
-0.6182189779942D-03 0.2489052996034D-34-0.6182160330410D-03-0.2710757512497D-34
-0.6183430390383D-03-0.2440889156628D-32-0.6183430390389D-03-0.6744989727739D-32
-0.6119677773988D-03-0.7251517798457D-32-0.5993747702833D-03-0.7848864456865D-32
-0.5993747702837D-03 0.7901309306912D-33-0.5993747702832D-03 0.2226378609211D-32
-0.5993747702830D-03 0.5635453843250D-32-0.5993747702851D-03-0.9465123292500D-32
-0.5993747702833D-03-0.5222700623427D-33-0.2996873851417D-03-0.1295280687537D-32
-0.5569219823068D-03 0.2727297429862D-32-0.5569219823089D-03-0.1073162648466D-32
-0.5569219823065D-03-0.8970432719747D-33-0.2639341656783D-03 0.4676610048790D-33
-0.4941969488810D-03 0.4058401602685D-32-0.4941969488827D-03-0.1930934680281D-32
-0.2281980589276D-03 0.7152839616407D-33-0.2281980589276D-03 0.2090622590755D-32
-0.4563961178549D-03 0.4207271144202D-32-0.5704951473179D-04 0.7687335079202D-39
-0.4149770389780D-03-0.1477629286168D-31-0.4149770389782D-03-0.2667915415057D-31
-0.4149770389788D-03-0.5326701055210D-32-0.4149770389794D-03 0.5444819465691D-32
-0.4149770389782D-03-0.9609449005064D-32-0.2074885194890D-03 0.4180415484531D-34
-0.1852338565082D-03-0.9598788844695D-33-0.1852338565082D-03-0.4350179287688D-33
-0.3233919532607D-03-0.5853864927249D-33-0.3233919532609D-03-0.2034519856599D-32
-0.2743176677016D-03-0.1538511630544D-32-0.1371588338508D-03 0.7493816875445D-34
-0.2237795115002D-03-0.9199798865572D-32-0.2237795114997D-03-0.1131762869979D-32
-0.2237795114996D-03-0.1112653822410D-32-0.1723150713465D-03-0.2535704362167D-32
-0.1204511725451D-03 0.3621850423319D-32-0.1204511725458D-03-0.7730628226141D-32
-0.1204511725458D-03 0.1484142231707D-32-0.3011279313699D-04-0.3057259978185D-31
-0.6022558627272D-04-0.1590847273265D-33-0.3434963096499D-04 0.5397799145898D-31
-0.3434963096387D-04 0.6503193289334D-33-0.8775580335751D-05 0.1391142557773D-32
-0.1755116067064D-04-0.2896293946924D-32-0.1755116067097D-04 0.5510264152099D-32
-0.8775580337396D-05 0.2862687351634D-32-0.1755116067097D-04 0.6554910015776D-32
-0.8775580335477D-05-0.1603235042845D-33 0.1626239622890D-04-0.6146265034376D-33
 0.3252479245508D-04-0.1166870922984D-31 0.3252479245813D-04 0.3262143817256D-33
 0.8108719182525D-04-0.5298606072004D-33 0.8108719182580D-04-0.5929365989263D-33
 0.4054359591136D-04 0.5129569057992D-31
    1
    1    1  120    3
 0.7609639208681D-04 0.8584068422148D-04 0.9668173584446D-04 0.1087172945905D-03
 0.1220488473117D-03 0.1367821022982D-03 0.1530249477781D-03 0.1708878261570D-03
 0.1904809372159D-03 0.2119145042150D-03 0.2352950678017D-03 0.2607256253719D-03
 0.2883009296755D-03 0.3181075022025D-03 0.3502178158454D-03 0.3846903128731D-03
 0.4215624060940D-03 0.4608506300481D-03 0.5025425384749D-03 0.5465972248300D-03
 0.5929362204685D-03 0.6414447886292D-03 0.6919620799057D-03 0.7442836608102D-03
 0.7981513292132D-03 0.8532574907100D-03 0.9092351407618D-03 0.9656647892435D-03
 0.1022065213457D-02 0.1077903695200D-02 0.1132588179276D-02 0.1185481548236D-02
 0.1235895878967D-02 0.1283111201445D-02 0.1326372576447D-02 0.1364913366121D-02
 0.1397955753661D-02 0.1424738024245D-02 0.1444518655725D-02 0.1456606754473D-02
 0.1460368999155D-02 0.1455261913335D-02 0.1440840210385D-02 0.1416788948345D-02
 0.1382931269279D-02 0.1339257754049D-02 0.1285931368167D-02 0.1223310871916D-02
 0.1151950673564D-02 0.1072615021152D-02 0.9862705592947D-03 0.8940887662670D-03
 0.7974289872049D-03 0.6978273444305D-03 0.5969692946091D-03 0.4966641264103D-03
 0.3988070834420D-03 0.3053400919425D-03 0.2182059627775D-03 0.1392968725885D-03
 0.7040526290849D-04 0.1316454500024D-04-0.3099749830731D-04-0.6091923383621D-04
-0.7574127013823D-04-0.7496079581982D-04-0.5844807011243D-04-0.2648742210577D-04
 0.2023383196027D-04 0.8060552636660D-04 0.1531364752596D-03 0.2359605090460D-03
 0.3269132254961D-03 0.4235614256377D-03 0.5233146520200D-03 0.6234766351396D-03
 0.7213839296250D-03 0.8144713135451D-03 0.9004306287524D-03 0.9772761433431D-03
 0.1043511166713D-02 0.1098180360448D-02 0.1141029316468D-02 0.1172533761771D-02
 0.1194038500409D-02 0.1207757810912D-02 0.1216887041385D-02 0.1225572970123D-02
 0.1238995602108D-02 0.1263316042652D-02 0.1305736087303D-02 0.1374428126289D-02
 0.1478589580506D-02 0.1628367451001D-02 0.1834924289555D-02 0.2110371995839D-02
 0.2467869895470D-02 0.2921581750127D-02 0.3486820486247D-02 0.4180042834502D-02
 0.5019047376239D-02 0.6023025603133D-02 0.7212827655878D-02 0.8611102406971D-02
 0.1024268217405D-01 0.1213487232897D-01 0.1431805000362D-01 0.1682616927829D-01
 0.1969765303075D-01 0.2297614473522D-01 0.2671170036680D-01 0.3096182562318D-01
 0.3579310025754D-01 0.4128279947232D-01 0.4752148528653D-01 0.5461586491053D-01
 0.6269296826173D-01 0.7190463882342D-01 0.8243354909330D-01 0.9449980801910D-01
 0.6812470255984D-09 0.8290279197643D-09 0.1007892418553D-08 0.1224126204578D-08
 0.1485229834484D-08 0.1800126327607D-08 0.2179427382329D-08 0.2635714329913D-08
 0.3183896419284D-08 0.3841584207879D-08 0.4629570811988D-08 0.5572320664570D-08
 0.6698604296427D-08 0.8042135409252D-08 0.9642396862260D-08 0.1154545133516D-07
 0.1380501066200D-07 0.1648344854531D-07 0.1965315570051D-07 0.2339779219186D-07
 0.2781397701608D-07 0.3301278651710D-07 0.3912184499170D-07 0.4628706689153D-07
 0.5467517166988D-07 0.6447567097694D-07 0.7590382739157D-07 0.8920278852964D-07
 0.1046470298782D-06 0.1225445017943D-06 0.1432404693978D-06 0.1671195268725D-06
 0.1946097195557D-06 0.2261840687567D-06 0.2623648899026D-06 0.3037243529025D-06
 0.3508887188776D-06 0.4045374472575D-06 0.4654069849424D-06 0.5342875921827D-06
 0.6120264136321D-06 0.6995210128627D-06 0.7977211182022D-06 0.9076179453334D-06
 0.1030243832877D-05 0.1166655919128D-05 0.1317933331112D-05 0.1485153202338D-05
 0.1669385120422D-05 0.1871657961246D-05 0.2092950399787D-05 0.2334147655552D-05
 0.2596028149554D-05 0.2879208104528D-05 0.3184126073488D-05 0.3510974684946D-05
 0.3859684466005D-05 0.4229845130022D-05 0.4620691835499D-05 0.5031018104280D-05
 0.5459172538411D-05 0.5902967651212D-05 0.6359694617971D-05 0.6826037837138D-05
 0.7298117931406D-05 0.7771421352441D-05 0.8240887368375D-05 0.8700865576956D-05
 0.9145265206684D-05 0.9567559334629D-05 0.9961024459914D-05 0.1031882044478D-04
 0.1063435505013D-04 0.1090148391867D-04 0.1111505473208D-04 0.1127127475277D-04
 0.1136850419778D-04 0.1140787534279D-04 0.1139442101554D-04 0.1133806155983D-04
 0.1125523015138D-04 0.1117040611813D-04 0.1111847574415D-04 0.1114711232830D-04
 0.1132022567539D-04 0.1172159774222D-04 0.1245991535640D-04 0.1367418784842D-04
 0.1554096132449D-04 0.1828212616269D-04 0.2217501603404D-04 0.2756331033180D-04
 0.3487098810583D-04 0.4461744507127D-04 0.5743691755246D-04 0.7410020210762D-04
 0.9554288084844D-04 0.1228982271187D-03 0.1575403336499D-03 0.2011354093827D-03
 0.2557080323769D-03 0.3237189625010D-03 0.4081619897761D-03 0.5126744541349D-03
 0.6416708868688D-03 0.8004948115663D-03 0.9956064995770D-03 0.1234807910780D-02
 0.1527538474706D-02 0.1885248584739D-02 0.2321894009908D-02 0.2854545441964D-02
 0.3504149750195D-02 0.4296420693580D-02 0.5262927205867D-02 0.6442414452360D-02
 0.7882557625666D-02 0.9642286487306D-02 0.1179495078397D-01 0.1443235965637D-01
 0.3073750761549D-13 0.3992013765933D-13 0.5180590727546D-13 0.6717668702296D-13
 0.8703579146449D-13 0.1126692421924D-12 0.1457233115028D-12 0.1883029694675D-12
 0.2430959778834D-12 0.3135300233973D-12 0.4039701986741D-12 0.5199680523854D-12
 0.6685735507276D-12 0.8587273439791D-12 0.1101749955168D-11 0.1411954790080D-11
 0.1807410092742D-11 0.2310889469391D-11 0.2951048840487D-11 0.3763889659514D-11
 0.4794561902411D-11 0.6099596737640D-11 0.7749647844965D-11 0.9832868648378D-11
 0.1245904138950D-10 0.1576464538815D-10 0.1991902027666D-10 0.2513189780434D-10
 0.3166252431000D-10 0.3983075686079D-10 0.5003042278432D-10 0.6274551735538D-10
 0.7856960826945D-10 0.9822923493073D-10 0.1226118216869D-09 0.1527992001485D-09
 0.1901073692094D-09 0.2361340496301D-09 0.2928148966311D-09 0.3624903075490D-09
 0.4479841413836D-09 0.5526969120026D-09 0.6807149649928D-09 0.8369392806194D-09
 0.1027235818513D-08 0.1258611761124D-08 0.1539420438678D-08 0.1879600434069D-08
 0.2290951709585D-08 0.2787455585966D-08 0.3385642365073D-08 0.4105012410988D-08
 0.4968515055294D-08 0.6003090964963D-08 0.7240277164092D-08 0.8716877778241D-08
 0.1047569408430D-07 0.1256630116765D-07 0.1504584940657D-07 0.1797985537773D-07
 0.2144292929545D-07 0.2551933554756D-07 0.3030329969668D-07 0.3589886224122D-07
 0.4241906880036D-07 0.4998420110625D-07 0.5871870374285D-07 0.6874630639373D-07
 0.8018290592588D-07 0.9312661403684D-07 0.1076445372567D-06 0.1237557839420D-06
 0.1414109191045D-06 0.1604681605189D-06 0.1806679564930D-06 0.2016089312192D-06
 0.2227303112794D-06 0.2433085219632D-06 0.2624804382258D-06 0.2793088315781D-06
 0.2929132675841D-06 0.3026936093419D-06 0.3086813299786D-06 0.3120566661971D-06
 0.3158757732419D-06 0.3260458136303D-06 0.3525868960935D-06 0.4112029342720D-06
 0.5251726540747D-06 0.7275523957789D-06 0.1063690570044D-05 0.1594043813212D-05
 0.2397395604894D-05 0.3574640109445D-05 0.5253607292908D-05 0.7595602677417D-05
 0.1080491702974D-04 0.1514280179447D-04 0.2094805812151D-04 0.2866630639836D-04
 0.3889025459836D-04 0.5241229133996D-04 0.7029060459912D-04 0.9392855834358D-04
 0.1251683954947D-03 0.1664012456998D-03 0.2207022377474D-03 0.2920054083027D-03
 0.3853459710920D-03 0.5072022589948D-03 0.6659778365192D-03 0.8726531336583D-03
 0.1141633777470D-02 0.1491807904244D-02 0.1947857300705D-02 0.2541910190690D-02
 0.3315745564294D-02 0.4323841229363D-02 0.5637659109767D-02 0.7351501611879D-02
    2    2  120    8
-0.7718813852097D-07-0.8690593117783D-07-0.9784403817891D-07-0.1101549756757D-06
-0.1240105354748D-06-0.1396035448002D-06-0.1571511774183D-06-0.1768971359191D-06
-0.1991158590300D-06-0.2241152647155D-06-0.2522420153376D-06-0.2838850001352D-06
-0.3194819789667D-06-0.3595238905386D-06-0.4045632812467D-06-0.4552197081073D-06
-0.5121902685905D-06-0.5762564448033D-06-0.6482973669675D-06-0.7292982548551D-06
-0.8203672148756D-06-0.9227457961845D-06-0.1037829931738D-05-0.1167183274149D-05
-0.1312563518724D-05-0.1475938789754D-05-0.1659520907099D-05-0.1865785804554D-05
-0.2097514903683D-05-0.2357820823150D-05-0.2650199259786D-05-0.2978560431153D-05
-0.3347294482059D-05-0.3761310492384D-05-0.4226117591539D-05-0.4747873873593D-05
-0.5333487822856D-05-0.5990677785862D-05-0.6728099477642D-05-0.7555419359661D-05
-0.8483472237759D-05-0.9524352810471D-05-0.1069161207220D-04-0.1200036780901D-04
-0.1346755067713D-04-0.1511203960823D-04-0.1695496476787D-04-0.1901987541944D-04
-0.2133311601769D-04-0.2392402691911D-04-0.2682541383079D-04-0.3007379162417D-04
-0.3370995897865D-04-0.3777930003439D-04-0.4233249274064D-04-0.4742586503041D-04
-0.5312227747270D-04-0.5949154876611D-04-0.6661153120918D-04-0.7456863204039D-04
-0.8345913221122D-04-0.9338979351523D-04-0.1044794887472D-03-0.1168599219621D-03
-0.1306776007899D-03-0.1460947031915D-03-0.1632914877776D-03-0.1824672793800D-03
-0.2038434328419D-03-0.2276644761549D-03-0.2542016716417D-03-0.2837543785893D-03
-0.3166543660705D-03-0.3532673120126D-03-0.3939980963324D-03-0.4392924822445D-03
-0.4896434176934D-03-0.5455930221170D-03-0.6077401783970D-03-0.6767425953913D-03
-0.7533261030057D-03-0.8382868975289D-03-0.9325025193009D-03-0.1036934476845D-02
-0.1152641426713D-02-0.1280781734215D-02-0.1422629597728D-02-0.1579577657623D-02
-0.1753156264257D-02-0.1945035976467D-02-0.2157051341970D-02-0.2391202700202D-02
-0.2649684916399D-02-0.2934889371333D-02-0.3249438096780D-02-0.3596185216689D-02
-0.3978258796406D-02-0.4399061004195D-02-0.4862318267219D-02-0.5372081353815D-02
-0.5932784810148D-02-0.6549245807481D-02-0.7226737017422D-02-0.7970983178825D-02
-0.8788249594366D-02-0.9685340012864D-02-0.1066970425354D-01-0.1174943828061D-01
-0.1293342252816D-01-0.1423132624296D-01-0.1565378572371D-01-0.1721242416943D-01
-0.1892007981447D-01-0.2079084523297D-01-0.2284036444898D-01-0.2508589245875D-01
-0.2754667184202D-01-0.3024402583300D-01-0.3320183694887D-01-0.3644669891080D-01
 0.3602949399544D-11 0.4305276407501D-11 0.5144628128278D-11 0.6147726080087D-11
 0.7346518969293D-11 0.8779159145500D-11 0.1049125853741D-10 0.1253727896544D-10
 0.1498232552670D-10 0.1790413153123D-10 0.2139560416675D-10 0.2556766254800D-10
 0.3055286879599D-10 0.3650945591941D-10 0.4362651190833D-10 0.5212971057576D-10
 0.6228869544314D-10 0.7442523272429D-10 0.8892372887969D-10 0.1062428091897D-09
 0.1269302928147D-09 0.1516396759459D-09 0.1811513835328D-09 0.2163961997884D-09
 0.2584855287635D-09 0.3087445718774D-09 0.3687553450810D-09 0.4404038405114D-09
 0.5259409902493D-09 0.6280495167409D-09 0.7499305344514D-09 0.8953982436581D-09
 0.1069002512858D-08 0.1276163195687D-08 0.1523343781738D-08 0.1818241061690D-08
 0.2170031037638D-08 0.2589637233582D-08 0.3090078108638D-08 0.3686845696931D-08
 0.4398397050260D-08 0.5246687190808D-08 0.6257863023159D-08 0.7463015108516D-08
 0.8899154104977D-08 0.1061026892563D-07 0.1264870164717D-07 0.1507663544924D-07
 0.1796802518464D-07 0.2141068598392D-07 0.2550900918550D-07 0.3038688234537D-07
 0.3619149560932D-07 0.4309743881403D-07 0.5131202328169D-07 0.6108100050981D-07
 0.7269602178554D-07 0.8650259606732D-07 0.1029105073426D-06 0.1224049188516D-06
 0.1455608873063D-06 0.1730587868724D-06 0.2057045379208D-06 0.2444510661657D-06
 0.2904263609060D-06 0.3449632849681D-06 0.4096386344724D-06 0.4863143269543D-06
 0.5771916471376D-06 0.6848684380334D-06 0.8124142796949D-06 0.9634495605064D-06
 0.1142250133353D-05 0.1353856506351D-05 0.1604219123272D-05 0.1900350061771D-05
 0.2250524421092D-05 0.2664490772349D-05 0.3153751331028D-05 0.3731854437065D-05
 0.4414783910140D-05 0.5221365977603D-05 0.6173812998974D-05 0.7298288193974D-05
 0.8625663106739D-05 0.1019230647586D-04 0.1204113864700D-04 0.1422272614711D-04
 0.1679675312711D-04 0.1983353538965D-04 0.2341606088361D-04 0.2764208298538D-04
 0.3262693391284D-04 0.3850638868533D-04 0.4544052608833D-04 0.5361763226652D-04
 0.6325943600084D-04 0.7462638567169D-04 0.8802475920470D-04 0.1038137156972D-03
 0.1224149038344D-03 0.1443220096959D-03 0.1701137713210D-03 0.2004669559059D-03
 0.2361743961147D-03 0.2781630045084D-03 0.3275191092274D-03 0.3855143057997D-03
 0.4536417968207D-03 0.5336537710608D-03 0.6276142611078D-03 0.7379532270932D-03
 0.8675420675800D-03 0.1019770790188D-02 0.1198653435481D-02 0.1408934084626D-02
 0.1656231523103D-02 0.1947184796346D-02 0.2289653726826D-02 0.2692929507568D-02
-0.7381642145259D-11-0.8822059732404D-11-0.1054367048201D-10-0.1260132436382D-10
-0.1506059612723D-10-0.1799979692729D-10-0.2151253852474D-10-0.2571059956829D-10
-0.3072758572724D-10-0.3672301401853D-10-0.4388751963845D-10-0.5244868029351D-10
-0.6267844251454D-10-0.7490138770198D-10-0.8950531707174D-10-0.1069530310012D-09
-0.1277973655908D-09-0.1526979400551D-09-0.1824425875419D-09-0.2179710947530D-09
-0.2604056786870D-09-0.3110847675365D-09-0.3716062015884D-09-0.4438751887970D-09
-0.5301657506485D-09-0.6331885120449D-09-0.7561779601290D-09-0.9029886599944D-09
-0.1078218637103D-08-0.1287345640102D-08-0.1536901981233D-08-0.1834667210186D-08
-0.2189915031489D-08-0.2613685974990D-08-0.3119136411442D-08-0.3721922347934D-08
-0.4440692445268D-08-0.5297629462192D-08-0.6319144299782D-08-0.7536637513872D-08
-0.8987477921230D-08-0.1071607003545D-07-0.1277523016556D-07-0.1522768611629D-07
-0.1814800465559D-07-0.2162469138881D-07-0.2576289269946D-07-0.3068733143146D-07
-0.3654607917629D-07-0.4351465357819D-07-0.5180129290211D-07-0.6165264361803D-07
-0.7336110558187D-07-0.8727275443657D-07-0.1037975352073D-06-0.1234202306944D-06
-0.1467146452872D-06-0.1743587317540D-06-0.2071542363570D-06-0.2460476249745D-06
-0.2921572126406D-06-0.3468019546484D-06-0.4115389438492D-06-0.4882030864491D-06
-0.5789586504670D-06-0.6863538919092D-06-0.8133922526965D-06-0.9636071447500D-06
-0.1141160125028D-05-0.1350944020641D-05-0.1598718115516D-05-0.1891249916800D-05
-0.2236502667244D-05-0.2643830321910D-05-0.3124237366827D-05-0.3690649682296D-05
-0.4358274819255D-05-0.5144978544858D-05-0.6071787909885D-05-0.7163417345664D-05
-0.8448971250649D-05-0.9962681722300D-05-0.1174489686838D-04-0.1384311246519D-04
-0.1631335899012D-04-0.1922165445528D-04-0.2264594509374D-04-0.2667813102260D-04
-0.3142678152422D-04-0.3701993471242D-04-0.4360885040499D-04-0.5137185491683D-04
-0.6051946003247D-04-0.7129953954872D-04-0.8400423137811D-04-0.9897682030243D-04
-0.1166208611527D-03-0.1374091986508D-03-0.1618960122603D-03-0.1907284644522D-03
-0.2246625703091D-03-0.2645785973694D-03-0.3115022505374D-03-0.3666254772167D-03
-0.4313360029484D-03-0.5072466791910D-03-0.5962378516377D-03-0.7005007787973D-03
-0.8225997708608D-03-0.9655362624605D-03-0.1132839870826D-02-0.1328660385221D-02
-0.1557895149272D-02-0.1826315136213D-02-0.2140734399280D-02-0.2509172429691D-02
-0.2941074828585D-02-0.3447526200312D-02-0.4041551947764D-02-0.4738435532112D-02
 0.5341917461769D-15 0.6793069567408D-15 0.8637704469739D-15 0.1098233230144D-14
 0.1396223805191D-14 0.1774925195784D-14 0.2256157909351D-14 0.2867632330750D-14
 0.3644531491246D-14 0.4631525749008D-14 0.5885318081726D-14 0.7477885037910D-14
 0.9500574571480D-14 0.1206930933012D-13 0.1533117122484D-13 0.1947276554428D-13
 0.2473078274632D-13 0.3140543015337D-13 0.3987737699754D-13 0.5062927988813D-13
 0.6427293253922D-13 0.8158377746082D-13 0.1035443373828D-12 0.1313994048265D-12
 0.1667255357904D-12 0.2115191976729D-12 0.2683076443555D-12 0.3402896915783D-12
 0.4315122866660D-12 0.5470946486486D-12 0.6935093703293D-12 0.8789385382592D-12
 0.1113719933633D-11 0.1410911774248D-11 0.1786999500583D-11 0.2262788829826D-11
 0.2864522235095D-11 0.3625287233623D-11 0.4586774087336D-11 0.5801489178045D-11
 0.7335512984541D-11 0.9271964486005D-11 0.1171530991824D-10 0.1479676287450D-10
 0.1868098138427D-10 0.2357444305599D-10 0.2973579446740D-10 0.3748876027128D-10
 0.4723803591607D-10 0.5948904020818D-10 0.7487212696419D-10 0.9417255748694D-10
 0.1183670546669D-09 0.1486688127753D-09 0.1865820683364D-09 0.2339688983287D-09
 0.2931295495393D-09 0.3669001303439D-09 0.4587688952760D-09 0.5730164076534D-09
 0.7148803490368D-09 0.8907518702607D-09 0.1108402715085D-08 0.1377251552875D-08
 0.1708665332896D-08 0.2116304675238D-08 0.2616501853279D-08 0.3228679422282D-08
 0.3975783220375D-08 0.4884732968272D-08 0.5986837093559D-08 0.7318164241741D-08
 0.8919766914772D-08 0.1083773108568D-07 0.1312286108252D-07 0.1582993495345D-07
 0.1901620771968D-07 0.2273903275225D-07 0.2705207212561D-07 0.3199987795181D-07
 0.3761001543569D-07 0.4388240041221D-07 0.5077459770971D-07 0.5818268891751D-07
 0.6591589198642D-07 0.7366456620745D-07 0.8095913590115D-07 0.8711990609323D-07
 0.9119444595875D-07 0.9188353048900D-07 0.8745126126236D-07 0.7562214026945D-07
 0.5345933820077D-07 0.1722963882237D-07-0.3775378037597D-07-0.1173024053198D-06
-0.2285528915015D-06-0.3801890974250D-06-0.5827181779869D-06-0.8488003885461D-06
-0.1193703394731D-05-0.1635907956650D-05-0.2198006779947D-05-0.2907978970708D-05
-0.3801108703778D-05-0.4922708597811D-05-0.6332096911946D-05-0.8108070791416D-05
-0.1035652257763D-04-0.1322043686275D-04-0.1689308953536D-04-0.2163449052996D-04
-0.2779201196975D-04-0.3582497530790D-04-0.4633450701592D-04-0.6009867185035D-04
-0.7811606940301D-04-0.1016601599766D-03-0.1323529008307D-03-0.1722663309915D-03
-0.4120694494982D-15-0.5247046574538D-15-0.6680164403030D-15-0.8503347475648D-15
-0.1082244554645D-14-0.1377198109018D-14-0.1752282324960D-14-0.2229209399422D-14
-0.2835552553965D-14-0.3606336854604D-14-0.4586033387488D-14-0.5831114635157D-14
-0.7413264430805D-14-0.9423492009588D-14-0.1197728677415D-13-0.1522121443367D-13
-0.1934122864503D-13-0.2457324221203D-13-0.3121644604025D-13-0.3965030544807D-13
-0.5035587564411D-13-0.6394305141464D-13-0.8118470090429D-13-0.1030602562047D-12
-0.1308103262462D-12-0.1660063611584D-12-0.2106378299565D-12-0.2672234422350D-12
-0.3389500755050D-12-0.4298500230156D-12-0.5450221322817D-12-0.6909134318504D-12
-0.8756704928860D-12-0.1109586233134D-11-0.1405656209276D-11-0.1780286202152D-11
-0.2254170783791D-11-0.2853409606521D-11-0.3610891326063D-11-0.4568048544168D-11
-0.5777029668488D-11-0.7303447663192D-11-0.9229773390729D-11-0.1165962082130D-10
-0.1472302299676D-10-0.1858307989677D-10-0.2344410813975D-10-0.2956189069963D-10
-0.3725618493640D-10-0.4692640188829D-10-0.5907064276181D-10-0.7430946923405D-10
-0.9341460743872D-10-0.1173445719748D-09-0.1472874019870D-09-0.1847133927594D-09
-0.2314376807565D-09-0.2896970440197D-09-0.3622397919754D-09-0.4524350869670D-09
-0.5643988101908D-09-0.7031447232129D-09-0.8747544447693D-09-0.1086577845916D-08
-0.1347450944734D-08-0.1667945175082D-08-0.2060623259556D-08-0.2540317294034D-08
-0.3124381494081D-08-0.3832934557919D-08-0.4689003250383D-08-0.5718578670217D-08
-0.6950418970502D-08-0.8415603459694D-08-0.1014654033309D-07-0.1217540469682D-07
-0.1453150561942D-07-0.1723749751579D-07-0.2030360369326D-07-0.2371967148033D-07
-0.2744371646808D-07-0.3138662902768D-07-0.3539091123219D-07-0.3920298750743D-07
-0.4243578595935D-07-0.4452099692842D-07-0.4464610783826D-07-0.4167576202005D-07
-0.3405007545239D-07-0.1966036972218D-07 0.4308527343597D-08 0.4156723217393D-07
 0.9695761252856D-07 0.1767301527105D-06 0.2888866174714D-06 0.4435786497251D-06
 0.6535995789278D-06 0.9349590910880D-06 0.1307605978185D-05 0.1796294068213D-05
 0.2431715719938D-05 0.3251929589876D-05 0.4304316709248D-05 0.5648166476780D-05
 0.7358338257127D-05 0.9530223230673D-05 0.1228679021985D-04 0.1578811628922D-04
 0.2024463794667D-04 0.2593464217056D-04 0.3322777356295D-04 0.4261496334483D-04
 0.5474708439410D-04 0.7048247130617D-04 0.9094640904989D-04 0.1176029615188D-03
 0.1523451478890D-03 0.1976068971100D-03 0.2565113247481D-03 0.3330688917058D-03
 0.9495584483935D-18 0.1281207789176D-17 0.1728654506988D-17 0.2332314407615D-17
 0.3146701683552D-17 0.4245341551317D-17 0.5727402355461D-17 0.7726620553123D-17
 0.1042335423105D-16 0.1406081868070D-16 0.1896695044283D-16 0.2558394034334D-16
 0.3450794383194D-16 0.4654266854361D-16 0.6277150977581D-16 0.8465483404153D-16
 0.1141608830785D-15 0.1539422166870D-15 0.2075732029771D-15 0.2798699850311D-15
 0.3773209984348D-15 0.5086667382647D-15 0.6856797133715D-15 0.9242142561838D-15
 0.1245618728361D-14 0.1678634724851D-14 0.2261951489491D-14 0.3047639325881D-14
 0.4105765446581D-14 0.5530594258831D-14 0.7448919170934D-14 0.1003124754593D-13
 0.1350682093992D-13 0.1818376542028D-13 0.2447612924859D-13 0.3294013527333D-13
 0.4432277582641D-13 0.5962691778264D-13 0.8019848869302D-13 0.1078431717816D-12
 0.1449825239235D-12 0.1948626744320D-12 0.2618332252652D-12 0.3517195860389D-12
 0.4723198846970D-12 0.6340674031276D-12 0.8509132605111D-12 0.1141501155668D-11
 0.1530729947771D-11 0.2051829398838D-11 0.2749115408236D-11 0.3681642425524D-11
 0.4928039994780D-11 0.6592908475158D-11 0.8815265526369D-11 0.1177968357012D-10
 0.1573095346256D-10 0.2099335554406D-10 0.2799594261240D-10 0.3730563880823D-10
 0.4967048510249D-10 0.6607600196687D-10 0.8781847319809D-10 0.1165999605287D-09
 0.1546511426156D-09 0.2048895977278D-09 0.2711230623573D-09 0.3583094113283D-09
 0.4728878356905D-09 0.6231986822464D-09 0.8200130574229D-09 0.1077196944194D-08
 0.1412538878345D-08 0.1848773812438D-08 0.2414839748686D-08 0.3147405306541D-08
 0.4092707347429D-08 0.5308733142286D-08 0.6867774071101D-08 0.8859358728663D-08
 0.1139354747974D-07 0.1460452285062D-07 0.1865435034201D-07 0.2373668684536D-07
 0.3008009963695D-07 0.3795048683059D-07 0.4765190317743D-07 0.5952483114749D-07
 0.7394068750579D-07 0.9129102064724D-07 0.1119696302561D-06 0.1363455655545D-06
 0.1647250180362D-06 0.1973002509995D-06 0.2340846229179D-06 0.2748339565874D-06
 0.3189572476127D-06 0.3654230040003D-06 0.4126733569394D-06 0.4585644163147D-06
 0.5003612489877D-06 0.5348248765528D-06 0.5584413061416D-06 0.5678501195971D-06
 0.5605394096533D-06 0.5358682834154D-06 0.4964714896696D-06 0.4500641072809D-06
 0.4116284283191D-06 0.4058861382244D-06 0.4699084633572D-06 0.6556296566353D-06
 0.1032061953289D-05 0.1687061604924D-05 0.2728850691739D-05 0.4287970086374D-05
 0.6521360253070D-05 0.9621378590772D-05 0.1383433859941D-04 0.1949452525198D-04
-0.5947198241326D-18-0.8024551320139D-18-0.1082737647177D-17-0.1460893328132D-17
-0.1971088131068D-17-0.2659406894133D-17-0.3588015202567D-17-0.4840761367184D-17
-0.6530736900354D-17-0.8810463011448D-17-0.1188563768739D-16-0.1603365089916D-16
-0.2162855981158D-16-0.2917471468199D-16-0.3935214840129D-16-0.5307772206541D-16
-0.7158732984519D-16-0.9654708818229D-16-0.1302026451454D-15-0.1755805954706D-15
-0.2367595778712D-15-0.3192356976500D-15-0.4304138412268D-15-0.5802699471782D-15
-0.7822415265015D-15-0.1054426963376D-14-0.1421198641299D-14-0.1915371905870D-14
-0.2581125179696D-14-0.3477922271641D-14-0.4685787594257D-14-0.6312396157141D-14
-0.8502594384843D-14-0.1145119660280D-13-0.1542015359252D-13-0.2076161270543D-13
-0.2794884378665D-13-0.3761772870031D-13-0.5062237629695D-13-0.6810966566038D-13
-0.9161907348171D-13-0.1232163412347D-12-0.1656723229478D-12-0.2227021814465D-12
-0.2992850388796D-12-0.4020909565644D-12-0.5400508552419D-12-0.7251165771699D-12
-0.9732739369909D-12-0.1305891458471D-11-0.1751515090512D-11-0.2348253077809D-11
-0.3146942824650D-11-0.4215350538601D-11-0.5643734945395D-11-0.7552207232973D-11
-0.1010045547360D-10-0.1350057286896D-10-0.1803395467254D-10-0.2407351449834D-10
-0.3211284450565D-10-0.4280440767402D-10-0.5700946055260D-10-0.7586314559037D-10
-0.1008591638393D-09-0.1339595958376D-09-0.1777369384275D-09-0.2355571710876D-09
-0.3118149152534D-09-0.4122342483217D-09-0.5442519353180D-09-0.7175031890488D-09
-0.9444343152568D-09-0.1241070506303D-08-0.1627972061835D-08-0.2131415776792D-08
-0.2784842606290D-08-0.3630613186626D-08-0.4722113191732D-08-0.6126242126167D-08
-0.7926308702729D-08-0.1022532784413D-07-0.1314968041202D-07-0.1685302995491D-07
-0.2152031385127D-07-0.2737149322454D-07-0.3466460014651D-07-0.4369738849809D-07
-0.5480666433166D-07-0.6836401601376D-07-0.8476637739286D-07-0.1044194208208D-06
-0.1277115778211D-06-0.1549761716821D-06-0.1864394648867D-06-0.2221527565693D-06
-0.2619083941044D-06-0.3051416205200D-06-0.3508248744215D-06-0.3973664698127D-06
-0.4425353871857D-06-0.4834439201704D-06-0.5166361030100D-06-0.5383437425525D-06
-0.5449923649433D-06-0.5340490113834D-06-0.5053184714123D-06-0.4627802449316D-06
-0.4170466945667D-06-0.3884559302039D-06-0.4107619115692D-06-0.5352580982709D-06
-0.8351364688453D-06-0.1409810934757D-05-0.2389161748668D-05-0.3938003213569D-05
-0.6262133684764D-05-0.9618699444629D-05-0.1433616096935D-04-0.2085183367002D-04
 0.1378041472121D-17 0.1859387136639D-17 0.2508814724548D-17 0.3384994941111D-17
 0.4567066628811D-17 0.6161774349842D-17 0.8313092051965D-17 0.1121519166081D-16
 0.1512994730625D-16 0.2041050222906D-16 0.2753306268361D-16 0.3713974330229D-16
 0.5009629374427D-16 0.6756993105924D-16 0.9113418296933D-16 0.1229101320906D-15
 0.1657567448839D-15 0.2235272306444D-15 0.3014142249553D-15 0.4064147279867D-15
 0.5479560675385D-15 0.7387385236763D-15 0.9958696021411D-15 0.1342390221935D-14
 0.1809328407628D-14 0.2438461629966D-14 0.3286032308517D-14 0.4427742809532D-14
 0.5965470720826D-14 0.8036293588214D-14 0.1082461229458D-13 0.1457843648812D-13
 0.1963124873609D-13 0.2643135385595D-13 0.3558125391292D-13 0.4789046538467D-13
 0.6444632657779D-13 0.8670888660867D-13 0.1166380137670D-12 0.1568635598310D-12
 0.2109130728308D-12 0.2835163217607D-12 0.3810123222731D-12 0.5118929845119D-12
 0.6875288141418D-12 0.9231367928957D-12 0.1239070459986D-11 0.1662537761483D-11
 0.2229886726794D-11 0.2989643553225D-11 0.4006546915564D-11 0.5366898923930D-11
 0.7185654781804D-11 0.9615803416950D-11 0.1286076399187D-10 0.1719074250106D-10
 0.2296428258157D-10 0.3065660878516D-10 0.4089684176734D-10 0.5451676060365D-10
 0.7261457049201D-10 0.9663809336021D-10 0.1284930471951D-09 0.1706835872949D-09
 0.2264942195176D-09 0.3002244969474D-09 0.3974908168173D-09 0.5256129916153D-09
 0.6941074514745D-09 0.9153135273354D-09 0.1205184883561D-08 0.1584283885295D-08
 0.2079023426253D-08 0.2723206581021D-08 0.3559920879383D-08 0.4643847127649D-08
 0.6044044883361D-08 0.7847270766958D-08 0.1016187536511D-07 0.1312229684537D-07
 0.1689413069394D-07 0.2167968349688D-07 0.2772382612472D-07 0.3531981128717D-07
 0.4481453863700D-07 0.5661247696239D-07 0.7117714415245D-07 0.8902860996379D-07
 0.1107350476984D-06 0.1368957724598D-06 0.1681127406863D-06 0.2049469130634D-06
 0.2478557513547D-06 0.2971080577818D-06 0.3526734216482D-06 0.4140850244661D-06
 0.4802783462734D-06 0.5494131060014D-06 0.6186945258800D-06 0.6842199954301D-06
 0.7408930514974D-06 0.7824621541204D-06 0.8017636229377D-06 0.7912640179790D-06
 0.7440167236136D-06 0.6551461999340D-06 0.5239698861311D-06 0.3568181579744D-06
 0.1705589206115D-06-0.3292250046439D-08-0.1140914878293D-06-0.8759434198012D-07
 0.1781332470633D-06 0.8160798700248D-06 0.1993103388716D-05 0.3913136915848D-05
 0.6823463681072D-05 0.1102885394050D-04 0.1692179187235D-04 0.2504023149540D-04
