  -1.0656814826165223E-018   1.8893505375977315E-020  -5.2893098976440045E-019   9.9999999999999995E-021
  -4.9094590215246868E-019  -6.0307462241240455E-019  -5.5344790392694517E-019  -4.1651200228156247E-019
   9.2686232580214792E-021   8.9482975460020229E-021   8.7830322024130605E-021   8.6297495010122433E-021
  -1.5203220658424663E-018   2.7421579655688482E-020  -1.0656814826165223E-018   1.8893505375977315E-020
  -4.3049346813541433E-019  -4.7511911286608917E-019  -4.6286843666378785E-019  -4.2137493216049567E-019
   8.6967375457548414E-021   8.5401953639981116E-021   8.4957083112447490E-021   8.3999007820264202E-021
  -1.9566289098936894E-018   3.5724603560706896E-020  -1.5203220658424663E-018   2.7421579655688482E-020
  -4.2521758912014457E-019  -4.4544107259463261E-019  -4.4095856894240130E-019  -4.1982419211312772E-019
   8.4146179934285305E-021   8.3074513239856761E-021   8.2878858645084486E-021   8.2128510596937110E-021
  -2.3836321393088815E-018   4.3858404043861609E-020  -1.9566289098936894E-018   3.5724603560706896E-020
  -4.2137295386717662E-019  -4.3206003846675822E-019  -4.2992777089430978E-019  -4.1667080390183942E-019
   8.2183302424967360E-021   8.1359485387770041E-021   8.1250297093404365E-021   8.0625161601966720E-021
  -2.8040734673372344E-018   5.1854870345691689E-020  -2.3836321393088815E-018   4.3858404043861609E-020
  -4.1743452589711108E-019  -4.2362317662125866E-019  -4.2243054330523290E-019  -4.1310600242002323E-019
   8.0651371920584759E-021   7.9977091357769584E-021   7.9907321397067337E-021   7.9367780679546032E-021
   1.5023379542148653E-017   3.2632473180947705E-020   5.0937762013415551E-018   9.9999999999999995E-021
   8.3503285841882990E-018   8.1849598823373148E-018   1.0168991617138787E-017   1.4519388461702085E-017
   1.7043394156512430E-020   2.2017779356180382E-020   2.3589645887396584E-020   2.7536594442019860E-020
   3.0180390407072302E-017   6.4422496576315542E-020   1.5023379542148653E-017   3.2632473180947705E-020
   1.4007872767787407E-017   1.4195762922978084E-017   1.5294446373476603E-017   1.7953773828845131E-017
   2.6889529199886520E-020   3.1440882921263770E-020   3.2406640421997698E-020   3.6155564485797610E-020
   4.9095125993914378E-017   1.0465003638592641E-019   3.0180390407072302E-017   6.4422496576315542E-020
   1.7733559614447863E-017   1.8343985637182302E-017   1.8987970426966364E-017   2.1090941778307283E-017
   3.5884404110147856E-020   3.9967351080238751E-020   4.0679090452706675E-020   4.4187951681626506E-020
   7.1207264489467035E-017   1.5268280184763545E-019   4.9095125993914378E-017   1.0465003638592641E-019
   2.0965826112092043E-017   2.1725459374770797E-017   2.2163264441212128E-017   2.3929557229258036E-017
   4.4048383792472933E-020   4.7832187441930605E-020   4.8378087298953248E-020   5.1727659496013611E-020
   9.6147466855113846E-017   2.0805893650799320E-019   7.1207264489467035E-017   1.5268280184763545E-019
   2.3853622998734341E-017   2.4655924591833633E-017   2.4980979687938339E-017   2.6513782635602609E-017
   5.1643440646479020E-020   5.5216039980196503E-020   5.5650649888534430E-020   5.8879987578205603E-020
   6.5996011765011580E-017   6.0701025539847076E-020   1.1927511444551052E-017   9.9999999999999995E-021
   3.0444556695872246E-017   3.9541451131013436E-017   5.7993945647772355E-017   9.8895651669319393E-017
   2.6492708177512816E-020   4.3822053715935977E-020   5.4343747878700260E-020   8.1381841872297193E-020
   1.9209409622078989E-016   1.7366516669819870E-019   6.5996011765011580E-017   6.0701025539847076E-020
   9.3280301210343794E-017   1.1181042979423469E-016   1.3134800180586849E-016   1.7699134232411976E-016
   7.6797794587441237E-020   1.0616623607390795E-019   1.1751214685585016E-019   1.5363028650315231E-019
   4.0687751528908530E-016   3.6853000116615125E-019   1.9209409622078989E-016   1.7366516669819870E-019
   1.7254574843178664E-016   2.0222445626485472E-016   2.1983949102069237E-016   2.7202687140689159E-016
   1.4960760524880203E-019   1.8815312641524875E-019   1.9990537140662082E-019   2.4346440591517423E-019
   7.2505225080302215E-016   6.6232100825072268E-019   4.0687751528908530E-016   3.6853000116615125E-019
   2.6823092637189326E-016   3.0688574573170721E-016   3.2311275650546455E-016   3.8082048223738441E-016
   2.4036229108541310E-019   2.8732635170455578E-019   2.9892963496522629E-019   3.4987177808245159E-019
   1.1592542765389178E-015   1.0707417759880484E-018   7.2505225080302215E-016   6.6232100825072268E-019
   3.7775222406790672E-016   4.2387256148613541E-016   4.3903214711563602E-016   5.0165051314392377E-016
   3.4738035047225826E-019   4.0221981393377301E-019   4.1351869510069194E-019   4.7166723788276665E-019
   1.9294206864574489E-016   1.1003665449950177E-019   1.9048477719683001E-017   9.9999999999999995E-021
   6.6715535453080466E-017   1.0691493819975047E-016   1.8696247983303390E-016   3.8889117403772206E-016
   3.6339189504622717E-020   7.3453445135690987E-020   1.0679422221976310E-019   2.0338540278147965E-019
   8.1721858641839050E-016   4.6105668318792457E-019   1.9294206864574489E-016   1.1003665449950177E-019
   3.6696509296532673E-016   5.0854270688091881E-016   6.6261009546628160E-016   1.0363884089761465E-015
   1.9080887575672682E-019   3.0450400832825208E-019   3.6905300926795657E-019   5.6819726118139294E-019
   2.2756787192316398E-015   1.2896945552129373E-018   8.1721858641839050E-016   4.6105668318792457E-019
   9.9942215478904339E-016   1.3079369241055267E-015   1.5164116899391934E-015   2.1026414140010125E-015
   5.4388312468952951E-019   7.6371115524535706E-019   8.6004061570447626E-019   1.1804405655608805E-018
   5.0243342102554941E-015   2.8761555337205257E-018   2.2756787192316398E-015   1.2896945552129373E-018
   2.0532813885246761E-015   2.5695098339120167E-015   2.8256106089650094E-015   3.6484106718644013E-015
   1.1514775132256454E-018   1.5055037325645513E-018   1.6301112780833492E-018   2.0960583365240829E-018
   9.5779074376659846E-015   5.5496493948304830E-018   5.0243342102554941E-015   2.8761555337205257E-018
   3.5940063762029625E-015   4.3497693648084652E-015   4.6484001980718247E-015   5.7310938624994031E-015
   2.0645176480483726E-018   2.5781850060538702E-018   2.7283394567834100E-018   3.3633965929368117E-018
   4.6530902923066669E-016   1.9063658056827332E-019   2.6274761932731274E-017   9.9999999999999995E-021
   1.1734517794981907E-016   2.2341103363119028E-016   4.5995273433826660E-016   1.1501328898988796E-015
   4.6331298695850489E-020   1.1073321515552888E-019   1.8752803311015354E-019   4.4096568818242458E-019
   2.8483376669863822E-015   1.1628867759770422E-018   4.6530902923066669E-016   1.9063658056827332E-019
   1.1119838680035026E-015   1.7526045403025247E-015   2.5416065427825050E-015   4.5977657923607315E-015
   4.2279777025432394E-019   7.6402490543665760E-019   1.0214551420234038E-018   1.8397433072781657E-018
   1.0435039983672472E-014   4.2872637283807583E-018   2.8483376669863822E-015   1.1628867759770422E-018
   4.4232898283774995E-015   6.3941741015999602E-015   7.9679604515450702E-015   1.2372654965448983E-014
   1.7476254262811434E-018   2.7116123557414850E-018   3.2640879333252828E-018   5.0472357100076189E-018
   2.8598617727153424E-014   1.1879419559034215E-017   1.0435039983672472E-014   4.2872637283807583E-018
   1.1992162699901719E-014   1.6296431701960644E-014   1.8857580450628630E-014   2.6681279455805431E-014
   4.8734115857810634E-018   6.9224442553956682E-018   7.8610994115525963E-018   1.1112436064243153E-017
   6.5128633020444103E-014   2.7400177292664084E-017   2.8598617727153424E-014   1.1879419559034215E-017
   2.6099705475522488E-014   3.3896081898261970E-014   3.7615780522830039E-014   5.0056661442037588E-014
   1.0852934740555233E-017   1.4549155854777123E-017   1.5952432474376496E-017   2.1268435002916736E-017
   9.8868144132738140E-016   3.1489479955958039E-019   3.3550600301125933E-017   9.9999999999999995E-021
   1.8238924796865805E-016   4.0207329512695956E-016   9.5905052846983977E-016   2.8261481509952754E-015
   5.6391928653284237E-020   1.5560657314770449E-019   3.0327269823931312E-019   8.5521832593016297E-019
   8.6399224221219315E-015   2.7590999587340696E-018   9.8868144132738140E-016   3.1489479955958039E-019
   2.8453113720877395E-015   5.0303149427023978E-015   8.1001333574831593E-015   1.6801237912308448E-014
   8.5327074281137986E-019   1.7208194813817156E-018   2.5395932710598658E-018   5.2911347073523913E-018
   4.1497081634682637E-014   1.3353215889800924E-017   8.6399224221219315E-015   2.7590999587340696E-018
   1.6288183624304635E-014   2.5778871857335152E-014   3.4635292639957799E-014   6.0026442656473682E-014
   5.0450059142614938E-018   8.5732602785536342E-018   1.1074566515383337E-017   1.9224036084265690E-017
   1.4106316649151934E-013   4.5922205611942724E-017   4.1497081634682637E-014   1.3353215889800924E-017
   5.8010482976052169E-014   8.5078576373008770E-014   1.0405104746828058E-013   1.6112677848238938E-013
   1.8456130586425274E-017   2.8309396868805077E-017   3.3875347782501655E-017   5.2588318443812085E-017
   3.8382034948078561E-013   1.2660462935911240E-016   1.4106316649151934E-013   4.5922205611942724E-017
   1.5676176765730937E-013   2.1747802860347667E-013   2.5172111084238392E-013   3.6138305138656682E-013
   5.0997637963627300E-017   7.3065626820688475E-017   8.3383338746024697E-017   1.2019897338596438E-016
   1.9127828639660418E-015   4.9750296474099876E-019   4.0853566004308278E-017   9.9999999999999995E-021
   2.6187017233015605E-016   6.5592866638641174E-016   1.7856063944214393E-015   6.0866354938245419E-015
   6.6490068800363725E-020   2.0805148367057248E-019   4.6079276662846013E-019   1.5208392190475634E-018
   2.3498944487262454E-014   6.1571730026542218E-018   1.9127828639660418E-015   4.9750296474099876E-019
   6.4406079974284569E-015   1.2625583683524445E-014   2.2467594855663785E-014   5.2890004663973554E-014
   1.5949474472825887E-018   3.5497444182852988E-018   5.7672190934367042E-018   1.3729145756752743E-017
   1.4708245797947257E-013   3.8873900008876667E-017   2.3498944487262454E-014   6.1571730026542218E-018
   5.2136315333113424E-014   8.9672438392240576E-014   1.2994434490600428E-013   2.5013119902365758E-013
   1.3272437924828465E-017   2.4517573508434368E-017   3.4023318831093221E-017   6.5946139433451040E-017
   6.1871242745720310E-013   1.6551046062950804E-016   1.4708245797947257E-013   3.8873900008876667E-017
   2.4234020471998181E-013   3.8153876425898407E-013   4.9427542732338007E-013   8.3581122898167311E-013
   6.3302173182876584E-017   1.0429284627368554E-016   1.3184036809336014E-016   2.2425076180682034E-016
   2.0095536965848134E-012   5.4485127149836599E-016   6.1871242745720310E-013   1.6551046062950804E-016
   8.1095261109814342E-013   1.1969787434369617E-012   1.4490801192350930E-012   2.2419772783234063E-012
   2.1649755361190193E-016   3.3017956992526776E-016   3.9335793829463184E-016   6.1247229516144665E-016
   3.4395064369231285E-015   7.5542735010777914E-019   4.8172958773518845E-017   9.9999999999999995E-021
   3.5579865130307252E-016   9.9799821754279785E-016   3.0602489173600535E-015   1.1875707947788880E-014
   7.6610923392738497E-020   2.6805743318980366E-019   6.6686579801173923E-019   2.5261067148508504E-018
   5.8416230863748193E-014   1.2971497581148939E-017   3.4395064369231285E-015   7.5542735010777914E-019
   1.3268931489653068E-014   2.8565108398718715E-014   5.5863034881542303E-014   1.4773512851077535E-013
   2.7984012365654590E-018   6.8118387260959347E-018   1.2131714695307292E-017   3.2610913306875040E-017
   4.7291631114162066E-013   1.0601852755746295E-016   5.8416230863748193E-014   1.2971497581148939E-017
   1.4912698958482517E-013   2.7698213631965211E-013   4.3236078665588323E-013   9.1918764613133837E-013
   3.2215844943456692E-017   6.4278298895996316E-017   9.5765152945437754E-017   2.0597943123155919E-016
   2.4533563518926489E-012   5.5685311811730249E-016   4.7291631114162066E-013   1.0601852755746295E-016
   8.9760858546839952E-013   1.5099700020526530E-012   2.0736901367806129E-012   3.8177113813712390E-012
   1.9879305587300023E-016   3.5014985248641237E-016   4.6811794487486504E-016   8.6967889276348168E-016
   9.4964775784638295E-012   2.1851341646743832E-015   2.4533563518926489E-012   5.5685311811730249E-016
   3.7061038009023110E-012   5.7991783340384121E-012   7.3550699415262100E-012   1.2244127007395528E-011
   8.3858152222155747E-016   1.3565008112181556E-015   1.6901081880650696E-015   2.8378867585544773E-015
   5.8309513418288560E-015   1.1079016456330469E-018   5.5503041336011917E-017   9.9999999999999995E-021
   4.6418042216015320E-016   1.4413005265853395E-015   4.9228889180755864E-015   2.1460130491475057E-014
   8.6746559244549153E-020   3.3561878455596535E-019   9.2827485532970329E-019   3.9728760347823950E-018
   1.3460382501496020E-013   2.5928195209687815E-017   5.8309513418288560E-015   1.1079016456330469E-018
   2.5363549455364458E-014   5.9481487614906681E-014   1.2711176918309053E-013   3.7408717898742930E-013
   4.6577115349409791E-018   1.2308869492050505E-017   2.3914635501987718E-017   7.1817039861311182E-017
   1.3976011394225688E-012   2.7199460089727275E-016   1.3460382501496020E-013   2.5928195209687815E-017
   3.8867697058296543E-013   7.7532975767389676E-013   1.3009019143172584E-012   3.0368435718803746E-012
   7.2912053859894448E-017   1.5627273205296406E-016   2.4955062819127612E-016   5.9183965977713499E-016
   8.9039090474914706E-012   1.7548570324595537E-015   1.3976011394225688E-012   2.7199460089727275E-016
   3.0033710700610404E-012   5.3760843740473545E-012   7.8254374644474138E-012   1.5631432701362840E-011
   5.7715955670178259E-016   1.0823881166843280E-015   1.5304525521890131E-015   3.0943336949252208E-015
   4.0984781419896212E-011   8.1900436584643097E-015   8.9039090474914706E-012   1.7548570324595537E-015
   1.5233837665931139E-011   2.5189491611623771E-011   3.3496349089755927E-011   5.9879715165737890E-011
   2.9902209775812579E-015   5.1140201536646788E-015   6.6699357463220666E-015   1.2052986978473786E-014
   9.4174609169557373E-015   1.5764242164157671E-018   6.2840465447064575E-017   9.9999999999999995E-021
   5.8701883314612100E-016   1.9988529701017942E-015   7.5327210462170346E-015   3.6477555843268261E-014
   9.6892346586763072E-020   4.1073224795581734E-019   1.2518056496714516E-018   5.9765771566533019E-018
   2.9064413326602416E-013   4.9429670868111290E-017   9.4174609169557373E-015   1.5764242164157671E-018
   4.5608856846389361E-014   1.1572643939511525E-013   2.6877151242197950E-013   8.7275527361383190E-013
   7.4161196062061455E-018   2.1144999629586263E-017   4.4597540298913848E-017   1.4821828044696672E-016
   3.8361530475019288E-012   6.5957615331283445E-016   2.9064413326602416E-013   4.9429670868111290E-017
   9.3667948035673370E-013   1.9972021551694782E-012   3.5926517706183155E-012   9.1566661534831075E-012
   1.5525048423525526E-016   3.5575044830890481E-016   6.0757521965766639E-016   1.5789770744999413E-015
   2.9870387902390601E-011   5.2019222084045883E-015   3.8361530475019288E-012   6.5957615331283445E-016
   9.2080869431643899E-012   1.7474748590477733E-011   2.6938235279413163E-011   5.8171354446385857E-011
   1.5624452480097917E-015   3.1085032048975914E-015   4.6457855515847680E-015   1.0183053569576012E-014
   1.6307037396553237E-010   2.8796937804949462E-014   2.9870387902390601E-011   5.2019222084045883E-015
   5.7097975564606592E-011   9.9479549930926090E-011   1.3872230781707819E-010   2.6569822531823548E-010
   9.8944066513830021E-015   1.7839510328927595E-014   2.4363463545776113E-014   4.7269739178478820E-014
  -2.1249302191711962E-020   1.9999071353343369E-020  -9.9999040179905740E-021   9.9999999999999995E-021
  -9.9999027325267940E-021  -1.2499419346300135E-020  -1.1665999373183426E-020  -9.1656488708344220E-021
   9.9994837508661202E-021   9.9991533885757197E-021   9.9989870674407097E-021   9.9986634571612407E-021
  -3.1294275715784594E-020   2.9997470108602554E-020  -2.1249302191711962E-020   1.9999071353343369E-020
  -9.3740337548391945E-021  -1.0457016019040774E-020  -1.0240300882645723E-020  -9.5011735862235974E-021
   9.9987215611774718E-021   9.9984367140399991E-021   9.9983602001561744E-021   9.9980771419853150E-021
  -4.1211351464502524E-020   3.9995269551644047E-020  -3.1294275715784594E-020   2.9997470108602554E-020
  -9.5663084084048190E-021  -1.0106122232217885E-020  -1.0028926219069363E-020  -9.6660491813282661E-021
   9.9980966103936257E-021   9.9978231638349070E-021   9.9977752563892709E-021   9.9975032074069664E-021
  -5.1115847500953165E-020   4.9992497460181385E-020  -4.1211351464502524E-020   3.9995269551644047E-020
  -9.6940238917747597E-021  -1.0011250158221951E-020  -9.9759425576756156E-021  -9.7585668951339502E-021
   9.9975127948262687E-021   9.9972450606255714E-021   9.9972103968780351E-021   9.9969437413905462E-021
  -6.1027690762734485E-020   5.9989169205698672E-020  -5.1115847500953165E-020   4.9992497460181385E-020
  -9.7728632037041941E-021  -9.9800609828375709E-021  -9.9611763786776583E-021  -9.8157216439532695E-021
   9.9969494103292624E-021   9.9966851650149116E-021   9.9966580470633455E-021   9.9963946386179740E-021
   4.9672068519101684E-016   4.2064274425324022E-020   2.7494230023181394E-016   9.9999999999999995E-021
   1.1244383245516833E-016   2.1597571902041927E-016   2.3512217787502138E-016   3.1603068350916792E-016
   2.4194008673120926E-020   2.9623457288529676E-020   3.3761135792941879E-020   4.1422451715880092E-020
   8.0823786096347476E-016   9.1117314254945668E-020   4.9672068519101684E-016   4.2064274425324022E-020
   3.0055931073475325E-016   2.9167563671696511E-016   3.2948029973367260E-016   3.2623187099871885E-016
   4.0062785958734879E-020   4.8190948386861894E-020   4.9656258229502468E-020   5.8561039786266288E-020
   1.1399054806459290E-015   1.5785922495138647E-019   8.0823786096347476E-016   9.1117314254945668E-020
   3.2826282467922206E-016   3.2001547584327820E-016   3.4210039788198297E-016   3.3751114596498113E-016
   5.7751466802699488E-020   6.6143953175951953E-020   6.7207765292746347E-020   7.5996560438548673E-020
   1.4798373382202123E-015   2.4236884817152541E-019   1.1399054806459290E-015   1.5785922495138647E-019
   3.3828006330886808E-016   3.3249048184754958E-016   3.4666433861518683E-016   3.4300144121135848E-016
   7.5549835106462806E-020   8.4042251205898479E-020   8.4896141933124247E-020   9.3631117936325277E-020
   1.8241411442364279E-015   3.4465595872618893E-019   1.4798373382202123E-015   2.4236884817152541E-019
   3.4332841768884836E-016   3.3916629353852732E-016   3.4900478243321777E-016   3.4615226646495405E-016
   9.3349652544953286E-020   1.0190210183652807E-019   1.0261741277295233E-019   1.1133398156406712E-019
   2.0670542928706506E-015   8.6406985556681666E-020   6.1811746006618192E-016   9.9999999999999995E-021
   5.4408093760826582E-016   1.2421669864517857E-015   1.5655679907474213E-015   2.5340701048201320E-015
   4.1910566623577207E-020   6.0666360494003007E-020   8.2614404823958576E-020   1.2996981608058963E-019
   5.0456901233006431E-015   2.7511550638403043E-019   2.0670542928706506E-015   8.6406985556681666E-020
   2.3493612729928824E-015   2.6291122476908564E-015   3.2866292018275352E-015   3.6909708105502880E-015
   1.2239766640442199E-019   1.7604876215925035E-019   1.9182761496689437E-019   2.7410070430738118E-019
   9.4332351556464884E-015   6.3069644857425024E-019   5.0456901233006431E-015   2.7511550638403043E-019
   3.7322528958879877E-015   4.1004667623072595E-015   4.6455159432847124E-015   5.1010518870031371E-015
   2.6262774178806851E-019   3.4259223051266057E-019   3.6004809595382818E-019   4.6557725842027288E-019
   1.5219558132144594E-014   1.2062794105249470E-018   9.4332351556464884E-015   6.3069644857425024E-019
   5.1126287834067753E-015   5.5465599984111386E-015   6.0056325199924404E-015   6.5009240387746955E-015
   4.5629410186679937E-019   5.6241645110858541E-019   5.8093169961304631E-019   7.1050736839411774E-019
   2.2405698458736145E-014   2.0546641589822769E-018   1.5219558132144594E-014   1.2062794105249470E-018
   6.5024566008640916E-015   6.9807427422847189E-015   7.3765121176875419E-015   7.8998756387406972E-015
   7.0278708627865361E-019   8.3514094477789545E-019   8.5431897516067024E-019   1.0086015645881937E-018
   5.9817676200483183E-015   1.6431834381776660E-019   9.7860594677482806E-016   9.9999999999999995E-021
   1.3458108483808181E-015   3.6738330284730006E-015   5.3045606006096525E-015   1.0716371933094817E-014
   6.0520932153321516E-020   1.0110711266332762E-019   1.6698024511941173E-019   3.2921441518779944E-019
   2.1539507060618441E-014   7.7204295550868349E-019   5.9817676200483183E-015   1.6431834381776660E-019
   9.8756157630984438E-015   1.2653507521228504E-014   1.7704227795647453E-014   2.2755350246570407E-014
   3.1133609538247521E-019   5.2212320229303482E-019   6.1441291665409359E-019   1.0619393368687684E-018
   5.3389193893820149E-014   2.3461492795007204E-018   2.1539507060618441E-014   7.7204295550868349E-019
   2.3207596230643652E-014   2.8365643106600606E-014   3.4513096160225773E-014   4.2133046234913860E-014
   9.8699768539832038E-019   1.4475423766432825E-018   1.5978376265896325E-018   2.3668802520880714E-018
   1.0729274105563233E-013   5.5969951650322240E-018   5.3389193893820149E-014   2.3461492795007204E-018
   4.2236666696537547E-014   5.0070261165367042E-014   5.6912611049685537E-014   6.7218871844230368E-014
   2.2766341179351073E-018   3.0833526490636398E-018   3.2943716130288391E-018   4.4729926710689591E-018
   1.8908767941351109E-013   1.1428920221102966E-017   1.0729274105563233E-013   5.5969951650322240E-018
   6.7131751164506094E-014   7.7718480127353002E-014   8.5060856701469521E-014   9.8079205325121330E-014
   4.3730380380648256E-018   5.6241968200275532E-018   5.8961101565431707E-018   7.5778983452181691E-018
   1.4392967322457148E-014   2.9219450403795851E-019   1.3455632837767863E-015   9.9999999999999995E-021
   2.5284780413537906E-015   8.0905598905646164E-015   1.3258602904228109E-014   3.3057620601142939E-014
   7.9465254724564994E-020   1.5051526435922718E-019   2.9925920852768597E-019   7.1415282372935972E-019
   7.5166864847145880E-014   2.0138860653080464E-018   1.4392967322457148E-014   2.9219450403795851E-019
   3.0936200117098527E-014   4.4881152030749175E-014   7.0314082286660797E-014   1.0331671639621394E-013
   6.9752889900596594E-019   1.3341820767878439E-018   1.7131756552455858E-018   3.5379050045477024E-018
   2.4665150953467214E-013   8.0831302906210234E-018   7.5166864847145880E-014   2.0138860653080464E-018
   1.0705542191622975E-013   1.4373964603667509E-013   1.8917955481358860E-013   2.5601404450840052E-013
   3.2175702212881544E-018   5.2517989521678656E-018   6.1433926582532527E-018   1.0407511909747471E-017
   6.1752359932361621E-013   2.4019326331425869E-017   2.4665150953467214E-013   8.0831302906210234E-018
   2.5750992573072722E-013   3.3079648586696413E-013   3.9744335856949980E-013   5.1124292413000918E-013
   9.8288219172884299E-018   1.4522383197142136E-017   1.6179484203072119E-017   2.4384619527112127E-017
   1.3034487280890314E-012   5.8766245291897272E-017   6.1752359932361621E-013   2.4019326331425869E-017
   5.1013909450596419E-013   6.3310867276100107E-013   7.2205060191510152E-013   8.9509312873432128E-013
   2.3530191479365816E-017   3.2580314102616255E-017   3.5240286534118404E-017   4.9310121009993338E-017
   3.0600002587376247E-014   4.9006222289929078E-019   1.7155867934144625E-015   9.9999999999999995E-021
   4.0954851941847784E-015   1.5068747290317411E-014   2.7746297608683837E-014   8.3580919771583426E-014
   9.8567869711882584E-020   2.0875575321405228E-019   4.9221331647438805E-019   1.3798673283069810E-018
   2.2770049664862612E-013   4.8929973269344058E-018   3.0600002587376247E-014   4.9006222289929078E-019
   8.0633196881740200E-014   1.3105181538584996E-013   2.2880356989215107E-013   3.8225899692975680E-013
   1.4173960204031288E-018   3.0391515736823651E-018   4.2734016921178544E-018   1.0375108072207124E-017
   9.8490165448479367E-013   2.5788946959032515E-017   2.2770049664862612E-013   4.8929973269344058E-018
   4.0557283113327764E-013   5.9192276281843904E-013   8.4534826700307193E-013   1.2630920562407061E-012
   9.3443453129652615E-018   1.6838051128388943E-017   2.0961510608866052E-017   4.0432229005113424E-017
   3.0676985841588046E-012   9.5216845650977484E-017   9.8490165448479367E-013   2.5788946959032515E-017
   1.2812456778185264E-012   1.7709058965778749E-012   2.2581624615804405E-012   3.1573991839089103E-012
   3.7625439878752352E-017   6.0287326120073256E-017   7.0392725168246638E-017   1.1758184969627772E-016
   7.7514466683682068E-012   2.7880643158977062E-016   3.0676985841588046E-012   9.5216845650977484E-017
   3.1542930709818240E-012   4.1753973301064834E-012   4.9823672410635098E-012   6.6326662919346087E-012
   1.1207094649450307E-016   1.6629356951187004E-016   1.8647876541312379E-016   2.8392189928826814E-016
   5.9328240811354182E-014   7.8133662910651912E-019   2.0872948768333829E-015   9.9999999999999995E-021
   6.0482139057282533E-015   2.5183912740644082E-014   5.1601575296042297E-014   1.8382648562802376E-013
   1.1775745150947758E-019   2.7577373947182121E-019   7.5870238120495749E-019   2.4413100817760801E-018
   6.1754185765419218E-013   1.1121054829400112E-017   5.9328240811354182E-014   7.8133662910651912E-019
   1.8446934797747327E-013   3.3280848335185281E-013   6.4311279414387971E-013   1.2129697980880901E-012
   2.6636860189984086E-018   6.3157488294018922E-018   9.7232207020433455E-018   2.7296684119872671E-017
   3.4974327237691984E-012   7.6435936783936271E-017   6.1754185765419218E-013   1.1121054829400112E-017
   1.3261987469300218E-012   2.0862280833544674E-012   3.2348982126535172E-012   5.3108938577440483E-012
   2.4626226682457074E-017   4.8656405702426579E-017   6.4540682420936598E-017   1.4086888879803346E-016
   1.3517992124113412E-011   3.4946864749201400E-016   3.4974327237691984E-012   7.6435936783936271E-017
   5.4638436767486053E-012   8.0755088667431582E-012   1.0952155752792076E-011   1.6604183486246210E-011
   1.2982426975785385E-016   2.2446160158787855E-016   2.7544528802750801E-016   5.0855821525983949E-016
   4.0841169777635060E-011   1.2226531492157615E-015   1.3517992124113412E-011   3.4946864749201400E-016
   1.6656846786888266E-011   2.3413381497021048E-011   2.9307244735319413E-011   4.1840966669560697E-011
   4.7982515647426836E-016   7.5995546183457922E-016   8.8636824618036544E-016   1.4666344378383282E-015
   1.0700966565524982E-013   1.1927632004390498E-018   2.4600251407913706E-015   9.9999999999999995E-021
   8.3873265692263953E-015   3.9011257469354919E-014   8.8174475159788636E-014   3.6453905125923722E-013
   1.3699980379537062E-019   3.5154293078027322E-019   1.1116209612064870E-018   4.0332516148654075E-018
   1.5297408252675994E-012   2.3778941580930848E-017   1.0700966565524982E-013   1.1927632004390498E-018
   3.8234785778497641E-013   7.5971528025921506E-013   1.6130021117070724E-012   3.4086043159565466E-012
   4.6961974932029697E-018   1.2178914831902377E-017   2.0485764759143564E-017   6.5491513607655945E-017
   1.1248932269925287E-011   2.1148744914067760E-016   1.5297408252675994E-012   2.3778941580930848E-017
   3.8578348046143817E-012   6.4972785894485418E-012   1.0927180059176496E-011   1.9608396566081662E-011
   5.9746229764447007E-017   1.2865403802695469E-016   1.8173943953131816E-016   4.4571786047748781E-016
   5.3765396163054402E-011   1.1924574455031518E-015   1.1248932269925287E-011   2.1148744914067760E-016
   2.0570348826127205E-011   3.2333660659112556E-011   4.6679290063825687E-011   7.6502533086770964E-011
   4.0896984812110741E-016   7.5979140625805043E-016   9.8104713756150508E-016   1.9951730424146274E-015
   1.9388528177776285E-010   4.9741943973563035E-015   5.3765396163054402E-011   1.1924574455031518E-015
   7.7329400182078320E-011   1.1496374529937268E-010   1.5118334503971964E-010   2.3109573282798781E-010
   1.8689204291891819E-015   3.1486265721269416E-015   3.8272415781101519E-015   6.8697649814555404E-015
   1.8206386225620648E-013   1.7543993772431189E-018   2.8334214223785307E-015   9.9999999999999995E-021
   1.1113179347589097E-014   5.7125847527529351E-014   1.4133139335936212E-013   6.6735498388159568E-013
   1.5627653951370364E-019   4.3604918997723182E-019   1.5638783981848413E-018   6.3102645476208634E-018
   3.5118418736732903E-012   4.8117793644785402E-017   1.8206386225620648E-013   1.7543993772431189E-018
   7.3321757903407593E-013   1.5936170373781667E-012   3.6913623178832493E-012   8.6754917789455938E-012
   7.8525351543045568E-018   2.2075931231771038E-017   4.0448140488128398E-017   1.4527968701115024E-016
   3.3217403559559880E-011   5.4924595011598685E-016   3.5118418736732903E-012   4.8117793644785402E-017
   1.0192977710468660E-011   1.8280406819847914E-011   3.3277282920426604E-011   6.4925012924301845E-011
   1.3500278278380426E-016   3.1509084321205357E-016   4.7331228712154593E-016   1.2949598953762059E-015
   1.9549721597672489E-010   3.8014752463158765E-015   3.3217403559559880E-011   5.4924595011598685E-016
   6.9772022840670945E-011   1.1607908207215605E-010   1.7838716395618950E-010   3.1497435960562787E-010
   1.1888468882606214E-015   2.3647087998621106E-015   3.2128999785434214E-015   7.1693113321276544E-015
   8.3958765938028653E-010   1.8858702387435110E-014   1.9549721597672489E-010   3.8014752463158765E-015
   3.2193097989424622E-010   5.0438407950930214E-010   6.9736834951120857E-010   1.1391068224861022E-009
   6.6887237670305986E-015   1.1950745971453667E-014   1.5155062587765327E-014   2.9443021961246820E-014
   2.9517911265517583E-013   2.4996075187002952E-018   3.2072754958988927E-015   9.9999999999999995E-021
   1.4225980466512332E-014   8.0102683521259758E-014   2.1545517835060356E-013   1.1464893187454227E-012
   1.7557690892777894E-019   5.2928425196728325E-019   2.1283911722913350E-018   9.4467173547567550E-018
   7.5559446875921350E-012   9.2679843958344020E-017   2.9517911265517583E-013   2.4996075187002952E-018
   1.3203637904532781E-012   3.1203434291370461E-012   7.8341855044565159E-012   2.0335171791981343E-011
   1.2558875794387104E-017   3.7994198567570410E-017   7.5565288584515531E-017   3.0140356853930341E-016
   9.1030256841181614E-011   1.3462303456291695E-015   7.5559446875921350E-012   9.2679843958344020E-017
   2.4840682317887853E-011   4.7233613998312254E-011   9.2819913225854678E-011   1.9589813615531518E-010
   2.8685063816049268E-016   7.2199284146456613E-016   1.1510145039998403E-015   3.4884376809356478E-015
   6.5651106741437842E-010   1.1380076455950330E-014   9.1030256841181614E-011   1.3462303456291695E-015
   2.1645416213212737E-010   3.7955404131226166E-010   6.2055007156484187E-010   1.1762224755528460E-009
   3.2182258490866077E-015   6.8318308839572042E-015   9.7606173507694456E-015   2.3799954343387055E-014
   3.3488682256355023E-009   6.6945773423674680E-014   6.5651106741437842E-010   1.1380076455950330E-014
   1.2196724122181764E-009   2.0072808303109028E-009   2.9184699009981950E-009   5.0829690744903711E-009
   2.2184631616728542E-014   4.1925757117515465E-014   5.5487713469933283E-014   1.1638260901472000E-013
