     0.000000    -0.370670     0.573600     0.573600     0.652210     0.686430     0.686430     0.686430     1.168240     1.168240
     0.020000    -0.370450     0.571890     0.572980     0.644710     0.685990     0.685990     0.696170     1.158950     1.158950
     0.040000    -0.369780     0.566360     0.571150     0.632840     0.684700     0.684700     0.715150     1.146090     1.146090
     0.060000    -0.368670     0.556450     0.568130     0.623740     0.682540     0.682540     0.736790     1.133940     1.133940
     0.080000    -0.367120     0.542560     0.564010     0.618430     0.679540     0.679540     0.759640     1.122890     1.122890
     0.100000    -0.365130     0.526030     0.558840     0.616050     0.675720     0.675720     0.783180     1.113040     1.113040
     0.120000    -0.362690     0.508100     0.552750     0.615560     0.671090     0.671090     0.807170     1.104430     1.104430
     0.140000    -0.359820     0.489550     0.545820     0.616300     0.665680     0.665680     0.831430     1.097100     1.097100
     0.160000    -0.356510     0.470830     0.538160     0.617890     0.659550     0.659550     0.855800     1.091040     1.091040
     0.180000    -0.352760     0.452190     0.529890     0.620130     0.652740     0.652740     0.880130     1.086250     1.086250
     0.200000    -0.348570     0.433780     0.521090     0.622900     0.645290     0.645290     0.904260     1.082700     1.082700
     0.220000    -0.343960     0.415690     0.511880     0.626130     0.637280     0.637280     0.927980     1.080360     1.080360
     0.240000    -0.338920     0.397970     0.502330     0.628770     0.628770     0.629780     0.951060     1.079200     1.079200
     0.260000    -0.333450     0.380690     0.492520     0.619830     0.619830     0.633810     0.973170     1.079170     1.079170
     0.280000    -0.327570     0.363870     0.482540     0.610520     0.610520     0.638190     0.993930     1.080230     1.080230
     0.300000    -0.321270     0.347530     0.472440     0.600920     0.600920     0.642910     1.012840     1.082320     1.082320
     0.320000    -0.314560     0.331690     0.462290     0.591090     0.591090     0.647940     1.029290     1.085400     1.085400
     0.340000    -0.307450     0.316380     0.452130     0.581090     0.581090     0.653260     1.042590     1.089410     1.089410
     0.360000    -0.299950     0.301610     0.442020     0.570980     0.570980     0.658840     1.051990     1.094310     1.094310
     0.380000    -0.292070     0.287390     0.431980     0.560820     0.560820     0.664660     1.056860     1.100060     1.100060
     0.400000    -0.283810     0.273750     0.422070     0.550660     0.550660     0.670690     1.056790     1.106610     1.106610
     0.420000    -0.275200     0.260690     0.412300     0.540540     0.540540     0.676880     1.051780     1.113930     1.113930
     0.440000    -0.266240     0.248230     0.402710     0.530510     0.530510     0.683170     1.042220     1.121980     1.121980
     0.460000    -0.256960     0.236390     0.393320     0.520600     0.520600     0.689490     1.028810     1.130730     1.130730
     0.480000    -0.247370     0.225190     0.384160     0.510850     0.510850     0.695740     1.012390     1.140140     1.140140
     0.500000    -0.237510     0.214660     0.375240     0.501290     0.501290     0.701780     0.993810     1.150200     1.150200
     0.520000    -0.227400     0.204810     0.366570     0.491950     0.491950     0.707420     0.973910     1.160860     1.160860
     0.540000    -0.217070     0.195670     0.358190     0.482850     0.482850     0.712360     0.953460     1.172110     1.172110
     0.560000    -0.206570     0.187300     0.350090     0.474020     0.474020     0.716220     0.933280     1.183910     1.183910
     0.580000    -0.195940     0.179710     0.342290     0.465470     0.465470     0.718400     0.914250     1.196260     1.196260
     0.600000    -0.185240     0.172960     0.334800     0.457220     0.457220     0.718140     0.897360     1.209120     1.209120
     0.620000    -0.174530     0.167110     0.327630     0.449290     0.449290     0.714580     0.883650     1.222470     1.222470
     0.640000    -0.163890     0.162220     0.320790     0.441700     0.441700     0.707000     0.873970     1.236290     1.236290
     0.660000    -0.153390     0.158360     0.314290     0.434460     0.434460     0.695210     0.868590     1.250550     1.250550
     0.680000    -0.143130     0.155600     0.308130     0.427570     0.427570     0.679650     0.867160     1.265220     1.265220
     0.700000    -0.133220     0.154040     0.302320     0.421060     0.421060     0.661140     0.868860     1.280280     1.280280
     0.720000    -0.123750     0.153770     0.296860     0.414930     0.414930     0.640560     0.872870     1.295680     1.295680
     0.740000    -0.114840     0.154850     0.291760     0.409190     0.409190     0.618620     0.878480     1.311400     1.311400
     0.760000    -0.106570     0.157370     0.287030     0.403840     0.403840     0.595870     0.885130     1.327380     1.327380
     0.780000    -0.099040     0.161370     0.282660     0.398900     0.398900     0.572690     0.892430     1.343570     1.343570
     0.800000    -0.092300     0.166870     0.278660     0.394370     0.394370     0.549370     0.900060     1.359890     1.359890
     0.820000    -0.086390     0.173860     0.275030     0.390250     0.390250     0.526160     0.907780     1.376250     1.376250
     0.840000    -0.081310     0.182260     0.271780     0.386560     0.386560     0.503230     0.915350     1.392530     1.392530
     0.860000    -0.077030     0.191950     0.268910     0.383290     0.383290     0.480780     0.922590     1.408550     1.408550
     0.880000    -0.073500     0.202750     0.266420     0.380450     0.380450     0.459010     0.929320     1.424090     1.424090
     0.900000    -0.070670     0.214370     0.264300     0.378040     0.378040     0.438190     0.935360     1.438850     1.438850
     0.920000    -0.068460     0.226420     0.262570     0.376060     0.376060     0.418690     0.940560     1.452390     1.452390
     0.940000    -0.066820     0.238260     0.261230     0.374530     0.374530     0.401100     0.944770     1.464150     1.464150
     0.960000    -0.065690     0.248850     0.260260     0.373430     0.373430     0.386430     0.947880     1.473410     1.473410
     0.980000    -0.065030     0.256580     0.259690     0.372770     0.372770     0.376270     0.949780     1.479400     1.479400
     1.000000    -0.064810     0.259490     0.259490     0.372550     0.372550     0.372550     0.950420     1.481480     1.481480
     1.000000    -0.064810     0.259490     0.259490     0.372550     0.372550     0.372550     0.950420     1.481480     1.481480
     1.014142    -0.064920     0.258400     0.259190     0.372660     0.373250     0.373850     0.950100     1.480430     1.480840
     1.028284    -0.065250     0.255260     0.258320     0.372990     0.375330     0.377610     0.949140     1.477270     1.478980
     1.042426    -0.065790     0.250430     0.256940     0.373540     0.378710     0.383480     0.947540     1.472020     1.476030
     1.056569    -0.066540     0.244320     0.255180     0.374300     0.383270     0.391050     0.945320     1.464740     1.472180
     1.070711    -0.067500     0.237310     0.253160     0.375290     0.388880     0.399930     0.942490     1.455560     1.467630
     1.084853    -0.068660     0.229700     0.251000     0.376500     0.395400     0.409830     0.939070     1.444660     1.462600
     1.098995    -0.070020     0.221700     0.248810     0.377920     0.402710     0.420530     0.935080     1.432310     1.457280
     1.113137    -0.071580     0.213470     0.246680     0.379560     0.410710     0.431870     0.930550     1.418760     1.451830
     1.127279    -0.073310     0.205130     0.244690     0.381410     0.419310     0.443740     0.925510     1.404270     1.446370
     1.141421    -0.075230     0.196750     0.242890     0.383470     0.428410     0.456060     0.920000     1.389060     1.441020
     1.155563    -0.077310     0.188390     0.241330     0.385750     0.437940     0.468760     0.914070     1.373320     1.435840
     1.169706    -0.079540     0.180090     0.240050     0.388230     0.447850     0.481810     0.907760     1.357200     1.430910
     1.183848    -0.081910     0.171890     0.239060     0.390910     0.458060     0.495170     0.901120     1.340810     1.426250
     1.197990    -0.084420     0.163810     0.238400     0.393800     0.468510     0.508810     0.894220     1.324260     1.421890
     1.212132    -0.087040     0.155880     0.238080     0.396890     0.479140     0.522710     0.887130     1.307620     1.417850
     1.226274    -0.089760     0.148100     0.238090     0.400170     0.489880     0.536840     0.879920     1.290950     1.414120
     1.240416    -0.092570     0.140490     0.238450     0.403640     0.500670     0.551210     0.872670     1.274310     1.410710
     1.254558    -0.095450     0.133060     0.239150     0.407300     0.511410     0.565780     0.865490     1.257720     1.407610
     1.268701    -0.098400     0.125820     0.240210     0.411140     0.522020     0.580550     0.858490     1.241230     1.404800
     1.282843    -0.101380     0.118780     0.241600     0.415160     0.532390     0.595510     0.851780     1.224870     1.402250
     1.296985    -0.104400     0.111930     0.243320     0.419350     0.542390     0.610650     0.845520     1.208660     1.399950
     1.311127    -0.107430     0.105290     0.245380     0.423700     0.551880     0.625950     0.839870     1.192620     1.397860
     1.325269    -0.110470     0.098860     0.247760     0.428210     0.560690     0.641410     0.835020     1.176780     1.395960
     1.339411    -0.113500     0.092640     0.250460     0.432870     0.568620     0.657010     0.831150     1.161150     1.394210
     1.353553    -0.116500     0.086640     0.253460     0.437670     0.575500     0.672740     0.828500     1.145750     1.392560
     1.367696    -0.119470     0.080860     0.256760     0.442600     0.581120     0.688590     0.827260     1.130600     1.390990
     1.381838    -0.122400     0.075300     0.260350     0.447640     0.585320     0.704540     0.827610     1.115720     1.389430
     1.395980    -0.125270     0.069970     0.264210     0.452790     0.587980     0.720590     0.829670     1.101130     1.387840
     1.410122    -0.128070     0.064860     0.268340     0.458040     0.589060     0.736700     0.833520     1.086840     1.386150
     1.424264    -0.130790     0.059980     0.272730     0.463360     0.588590     0.752870     0.839120     1.072880     1.384300
     1.438406    -0.133430     0.055320     0.277370     0.468740     0.586650     0.769070     0.846380     1.059260     1.382220
     1.452548    -0.135980     0.050900     0.282240     0.474170     0.583400     0.785280     0.855170     1.046010     1.379840
     1.466690    -0.138430     0.046720     0.287320     0.479610     0.579020     0.801450     0.865290     1.033150     1.377050
     1.480833    -0.140770     0.042760     0.292620     0.485050     0.573690     0.817580     0.876580     1.020700     1.373770
     1.494975    -0.143000     0.039040     0.298110     0.490460     0.567590     0.833600     0.888830     1.008700     1.369910
     1.509117    -0.145110     0.035560     0.303760     0.495820     0.560880     0.849480     0.901890     0.997180     1.365370
     1.523259    -0.147090     0.032310     0.309570     0.501080     0.553710     0.865150     0.915590     0.986160     1.360070
     1.537401    -0.148950     0.029300     0.315510     0.506230     0.546220     0.880560     0.929780     0.975690     1.353940
     1.551543    -0.150670     0.026530     0.321540     0.511210     0.538520     0.895620     0.944320     0.965800     1.346950
     1.565685    -0.152260     0.023990     0.327630     0.515980     0.530710     0.910240     0.956540     0.959070     1.339110
     1.579828    -0.153700     0.021700     0.333740     0.520510     0.522920     0.924310     0.947960     0.973870     1.330470
     1.593970    -0.155000     0.019640     0.339810     0.515240     0.524750     0.937690     0.940090     0.988550     1.321150
     1.608112    -0.156150     0.017830     0.345750     0.507790     0.528640     0.932980     0.950230     1.002930     1.311340
     1.622254    -0.157160     0.016260     0.351480     0.500710     0.532150     0.926700     0.961750     1.016770     1.301300
     1.636396    -0.158010     0.014930     0.356860     0.494130     0.535210     0.921280     0.972040     1.029750     1.291390
     1.650538    -0.158710     0.013840     0.361740     0.488260     0.537790     0.916770     0.980900     1.041510     1.282040
     1.664680    -0.159260     0.012990     0.365910     0.483300     0.539850     0.913220     0.988100     1.051580     1.273780
     1.678823    -0.159650     0.012380     0.369130     0.479500     0.541340     0.910650     0.993420     1.059390     1.267210
     1.692965    -0.159880     0.012020     0.371190     0.477100     0.542250     0.909100     0.996690     1.064380     1.262950
     1.707107    -0.159960     0.011900     0.371900     0.476270     0.542560     0.908580     0.997800     1.066100     1.261470
     1.707107    -0.159960     0.011900     0.371900     0.476270     0.542560     0.908580     0.997800     1.066100     1.261470
     1.721249    -0.160600     0.012740     0.372010     0.476350     0.542660     0.908690     0.997580     1.065600     1.261640
     1.735391    -0.162480     0.015240     0.372320     0.476610     0.542970     0.909010     0.996920     1.064110     1.262120
     1.749533    -0.165490     0.019270     0.372860     0.477020     0.543480     0.909540     0.995850     1.061660     1.262900
     1.763675    -0.169500     0.024710     0.373600     0.477600     0.544190     0.910280     0.994360     1.058300     1.263920
     1.777817    -0.174320     0.031370     0.374550     0.478350     0.545110     0.911230     0.992490     1.054110     1.265130
     1.791960    -0.179810     0.039090     0.375720     0.479260     0.546230     0.912400     0.990260     1.049140     1.266440
     1.806102    -0.185800     0.047730     0.377100     0.480340     0.547550     0.913780     0.987700     1.043480     1.267760
     1.820244    -0.192170     0.057150     0.378680     0.481580     0.549070     0.915370     0.984840     1.037200     1.268980
     1.834386    -0.198810     0.067250     0.380480     0.482970     0.550780     0.917170     0.981700     1.030380     1.269980
     1.848528    -0.205640     0.077920     0.382480     0.484530     0.552690     0.919190     0.978320     1.023080     1.270620
     1.862670    -0.212580     0.089110     0.384700     0.486240     0.554790     0.921420     0.974720     1.015380     1.270760
     1.876812    -0.219570     0.100740     0.387120     0.488100     0.557080     0.923860     0.970930     1.007320     1.270260
     1.890955    -0.226570     0.112770     0.389740     0.490110     0.559550     0.926510     0.966980     0.998960     1.269000
     1.905097    -0.233550     0.125160     0.392570     0.492270     0.562200     0.929380     0.962890     0.990330     1.266870
     1.919239    -0.240460     0.137870     0.395610     0.494570     0.565030     0.932460     0.958660     0.981490     1.263790
     1.933381    -0.247280     0.150880     0.398840     0.497010     0.568030     0.935750     0.954320     0.972450     1.259720
     1.947523    -0.254010     0.164160     0.402270     0.499580     0.571190     0.939250     0.949880     0.963260     1.254670
     1.961665    -0.260600     0.177680     0.405910     0.502290     0.574520     0.942970     0.945340     0.953930     1.248680
     1.975807    -0.267060     0.191430     0.409730     0.505120     0.578000     0.940710     0.944480     0.946900     1.241850
     1.989949    -0.273380     0.205390     0.413750     0.508060     0.581620     0.934940     0.935980     0.951050     1.234270
     2.004092    -0.279530     0.219550     0.417970     0.511120     0.585390     0.925320     0.931150     0.955400     1.226090
     2.018234    -0.285520     0.233890     0.422370     0.514280     0.589290     0.915640     0.926220     0.959970     1.217440
     2.032376    -0.291330     0.248390     0.426950     0.517540     0.593310     0.905900     0.921170     0.964760     1.208470
     2.046518    -0.296960     0.263040     0.431720     0.520880     0.597440     0.896120     0.915970     0.969750     1.199310
     2.060660    -0.302400     0.277820     0.436670     0.524310     0.601670     0.886300     0.910630     0.974960     1.190100
     2.074802    -0.307660     0.292730     0.441790     0.527800     0.606000     0.876470     0.905100     0.980390     1.180960
     2.088944    -0.312710     0.307750     0.447090     0.531360     0.610400     0.866620     0.899360     0.986020     1.172020
     2.103087    -0.317570     0.322860     0.452550     0.534960     0.614870     0.856770     0.893380     0.991880     1.163390
     2.117229    -0.322230     0.338050     0.458170     0.538600     0.619390     0.846930     0.887140     0.997940     1.155170
     2.131371    -0.326690     0.353300     0.463940     0.542260     0.623940     0.837110     0.880590     1.004220     1.147450
     2.145513    -0.330930     0.368600     0.469860     0.545940     0.628500     0.827310     0.873700     1.010710     1.140340
     2.159655    -0.334970     0.383920     0.475920     0.549630     0.633070     0.817550     0.866450     1.017420     1.133900
     2.173797    -0.338800     0.399240     0.482100     0.553310     0.637610     0.807840     0.858810     1.024340     1.128210
     2.187939    -0.342420     0.414550     0.488410     0.556970     0.642100     0.798200     0.850760     1.031480     1.123340
     2.202082    -0.345820     0.429810     0.494820     0.560610     0.646530     0.788640     0.842290     1.038830     1.119340
     2.216224    -0.349010     0.444980     0.501320     0.564230     0.650870     0.779170     0.833380     1.046390     1.116250
     2.230366    -0.351980     0.460030     0.507890     0.567840     0.655080     0.769830     0.824040     1.054160     1.114110
     2.244508    -0.354740     0.474890     0.514500     0.571450     0.659160     0.760630     0.814280     1.062150     1.112930
     2.258650    -0.357280     0.489500     0.521140     0.575100     0.663060     0.751610     0.804110     1.070350     1.112740
     2.272792    -0.359600     0.503720     0.527760     0.578880     0.666750     0.742810     0.793540     1.078770     1.113540
     2.286934    -0.361700     0.517390     0.534320     0.582910     0.670210     0.734260     0.782610     1.087390     1.115330
     2.301076    -0.363580     0.530230     0.540750     0.587420     0.673410     0.726040     0.771350     1.096230     1.118110
     2.315219    -0.365240     0.541860     0.547000     0.592750     0.676320     0.718220     0.759790     1.105270     1.121860
     2.329361    -0.366680     0.551790     0.552950     0.599330     0.678910     0.710900     0.747990     1.114510     1.126580
     2.343503    -0.367900     0.558480     0.559640     0.607460     0.681150     0.704200     0.736010     1.123950     1.132240
     2.357645    -0.368900     0.563440     0.565360     0.617080     0.683020     0.698280     0.723950     1.133560     1.138810
     2.371787    -0.369670     0.567640     0.569270     0.627680     0.684500     0.693340     0.711990     1.143320     1.146230
     2.385929    -0.370230     0.570860     0.571770     0.638430     0.685560     0.689590     0.700570     1.153120     1.154400
     2.400071    -0.370560     0.572900     0.573150     0.647850     0.686210     0.687230     0.690860     1.162540     1.162850
     2.414214    -0.370670     0.573600     0.573600     0.652210     0.686430     0.686430     0.686430     1.168240     1.168240
     2.414214    -0.370670     0.573600     0.573600     0.652210     0.686430     0.686430     0.686430     1.168240     1.168240
     2.431534    -0.370510     0.572750     0.572750     0.645890     0.687120     0.687120     0.692340     1.160790     1.160790
     2.448855    -0.370010     0.570240     0.570240     0.632790     0.689160     0.689160     0.704240     1.149740     1.149740
     2.466175    -0.369170     0.566250     0.566250     0.617580     0.692390     0.692390     0.717450     1.138980     1.138980
     2.483496    -0.368010     0.560960     0.560960     0.601500     0.696610     0.696610     0.730760     1.128890     1.128890
     2.500816    -0.366510     0.554600     0.554600     0.584950     0.701640     0.701640     0.743780     1.119560     1.119560
     2.518137    -0.364690     0.547340     0.547340     0.568110     0.707290     0.707290     0.756360     1.111020     1.111020
     2.535457    -0.362530     0.539360     0.539360     0.551090     0.713440     0.713440     0.768440     1.103280     1.103280
     2.552778    -0.360040     0.530760     0.530760     0.533970     0.719990     0.719990     0.779980     1.096330     1.096330
     2.570098    -0.357220     0.516800     0.521670     0.521670     0.726840     0.726840     0.790980     1.090190     1.090190
     2.587419    -0.354080     0.499630     0.512150     0.512150     0.733970     0.733970     0.801460     1.084820     1.084820
     2.604739    -0.350600     0.482500     0.502280     0.502280     0.741310     0.741310     0.811440     1.080240     1.080240
     2.622060    -0.346810     0.465450     0.492120     0.492120     0.748860     0.748860     0.820950     1.076410     1.076410
     2.639380    -0.342690     0.448520     0.481710     0.481710     0.756590     0.756590     0.830030     1.073330     1.073330
     2.656701    -0.338250     0.431720     0.471090     0.471090     0.764500     0.764500     0.838730     1.070970     1.070970
     2.674021    -0.333490     0.415090     0.460310     0.460310     0.772560     0.772560     0.847090     1.069320     1.069320
     2.691342    -0.328410     0.398660     0.449400     0.449400     0.780790     0.780790     0.855140     1.068370     1.068370
     2.708662    -0.323020     0.382440     0.438390     0.438390     0.789180     0.789180     0.862940     1.068080     1.068080
     2.725983    -0.317330     0.366450     0.427310     0.427310     0.797720     0.797720     0.870520     1.068440     1.068440
     2.743303    -0.311320     0.350710     0.416190     0.416190     0.806420     0.806420     0.877910     1.069430     1.069430
     2.760624    -0.305020     0.335250     0.405050     0.405050     0.815270     0.815270     0.885150     1.071040     1.071040
     2.777944    -0.298420     0.320080     0.393920     0.393920     0.824270     0.824270     0.892260     1.073240     1.073240
     2.795265    -0.291530     0.305210     0.382830     0.382830     0.833420     0.833420     0.899280     1.076020     1.076020
     2.812585    -0.284360     0.290670     0.371780     0.371780     0.842720     0.842720     0.906210     1.079360     1.079360
     2.829906    -0.276920     0.276460     0.360810     0.360810     0.852160     0.852160     0.913090     1.083240     1.083240
     2.847226    -0.269210     0.262610     0.349930     0.349930     0.861740     0.861740     0.919910     1.087650     1.087650
     2.864547    -0.261240     0.249130     0.339160     0.339160     0.871440     0.871440     0.926690     1.092570     1.092570
     2.881867    -0.253030     0.236050     0.328510     0.328510     0.881270     0.881270     0.933440     1.097980     1.097980
     2.899188    -0.244600     0.223370     0.318000     0.318000     0.891200     0.891200     0.940150     1.103880     1.103880
     2.916508    -0.235950     0.211120     0.307640     0.307640     0.901230     0.901230     0.946850     1.110240     1.110240
     2.933829    -0.227120     0.199330     0.297440     0.297440     0.911340     0.911340     0.953510     1.117060     1.117060
     2.951149    -0.218120     0.188010     0.287430     0.287430     0.921520     0.921520     0.960130     1.124310     1.124310
     2.968470    -0.208980     0.177210     0.277610     0.277610     0.931740     0.931740     0.966720     1.131990     1.131990
     2.985790    -0.199740     0.166960     0.267980     0.267980     0.941970     0.941970     0.973250     1.140080     1.140080
     3.003111    -0.190430     0.157280     0.258570     0.258570     0.952190     0.952190     0.979730     1.148560     1.148560
     3.020431    -0.181100     0.148250     0.249370     0.249370     0.962370     0.962370     0.986130     1.157420     1.157420
     3.037752    -0.171820     0.139900     0.240410     0.240410     0.972470     0.972470     0.992450     1.166630     1.166630
     3.055072    -0.162630     0.132300     0.231670     0.231670     0.982430     0.982430     0.998660     1.176190     1.176190
     3.072393    -0.153640     0.125540     0.223190     0.223190     0.992220     0.992220     1.004740     1.186060     1.186060
     3.089713    -0.144920     0.119700     0.214950     0.214950     1.001760     1.001760     1.010690     1.196230     1.196230
     3.107034    -0.136580     0.114880     0.206970     0.206970     1.010980     1.010980     1.016480     1.206660     1.206660
     3.124354    -0.128730     0.111190     0.199260     0.199260     1.019800     1.019800     1.022090     1.217320     1.217320
     3.141675    -0.121500     0.108760     0.191810     0.191810     1.027500     1.028120     1.028120     1.228170     1.228170
     3.158995    -0.115010     0.107690     0.184640     0.184640     1.032700     1.035830     1.035830     1.239180     1.239180
     3.176316    -0.109360     0.108080     0.177750     0.177750     1.037650     1.042810     1.042810     1.250280     1.250280
     3.193636    -0.104630     0.110020     0.171150     0.171150     1.042340     1.048920     1.048920     1.261410     1.261410
     3.210957    -0.100860     0.113530     0.164830     0.164830     1.046760     1.054000     1.054000     1.272510     1.272510
     3.228277    -0.098060     0.118610     0.158810     0.158810     1.050860     1.057900     1.057900     1.283490     1.283490
     3.245598    -0.096170     0.125210     0.153090     0.153090     1.054630     1.060470     1.060470     1.294260     1.294260
     3.262918    -0.095120     0.133220     0.147660     0.147660     1.058030     1.061550     1.061550     1.304710     1.304710
     3.280239    -0.094790     0.142550     0.142550     0.142550     1.061010     1.061010     1.061010     1.314730     1.314730
     3.280239    -0.094790     0.142550     0.142550     0.142550     1.061010     1.061010     1.061010     1.314730     1.314730
     3.290239    -0.094890     0.137620     0.142770     0.147550     1.059600     1.060430     1.062350     1.304910     1.314520
     3.300239    -0.095200     0.132770     0.143440     0.152620     1.058130     1.058690     1.063620     1.294980     1.313910
     3.310239    -0.095700     0.128000     0.144550     0.157770     1.055820     1.056600     1.064820     1.284950     1.312930
     3.320239    -0.096390     0.123300     0.146100     0.162980     1.051860     1.055030     1.065930     1.274820     1.311640
     3.330239    -0.097260     0.118690     0.148070     0.168260     1.046860     1.053400     1.066960     1.264590     1.310120
     3.340239    -0.098300     0.114170     0.150460     0.173600     1.040890     1.051740     1.067900     1.254290     1.308420
     3.350239    -0.099510     0.109730     0.153250     0.179000     1.034020     1.050040     1.068750     1.243900     1.306610
     3.360239    -0.100860     0.105370     0.156440     0.184450     1.026320     1.048300     1.069500     1.233460     1.304730
     3.370239    -0.102350     0.101100     0.160000     0.189960     1.017880     1.046550     1.070160     1.222960     1.302820
     3.380239    -0.103950     0.096930     0.163920     0.195520     1.008750     1.044770     1.070700     1.212430     1.300920
     3.390239    -0.105660     0.092840     0.168200     0.201130     0.999030     1.042970     1.071140     1.201880     1.299040
     3.400239    -0.107470     0.088840     0.172800     0.206780     0.988770     1.041170     1.071470     1.191330     1.297190
     3.410239    -0.109340     0.084940     0.177730     0.212460     0.978040     1.039360     1.071680     1.180790     1.295390
     3.420239    -0.111290     0.081130     0.182960     0.218190     0.966900     1.037550     1.071750     1.170310     1.293630
     3.430239    -0.113280     0.077410     0.188480     0.223940     0.955400     1.035740     1.071690     1.159890     1.291920
     3.440239    -0.115310     0.073790     0.194280     0.229710     0.943600     1.033940     1.071460     1.149590     1.290260
     3.450239    -0.117360     0.070270     0.200350     0.235500     0.931520     1.032140     1.071030     1.139450     1.288650
     3.460239    -0.119440     0.066840     0.206670     0.241310     0.919220     1.030370     1.070360     1.129530     1.287080
     3.470239    -0.121520     0.063510     0.213240     0.247120     0.906730     1.028610     1.069360     1.119950     1.285570
     3.480239    -0.123590     0.060280     0.220040     0.252930     0.894080     1.026880     1.067890     1.110860     1.284100
     3.490239    -0.125660     0.057150     0.227070     0.258740     0.881290     1.025170     1.065720     1.102510     1.282670
     3.500239    -0.127700     0.054120     0.234320     0.264530     0.868390     1.023500     1.062520     1.095250     1.281290
     3.510239    -0.129730     0.051190     0.241770     0.270300     0.855410     1.021850     1.057960     1.089420     1.279950
     3.520239    -0.131710     0.048370     0.249430     0.276030     0.842370     1.020250     1.051990     1.085110     1.278660
     3.530239    -0.133660     0.045640     0.257280     0.281730     0.829270     1.018680     1.044870     1.082050     1.277410
     3.540239    -0.135570     0.043020     0.265320     0.287380     0.816150     1.017150     1.037040     1.079860     1.276200
     3.550239    -0.137420     0.040500     0.273540     0.292960     0.803010     1.015670     1.028820     1.078210     1.275040
     3.560239    -0.139220     0.038090     0.281930     0.298470     0.789860     1.014230     1.020460     1.076890     1.273920
     3.570239    -0.140970     0.035780     0.290490     0.303900     0.776730     1.012080     1.012840     1.075790     1.272840
     3.580239    -0.142650     0.033570     0.299220     0.309230     0.763620     1.003790     1.011500     1.074820     1.271810
     3.590239    -0.144270     0.031470     0.308100     0.314460     0.750540     0.995660     1.010220     1.073950     1.270830
     3.600239    -0.145820     0.029470     0.317140     0.319550     0.737500     0.987720     1.008990     1.073150     1.269890
     3.610239    -0.147300     0.027580     0.324510     0.326320     0.724520     0.980010     1.007820     1.072410     1.269000
     3.620239    -0.148700     0.025800     0.329320     0.335640     0.711600     0.972570     1.006710     1.071720     1.268150
     3.630239    -0.150040     0.024120     0.333950     0.345090     0.698750     0.965430     1.005650     1.071070     1.267360
     3.640239    -0.151290     0.022550     0.338400     0.354660     0.685980     0.958610     1.004660     1.070450     1.266610
     3.650239    -0.152460     0.021090     0.342650     0.364350     0.673310     0.952140     1.003730     1.069880     1.265910
     3.660239    -0.153560     0.019730     0.346680     0.374150     0.660750     0.946040     1.002870     1.069340     1.265260
     3.670239    -0.154570     0.018480     0.350470     0.384040     0.648310     0.940320     1.002070     1.068840     1.264660
     3.680239    -0.155490     0.017340     0.354000     0.394000     0.636010     0.935020     1.001330     1.068380     1.264110
     3.690239    -0.156340     0.016310     0.357260     0.404020     0.623880     0.930160     1.000670     1.067950     1.263610
     3.700239    -0.157090     0.015380     0.360230     0.414050     0.611950     0.925740     1.000070     1.067570     1.263170
     3.710239    -0.157760     0.014570     0.362890     0.424070     0.600260     0.921800     0.999540     1.067230     1.262770
     3.720239    -0.158340     0.013860     0.365230     0.433990     0.588880     0.918340     0.999080     1.066930     1.262430
     3.730239    -0.158840     0.013260     0.367240     0.443710     0.577930     0.915390     0.998690     1.066680     1.262140
     3.740239    -0.159240     0.012770     0.368900     0.453050     0.567580     0.912950     0.998370     1.066470     1.261900
     3.750239    -0.159550     0.012390     0.370210     0.461690     0.558150     0.911050     0.998120     1.066310     1.261710
     3.760239    -0.159780     0.012120     0.371150     0.469090     0.550190     0.909680     0.997940     1.066190     1.261580
     3.770239    -0.159910     0.011950     0.371710     0.474330     0.544610     0.908860     0.997830     1.066120     1.261500
     3.780239    -0.159960     0.011900     0.371900     0.476270     0.542560     0.908580     0.997800     1.066100     1.261470
     3.780239    -0.159960     0.011900     0.371900     0.476270     0.542560     0.908580     0.997800     1.066100     1.261470
     3.790239    -0.159910     0.011950     0.371710     0.474330     0.544610     0.908860     0.997830     1.066120     1.261500
     3.800239    -0.159780     0.012120     0.371150     0.469090     0.550190     0.909680     0.997940     1.066190     1.261580
     3.810239    -0.159550     0.012390     0.370210     0.461690     0.558150     0.911050     0.998120     1.066310     1.261710
     3.820239    -0.159240     0.012770     0.368900     0.453050     0.567580     0.912950     0.998370     1.066470     1.261900
     3.830239    -0.158840     0.013260     0.367240     0.443710     0.577930     0.915390     0.998690     1.066680     1.262140
     3.840239    -0.158340     0.013860     0.365230     0.433990     0.588880     0.918340     0.999080     1.066930     1.262430
     3.850239    -0.157760     0.014570     0.362890     0.424070     0.600260     0.921800     0.999540     1.067230     1.262770
     3.860239    -0.157090     0.015380     0.360230     0.414050     0.611950     0.925740     1.000070     1.067570     1.263170
     3.870239    -0.156340     0.016310     0.357260     0.404020     0.623880     0.930160     1.000670     1.067950     1.263610
     3.880239    -0.155490     0.017340     0.354000     0.394000     0.636010     0.935020     1.001330     1.068380     1.264110
     3.890239    -0.154570     0.018480     0.350470     0.384040     0.648310     0.940320     1.002070     1.068840     1.264660
     3.900239    -0.153560     0.019730     0.346680     0.374150     0.660750     0.946040     1.002870     1.069340     1.265260
     3.910239    -0.152460     0.021090     0.342650     0.364350     0.673310     0.952140     1.003730     1.069880     1.265910
     3.920239    -0.151290     0.022550     0.338400     0.354660     0.685980     0.958610     1.004660     1.070450     1.266610
     3.930239    -0.150040     0.024120     0.333950     0.345090     0.698750     0.965430     1.005650     1.071070     1.267360
     3.940239    -0.148700     0.025800     0.329320     0.335640     0.711600     0.972570     1.006710     1.071720     1.268150
     3.950239    -0.147300     0.027580     0.324510     0.326320     0.724520     0.980010     1.007820     1.072410     1.269000
     3.960239    -0.145820     0.029470     0.317140     0.319550     0.737500     0.987720     1.008990     1.073150     1.269890
     3.970239    -0.144270     0.031470     0.308100     0.314460     0.750540     0.995660     1.010220     1.073950     1.270830
     3.980239    -0.142650     0.033570     0.299220     0.309230     0.763620     1.003790     1.011500     1.074820     1.271810
     3.990239    -0.140970     0.035780     0.290490     0.303900     0.776730     1.012080     1.012840     1.075790     1.272840
     4.000239    -0.139220     0.038090     0.281930     0.298470     0.789860     1.014230     1.020460     1.076890     1.273920
     4.010239    -0.137420     0.040500     0.273540     0.292960     0.803010     1.015670     1.028820     1.078210     1.275040
     4.020239    -0.135570     0.043020     0.265320     0.287380     0.816150     1.017150     1.037040     1.079860     1.276200
     4.030239    -0.133660     0.045640     0.257280     0.281730     0.829270     1.018680     1.044870     1.082050     1.277410
     4.040239    -0.131710     0.048370     0.249430     0.276030     0.842370     1.020250     1.051990     1.085110     1.278660
     4.050239    -0.129730     0.051190     0.241770     0.270300     0.855410     1.021850     1.057960     1.089420     1.279950
     4.060239    -0.127700     0.054120     0.234320     0.264530     0.868390     1.023500     1.062520     1.095250     1.281290
     4.070239    -0.125660     0.057150     0.227070     0.258740     0.881290     1.025170     1.065720     1.102510     1.282670
     4.080239    -0.123590     0.060280     0.220040     0.252930     0.894080     1.026880     1.067890     1.110860     1.284100
     4.090239    -0.121520     0.063510     0.213240     0.247120     0.906730     1.028610     1.069360     1.119950     1.285570
     4.100239    -0.119440     0.066840     0.206670     0.241310     0.919220     1.030370     1.070360     1.129530     1.287080
     4.110239    -0.117360     0.070270     0.200350     0.235500     0.931520     1.032140     1.071030     1.139450     1.288650
     4.120239    -0.115310     0.073790     0.194280     0.229710     0.943600     1.033940     1.071460     1.149590     1.290260
     4.130239    -0.113280     0.077410     0.188480     0.223940     0.955400     1.035740     1.071690     1.159890     1.291920
     4.140239    -0.111290     0.081130     0.182960     0.218190     0.966900     1.037550     1.071750     1.170310     1.293630
     4.150239    -0.109340     0.084940     0.177730     0.212460     0.978040     1.039360     1.071680     1.180790     1.295390
     4.160239    -0.107470     0.088840     0.172800     0.206780     0.988770     1.041170     1.071470     1.191330     1.297190
     4.170239    -0.105660     0.092840     0.168200     0.201130     0.999030     1.042970     1.071140     1.201880     1.299040
     4.180239    -0.103950     0.096930     0.163920     0.195520     1.008750     1.044770     1.070700     1.212430     1.300920
     4.190239    -0.102350     0.101100     0.160000     0.189960     1.017880     1.046550     1.070160     1.222960     1.302820
     4.200239    -0.100860     0.105370     0.156440     0.184450     1.026320     1.048300     1.069500     1.233460     1.304730
     4.210239    -0.099510     0.109730     0.153250     0.179000     1.034020     1.050040     1.068750     1.243900     1.306610
     4.220239    -0.098300     0.114170     0.150460     0.173600     1.040890     1.051740     1.067900     1.254290     1.308420
     4.230239    -0.097260     0.118690     0.148070     0.168260     1.046860     1.053400     1.066960     1.264590     1.310120
     4.240239    -0.096390     0.123300     0.146100     0.162980     1.051860     1.055030     1.065930     1.274820     1.311640
     4.250239    -0.095700     0.128000     0.144550     0.157770     1.055820     1.056600     1.064820     1.284950     1.312930
     4.260239    -0.095200     0.132770     0.143440     0.152620     1.058130     1.058690     1.063620     1.294980     1.313910
     4.270239    -0.094890     0.137620     0.142770     0.147550     1.059600     1.060430     1.062350     1.304910     1.314520
     4.280239    -0.094790     0.142550     0.142550     0.142550     1.061010     1.061010     1.061010     1.314730     1.314730
     4.280239    -0.094790     0.142550     0.142550     0.142550     1.061010     1.061010     1.061010     1.314730     1.314730
     4.297559    -0.095080     0.137740     0.137740     0.153040     1.058770     1.058770     1.063510     1.294850     1.324220
     4.314880    -0.095850     0.133240     0.133240     0.164570     1.054770     1.054770     1.065420     1.274530     1.333050
     4.332200    -0.097000     0.129050     0.129050     0.177020     1.049020     1.049020     1.066620     1.254200     1.341120
     4.349521    -0.098420     0.125180     0.125180     0.190260     1.041570     1.041570     1.066880     1.234270     1.348360
     4.366842    -0.100020     0.121630     0.121630     0.204200     1.032490     1.032490     1.065900     1.215250     1.354690
     4.384162    -0.101740     0.118400     0.118400     0.218720     1.021920     1.021920     1.063240     1.197740     1.360100
     4.401483    -0.103500     0.115490     0.115490     0.233760     1.010000     1.010000     1.058380     1.182390     1.364590
     4.418803    -0.105250     0.112910     0.112910     0.249220     0.996880     0.996880     1.050810     1.169830     1.368230
     4.436124    -0.106960     0.110660     0.110660     0.265040     0.982720     0.982720     1.040280     1.160430     1.371090
     4.453444    -0.108580     0.108730     0.108730     0.281150     0.967670     0.967670     1.027000     1.154070     1.373290
     4.470765    -0.110090     0.107130     0.107130     0.297480     0.951860     0.951860     1.011520     1.150280     1.374980
     4.488085    -0.111460     0.105870     0.105870     0.313960     0.935430     0.935430     0.994540     1.148500     1.376260
     4.505406    -0.112670     0.104930     0.104930     0.330510     0.918480     0.918480     0.976640     1.148200     1.377270
     4.522726    -0.113710     0.104330     0.104330     0.347070     0.901120     0.901120     0.958310     1.149010     1.378110
     4.540047    -0.114570     0.104060     0.104060     0.363550     0.883440     0.883440     0.939900     1.150660     1.378870
     4.557367    -0.115230     0.104120     0.104120     0.379840     0.865510     0.865510     0.921690     1.153000     1.379620
     4.574688    -0.115700     0.104520     0.104520     0.395840     0.847410     0.847410     0.903930     1.155910     1.380420
     4.592008    -0.115960     0.105250     0.105250     0.411420     0.829180     0.829180     0.886820     1.159320     1.381320
     4.609329    -0.116010     0.106310     0.106310     0.426420     0.810890     0.810890     0.870570     1.163200     1.382360
     4.626649    -0.115850     0.107710     0.107710     0.440670     0.792570     0.792570     0.855380     1.167520     1.383570
     4.643970    -0.115480     0.109440     0.109440     0.453940     0.774270     0.774270     0.841480     1.172280     1.384970
     4.661290    -0.114900     0.111500     0.111500     0.466010     0.756020     0.756020     0.829120     1.177470     1.386580
     4.678611    -0.114120     0.113890     0.113890     0.476600     0.737850     0.737850     0.818560     1.183110     1.388400
     4.695931    -0.113130     0.116620     0.116620     0.485440     0.719790     0.719790     0.810060     1.189210     1.390460
     4.713252    -0.111950     0.119670     0.119670     0.492280     0.701860     0.701860     0.803860     1.195790     1.392750
     4.730572    -0.110580     0.123050     0.123050     0.496920     0.684090     0.684090     0.800120     1.202870     1.395270
     4.747893    -0.109020     0.126750     0.126750     0.499270     0.666490     0.666490     0.798930     1.210480     1.398040
     4.765213    -0.107300     0.130770     0.130770     0.499340     0.649080     0.649080     0.800220     1.218650     1.401040
     4.782534    -0.105410     0.135120     0.135120     0.497300     0.631890     0.631890     0.803800     1.227400     1.404270
     4.799854    -0.103370     0.139770     0.139770     0.493400     0.614920     0.614920     0.809380     1.236760     1.407730
     4.817175    -0.101200     0.144740     0.144740     0.487950     0.598190     0.598190     0.816600     1.246760     1.411410
     4.834495    -0.098910     0.150010     0.150010     0.481290     0.581710     0.581710     0.825100     1.257430     1.415290
     4.851816    -0.096520     0.155570     0.155570     0.473720     0.565510     0.565510     0.834530     1.268780     1.419370
     4.869136    -0.094050     0.161430     0.161430     0.465530     0.549590     0.549590     0.844560     1.280840     1.423620
     4.886457    -0.091520     0.167560     0.167560     0.456950     0.533980     0.533980     0.854910     1.293600     1.428020
     4.903777    -0.088950     0.173960     0.173960     0.448210     0.518690     0.518690     0.865350     1.307060     1.432560
     4.921098    -0.086360     0.180620     0.180620     0.439470     0.503740     0.503740     0.875660     1.321200     1.437200
     4.938418    -0.083790     0.187500     0.187500     0.430880     0.489160     0.489160     0.885680     1.335970     1.441900
     4.955739    -0.081270     0.194590     0.194590     0.422570     0.474980     0.474980     0.895270     1.351300     1.446630
     4.973059    -0.078810     0.201850     0.201850     0.414650     0.461220     0.461220     0.904310     1.367090     1.451350
     4.990380    -0.076460     0.209250     0.209250     0.407210     0.447950     0.447950     0.912700     1.383170     1.455980
     5.007700    -0.074250     0.216710     0.216710     0.400330     0.435220     0.435220     0.920370     1.399320     1.460480
     5.025021    -0.072200     0.224170     0.224170     0.394090     0.423110     0.423110     0.927260     1.415260     1.464760
     5.042341    -0.070340     0.231500     0.231500     0.388550     0.411740     0.411740     0.933310     1.430600     1.468750
     5.059662    -0.068720     0.238550     0.238550     0.383760     0.401270     0.401270     0.938480     1.444820     1.472350
     5.076982    -0.067350     0.245110     0.245110     0.379780     0.391910     0.391910     0.942750     1.457380     1.475470
     5.094303    -0.066260     0.250870     0.250870     0.376640     0.383970     0.383970     0.946100     1.467690     1.478020
     5.111623    -0.065460     0.255460     0.255460     0.374370     0.377830     0.377830     0.948500     1.475300     1.479920
     5.128944    -0.064980     0.258450     0.258450     0.373000     0.373900     0.373900     0.949940     1.479930     1.481090
     5.146264    -0.064810     0.259490     0.259490     0.372550     0.372550     0.372550     0.950420     1.481480     1.481480
