bcc Te -- Hedin-Lundqvist LDA                                                   
INPUT  IT=257 SPIN=0 NTYPE=  2
 -3.550000  3.550000  3.550000
  3.550000 -3.550000  3.550000
  3.550000  3.550000 -3.550000
    1  435  2.200000  0.030000    1
  0.000000  0.000000  0.000000
-0.4230957138879D+01-0.4118601196482D+01-0.4008287124988D+01-0.3899995637903D+01
-0.3793707448735D+01-0.3689403270989D+01-0.3587063818171D+01-0.3486669803788D+01
-0.3388201941345D+01-0.3291640944349D+01-0.3196967526306D+01-0.3104162400722D+01
-0.3013206281103D+01-0.2924079880957D+01-0.2836763913787D+01-0.2751239093102D+01
-0.2667486132407D+01-0.2585485745208D+01-0.2505218645011D+01-0.2426665545323D+01
-0.2349807159650D+01-0.2274624201498D+01-0.2201097384373D+01-0.2129207421782D+01
-0.2058935027229D+01-0.1990260914223D+01-0.1923165796269D+01-0.1857630386872D+01
-0.1793635399540D+01-0.1731161547778D+01-0.1670189545093D+01-0.1610700104991D+01
-0.1552673940978D+01-0.1496091766560D+01-0.1440934295243D+01-0.1387182240533D+01
-0.1334816315938D+01-0.1283817234962D+01-0.1234165711112D+01-0.1185842457895D+01
-0.1138828188816D+01-0.1093103617382D+01-0.1048649457098D+01-0.1005446421471D+01
-0.9634752240079D+00-0.9227165782137D+00-0.8831511975951D+00-0.8447597956581D+00
-0.8075230859090D+00-0.7714217818540D+00-0.7364365969992D+00-0.7025482448508D+00
-0.6697374389150D+00-0.6379848926980D+00-0.6072713197059D+00-0.5775774334450D+00
-0.5488839474214D+00-0.5211715751413D+00-0.4944210301108D+00-0.4686130258363D+00
-0.4437282758238D+00-0.4197474935795D+00-0.3966513926096D+00-0.3744206864203D+00
-0.3530360885177D+00-0.3324783124081D+00-0.3127280715977D+00-0.2937660795925D+00
-0.2755730498988D+00-0.2581296960228D+00-0.2414167314707D+00-0.2254148697486D+00
-0.2101048243627D+00-0.1954673088192D+00-0.1814830366242D+00-0.1681327212841D+00
-0.1553970763048D+00-0.1432568151927D+00-0.1316926514539D+00-0.1206852985946D+00
-0.1102154701209D+00-0.1002638795391D+00-0.9081124035524D-01-0.8183826607563D-01
-0.7332567020641D-01-0.6525416625375D-01-0.5760446772384D-01-0.5035728812285D-01
-0.4349334095698D-01-0.3699333973239D-01-0.3083799795527D-01-0.2500802913181D-01
-0.1948414676817D-01-0.1424706437055D-01-0.9277495445126D-02-0.4556153498074D-02
-0.6375203557814D-04 0.4218995436181D-02 0.8311375411023D-02 0.1223267438277D-01
 0.1600217884523D-01 0.1963917529223D-01 0.2316295021760D-01 0.2659279011514D-01
 0.2994798147867D-01 0.3324781080202D-01 0.3651156457901D-01 0.3975852930345D-01
 0.4300799146917D-01 0.4627923756998D-01 0.4959155409970D-01 0.5296422755214D-01
 0.5641654442114D-01 0.5996779120051D-01 0.6363725438406D-01 0.6744422046563D-01
 0.7140797593901D-01 0.7554780729804D-01 0.7988300103654D-01 0.8443284364832D-01
 0.8921662162720D-01 0.9425362146700D-01 0.9956312966154D-01 0.1051644327046D+00
 0.1110768170901D+00 0.1173195693118D+00 0.1239119758635D+00 0.1308729738400D+00
 0.1382206743298D+00 0.1459777370880D+00 0.1541666489466D+00 0.1628111432581D+00
 0.1719362333195D+00 0.1815682764780D+00 0.1917350435452D+00 0.2024657917279D+00
 0.2137913410779D+00 0.2257441545945D+00 0.2383584221314D+00 0.2516701482556D+00
 0.2657172442177D+00 0.2805396241919D+00 0.2961793059481D+00 0.3126805161184D+00
 0.3300898002290D+00 0.3484561376630D+00 0.3678310617244D+00 0.3882687849760D+00
 0.4098263300196D+00 0.4325636658909D+00 0.4565438502350D+00 0.4818331774319D+00
 0.5085013328324D+00 0.5366215532633D+00 0.5662707939555D+00 0.5975299020367D+00
 0.6304837967286D+00 0.6652216563708D+00 0.7018371123857D+00 0.7404284502809D+00
 0.7810988177720D+00 0.8239564400838D+00 0.8691148424721D+00 0.9166930799756D+00
 0.9668159743850D+00 0.1019614358378D+01 0.1075225326744D+01 0.1133792494555D+01
 0.1195466262128D+01 0.1260404086573D+01 0.1328770759592D+01 0.1400738691268D+01
 0.1476488199376D+01 0.1556207803781D+01 0.1640094525323D+01 0.1728354188572D+01
 0.1821201727690D+01 0.1918861494551D+01 0.2021567568147D+01 0.2129564064198D+01
 0.2243105443733D+01 0.2362456819272D+01 0.2487894257073D+01 0.2619705073769D+01
 0.2758188125480D+01 0.2903654087361D+01 0.3056425721296D+01 0.3216838129211D+01
 0.3385238989318D+01 0.3561988772246D+01 0.3747460933850D+01 0.3942042081139D+01
 0.4146132107498D+01 0.4360144293071D+01 0.4584505365822D+01 0.4819655518490D+01
 0.5066048376245D+01 0.5324150909550D+01 0.5594443286291D+01 0.5877418656884D+01
 0.6173582865663D+01 0.6483454081436D+01 0.6807562339692D+01 0.7146448988507D+01
 0.7500666029840D+01 0.7870775347421D+01 0.8257347812122D+01 0.8660962255242D+01
 0.9082204299866D+01 0.9521665040014D+01 0.9979939557121D+01 0.1045762526305D+02
 0.1095532005874D+02 0.1147362029714D+02 0.1201311853988D+02 0.1257440109571D+02
 0.1315804533053D+02 0.1376461673784D+02 0.1439466575940D+02 0.1504872434632D+02
 0.1572730225173D+02 0.1643088304637D+02 0.1715991985070D+02 0.1791483077746D+02
 0.1869599408088D+02 0.1950374301016D+02 0.2033836036771D+02 0.2120007277441D+02
 0.2208904464780D+02 0.2300537190180D+02 0.2394907538079D+02 0.2492009404465D+02
 0.2591827792600D+02 0.2694338088646D+02 0.2799505320328D+02 0.2907283402502D+02
 0.3017614374035D+02 0.3130427631189D+02 0.3245639163427D+02 0.3363150798357D+02
 0.3482849463380D+02 0.3604606472520D+02 0.3728276847776D+02 0.3853698685372D+02
 0.3980692578156D+02 0.4109061106431D+02 0.4238588410488D+02 0.4369039858971D+02
 0.4500161828241D+02 0.4631681608639D+02 0.4763307454418D+02 0.4894728794696D+02
 0.5025616623406D+02 0.5155624086467D+02 0.5284387284669D+02 0.5411526310624D+02
 0.5536646537809D+02 0.5659340179034D+02 0.5779188130682D+02 0.5895762117545D+02
 0.6008627151315D+02 0.6117344313312D+02 0.6221473869166D+02 0.6320578719679D+02
 0.6414228188073D+02 0.6502002138966D+02 0.6583495419264D+02 0.6658322604930D+02
 0.6726123031062D+02 0.6786566075298D+02 0.6839356656682D+02 0.6884240903653D+02
 0.6921011935811D+02 0.6949515694845D+02 0.6969656750372D+02 0.6981403996764D+02
 0.6984796147410D+02 0.6979946923581D+02 0.6967049826238D+02 0.6946382371161D+02
 0.6918309660940D+02 0.6883287161852D+02 0.6841862550069D+02 0.6794676490053D+02
 0.6742462209034D+02 0.6686043735277D+02 0.6626332675018D+02 0.6564323413573D+02
 0.6501086640799D+02 0.6437761119678D+02 0.6375543640008D+02 0.6315677126571D+02
 0.6259436903151D+02 0.6208115150149D+02 0.6163003633901D+02 0.6125374830084D+02
 0.6096461611002D+02 0.6077435716525D+02 0.6069385280112D+02 0.6073291734491D+02
 0.6090006467145D+02 0.6120227662024D+02 0.6164477787052D+02 0.6223082246302D+02
 0.6296149742417D+02 0.6383554921785D+02 0.6484923890007D+02 0.6599623187764D+02
 0.6726752805579D+02 0.6865143788543D+02 0.7013360937385D+02 0.7169711049287D+02
 0.7332257059645D+02 0.7498838344466D+02 0.7667097322309D+02 0.7834512355600D+02
 0.7998436795069D+02 0.8156143840369D+02 0.8304876707412D+02 0.8441903402304D+02
 0.8564575207578D+02 0.8670387793732D+02 0.8757043683859D+02 0.8822514628012D+02
 0.8865102293753D+02 0.8883495557600D+02 0.8876822596444D+02 0.8844695935894D+02
 0.8787248621372D+02 0.8705159744041D+02 0.8599667683281D+02 0.8472569624428D+02
 0.8326206177548D+02 0.8163430260323D+02 0.7987559813055D+02 0.7802314380977D+02
 0.7611736119042D+02 0.7420096334768D+02 0.7231789268604D+02 0.7051215398827D+02
 0.6882657125436D+02 0.6730150210489D+02 0.6597354800779D+02 0.6487430209803D+02
 0.6402917859282D+02 0.6345636856092D+02 0.6316596588231D+02 0.6315930453811D+02
 0.6342854351557D+02 0.6395652973961D+02 0.6471696071941D+02 0.6567485867719D+02
 0.6678735733771D+02 0.6800479043639D+02 0.6927205842575D+02 0.7053023774150D+02
 0.7171838540184D+02 0.7277548147735D+02 0.7364244363377D+02 0.7426414202635D+02
 0.7459133971956D+02 0.7458248379111D+02 0.7420527546781D+02 0.7343795398704D+02
 0.7227023816768D+02 0.7070388159445D+02 0.6875281125332D+02 0.6644283519623D+02
 0.6381092123463D+02 0.6090406560898D+02 0.5777778711480D+02 0.5449429775516D+02
 0.5112041499704D+02 0.4772529254439D+02 0.4437805563825D+02 0.4114543273876D+02
 0.3808947754843D+02 0.3526547338516D+02 0.3272010564171D+02 0.3048997755059D+02
 0.2860052962849D+02 0.2706540589062D+02 0.2588628855835D+02 0.2505320201602D+02
 0.2454526631185D+02 0.2433185630949D+02 0.2437411107694D+02 0.2462671864784D+02
 0.2503989245229D+02 0.2556144806474D+02 0.2613888646191D+02 0.2672139147724D+02
 0.2726165582272D+02 0.2771746104361D+02 0.2805295214946D+02 0.2823956578388D+02
 0.2825659097954D+02 0.2809136161788D+02 0.2773909958482D+02 0.2720244367540D+02
 0.2649071313708D+02 0.2561896364500D+02 0.2460689816107D+02 0.2347769563877D+02
 0.2225681711476D+02 0.2097084252243D+02 0.1964638333916D+02 0.1830910731378D+02
 0.1698290255772D+02 0.1568920111598D+02 0.1444647451796D+02 0.1326990848320D+02
 0.1217125645723D+02 0.1115886386498D+02 0.1023783973864D+02 0.9410339604574D+01
 0.8675907924794D+01 0.8031822065490D+01 0.7473392205253D+01 0.6994209163046D+01
 0.6586392433391D+01 0.6240953100669D+01 0.5948410386705D+01 0.5699738593655D+01
 0.5487551076629D+01 0.5307192037337D+01 0.5157006790722D+01 0.5036394853458D+01
 0.4944777669137D+01 0.4881576681350D+01 0.4846213333691D+01 0.4838109069751D+01
 0.4856685333121D+01 0.4901363567395D+01 0.4971565216163D+01
    2  435  1.200000  0.030000    3
  0.000000  0.500000  0.500000
  0.500000  0.500000  0.000000
  0.500000  0.000000  0.500000
-0.2429306658790D-03-0.2385387680547D-03-0.2342005581448D-03-0.2299157024295D-03
-0.2256838671887D-03-0.2215047187024D-03-0.2173779232505D-03-0.2133031471131D-03
-0.2092800565701D-03-0.2053083179016D-03-0.2013875973875D-03-0.1975175613079D-03
-0.1936978759426D-03-0.1899282075719D-03-0.1862082224755D-03-0.1825375869335D-03
-0.1789159672259D-03-0.1753430296327D-03-0.1718184404339D-03-0.1683418659095D-03
-0.1649129723395D-03-0.1615314260038D-03-0.1581968931825D-03-0.1549090401555D-03
-0.1516675332028D-03-0.1484720386045D-03-0.1453222226406D-03-0.1422177515909D-03
-0.1391582917356D-03-0.1361435093545D-03-0.1331730707278D-03-0.1302466421354D-03
-0.1273638898572D-03-0.1245244801733D-03-0.1217280793637D-03-0.1189743537084D-03
-0.1162629694873D-03-0.1135935929805D-03-0.1109658904679D-03-0.1083795282295D-03
-0.1058341725454D-03-0.1033294896955D-03-0.1008651459598D-03-0.9844080761835D-04
-0.9605614095107D-04-0.9371081223799D-04-0.9140448775909D-04-0.8913683379437D-04
-0.8690751662382D-04-0.8471620252744D-04-0.8256255778522D-04-0.8044624867715D-04
-0.7836694148322D-04-0.7632430248343D-04-0.7431799795777D-04-0.7234769418624D-04
-0.7041305744881D-04-0.6851375402550D-04-0.6664945019629D-04-0.6481981224117D-04
-0.6302450644014D-04-0.6126319907320D-04-0.5953555642032D-04-0.5784124476151D-04
-0.5617993037676D-04-0.5455127954606D-04-0.5295495854941D-04-0.5139063366680D-04
-0.4985797117821D-04-0.4835663736365D-04-0.4688629850311D-04-0.4544662087658D-04
-0.4403727076405D-04-0.4265791444551D-04-0.4130821820096D-04-0.3998784831040D-04
-0.3869647105381D-04-0.3743375271118D-04-0.3619935956252D-04-0.3499295788781D-04
-0.3381421396704D-04-0.3266279408021D-04-0.3153836450732D-04-0.3044059152835D-04
-0.2936914142330D-04-0.2832368047215D-04-0.2730387495492D-04-0.2630939115157D-04
-0.2533989534212D-04-0.2439505380655D-04-0.2347453282485D-04-0.2257799867703D-04
-0.2170511764306D-04-0.2085555600295D-04-0.2002898003668D-04-0.1922505602426D-04
-0.1844345024566D-04-0.1768382898090D-04-0.1694585850995D-04-0.1622920511281D-04
-0.1553353506948D-04-0.1485851465994D-04-0.1420381016420D-04-0.1356908786223D-04
-0.1295401403405D-04-0.1235825495963D-04-0.1178147691897D-04-0.1122334619207D-04
-0.1068352905892D-04-0.1016169179951D-04-0.9657500693829D-05-0.9170622021877D-05
-0.8700722063645D-05-0.8247467099124D-05-0.7810523408309D-05-0.7389557271192D-05
-0.6984234967767D-05-0.6594222778025D-05-0.6219186981960D-05-0.5858793859565D-05
-0.5512709690833D-05-0.5180600755757D-05-0.4862133334329D-05-0.4556973706543D-05
-0.4264788152392D-05-0.3985242951868D-05-0.3718004384964D-05-0.3462738731674D-05
-0.3219112271989D-05-0.2986791285904D-05-0.2765442053411D-05-0.2554730854503D-05
-0.2354323969172D-05-0.2163887677413D-05-0.1983088259217D-05-0.1811591994578D-05
-0.1649065163488D-05-0.1495174045941D-05-0.1349584921930D-05-0.1211964071446D-05
-0.1081977774484D-05-0.9592923110364D-06-0.8435739610956D-06-0.7344890046548D-06
-0.6317037217070D-06-0.5348843922450D-06-0.4436972962618D-06-0.3578087137504D-06
-0.2768849247035D-06-0.2005922091143D-06-0.1285968469755D-06-0.6056511828005D-07
 0.3836696979040D-08 0.6494231880888D-07 0.1230854672166D-06 0.1785998622092D-06
 0.2318192237937D-06 0.2830772719774D-06 0.3327077267672D-06 0.3810443081702D-06
 0.4284207361935D-06 0.4751707308443D-06 0.5216280121294D-06 0.5681263000561D-06
 0.6149993146315D-06 0.6625807758625D-06 0.7112044037563D-06 0.7612039183199D-06
 0.8129130395605D-06 0.8666654874850D-06 0.9227949821007D-06 0.9816352434145D-06
 0.1043519991434D-05 0.1108782946165D-05 0.1177757827616D-05 0.1250778355793D-05
 0.1328178250704D-05 0.1410291232355D-05 0.1497451020754D-05 0.1589991336902D-05
 0.1688248893980D-05 0.1792576713833D-05 0.1903349623319D-05 0.2020965580079D-05
 0.2145847095980D-05 0.2278442751097D-05 0.2419228799168D-05 0.2568710873654D-05
 0.2727425796828D-05 0.2895943502075D-05 0.3074869072361D-05 0.3264844906088D-05
 0.3466553013937D-05 0.3680717459028D-05 0.3908106944766D-05 0.4149537563931D-05
 0.4405875714250D-05 0.4678041195395D-05 0.4967010493611D-05 0.5273820270482D-05
 0.5599571063120D-05 0.5945431214069D-05 0.6312641039388D-05 0.6702517255222D-05
 0.7116457672671D-05 0.7555946183487D-05 0.8022558047989D-05 0.8517965510142D-05
 0.9043943753040D-05 0.9602377222385D-05 0.1019526633332D-04 0.1082473459124D-04
 0.1149303614408D-04 0.1220256380043D-04 0.1295585753330D-04 0.1375561350767D-04
 0.1460469365487D-04 0.1550613583582D-04 0.1646316461980D-04 0.1747920272517D-04
 0.1855788315284D-04 0.1970306206398D-04 0.2091883243687D-04 0.2220953856048D-04
 0.2357979140460D-04 0.2503448493009D-04 0.2657881338504D-04 0.2821828965754D-04
 0.2995876473674D-04 0.3180644836118D-04 0.3376793091304D-04 0.3585020664600D-04
 0.3806069831342D-04 0.4040728329440D-04 0.4289832129309D-04 0.4554268372012D-04
 0.4834978484119D-04 0.5132961481407D-04 0.5449277471027D-04 0.5785051365598D-04
 0.6141476820140D-04 0.6519820406794D-04 0.6921426039635D-04 0.7347719666248D-04
 0.7800214239883D-04 0.8280514990772D-04 0.8790325012150D-04 0.9331451181634D-04
 0.9905810435468D-04 0.1051543641858D-03 0.1116248653012D-03 0.1184924939002D-03
 0.1257815274849D-03 0.1335177186725D-03 0.1417283839647D-03 0.1504424977979D-03
 0.1596907921447D-03 0.1695058620184D-03 0.1799222771934D-03 0.1909767005224D-03
 0.2027080132048D-03 0.2151574474310D-03 0.2283687267909D-03 0.2423882149215D-03
 0.2572650728293D-03 0.2730514254072D-03 0.2898025376329D-03 0.3075770010279D-03
 0.3264369309109D-03 0.3464481750911D-03 0.3676805345932D-03 0.3902079971239D-03
 0.4141089839379D-03 0.4394666108845D-03 0.4663689643645D-03 0.4949093930578D-03
 0.5251868162212D-03 0.5573060495108D-03 0.5913781492070D-03 0.6275207758837D-03
 0.6658585784985D-03 0.7065236000336D-03 0.7496557057663D-03 0.7954030354030D-03
 0.8439224802537D-03 0.8953801867974D-03 0.9499520879198D-03 0.1007824463294D-02
 0.1069194530302D-02 0.1134271067077D-02 0.1203275069208D-02 0.1276440441792D-02
 0.1354014728513D-02 0.1436259879555D-02 0.1523453060161D-02 0.1615887501782D-02
 0.1713873397729D-02 0.1817738845461D-02 0.1927830837482D-02 0.2044516303143D-02
 0.2168183203452D-02 0.2299241681296D-02 0.2438125269276D-02 0.2585292157706D-02
 0.2741226525035D-02 0.2906439933373D-02 0.3081472791441D-02 0.3266895887667D-02
 0.3463311995867D-02 0.3671357556209D-02 0.3891704433917D-02 0.4125061758450D-02
 0.4372177845525D-02 0.4633842204703D-02 0.4910887634765D-02 0.5204192409490D-02
 0.5514682555915D-02 0.5843334227411D-02 0.6191176173421D-02 0.6559292307865D-02
 0.6948824377689D-02 0.7360974733038D-02 0.7797009200154D-02 0.8258260057621D-02
 0.8746129116563D-02 0.9262090904677D-02 0.9807695953542D-02 0.1038457418815D-01
 0.1099443841731D-01 0.1163908792211D-01 0.1232041213978D-01 0.1304039443892D-01
 0.1380111598128D-01 0.1460475966430D-01 0.1545361413767D-01 0.1635007788535D-01
 0.1729666336421D-01 0.1829600118811D-01 0.1935084434495D-01 0.2046407243292D-01
 0.2163869589967D-01 0.2287786026694D-01 0.2418485032032D-01 0.2556309424242D-01
 0.2701616766443D-01 0.2854779760885D-01 0.3016186629459D-01 0.3186241477024D-01
 0.3365364634079D-01 0.3553992974865D-01 0.3752580206675D-01 0.3961597125804D-01
 0.4181531835212D-01 0.4412889918616D-01 0.4656194565315D-01 0.4911986639705D-01
 0.5180824689008D-01 0.5463284882380D-01 0.5759960874130D-01 0.6071463583443D-01
 0.6398420882556D-01 0.6741477185068D-01 0.7101292925612D-01 0.7478543921923D-01
 0.7873920609972D-01 0.8288127142702D-01 0.8721880342633D-01 0.9175908498641D-01
 0.9650949997078D-01 0.1014775177757D+00 0.1066706760401D+00 0.1120965614151D+00
 0.1177627883068D+00 0.1236769755131D+00 0.1298467206773D+00 0.1362795725024D+00
 0.1429830006723D+00 0.1499643634465D+00 0.1572308729121D+00 0.1647895578947D+00
 0.1726472245591D+00 0.1808104147542D+00 0.1892853621848D+00 0.1980779465391D+00
 0.2071936457256D+00 0.2166374864279D+00 0.2264139932283D+00 0.2365271366047D+00
 0.2469802801646D+00 0.2577761275400D+00 0.2689166694360D+00 0.2804031313959D+00
 0.2922359229300D+00 0.3044145887264D+00 0.3169377627664D+00 0.3298031262457D+00
 0.3430073703185D+00 0.3565461647808D+00 0.3704141339267D+00 0.3846048409459D+00
 0.3991107823493D+00 0.4139233940813D+00 0.4290330711073D+00 0.4444292024598D+00
 0.4601002238979D+00 0.4760336905170D+00 0.4922163718507D+00 0.5086343721830D+00
 0.5252732789652D+00 0.5421183423670D+00 0.5591546891193D+00 0.5763675738671D+00
 0.5937426711418D+00 0.6112664115588D+00 0.6289263650906D+00 0.6467116753208D+00
 0.6646135485615D+00 0.6826258024545D+00 0.7007454813886D+00 0.7189735462747D+00
 0.7373156515867D+00 0.7557830242430D+00 0.7743934640525D+00 0.7931724876074D+00
 0.8121546380255D+00 0.8313849817471D+00 0.8509208075622D+00 0.8708335315348D+00
 0.8912107752783D+00 0.9121521615456D+00 0.9337588172933D+00 0.9561318694780D+00
 0.9793724450561D+00 0.1003581670984D+01 0.1028860674219D+01
  286
 0.2068635758040D+02 0.0000000000000D+00 0.1083922434612D+03-0.1004838028664D-76
 0.4494009205353D+02 0.0000000000000D+00 0.1023532157762D+03-0.1137126594713D-30
 0.4631296950012D+02 0.2534476522370D-31 0.6013887385852D+02 0.5261133591930D-31
 0.1711289149085D+02-0.1993223820189D-77 0.6471221781674D+02-0.8073236849471D-31
 0.7154163055572D+01 0.1015731793222D-32 0.1546301854786D+02-0.8096070694967D-32
 0.8176336835974D+01 0.3903631733029D-77 0.1347920573252D+02-0.8768075769216D-77
 0.5679154797783D+01-0.2061233864824D-31 0.4265319593443D+01 0.1467596302975D-32
-0.1820122386721D+01 0.0000000000000D+00-0.1017142410068D+01 0.5637137768467D-31
-0.9300911649743D+01-0.1694295669436D-31-0.2205071898939D+01-0.6341005530504D-78
-0.6366791212410D+01 0.2437901210048D-32-0.6461250563115D+01 0.1094508345845D-77
-0.5948695209858D+01-0.3592557185334D-77-0.1565785172586D+01 0.0000000000000D+00
-0.1434561933379D+02 0.7933968893190D-31-0.7482366098182D+01 0.7164556111954D-32
-0.6733517061227D+01 0.1297549154638D-32-0.1444781274180D+02-0.9599058750766D-78
-0.6586541010604D+01 0.0000000000000D+00-0.1376215939317D+02-0.2112742964706D-32
-0.1984535190655D+01-0.3330128312711D-33-0.1207890960841D+02 0.1174404403097D-31
-0.3046107493785D+01-0.1762118935196D-77-0.6293144526098D+01-0.8810594628514D-78
-0.5421713019799D+01 0.0000000000000D+00-0.5310969921193D+01-0.1752358600863D-31
-0.5267909273089D+01-0.2496069133981D-75-0.1086527932939D+02-0.4648043995261D-32
-0.9275412194940D+01 0.4947997318480D-32-0.4561836061851D+01 0.2910044862338D-32
-0.7453929639153D+01 0.2518598982389D-32-0.7390395136775D+01 0.4328577082161D-31
-0.8239873262263D+00 0.0000000000000D+00-0.2886430287332D+01-0.4181857300469D-32
-0.5961380480017D+01 0.1569530066733D-31-0.3080607269954D+01 0.5647325504813D-78
-0.2442549761159D+01-0.1250839827836D-77-0.2584328414125D+01 0.4169466086055D-78
-0.4515806602145D+01-0.1813430801160D-32-0.1957688348668D+01 0.4796551941431D-33
-0.9485845260564D+00 0.9361907616879D-32-0.3407882994167D+01-0.1025792505680D-78
-0.3547266016127D+01-0.7098118805828D-32-0.1723578287205D+01 0.1118084909346D-31
-0.1367644731322D+01 0.0000000000000D+00-0.2433457794950D+01 0.1573008799126D-31
-0.9786222444316D+00 0.1220529726478D-32-0.8330458299923D+00-0.1748766644638D-78
-0.8887000744962D+00 0.0000000000000D+00-0.1208488065630D+01-0.2289483070938D-77
-0.4421612935946D+00-0.5638910920168D-32-0.9651788984302D+00-0.4406185417179D-31
-0.1065355052608D+01 0.2035784412966D-32-0.2708726370133D+00 0.4687653525433D-33
-0.3803288305721D+00 0.2062400105907D-31-0.4515322459190D+00-0.4739470075882D-31
-0.2507986215474D+00 0.7830582890373D-32 0.1349432839554D-01-0.1151142686224D-32
-0.6071719594799D-01-0.5544477537464D-32 0.1084614146276D+00 0.2650963620340D-32
 0.3075672944938D+00 0.3369239470244D-32 0.2625239136698D+00 0.7931469900793D-33
 0.7332739192546D-01 0.0000000000000D+00 0.2239699809083D+00 0.6065557993678D-78
 0.4691490287216D-01 0.0000000000000D+00 0.2666220971546D+00 0.1800438865852D-31
 0.2250612490994D+00 0.1288067025258D-32 0.6430443420817D+00 0.3837142551810D-31
 0.2901050074093D+00-0.3475830067657D-33 0.6722419134873D+00 0.3221947245256D-32
 0.3303973247439D+00 0.1905536611354D-32 0.1335113973215D+00 0.2666457312761D-78
 0.3585650848274D+00-0.5332914626517D-78 0.8116495606171D+00-0.1254876971703D-31
 0.7699255012355D+00 0.5039512584245D-32 0.7385807836907D+00-0.3983545984823D-32
 0.4254342978336D+00-0.2185442845064D-78 0.4260812390985D+00-0.1370582464216D-32
 0.8243794718748D+00-0.3397175864952D-31 0.8750349066950D+00-0.4002005583847D-78
 0.4165959063860D+00-0.4002005583847D-78 0.4138052272106D+00-0.6745815925258D-33
 0.8369312764846D+00 0.5177208904972D-31 0.8408532527439D+00 0.1329754864269D-32
 0.8413304829221D+00 0.0000000000000D+00 0.8419358012552D+00-0.3297358365300D-31
 0.3988419291737D+00-0.7949857253586D-33 0.8067057843066D+00-0.9051268163264D-32
 0.7915107057548D+00-0.5304393024811D-32 0.7761989936263D+00 0.1921189496329D-32
 0.1967385186940D+00 0.6378472500985D-33 0.3768842439401D+00 0.7293889783676D-32
 0.3692847485798D+00 0.0000000000000D+00 0.3698454912063D+00 0.0000000000000D+00
 0.3708073501311D+00 0.0000000000000D+00 0.3617546724610D+00 0.0000000000000D+00
 0.7042316951210D+00 0.2787642969853D-32 0.7058859718816D+00 0.2932083581225D-31
 0.6918876290424D+00-0.3007529662874D-33 0.3493695263301D+00-0.2409100339924D-32
 0.3387877383250D+00 0.2206669002866D-32 0.6610293009717D+00 0.1604377377470D-32
 0.6374720429035D+00 0.7209383198769D-33 0.6220089773701D+00-0.5355940088453D-79
 0.5982759944234D+00 0.9243106849058D-75 0.2858387037674D+00 0.6580260001344D-32
 0.6853865176477D-01-0.2039098195592D-33 0.5370701787012D+00 0.1402635566288D-32
 0.5269153121485D+00 0.4704456086844D-32 0.5291351844301D+00 0.6186158180883D-31
 0.2622847793924D+00 0.9512022160540D-33 0.2584801492979D+00-0.1158155945588D-32
 0.2470885309478D+00-0.6413301436651D-78 0.2393694973603D+00-0.3676551043100D-75
 0.4712840716303D+00 0.2149280322315D-32 0.4724757474655D+00-0.3295892468032D-31
 0.4540884575660D+00 0.3209524256849D-32 0.2210928760756D+00 0.7130346472197D-33
 0.4243076691355D+00-0.2916080535530D-31 0.4141542842194D+00-0.4659384249139D-33
 0.3743437359397D+00-0.5526393401972D-75 0.3703890592889D+00-0.6022968939396D-32
 0.1735941146262D+00 0.8250082658966D-33 0.1676838779896D+00-0.1306552554939D-78
 0.3290304381368D+00-0.3793622801540D-32 0.1623268556864D+00 0.7840967547845D-33
 0.8174594985397D-01 0.0000000000000D+00 0.1577595902785D+00-0.2670266151347D-78
 0.3062028650572D+00-0.5340532319380D-78 0.1540159461173D+00-0.2670266151347D-78
 0.2934084717650D+00-0.1364171083244D-31 0.2883210510668D+00-0.6028209647244D-33
 0.1441499953690D+00-0.3724887240987D-32 0.2711095659295D+00 0.1549077768250D-32
 0.2560733533856D+00 0.5404107225102D-32 0.2498762346122D+00-0.2196024072173D-32
 0.1254279351247D+00-0.6603164262962D-32 0.1235729148686D+00 0.4121545128204D-33
 0.1202211310156D+00 0.8120742523394D-78 0.2232698532901D+00-0.2543382081298D-33
 0.2201281955658D+00-0.4463382854763D-32 0.2166612838982D+00 0.3241626234812D-32
 0.1032407895935D+00-0.2922782836948D-33 0.9718722526016D-01 0.1593715283760D-32
 0.1918580261032D+00 0.5405928790409D-32 0.9479770399414D-01 0.2056741708744D-32
 0.1822515272680D+00 0.1241076087382D-77 0.8967627086288D-01 0.4964304338282D-78
 0.1693970549043D+00 0.3177401604430D-32 0.1673637210211D+00-0.1220201043512D-31
 0.1658916691300D+00 0.1380113104864D-32 0.1569457755931D+00 0.3036736731089D-32
 0.1474175795632D+00-0.4366156652474D-78 0.1459099460967D+00 0.3813766985483D-32
 0.1448506287279D+00 0.1545166286372D-32 0.1281614580869D+00 0.3798040165823D-32
 0.2032432535694D-01 0.9026951195617D-79 0.1132325574515D+00-0.8335407843889D-79
 0.5585195856353D-01-0.1676081865936D-32 0.1115900623725D+00 0.5273350217050D-32
 0.1106062165282D+00 0.3907763168853D-32 0.1107570927243D+00-0.1637890982042D-31
 0.5515727342524D-01 0.0000000000000D+00 0.1046002928813D+00 0.1600513967714D-77
 0.1281793650209D-01 0.0000000000000D+00 0.4919377360733D-01 0.2495653327207D-33
 0.4918516491252D-01 0.1042643209912D-32 0.9632228877914D-01-0.2001650560483D-32
 0.4769247440638D-01-0.8157007559491D-33 0.9201033508782D-01 0.1342564541952D-32
 0.2258080457285D-01 0.9143126161715D-32 0.4471326664726D-01-0.1290357002160D-32
 0.8433889728120D-01-0.8059910554578D-33 0.4194473496191D-01-0.6464851693347D-32
 0.3936648763084D-01 0.3711104371053D-78 0.3892036986161D-01-0.3711104371053D-78
 0.7395179169455D-01 0.6778239429971D-33 0.7389031684577D-01-0.7477900893505D-33
 0.7303262200158D-01-0.5159360053873D-31 0.7268286199544D-01-0.3106352209672D-32
 0.7224411211083D-01 0.1202252534718D-32 0.3397042771316D-01 0.8590985536374D-33
 0.6380602084111D-01-0.3826642842170D-78 0.6318706662100D-01 0.8334283073667D-32
 0.5878678043264D-01 0.6645779601692D-79 0.2915334051893D-01 0.0000000000000D+00
 0.5432661170830D-01-0.4594621132448D-33 0.2697555397975D-01 0.8958745067462D-33
 0.2545464603632D-01 0.7341151318277D-33 0.2541189357218D-01-0.1704887337868D-32
 0.5011873272287D-01 0.2168478787179D-32 0.4682884892170D-01-0.1707589329750D-79
 0.4677878174957D-01 0.3799632440488D-32 0.2313479479165D-01 0.2152308133441D-33
 0.3932198135251D-01 0.6693257963939D-33 0.3927014002336D-01-0.6255737780652D-32
 0.3913178059573D-01 0.8106885705924D-32 0.3643985374330D-01 0.1745414246171D-32
 0.1675814354024D-01 0.0000000000000D+00 0.3292292590457D-01 0.4852751992277D-32
 0.1631584056568D-01-0.1886672575439D-32 0.1530765543377D-01 0.6828369008850D-79
 0.1504859927944D-01 0.2731347610434D-78 0.2767566755043D-01-0.4401914336614D-33
 0.2743390834620D-01-0.3921561148139D-32 0.2736582915599D-01 0.5385270295014D-32
 0.2720892815456D-01-0.1012058259295D-32 0.2700109950750D-01-0.6685103974502D-33
 0.1229572107502D-01 0.4894739260142D-33 0.2244472797917D-01-0.8385920499433D-32
 0.2223454659775D-01-0.2474017484587D-32 0.2219785577642D-01-0.1931999762074D-78
 0.2207314628919D-01-0.2279003862580D-32 0.1096177352753D-01 0.1919968884117D-33
 0.1004797704733D-01-0.1046446701121D-78 0.1976988133336D-01-0.6278680195663D-78
 0.1776172005125D-01 0.6056390521168D-32 0.1737751374316D-01 0.6930796390693D-33
 0.6805980870038D-02-0.3544354689390D-32 0.1346008714819D-01-0.6222262951153D-78
 0.3342126302002D-02 0.9955620697231D-78 0.1330979407960D-01 0.1152993915097D-32
 0.1176393460239D-01 0.5183588311409D-78 0.5776051763626D-02-0.2591794168157D-78
 0.9936107839926D-02-0.3013977261803D-32 0.4918087838240D-02-0.5384159163906D-33
 0.4901146640345D-02-0.6884874432578D-33 0.9761497636079D-02-0.1909614090719D-33
 0.8232357624118D-02 0.1549546634272D-32 0.8204938464084D-02-0.1389402790535D-33
 0.6750684839401D-02-0.2765850691434D-32 0.6600662027817D-02 0.2336177883109D-33
 0.3308549047592D-02 0.1128038603773D-32 0.3291443215717D-02-0.1809437408890D-35
 0.4020491487739D-02-0.1142646514353D-32 0.3942451939911D-02 0.7737865810684D-32
 0.3934728010682D-02 0.1598472940364D-32 0.3895602559038D-02 0.4055099426262D-33
 0.3337938428461D-03-0.8422143501177D-34 0.1707717442735D-02-0.8631803761016D-32
 0.8480421647874D-03-0.5378251803332D-33 0.7824419539860D-03 0.2301494092846D-33
 0.7193280357998D-03-0.1164204331800D-77 0.3277210936206D-03-0.8731532476824D-78
 0.3027630280912D-03-0.2910510820016D-78-0.8291022306925D-04 0.7229762125662D-79
-0.2630946170584D-03 0.1857457350854D-32-0.4762802463676D-03 0.1633558325370D-32
-0.1019888202239D-02 0.3253775703070D-32-0.5342861946519D-03-0.1712471149115D-33
-0.1678395058567D-02-0.1190448801880D-32-0.1705970122709D-02-0.5640928847585D-78
-0.1739311609722D-02 0.2116623055310D-32-0.1749217166369D-02 0.1410232204637D-78
-0.1782391422974D-02-0.1924862601083D-32-0.1153034260621D-02 0.1384340514863D-78
-0.2829414878355D-02-0.1624156318095D-77-0.2850984355017D-02-0.7082406369241D-32
-0.2879886495936D-02-0.1432466586990D-32-0.2884228670190D-02 0.2798903387234D-32
-0.1633025290483D-02-0.9364347954076D-33-0.1668900166932D-02-0.3050582691377D-33
-0.3644423320296D-02-0.1790068756656D-32-0.3671168373237D-02 0.2055832551456D-32
-0.1852631123635D-02 0.3183998560159D-33-0.1846554962518D-02-0.5111662244736D-78
-0.3944638738523D-02-0.9870736956813D-78-0.3980102712433D-02-0.7403052732032D-78
-0.2076702067804D-02 0.1056195423765D-32-0.4173559593420D-02-0.4117042193604D-32
-0.4186352722516D-02 0.2377712999068D-32-0.4187071797112D-02 0.2829440646893D-32
-0.4295590795746D-02-0.4960896404231D-32-0.4386460886822D-02-0.3409506285352D-32
-0.4424209286466D-02-0.1155882296205D-33-0.4378819663102D-02-0.5470595433266D-34
-0.4390443013341D-02-0.2394866550569D-32-0.4391637548227D-02 0.2798095092917D-32
    1
    1    1  120    3
 0.0000000000000D+00 0.2863312936073D-03 0.3214324931628D-03 0.3602168795450D-03
 0.4029661679465D-03 0.4499658985881D-03 0.5015019664624D-03 0.5578564696481D-03
 0.6193028299339D-03 0.6861001413361D-03 0.7584867202928D-03 0.8366728390957D-03
 0.9208326491787D-03 0.1011095315406D-02 0.1107535419384D-02 0.1210162717816D-02
 0.1318911366580D-02 0.1433628783859D-02 0.1554064345458D-02 0.1679858169296D-02
 0.1810530277146D-02 0.1945470487072D-02 0.2083929419860D-02 0.2225011053627D-02
 0.2367667297632D-02 0.2510695083030D-02 0.2652736486727D-02 0.2792282416402D-02
 0.2927680371677D-02 0.3057146764300D-02 0.3178784255973D-02 0.3290604461374D-02
 0.3390556304172D-02 0.3476560155737D-02 0.3546547743495D-02 0.3598507593235D-02
 0.3630535614285D-02 0.3640890090627D-02 0.3628050184526D-02 0.3590776729099D-02
 0.3528173859693D-02 0.3439749780389D-02 0.3325474761482D-02 0.3185834281937D-02
 0.3021875117320D-02 0.2835242100478D-02 0.2628203287795D-02 0.2403661326049D-02
 0.2165148972050D-02 0.1916806934083D-02 0.1663342530619D-02 0.1409968061327D-02
 0.1162318293049D-02 0.9263470560354D-03 0.7082036497391D-03 0.5140905303076D-03
 0.3501046214827D-03 0.2220654954038D-03 0.1353346038354D-03 0.9463063449582D-04
 0.1038468806759D-03 0.1658771594617D-03 0.2824572361013D-03 0.4540288460787D-03
 0.6796332008771D-03 0.9568403346316D-03 0.1281719801624D-02 0.1648857153289D-02
 0.2051419400299D-02 0.2481271315970D-02 0.2929142975712D-02 0.3384847275994D-02
 0.3837544266225D-02 0.4276046974618D-02 0.4689161067256D-02 0.5066048517296D-02
 0.5396603519905D-02 0.5671827627139D-02 0.5884190678042D-02 0.6027964115358D-02
 0.6099514769102D-02 0.6097548840552D-02 0.6023298501003D-02 0.5880646392034D-02
 0.5676186729052D-02 0.5419224940610D-02 0.5121720803467D-02 0.4798182779522D-02
 0.4465522885546D-02 0.4142881976594D-02 0.3851434880317D-02 0.3614182856013D-02
 0.3455738450232D-02 0.3402106153939D-02 0.3480462319425D-02 0.3718941786065D-02
 0.4146447324863D-02 0.4792510150762D-02 0.5687241316928D-02 0.6861418813451D-02
 0.8346744359541D-02 0.1017627476434D-01 0.1238498857931D-01 0.1501041278291D-01
 0.1809323547723D-01 0.2167789990207D-01 0.2581331008687D-01 0.3055392221782D-01
 0.3596153254498D-01 0.4210790228725D-01 0.4907800097944D-01 0.5697221226785D-01
 0.6589765670901D-01 0.7596161924456D-01 0.8727138481613D-01 0.9993423836535D-01
 0.1140574648338D+00 0.1297483491633D+00 0.1471141762952D+00 0.1662622311714D+00
 0.0000000000000D+00 0.4215283941392D-08 0.5113428826173D-08 0.6196394552150D-08
 0.7500568356885D-08 0.9069102780393D-08 0.1095307877771D-07 0.1321284832622D-07
 0.1591957902557D-07 0.1915702511232D-07 0.2302355079261D-07 0.2763443571544D-07
 0.3312448462745D-07 0.3965098844494D-07 0.4739705335755D-07 0.5657531604429D-07
 0.6743212387292D-07 0.8025214452816D-07 0.9536348859509D-07 0.1131433062275D-06
 0.1340239486524D-06 0.1584996279843D-06 0.1871336019975D-06 0.2205658911500D-06
 0.2595214720874D-06 0.3048188592594D-06 0.3573791135801D-06 0.4182350575929D-06
 0.4885406872496D-06 0.5695804250956D-06 0.6627783937709D-06 0.7697070519648D-06
 0.8920951751689D-06 0.1031834863885D-05 0.1190987187804D-05 0.1371785807268D-05
 0.1576638830503D-05 0.1808127547468D-05 0.2069001983709D-05 0.2362172692811D-05
 0.2690697928656D-05 0.3057765408672D-05 0.3466668297431D-05 0.3920774116344D-05
 0.4423485717471D-05 0.4978193770277D-05 0.5588219270220D-05 0.6256744985685D-05
 0.6986735353693D-05 0.7780843052650D-05 0.8641301316850D-05 0.9569801547183D-05
 0.1056735470329D-04 0.1163413589409D-04 0.1276931243533D-04 0.1397085462108D-04
 0.1523533032462D-04 0.1655768493847D-04 0.1793100918555D-04 0.1934629934932D-04
 0.2079221631828D-04 0.2225485338386D-04 0.2371752660396D-04 0.2516060778607D-04
 0.2656142613394D-04 0.2789427536243D-04 0.2913057254961D-04 0.3023922656015D-04
 0.3118728642206D-04 0.3194094452462D-04 0.3246697819747D-04 0.3273469401831D-04
 0.3271842761801D-04 0.3240060272902D-04 0.3177528812013D-04 0.3085211636912D-04
 0.2966030447721D-04 0.2825243342008D-04 0.2670750382674D-04 0.2513276490570D-04
 0.2366383712100D-04 0.2246281302371D-04 0.2171445507297D-04 0.2162116685562D-04
 0.2239837942995D-04 0.2427296557576D-04 0.2748829211008D-04 0.3232019999970D-04
 0.3910798703069D-04 0.4830289405700D-04 0.6053350051064D-04 0.7668245226423D-04
 0.9796314427819D-04 0.1259800466897D-03 0.1627548902286D-03 0.2107063393276D-03
 0.2725856446721D-03 0.3513945804818D-03 0.4503395591307D-03 0.5728957018191D-03
 0.7230501393448D-03 0.9057509719274D-03 0.1127504993178D-02 0.1396968320333D-02
 0.1725313691545D-02 0.2126207819826D-02 0.2615436326400D-02 0.3210533062488D-02
 0.3931034003284D-02 0.4799931404228D-02 0.5846378515823D-02 0.7107968320135D-02
 0.8625828829661D-02 0.1044116855610D-01 0.1259519601116D-01 0.1512911970653D-01
 0.1808414815391D-01 0.2150148986502D-01 0.2542235335154D-01 0.2988794712519D-01
 0.0000000000000D+00 0.1469860620844D-12 0.1888456609343D-12 0.2422884200885D-12
 0.3103983056257D-12 0.3970370197874D-12 0.5070242741631D-12 0.6463541172551D-12
 0.8224521494533D-12 0.1044477740504D-11 0.1323674821615D-11 0.1673772615522D-11
 0.2111433027485D-11 0.2656736853944D-11 0.3333692134677D-11 0.4170729430059D-11
 0.5201137760963D-11 0.6463356786253D-11 0.8001001867858D-11 0.9862445954081D-11
 0.1209969478729D-10 0.1476617860592D-10 0.1791294305070D-10 0.2158249946495D-10
 0.2579932569174D-10 0.3055562463149D-10 0.3579046569868D-10 0.4135973322517D-10
 0.4699348593360D-10 0.5223612664908D-10 0.5636331966318D-10 0.5826768133482D-10
 0.5630266395048D-10 0.4807098156784D-10 0.3013985084667D-10-0.2340067059003D-11
-0.5614114848314D-10-0.1406281622891D-09-0.2686379939585D-09-0.4576284531027D-09
-0.7311701805350D-09-0.1120872462514D-08-0.1668852890037D-08-0.2430883905253D-08
-0.3480374792841D-08-0.4913370108184D-08-0.6854775448107D-08-0.9466040440163D-08
-0.1295454305810D-07-0.1758492075983D-07-0.2369257490430D-07-0.3169950503451D-07
-0.4213253796101D-07-0.5564381933093D-07-0.7303316064303D-07-0.9527142344275D-07
-0.1235235521830D-06-0.1591690659711D-06-0.2038168358798D-06-0.2593096612929D-06
-0.3277126380582D-06-0.4112775136662D-06-0.5123733558455D-06-0.6333719456491D-06
-0.7764749080607D-06-0.9434689197370D-06-0.1135396341110D-05-0.1352132042317D-05
-0.1591864186836D-05-0.1850488989953D-05-0.2120947521252D-05-0.2392558342090D-05
-0.2650432880514D-05-0.2875099563798D-05-0.3042504663853D-05-0.3124595087191D-05
-0.3090708219644D-05-0.2909981968967D-05-0.2554928231799D-05-0.2006163913734D-05
-0.1258040460081D-05-0.3245435573112D-06 0.7556393360744D-06 0.1916512609967D-05
 0.3066719184611D-05 0.4098367502174D-05 0.4904802152305D-05 0.5408366572334D-05
 0.5597205539515D-05 0.5567141466487D-05 0.5560958260056D-05 0.5994001105824D-05
 0.7453328341031D-05 0.1065991286880D-04 0.1639155387433D-04 0.2537920173289D-04
 0.3820959157494D-04 0.5528675477422D-04 0.7691383243980D-04 0.1035421803232D-03
 0.1361875480235D-03 0.1769363595143D-03 0.2293832471483D-03 0.2988029687000D-03
 0.3919249682050D-03 0.5163806492969D-03 0.6801899266748D-03 0.8918941977607D-03
 0.1161897378378D-02 0.1505080208162D-02 0.1943921757693D-02 0.2509936583661D-02
 0.3238063545236D-02 0.4163316030717D-02 0.5320707428401D-02 0.6745251126588D-02
 0.8471960513575D-02 0.1053584897766D-01 0.1297192990715D-01 0.1581521669033D-01
    2    2  120    8
 0.0000000000000D+00-0.1472181242006D-06-0.1657425855257D-06-0.1865926522933D-06
-0.2100592491027D-06-0.2364695179505D-06-0.2661912984202D-06-0.2996381574923D-06
-0.3372750358215D-06-0.3796245849880D-06-0.4272742797025D-06-0.4808843981806D-06
-0.5411969757085D-06-0.6090458485120D-06-0.6853679193478D-06-0.7712157901230D-06
-0.8677719278283D-06-0.9763645440017D-06-0.1098485395046D-05-0.1235809730073D-05
-0.1390218642845D-05-0.1563824111703D-05-0.1758997047758D-05-0.1978398702559D-05
-0.2225015835727D-05-0.2502200081043D-05-0.2813712003087D-05-0.3163770395258D-05
-0.3557107427915D-05-0.3999030327575D-05-0.4495490343922D-05-0.5053159847981D-05
-0.5679518498801D-05-0.6382949516827D-05-0.7172847227197D-05-0.8059737151421D-05
-0.9055410085633D-05-0.1017307173055D-04-0.1142750965285D-04-0.1283527950241D-04
-0.1441491266027D-04-0.1618714768934D-04-0.1817518824173D-04-0.2040499033090D-04
-0.2290558220959D-04-0.2570942040592D-04-0.2885278584638D-04-0.3237622441394D-04
-0.3632503669991D-04-0.4074982219318D-04-0.4570708370835D-04-0.5125989838758D-04
-0.5747866219568D-04-0.6444191559519D-04-0.7223725872796D-04-0.8096236521161D-04
-0.9072610457581D-04-0.1016497841828D-03-0.1138685225631D-03-0.1275327669718D-03
-0.1428099693384D-03-0.1598864358572D-03-0.1789693667145D-03-0.2002891039023D-03
-0.2241016069247D-03-0.2506911772043D-03-0.2803734540663D-03-0.3134987078116D-03
-0.3504554561441D-03-0.3916744341710D-03-0.4376329497240D-03-0.4888596593201D-03
-0.5459398044040D-03-0.6095209497076D-03-0.6803192715951D-03-0.7591264512011D-03
-0.8468172303146D-03-0.9443576966938D-03-0.1052814378620D-02-0.1173364229193D-02
-0.1307305603109D-02-0.1456070331155D-02-0.1621237017894D-02-0.1804545702856D-02
-0.2007914031434D-02-0.2233455104904D-02-0.2483497191186D-02-0.2760605476347D-02
-0.3067606044460D-02-0.3407612299408D-02-0.3784053988730D-02-0.4200709000541D-02
-0.4661738129841D-02-0.5171722928917D-02-0.5735706774167D-02-0.6359239412842D-02
-0.7048425243628D-02-0.7809975137364D-02-0.8651264063315D-02-0.9580393233918D-02
-0.1060626005142D-01-0.1173863722100D-01-0.1298826286413D-01-0.1436694804944D-01
-0.1588770158520D-01-0.1756487996501D-01-0.1941436389901D-01-0.2145376615185D-01
-0.2370267150153D-01-0.2618290703071D-01-0.2891884071535D-01-0.3193770387021D-01
-0.3526993295687D-01-0.3894952186202D-01-0.4301264221874D-01-0.4749562006595D-01
-0.5243478144259D-01-0.5786645238759D-01-0.6382695893986D-01-0.7035262713834D-01
 0.0000000000000D+00 0.1852067042646D-10 0.2213893743392D-10 0.2646358404566D-10
 0.3163228084804D-10 0.3780946076518D-10 0.4519148339322D-10 0.5401283814227D-10
 0.6455348899382D-10 0.7714764159486D-10 0.9219424460323D-10 0.1101694118196D-09
 0.1316412879581D-09 0.1572877261793D-09 0.1879173166438D-09 0.2244944512868D-09
 0.2681691218832D-09 0.3203122816593D-09 0.3825580915914D-09 0.4568538783939D-09
 0.5455196048150D-09 0.6513185631048D-09 0.7775410093071D-09 0.9281037512826D-09
 0.1107667779390D-08 0.1321778091396D-08 0.1577029025628D-08 0.1881259717541D-08
 0.2243786176088D-08 0.2675674085519D-08 0.3190062723851D-08 0.3802545740661D-08
 0.4531621156701D-08 0.5399220913596D-08 0.6431334231865D-08 0.7658741616999D-08
 0.9117875044441D-08 0.1085182945231D-07 0.1291154647689D-07 0.1535720181907D-07
 0.1825982450901D-07 0.2170319125665D-07 0.2578603118807D-07 0.3062459481345D-07
 0.3635563870279D-07 0.4313988944111D-07 0.5116605314882D-07 0.6065546004743D-07
 0.7186741585229D-07 0.8510537036948D-07 0.1007240154125D-06 0.1191374250258D-06
 0.1408283757696D-06 0.1663590221039D-06 0.1963830552055D-06 0.2316595776929D-06
 0.2730688824984D-06 0.3216303699856D-06 0.3785229224979D-06 0.4451080259850D-06
 0.5229559913249D-06 0.6138758235538D-06 0.7199492294527D-06 0.8435694051937D-06
 0.9874856544754D-06 0.1154854905818D-05 0.1349301328862D-05 0.1574986485269D-05
 0.1836691965871D-05 0.2139918019288D-05 0.2491002250400D-05 0.2897264033088D-05
 0.3367181135487D-05 0.3910608028458D-05 0.4539046372754D-05 0.5265982331944D-05
 0.6107307294341D-05 0.7081843338254D-05 0.8211997634811D-05 0.9524575559896D-05
 0.1105178597309D-04 0.1283247456211D-04 0.1491362655311D-04 0.1735218398806D-04
 0.2021721129671D-04 0.2359245697975D-04 0.2757933981965D-04 0.3230038022996D-04
 0.3790308604228D-04 0.4456429831984D-04 0.5249495247127D-04 0.6194524039291D-04
 0.7321013867482D-04 0.8663529306769D-04 0.1026232773963D-03 0.1216404129597D-03
 0.1442244148356D-03 0.1709933623470D-03 0.2026568581278D-03 0.2400304595970D-03
 0.2840549247029D-03 0.3358220460802D-03 0.3966091116744D-03 0.4679238276976D-03
 0.5515612258021D-03 0.6496730813805D-03 0.7648491788029D-03 0.9002080620897D-03
 0.1059493721288D-02 0.1247173553268D-02 0.1468534651358D-02 0.1729777948701D-02
 0.2038117030742D-02 0.2401894760878D-02 0.2830288157256D-02 0.3332579555042D-02
 0.3918051289404D-02 0.4595985695509D-02 0.5375665108525D-02 0.6266371863620D-02
 0.0000000000000D+00 0.1110458828071D-11 0.1345561601052D-11 0.1627623468979D-11
 0.1965501305540D-11 0.2369603996848D-11 0.2852144513907D-11 0.3427368376771D-11
 0.4111871412063D-11 0.4924899606346D-11 0.5888663832415D-11 0.7028689101699D-11
 0.8374116922773D-11 0.9957989634819D-11 0.1181745071518D-10 0.1399389987548D-10
 0.1653282839079D-10 0.1948348894746D-10 0.2289807776433D-10 0.2683043757384D-10
 0.3133382781807D-10 0.3645760965882D-10 0.4224243985392D-10 0.4871332736360D-10
 0.5586992790984D-10 0.6367304097143D-10 0.7202629180586D-10 0.8075127615442D-10
 0.8955372822966D-10 0.9797915144320D-10 0.1053531194105D-09 0.1107030035253D-09
 0.1126545359438D-09 0.1092963257229D-09 0.9800498973784D-10 0.7521315152989D-10
 0.3611489767878D-10-0.2572071140583D-10-0.1188435772583D-09-0.2545609063159D-09
-0.4477515033976D-09-0.7179142193321D-09-0.1090497455452D-08-0.1598600360628D-08
-0.2285130414203D-08-0.3205536588775D-08-0.4431266384122D-08-0.6054141760661D-08
-0.8191843341783D-08-0.1099482047852D-07-0.1465495210343D-07-0.1941635791461D-07
-0.2558888151499D-07-0.3356490057272D-07-0.4384011689478D-07-0.5703933044994D-07
-0.7394821539600D-07-0.9555235559300D-07-0.1230851532975D-06-0.1580863573698D-06
-0.2024732058320D-06-0.2586268465727D-06-0.3294966538201D-06-0.4187255878089D-06
-0.5308004676115D-06-0.6712311068942D-06-0.8467622776197D-06-0.1065624269211D-05
-0.1337826292088D-05-0.1675498618573D-05-0.2093288743753D-05-0.2608817725207D-05
-0.3243200980094D-05-0.4021640200565D-05-0.4974089676528D-05-0.6136002987741D-05
-0.7549163464408D-05-0.9262604174525D-05-0.1133362237073D-04-0.1382889884751D-04
-0.1682573707882D-04-0.2041344268989D-04-0.2469488259387D-04-0.2978828683906D-04
-0.3582936250052D-04-0.4297386013894D-04-0.5140075385701D-04-0.6131625890237D-04
-0.7295898018779D-04-0.8660657662910D-04-0.1025843263200D-03-0.1212761102513D-03
-0.1431383099081D-03-0.1687171016888D-03-0.1986694873498D-03-0.2337883557311D-03
-0.2750314658735D-03-0.3235539021309D-03-0.3807433387546D-03-0.4482568865349D-03
-0.5280583587621D-03-0.6224549126612D-03-0.7341330590757D-03-0.8661954563183D-03
-0.1022202788500D-02-0.1206228191341D-02-0.1422935686560D-02-0.1677697050784D-02
-0.1976763260240D-02-0.2327503282790D-02-0.2738717055692D-02-0.3221014490365D-02
-0.3787237138213D-02-0.4452877566762D-02-0.5235426940077D-02-0.6152632466116D-02
-0.7222241352837D-02-0.8462000808199D-02-0.9889658040160D-02-0.1152296025668D-01
 0.0000000000000D+00-0.4233516622480D-13-0.5377172326786D-13-0.6829447974772D-13
-0.8673508939172D-13-0.1101488889373D-12-0.1398749160938D-12-0.1776120079484D-12
-0.2255151865098D-12-0.2863177832862D-12-0.3634862000695D-12-0.4614158231539D-12
-0.5856791025196D-12-0.7433395820567D-12-0.9433494241453D-12-0.1197051863814D-11
-0.1518817483746D-11-0.1926847689290D-11-0.2444191141399D-11-0.3100027268768D-11
-0.3931287492888D-11-0.4984701701571D-11-0.6319381119398D-11-0.8010074785550D-11
-0.1015127567269D-10-0.1286239376435D-10-0.1629426902115D-10-0.2063736936679D-10
-0.2613209605815D-10-0.3308174084212D-10-0.4186874968894D-10-0.5297513424896D-10
-0.6700805745694D-10-0.8473188237807D-10-0.1071082691302D-09-0.1353462957753D-09
-0.1709650333670D-09-0.2158715746977D-09-0.2724582038972D-09-0.3437232414803D-09
-0.4334210784393D-09-0.5462481873156D-09-0.6880732822949D-09-0.8662215849830D-09
-0.1089825199102D-08-0.1370253965972D-08-0.1721644014459D-08-0.2161544448113D-08
-0.2711706202085D-08-0.3399041411148D-08-0.4256785902342D-08-0.5325902563547D-08
-0.6656768264358D-08-0.8311191993132D-08-0.1036481672186D-07-0.1290996102435D-07
-0.1605895848733D-07-0.1994805260082D-07-0.2474189966925D-07-0.3063872184868D-07
-0.3787613391967D-07-0.4673763685273D-07-0.5755972658339D-07-0.7073950376158D-07
-0.8674258082873D-07-0.1061109671178D-06-0.1294704581751D-06-0.1575368642533D-06
-0.1911201703825D-06-0.2311254359770D-06-0.2785489050835D-06-0.3344674283607D-06
-0.4000189048310D-06-0.4763710720644D-06-0.5646756561134D-06-0.6660047222920D-06
-0.7812661522979D-06-0.9110956342052D-06-0.1055723663635D-05-0.1214817934598D-05
-0.1387304528312D-05-0.1571175751853D-05-0.1763298591509D-05-0.1959245779277D-05
-0.2153181536921D-05-0.2337845759688D-05-0.2504693319543D-05-0.2644257809540D-05
-0.2746819223706D-05-0.2803459785316D-05-0.2807586821298D-05-0.2756980651095D-05
-0.2656383529466D-05-0.2520576633508D-05-0.2377790849149D-05-0.2273168890538D-05
-0.2271844788978D-05-0.2461054973966D-05-0.2950584690820D-05-0.3870832254537D-05
-0.5367921464394D-05-0.7595686533715D-05-0.1070507999173D-04-0.1483261359820D-04
-0.2009082606047D-04-0.2656524323342D-04-0.3432347137373D-04-0.4344241889800D-04
-0.5405836083789D-04-0.6644097455170D-04-0.8108638614962D-04-0.9881599503384D-04
-0.1208593866588D-03-0.1488942438629D-03-0.1849058154761D-03-0.2309181141785D-03
-0.2889551526501D-03-0.3610409435706D-03-0.4491994996202D-03-0.5554548334788D-03
 0.0000000000000D+00 0.8879016021096D-14 0.1127206640692D-13 0.1430955291638D-13
 0.1816478050558D-13 0.2305757125289D-13 0.2926673452896D-13 0.3714581277794D-13
 0.4714308594457D-13 0.5982690141819D-13 0.7591756566468D-13 0.9632812855874D-13
 0.1222154402658D-12 0.1550451089891D-12 0.1966736406630D-12 0.2494520506460D-12
 0.3163570189160D-12 0.4011563105444D-12 0.5086180854364D-12 0.6447748241840D-12
 0.8172561234176D-12 0.1035708733791D-11 0.1312326280619D-11 0.1662515332096D-11
 0.2105736137978D-11 0.2666558133399D-11 0.3375989502450D-11 0.4273146588764D-11
 0.5407350079116D-11 0.6840756445155D-11 0.8651655973614D-11 0.1093860381659D-10
 0.1382558808134D-10 0.1746849485460D-10 0.2206317307950D-10 0.2785550012861D-10
 0.3515391848443D-10 0.4434502284879D-10 0.5591292547814D-10 0.7046328438005D-10
 0.8875301702490D-10 0.1117270555073D-09 0.1405636531465D-09 0.1767301497538D-09
 0.2220514439090D-09 0.2787938468919D-09 0.3497675143796D-09 0.4384511989877D-09
 0.5491436629965D-09 0.6871468906854D-09 0.8589868121688D-09 0.1072678225434D-08
 0.1338041201704D-08 0.1667077063580D-08 0.2074412726627D-08 0.2577822346814D-08
 0.3198835481318D-08 0.3963440569139D-08 0.4902891163862D-08 0.6054620472837D-08
 0.7463266358223D-08 0.9181804435536D-08 0.1127277938937D-07 0.1380961719800D-07
 0.1687798918401D-07 0.2057718587227D-07 0.2502144358199D-07 0.3034115492009D-07
 0.3668387437155D-07 0.4421503195717D-07 0.5311826405238D-07 0.6359529660394D-07
 0.7586537421560D-07 0.9016433511982D-07 0.1067435993665D-06 0.1258696378093D-06
 0.1478249085536D-06 0.1729118290282D-06 0.2014622616080D-06 0.2338560936379D-06
 0.2705540052824D-06 0.3121514463382D-06 0.3594631474474D-06 0.4136501424530D-06
 0.4764043687887D-06 0.5502087811825D-06 0.6386936996881D-06 0.7471119336371D-06
 0.8829552173884D-06 0.1056732137207D-05 0.1282921549700D-05 0.1581104262944D-05
 0.1977259832131D-05 0.2505194644966D-05 0.3208041038363D-05 0.4139747698987D-05
 0.5366467658829D-05 0.6967758032068D-05 0.9037560758148D-05 0.1168504352487D-04
 0.1503557815543D-04 0.1923242782888D-04 0.2444012733924D-04 0.3085098602387D-04
 0.3869662870511D-04 0.4826680027744D-04 0.5993759218315D-04 0.7421068000510D-04
 0.9176371051874D-04 0.1135096236585D-03 0.1406599224452D-03 0.1747841164067D-03
 0.2178564192631D-03 0.2722830878356D-03 0.3407769450554D-03 0.4260905487649D-03
 0.5309764568065D-03 0.6581872270228D-03 0.8104754172561D-03 0.9905935853489D-03
 0.0000000000000D+00-0.6478355513943D-16-0.8739279009200D-16-0.1178878590379D-15
-0.1590172326067D-15-0.2144863885901D-15-0.2892907294132D-15-0.3901640659058D-15
-0.5261828929700D-15-0.7095798987555D-15-0.9568404225859D-15-0.1290178364870D-14
-0.1739523255973D-14-0.2345196447026D-14-0.3161511089950D-14-0.4261618644594D-14
-0.5744029523204D-14-0.7741384313344D-14-0.1043224943685D-13-0.1405697940633D-13
-0.1893904138573D-13-0.2551366753442D-13-0.3436636133720D-13-0.4628460720646D-13
-0.6232731267463D-13-0.8391801296082D-13-0.1129699403845D-12-0.1520537793127D-12
-0.2046225862147D-12-0.2753132280658D-12-0.3703501878300D-12-0.4980862270707D-12
-0.6697259357326D-12-0.9002934649054D-12-0.1209926113557D-11-0.1625602385589D-11
-0.2183448940422D-11-0.2931818030948D-11-0.3935389818858D-11-0.5280636192025D-11
-0.7083091879748D-11-0.9497021264207D-11-0.1272825766178D-10-0.1705123817577D-10
-0.2283157878180D-10-0.3055595535120D-10-0.4087160266100D-10-0.5463845368482D-10
-0.7299786046573D-10-0.9746302243516D-10-0.1300377690115D-09-0.1733722974557D-09
-0.2309669430342D-09-0.3074382124007D-09-0.4088652858429D-09-0.5432401605882D-09
-0.7210508081504D-09-0.9560343653629D-09-0.1266146723438D-08-0.1674806187753D-08
-0.2212482386089D-08-0.2918717455332D-08-0.3844684850193D-08-0.5056411564345D-08
-0.6638811928162D-08-0.8700704037578D-08-0.1138100185512D-07-0.1485629402899D-07
-0.1935003031546D-07-0.2514353150068D-07-0.3258901096356D-07-0.4212473162472D-07
-0.5429230721010D-07-0.6975596855295D-07-0.8932333016164D-07-0.1139667779343D-06
-0.1448440210860D-06-0.1833155750499D-06-0.2309559315567D-06-0.2895539068820D-06
-0.3610961370726D-06-0.4477259477135D-06-0.5516679701912D-06-0.6751070991533D-06
-0.8200090144035D-06-0.9878690312470D-06-0.1179377199323D-05-0.1393991297922D-05
-0.1629416866467D-05-0.1881005992430D-05-0.2141105631069D-05-0.2398412808102D-05
-0.2637428376333D-05-0.2838141844353D-05-0.2976123358856D-05-0.3023237726732D-05
-0.2949217260571D-05-0.2724317345489D-05-0.2323207671282D-05-0.1730096762126D-05
-0.9448227679372D-06 0.1074384499443D-07 0.1087139420023D-05 0.2204297546818D-05
 0.3253295726936D-05 0.4105303873275D-05 0.4629896309493D-05 0.4723777988172D-05
 0.4348784553611D-05 0.3574697604461D-05 0.2618355046114D-05 0.1866759155586D-05
 0.1870200864264D-05 0.3294356122834D-05 0.6844720018973D-05 0.1322955293169D-04
 0.2315711523999D-04 0.3733566732287D-04 0.5647346955936D-04 0.8127878232844D-04
 0.0000000000000D+00 0.4340086949355D-17 0.5853081146472D-17 0.7893007034777D-17
 0.1064313920138D-16 0.1435046841456D-16 0.1934767688828D-16 0.2608290022879D-16
 0.3515982070806D-16 0.4739116134336D-16 0.6387146091182D-16 0.8607392486674D-16
 0.1159816372300D-15 0.1562635619759D-15 0.2105103952487D-15 0.2835522349148D-15
 0.3818854029763D-15 0.5142453225106D-15 0.6923737218888D-15 0.9320514502502D-15
 0.1254479337834D-14 0.1688134961340D-14 0.2271253477718D-14 0.3055156820998D-14
 0.4108706033353D-14 0.5524263506070D-14 0.7425658212730D-14 0.9978832899112D-14
 0.1340607261131D-13 0.1800496810476D-13 0.2417373606749D-13 0.3244493083171D-13
 0.4353033938014D-13 0.5838066731114D-13 0.7826490003656D-13 0.1048755299240D-12
 0.1404681777996D-12 0.1880463959736D-12 0.2516060128215D-12 0.3364577458293D-12
 0.4496526163118D-12 0.6005415005498D-12 0.8015106863811D-12 0.1068945400710D-11
 0.1424491043879D-11 0.1896698416377D-11 0.2523165482730D-11 0.3353316667995D-11
 0.4452000030802D-11 0.5904122675377D-11 0.7820607697313D-11 0.1034600841872D-10
 0.1366820206767D-10 0.1803066004733D-10 0.2374788331651D-10 0.3122468508598D-10
 0.4098008708916D-10 0.5367663576337D-10 0.7015599198506D-10 0.9148150237712D-10
 0.1189882929016D-09 0.1543409165711D-09 0.1995977822671D-09 0.2572802510356D-09
 0.3304422269515D-09 0.4227328169490D-09 0.5384401655143D-09 0.6824977780201D-09
 0.8604254932808D-09 0.1078164371791D-08 0.1341747605701D-08 0.1656726694727D-08
 0.2027242673879D-08 0.2454594881176D-08 0.2935114143088D-08 0.3457092824220D-08
 0.3996463000546D-08 0.4510849418951D-08 0.4931561380052D-08 0.5153042860983D-08
 0.5019288090745D-08 0.4306780058800D-08 0.2703666899850D-08-0.2147984172143D-09
-0.5013987964836D-08-0.1242938053257D-07-0.2339512426804D-07-0.3906728343358D-07
-0.6083509423079D-07-0.9031080063716D-07-0.1292855254153D-06-0.1796355684874D-06
-0.2431612738855D-06-0.3213402835718D-06-0.4149804162996D-06-0.5237669861317D-06
-0.6457179276588D-06-0.7765908429475D-06-0.9093317336566D-06-0.1033716222588D-05
-0.1136408070643D-05-0.1201736730535D-05-0.1213557798781D-05-0.1158576376269D-05
-0.1031441659115D-05-0.8417126314573D-06-0.6224028472425D-06-0.4392238883718D-06
-0.3989125519688D-06-0.6543073642043D-06-0.1403466652383D-05-0.2880596419196D-05
-0.5338503148633D-05-0.9026344849568D-05-0.1418043056616D-04-0.2103499446842D-04
-0.2982427072636D-04-0.4078249350999D-04-0.5414389698933D-04-0.7014271533437D-04
 0.0000000000000D+00-0.3486921057923D-16-0.4703755195756D-16-0.6344964590895D-16
-0.8558437603155D-16-0.1154354653482D-15-0.1556905987477D-15-0.2099725046266D-15
-0.2831639909185D-15-0.3818456020694D-15-0.5148846798882D-15-0.6942294389865D-15
-0.9359768185335D-15-0.1261810705600D-14-0.1700937913062D-14-0.2292691534593D-14
-0.3090035296263D-14-0.4164275684140D-14-0.5611398447614D-14-0.7560588971974D-14
-0.1018568169504D-13-0.1372054640062D-13-0.1847975728942D-13-0.2488634636803D-13
-0.3350906496094D-13-0.4511238887001D-13-0.6072358915391D-13-0.8172269659924D-13
-0.1099630564775D-12-0.1479328717056D-12-0.1989715402243D-12-0.2675592122583D-12
-0.3597041050304D-12-0.4834604466561D-12-0.6496204109528D-12-0.8726381174021D-12
-0.1171862608606D-11-0.1573181633608D-11-0.2111212048433D-11-0.2832214997868D-11
-0.3797973365384D-11-0.5090943178760D-11-0.6821090896193D-11-0.9134957478557D-11
-0.1222766141163D-10-0.1635877090344D-10-0.2187326563218D-10-0.2922917850640D-10
-0.3903398500416D-10-0.5209243211901D-10-0.6946927987789D-10-0.9257144532626D-10
-0.1232553155944D-09-0.1639666130107D-09-0.2179222312521D-09-0.2893459787210D-09
-0.3837733112030D-09-0.5084439502981D-09-0.6728059436302D-09-0.8891602811115D-09
-0.1173481718356D-08-0.1546459063398D-08-0.2034806656061D-08-0.2672908154285D-08
-0.3504863303970D-08-0.4587017791477D-08-0.5991063881906D-08-0.7807804214443D-08
-0.1015166938607D-07-0.1316606905245D-07-0.1702962998065D-07-0.2196332708086D-07
-0.2823843505521D-07-0.3618510799816D-07-0.4620121932440D-07-0.5876084732859D-07
-0.7442145772024D-07-0.9382839625148D-07-0.1177147485480D-06-0.1468939486545D-06
-0.1822417318867D-06-0.2246631699561D-06-0.2750396774330D-06-0.3341501713005D-06
-0.4025602144051D-06-0.4804732988914D-06-0.5675398436001D-06-0.6626225514562D-06
-0.7635221602516D-06-0.8666759893211D-06-0.9668536935877D-06-0.1056890582861D-05
-0.1127518409180D-05-0.1167375294283D-05-0.1163297332716D-05-0.1101008738589D-05
-0.9663268813567D-06-0.7469713553258D-06-0.4349976696393D-06-0.2975131172569D-07
 0.4589560749054D-06 0.1008011531064D-05 0.1579389701052D-05 0.2120973713043D-05
 0.2571254915700D-05 0.2869370235853D-05 0.2971535099057D-05 0.2873930424323D-05
 0.2640380356044D-05 0.2430774042923D-05 0.2523564152550D-05 0.3323735771848D-05
 0.5347867591569D-05 0.9182286839240D-05 0.1543189539811D-04 0.2470235669342D-04
 0.3759933415042D-04 0.5472849119436D-04 0.7669549125049D-04 0.1041059977440D-03
