 480 0.000025010  0.000000  1.700000   1I  1
  32  64  96 128 160 192 224 256 288
 0.2499999936845D-04 0.4239349924965D+07
 0.4999999873689D-04 0.2119347840039D+07
 0.7499999810534D-04 0.1412680415013D+07
 0.9999999747379D-04 0.1059451164435D+07
 0.1249999968422D-03 0.8474659617672D+06
 0.1499999962107D-03 0.7061336482071D+06
 0.1749999955791D-03 0.6051804172567D+06
 0.1999999949476D-03 0.5294651430225D+06
 0.2249999943160D-03 0.4705753724229D+06
 0.2499999936845D-03 0.4234634745039D+06
 0.2749999930529D-03 0.3849173088889D+06
 0.2999999924214D-03 0.3527954474764D+06
 0.3249999917898D-03 0.3256153623692D+06
 0.3499999911583D-03 0.3023181045618D+06
 0.3749999905267D-03 0.2821271110155D+06
 0.3999999898952D-03 0.2644599592062D+06
 0.4249999892636D-03 0.2488712669564D+06
 0.4499999886320D-03 0.2350146257391D+06
 0.4749999880005D-03 0.2226165550062D+06
 0.4999999873689D-03 0.2114582702128D+06
 0.5249999867374D-03 0.2013626599440D+06
 0.5499999861058D-03 0.1921848148412D+06
 0.5749999854743D-03 0.1838050270649D+06
 0.5999999848427D-03 0.1761235400737D+06
 0.6249999842112D-03 0.1690565582782D+06
 0.6499999835796D-03 0.1625331777475D+06
 0.6749999829481D-03 0.1564929987660D+06
 0.6999999823165D-03 0.1508842501122D+06
 0.7249999816850D-03 0.1456623014359D+06
 0.7499999810534D-03 0.1407884730654D+06
 0.7749999804219D-03 0.1362290762351D+06
 0.7999999797903D-03 0.1319546332604D+06
 0.8499999785272D-03 0.1241600378952D+06
 0.8999999772641D-03 0.1172314812871D+06
 0.9499999760010D-03 0.1110322219721D+06
 0.9999999747379D-03 0.1054528666743D+06
 0.1049999973475D-02 0.1004048588003D+06
 0.1099999972212D-02 0.9581574293112D+05
 0.1149999970949D-02 0.9162566450293D+05
 0.1199999969685D-02 0.8778474465779D+05
 0.1249999968422D-02 0.8425108510285D+05
 0.1299999967159D-02 0.8098923343361D+05
 0.1349999965896D-02 0.7796898937538D+05
 0.1399999964633D-02 0.7516446695589D+05
 0.1449999963370D-02 0.7255335069367D+05
 0.1499999962107D-02 0.7011630045364D+05
 0.1549999960844D-02 0.6783647158436D+05
 0.1599999959581D-02 0.6569912499950D+05
 0.1649999958317D-02 0.6369130815359D+05
 0.1699999957054D-02 0.6180159231663D+05
 0.1749999955791D-02 0.6001985488675D+05
 0.1799999954528D-02 0.5833709798461D+05
 0.1849999953265D-02 0.5674529646467D+05
 0.1899999952002D-02 0.5523726992498D+05
 0.1949999950739D-02 0.5380657440757D+05
 0.1999999949476D-02 0.5244741034398D+05
 0.2049999948213D-02 0.5115454396833D+05
 0.2099999946950D-02 0.4992323992217D+05
 0.2149999945686D-02 0.4874920340658D+05
 0.2199999944423D-02 0.4762853003051D+05
 0.2249999943160D-02 0.4655766245847D+05
 0.2299999941897D-02 0.4553335263631D+05
 0.2349999940634D-02 0.4455262897612D+05
 0.2399999939371D-02 0.4361276754489D+05
 0.2499999936845D-02 0.4184582501028D+05
 0.2599999934318D-02 0.4021479824788D+05
 0.2699999931792D-02 0.3870458654291D+05
 0.2799999929266D-02 0.3730224646652D+05
 0.2899999926740D-02 0.3599661982992D+05
 0.2999999924214D-02 0.3477803614622D+05
 0.3099999921687D-02 0.3363807270295D+05
 0.3199999919161D-02 0.3256935959810D+05
 0.3299999916635D-02 0.3156542022430D+05
 0.3399999914109D-02 0.3062053990295D+05
 0.3499999911583D-02 0.2972965703844D+05
 0.3599999909056D-02 0.2888827241335D+05
 0.3699999906530D-02 0.2809237319276D+05
 0.3799999904004D-02 0.2733836892787D+05
 0.3899999901478D-02 0.2662303740544D+05
 0.3999999898952D-02 0.2594347861990D+05
 0.4099999896425D-02 0.2529707548126D+05
 0.4199999893899D-02 0.2468146009015D+05
 0.4299999891373D-02 0.2409448482351D+05
 0.4399999888847D-02 0.2353419733422D+05
 0.4499999886320D-02 0.2299881878434D+05
 0.4599999883794D-02 0.2248672498028D+05
 0.4699999881268D-02 0.2199642988839D+05
 0.4799999878742D-02 0.2152657144653D+05
 0.4899999876216D-02 0.2107589872563D+05
 0.4999999873689D-02 0.2064326071460D+05
 0.5099999871163D-02 0.2022759686813D+05
 0.5199999868637D-02 0.1982792818278D+05
 0.5299999866111D-02 0.1944334933749D+05
 0.5399999863585D-02 0.1907302233004D+05
 0.5499999861058D-02 0.1871616997985D+05
 0.5599999858532D-02 0.1837207051485D+05
 0.5799999853480D-02 0.1771949265090D+05
 0.5999999848427D-02 0.1711045258039D+05
 0.6199999843375D-02 0.1654073808790D+05
 0.6399999838322D-02 0.1600666341192D+05
 0.6599999833270D-02 0.1550498948187D+05
 0.6799999828218D-02 0.1503285823120D+05
 0.6999999823165D-02 0.1458773817120D+05
 0.7199999818113D-02 0.1416737903614D+05
 0.7399999813060D-02 0.1376977378302D+05
 0.7599999808008D-02 0.1339312659158D+05
 0.7799999802955D-02 0.1303582578703D+05
 0.7999999797903D-02 0.1269642082426D+05
 0.8199999792851D-02 0.1237360263978D+05
 0.8399999787798D-02 0.1206618680874D+05
 0.8599999782746D-02 0.1177309898992D+05
 0.8799999777693D-02 0.1149336258949D+05
 0.8999999772641D-02 0.1122608775338D+05
 0.9199999767588D-02 0.1097046198062D+05
 0.9399999762536D-02 0.1072574183596D+05
 0.9599999757484D-02 0.1049124590787D+05
 0.9799999752431D-02 0.1026634836341D+05
 0.9999999747379D-02 0.1005047338037D+05
 0.1019999974233D-01 0.9843090310630D+04
 0.1039999973727D-01 0.9643709325113D+04
 0.1059999973222D-01 0.9451877508464D+04
 0.1079999972717D-01 0.9267175512434D+04
 0.1099999972212D-01 0.9089214462815D+04
 0.1119999971706D-01 0.8917633249462D+04
 0.1139999971201D-01 0.8752096094896D+04
 0.1159999970696D-01 0.8592290364140D+04
 0.1179999970191D-01 0.8437924622872D+04
 0.1199999969685D-01 0.8288726821562D+04
 0.1239999968675D-01 0.8004834716276D+04
 0.1279999967664D-01 0.7738769523986D+04
 0.1319999966654D-01 0.7488910185402D+04
 0.1359999965644D-01 0.7253826269639D+04
 0.1399999964633D-01 0.7032250755220D+04
 0.1439999963623D-01 0.6823057356895D+04
 0.1479999962612D-01 0.6625241497582D+04
 0.1519999961602D-01 0.6437904287436D+04
 0.1559999960591D-01 0.6260239002716D+04
 0.1599999959581D-01 0.6091519561253D+04
 0.1639999958570D-01 0.5931090690755D+04
 0.1679999957560D-01 0.5778359500650D+04
 0.1719999956549D-01 0.5632788328351D+04
 0.1759999955539D-01 0.5493888362643D+04
 0.1799999954528D-01 0.5361214110339D+04
 0.1839999953518D-01 0.5234358857349D+04
 0.1879999952507D-01 0.5112950639914D+04
 0.1919999951497D-01 0.4996648468100D+04
 0.1959999950486D-01 0.4885138979913D+04
 0.1999999949476D-01 0.4778134046125D+04
 0.2039999948465D-01 0.4675368357945D+04
 0.2079999947455D-01 0.4576596562391D+04
 0.2119999946444D-01 0.4481592128585D+04
 0.2159999945434D-01 0.4390145439418D+04
 0.2199999944423D-01 0.4302061680167D+04
 0.2239999943413D-01 0.4217160509619D+04
 0.2279999942402D-01 0.4135273858253D+04
 0.2319999941392D-01 0.4056245314067D+04
 0.2359999940381D-01 0.3979929404249D+04
 0.2399999939371D-01 0.3906189756976D+04
 0.2439999938360D-01 0.3834899770175D+04
 0.2479999937350D-01 0.3765940134627D+04
 0.2559999935329D-01 0.3634574448340D+04
 0.2639999933308D-01 0.3511282719200D+04
 0.2719999931287D-01 0.3395350416159D+04
 0.2799999929266D-01 0.3286144800865D+04
 0.2879999927245D-01 0.3183103555292D+04
 0.2959999925224D-01 0.3085725272323D+04
 0.3039999923203D-01 0.2993561475558D+04
 0.3119999921182D-01 0.2906209626144D+04
 0.3199999919161D-01 0.2823307548219D+04
 0.3279999917140D-01 0.2744528436528D+04
 0.3359999915119D-01 0.2669576629932D+04
 0.3439999913098D-01 0.2598183986677D+04
 0.3519999911077D-01 0.2530107056480D+04
 0.3599999909056D-01 0.2465123572840D+04
 0.3679999907035D-01 0.2403030737275D+04
 0.3759999905014D-01 0.2343643038777D+04
 0.3839999902993D-01 0.2286790804033D+04
 0.3919999900972D-01 0.2232317549759D+04
 0.3999999898952D-01 0.2180079475156D+04
 0.4079999896931D-01 0.2129944716198D+04
 0.4159999894910D-01 0.2081790656633D+04
 0.4239999892889D-01 0.2035504161045D+04
 0.4319999890868D-01 0.1990981223314D+04
 0.4399999888847D-01 0.1948124263317D+04
 0.4479999886826D-01 0.1906843419274D+04
 0.4559999884805D-01 0.1867055154519D+04
 0.4639999882784D-01 0.1828681026045D+04
 0.4719999880763D-01 0.1791649159869D+04
 0.4799999878742D-01 0.1755891016382D+04
 0.4879999876721D-01 0.1721343843858D+04
 0.4959999874700D-01 0.1687948095357D+04
 0.5039999872679D-01 0.1655648474137D+04
 0.5199999868637D-01 0.1594133028687D+04
 0.5359999864595D-01 0.1536419153945D+04
 0.5519999860553D-01 0.1482172679332D+04
 0.5679999856511D-01 0.1431097383918D+04
 0.5839999852469D-01 0.1382929778296D+04
 0.5999999848427D-01 0.1337434715160D+04
 0.6159999844385D-01 0.1294401680357D+04
 0.6319999840343D-01 0.1253641645511D+04
 0.6479999836301D-01 0.1214984386156D+04
 0.6639999832259D-01 0.1178276331059D+04
 0.6799999828218D-01 0.1143378443671D+04
 0.6959999824176D-01 0.1110164312147D+04
 0.7119999820134D-01 0.1078519040213D+04
 0.7279999816092D-01 0.1048337879003D+04
 0.7439999812050D-01 0.1019525571116D+04
 0.7599999808008D-01 0.9919941797979D+03
 0.7759999803966D-01 0.9656632434664D+03
 0.7919999799924D-01 0.9404592219646D+03
 0.8079999795882D-01 0.9163141069607D+03
 0.8239999791840D-01 0.8931648646682D+03
 0.8399999787798D-01 0.8709539713178D+03
 0.8559999783756D-01 0.8496277591915D+03
 0.8719999779714D-01 0.8291361594975D+03
 0.8879999775672D-01 0.8094339630773D+03
 0.9039999771630D-01 0.7904776279245D+03
 0.9199999767588D-01 0.7722275910733D+03
 0.9359999763547D-01 0.7546469904023D+03
 0.9519999759505D-01 0.7377007151935D+03
 0.9679999755463D-01 0.7213573140529D+03
 0.9839999751421D-01 0.7055856715039D+03
 0.9999999747379D-01 0.6903585844827D+03
 0.1015999974334D+00 0.6756487203773D+03
 0.1047999973525D+00 0.6476847120813D+03
 0.1079999972717D+00 0.6215132551973D+03
 0.1111999971909D+00 0.5969750071094D+03
 0.1143999971100D+00 0.5739287430695D+03
 0.1175999970292D+00 0.5522489759909D+03
 0.1207999969483D+00 0.5318238031377D+03
 0.1239999968675D+00 0.5125529551748D+03
 0.1271999967867D+00 0.4943465566872D+03
 0.1303999967058D+00 0.4771237379589D+03
 0.1335999966250D+00 0.4608115220746D+03
 0.1367999965441D+00 0.4453438633656D+03
 0.1399999964633D+00 0.4306613924774D+03
 0.1431999963825D+00 0.4167093157990D+03
 0.1463999963016D+00 0.4034379230105D+03
 0.1495999962208D+00 0.3908017804719D+03
 0.1527999961399D+00 0.3787600475392D+03
 0.1559999960591D+00 0.3672740884987D+03
 0.1591999959783D+00 0.3563087154717D+03
 0.1623999958974D+00 0.3458323509956D+03
 0.1655999958166D+00 0.3358149422544D+03
 0.1687999957358D+00 0.3262286836088D+03
 0.1719999956549D+00 0.3170491781087D+03
 0.1751999955741D+00 0.3082522031092D+03
 0.1783999954932D+00 0.2998161151461D+03
 0.1815999954124D+00 0.2917212765040D+03
 0.1847999953316D+00 0.2839482061636D+03
 0.1879999952507D+00 0.2764804521936D+03
 0.1911999951699D+00 0.2693011074697D+03
 0.1943999950890D+00 0.2623954815970D+03
 0.1975999950082D+00 0.2557495156743D+03
 0.2007999949274D+00 0.2493499334983D+03
 0.2039999948465D+00 0.2431848576423D+03
 0.2103999946848D+00 0.2315123263228D+03
 0.2167999945232D+00 0.2206487462712D+03
 0.2231999943615D+00 0.2105207999078D+03
 0.2295999941998D+00 0.2010635554940D+03
 0.2359999940381D+00 0.1922192461137D+03
 0.2423999938765D+00 0.1839362560820D+03
 0.2487999937148D+00 0.1761684268292D+03
 0.2551999935531D+00 0.1688742779288D+03
 0.2615999933914D+00 0.1620160598380D+03
 0.2679999932298D+00 0.1555597123069D+03
 0.2743999930681D+00 0.1494742880151D+03
 0.2807999929064D+00 0.1437316754334D+03
 0.2871999927447D+00 0.1383070375003D+03
 0.2935999925830D+00 0.1331764563886D+03
 0.2999999924214D+00 0.1283184647944D+03
 0.3063999922597D+00 0.1237138130127D+03
 0.3127999920980D+00 0.1193451761977D+03
 0.3191999919363D+00 0.1151955064454D+03
 0.3255999917747D+00 0.1112499096934D+03
 0.3319999916130D+00 0.1074954614239D+03
 0.3383999914513D+00 0.1039186562691D+03
 0.3447999912896D+00 0.1005083039205D+03
 0.3511999911279D+00 0.9725413235839D+02
 0.3575999909663D+00 0.9414559202905D+02
 0.3639999908046D+00 0.9117477441341D+02
 0.3703999906429D+00 0.8833263514942D+02
 0.3767999904812D+00 0.8561184791159D+02
 0.3831999903196D+00 0.8300561630646D+02
 0.3895999901579D+00 0.8050704977694D+02
 0.3959999899962D+00 0.7811083801948D+02
 0.4023999898345D+00 0.7581073862799D+02
 0.4087999896728D+00 0.7360245125732D+02
 0.4215999893495D+00 0.6944104953366D+02
 0.4343999890261D+00 0.6559247136410D+02
 0.4471999887028D+00 0.6202680247467D+02
 0.4599999883794D+00 0.5871757502991D+02
 0.4727999880561D+00 0.5564115806898D+02
 0.4855999877327D+00 0.5277632228786D+02
 0.4983999874094D+00 0.5010394762770D+02
 0.5111999870860D+00 0.4760695267702D+02
 0.5239999867626D+00 0.4527010766360D+02
 0.5367999864393D+00 0.4307938352638D+02
 0.5495999861159D+00 0.4102244579076D+02
 0.5623999857926D+00 0.3908832870251D+02
 0.5751999854692D+00 0.3726747377333D+02
 0.5879999851459D+00 0.3555127144575D+02
 0.6007999848225D+00 0.3393178489742D+02
 0.6135999844992D+00 0.3240206988612D+02
 0.6263999841758D+00 0.3095616837919D+02
 0.6391999838524D+00 0.2958825440383D+02
 0.6519999835291D+00 0.2829314513188D+02
 0.6647999832057D+00 0.2706639802430D+02
 0.6775999828824D+00 0.2590360284752D+02
 0.6903999825590D+00 0.2480072893051D+02
 0.7031999822357D+00 0.2375442027270D+02
 0.7159999819123D+00 0.2276103642712D+02
 0.7287999815890D+00 0.2181754996745D+02
 0.7415999812656D+00 0.2092110187713D+02
 0.7543999809423D+00 0.2006875498041D+02
 0.7671999806189D+00 0.1925830131507D+02
 0.7799999802955D+00 0.1848694485482D+02
 0.7927999799722D+00 0.1775287810672D+02
 0.8055999796488D+00 0.1705361851925D+02
 0.8183999793255D+00 0.1638747605709D+02
 0.8311999790021D+00 0.1575240391007D+02
 0.8439999786788D+00 0.1514680410843D+02
 0.8567999783554D+00 0.1456894056462D+02
 0.8695999780321D+00 0.1401736940768D+02
 0.8823999777087D+00 0.1349054974855D+02
 0.8951999773853D+00 0.1298725709989D+02
 0.9079999770620D+00 0.1250603226635D+02
 0.9207999767386D+00 0.1204594311274D+02
 0.9335999764153D+00 0.1160549480739D+02
 0.9463999760919D+00 0.1118413146434D+02
 0.9591999757686D+00 0.1078030254806D+02
 0.9719999754452D+00 0.1039361094302D+02
 0.9847999751219D+00 0.1002271561914D+02
 0.9975999747985D+00 0.9667127965387D+01
 0.1010399974475D+01 0.9325892800592D+01
 0.1023199974152D+01 0.8998273452715D+01
 0.1035999973828D+01 0.8683811936199D+01
 0.1048799973505D+01 0.8381503968491D+01
 0.1061599973182D+01 0.8091146417628D+01
 0.1074399972858D+01 0.7811843444842D+01
 0.1087199972535D+01 0.7543180655643D+01
 0.1099999972212D+01 0.7284770710016D+01
 0.1112799971888D+01 0.7035872502039D+01
 0.1125599971565D+01 0.6796347950597D+01
 0.1138399971242D+01 0.6565555084105D+01
 0.1151199970918D+01 0.6343075056564D+01
 0.1163999970595D+01 0.6128831034592D+01
 0.1176799970272D+01 0.5922112785948D+01
 0.1189599969948D+01 0.5722753384605D+01
 0.1202399969625D+01 0.5530502441261D+01
 0.1215199969301D+01 0.5344865296583D+01
 0.1227999968978D+01 0.5165740900953D+01
 0.1240799968655D+01 0.4992811783374D+01
 0.1253599968331D+01 0.4825713777197D+01
 0.1266399968008D+01 0.4664382990256D+01
 0.1279199967685D+01 0.4508497854182D+01
 0.1291999967361D+01 0.4357767724293D+01
 0.1304799967038D+01 0.4212147331962D+01
 0.1317599966715D+01 0.4071351237451D+01
 0.1330399966391D+01 0.3935121663830D+01
 0.1343199966068D+01 0.3803416417349D+01
 0.1355999965745D+01 0.3676019498280D+01
 0.1368799965421D+01 0.3552672753061D+01
 0.1381599965098D+01 0.3433318896723D+01
 0.1394399964774D+01 0.3317849668417D+01
 0.1407199964451D+01 0.3205974544095D+01
 0.1419999964128D+01 0.3097596984440D+01
 0.1432799963804D+01 0.2992765430588D+01
 0.1445599963481D+01 0.2891124231907D+01
 0.1458399963158D+01 0.2792589385628D+01
 0.1471199962834D+01 0.2697178002500D+01
 0.1483999962511D+01 0.2604681769703D+01
 0.1496799962188D+01 0.2514947628563D+01
 0.1509599961864D+01 0.2427928766060D+01
 0.1522399961541D+01 0.2343618517830D+01
 0.1535199961218D+01 0.2261771384730D+01
 0.1547999960894D+01 0.2182326266230D+01
 0.1560799960571D+01 0.2105289427471D+01
 0.1573599960248D+01 0.2030531270186D+01
 0.1586399959924D+01 0.1957928936259D+01
 0.1599199959601D+01 0.1887430660047D+01
 0.1611999959277D+01 0.1819053395518D+01
 0.1624799958954D+01 0.1752642545399D+01
 0.1637599958631D+01 0.1688137534523D+01
 0.1650399958307D+01 0.1625665786660D+01
 0.1663199957984D+01 0.1567314630863D+01
 0.1675999957661D+01 0.1508963475067D+01
 0.1688799957337D+01 0.1450612319270D+01
 0.1701599957014D+01 0.1393139036997D+01
 0.1714399956691D+01 0.1336523965192D+01
 0.1727199956367D+01 0.1280748023678D+01
 0.1739999956044D+01 0.1225792693718D+01
 0.1752799955721D+01 0.1171639997513D+01
 0.1765599955397D+01 0.1118272478597D+01
 0.1778399955074D+01 0.1065673183076D+01
 0.1791199954750D+01 0.1013825641667D+01
 0.1803999954427D+01 0.9627138525089D+00
 0.1816799954104D+01 0.9123222646948D+00
 0.1829599953780D+01 0.8626357624994D+00
 0.1842399953457D+01 0.8136396502608D+00
 0.1855199953134D+01 0.7653196378891D+00
 0.1867999952810D+01 0.7176618269718D+00
 0.1880799952487D+01 0.6706526974451D+00
 0.1893599952164D+01 0.6242790948068D+00
 0.1906399951840D+01 0.5785282178439D+00
 0.1919199951517D+01 0.5333876068514D+00
 0.1931999951194D+01 0.4888451323191D+00
 0.1944799950870D+01 0.4448889840662D+00
 0.1957599950547D+01 0.4015076608007D+00
 0.1970399950224D+01 0.3586899600867D+00
 0.1983199949900D+01 0.3164249687003D+00
 0.1995999949577D+01 0.2747020533556D+00
 0.2008799949253D+01 0.2335108517868D+00
 0.2021599948930D+01 0.1928412641673D+00
 0.2034399948607D+01 0.1526834448546D+00
 0.2047199948283D+01 0.1130277944430D+00
 0.2059999947960D+01 0.7386495211411D-01
 0.2072799947637D+01 0.3518578827022D-01
 0.2085599947313D+01-0.3018602561394D-02
 0.2098399946990D+01-0.4075690856395D-01
 0.2111199946667D+01-0.7803760721824D-01
 0.2123999946343D+01-0.1148689716515D+00
 0.2136799946020D+01-0.1512590767579D+00
 0.2149599945697D+01-0.1872158051009D+00
 0.2162399945373D+01-0.2227468526051D+00
 0.2175199945050D+01-0.2578597340483D+00
 0.2187999944726D+01-0.2925617883594D+00
 0.2200799944403D+01-0.3268601837327D+00
 0.2213599944080D+01-0.3607619225639D+00
 0.2226399943756D+01-0.3942738462164D+00
 0.2239199943433D+01-0.4274026396234D+00
 0.2251999943110D+01-0.4601548357341D+00
 0.2264799942786D+01-0.4925368198083D+00
 0.2277599942463D+01-0.5245548335662D+00
 0.2290399942140D+01-0.5562149791996D+00
 0.2303199941816D+01-0.5875232232491D+00
 0.2315999941493D+01-0.6184854003523D+00
 0.2328799941170D+01-0.6491072168690D+00
 0.2341599940846D+01-0.6793942543872D+00
 0.2354399940523D+01-0.7093519731149D+00
 0.2367199940199D+01-0.7389857151614D+00
 0.2379999939876D+01-0.7683007077137D+00
 0.2392799939553D+01-0.7973020661097D+00
 0.2405599939229D+01-0.8259947968140D+00
 0.2418399938906D+01-0.8543838002995D+00
 0.2431199938583D+01-0.8824738738372D+00
 0.2443999938259D+01-0.9102697141986D+00
 0.2456799937936D+01-0.9377759202743D+00
 0.2469599937613D+01-0.9649969956100D+00
 0.2482399937289D+01-0.9919373508649D+00
 0.2495199936966D+01-0.1018601306194D+01
 0.2507999936643D+01-0.1044993093558D+01
 0.2520799936319D+01-0.1071116858963D+01
 0.2533599935996D+01-0.1096976664628D+01
 0.2546399935673D+01-0.1122576491097D+01
 0.2559199935349D+01-0.1147920239277D+01
 0.2571999935026D+01-0.1173011732421D+01
 0.2584799934702D+01-0.1197854718050D+01
 0.2597599934379D+01-0.1222452869820D+01
 0.2610399934056D+01-0.1246809789332D+01
 0.2623199933732D+01-0.1270929007892D+01
 0.2635999933409D+01-0.1294813988213D+01
 0.2648799933086D+01-0.1318468126079D+01
 0.2661599932762D+01-0.1341894751949D+01
 0.2674399932439D+01-0.1365097132521D+01
 0.2687199932116D+01-0.1388078472255D+01
 0.2699999931792D+01-0.1410841914842D+01
 0.2712799931469D+01-0.1433390544641D+01
 0.2725599931146D+01-0.1455727388072D+01
 0.2738399930822D+01-0.1477855414972D+01
 0.2751199930499D+01-0.1499777539905D+01
 0.2763999930175D+01-0.1521496623450D+01
 0.2776799929852D+01-0.1543015473438D+01
 0.2789599929529D+01-0.1564336846169D+01
 0.2802399929205D+01-0.1585463447581D+01
 0.2815199928882D+01-0.1606397934402D+01
 0.2827999928559D+01-0.1627142915261D+01
 0.2840799928235D+01-0.1647700951769D+01
 0.2853599927912D+01-0.1668074559579D+01
 0.2866399927589D+01-0.1688266209407D+01
 400 0.000025010  0.000000  1.000000   2H  1
  32  64  96 128 160 192 224 256 288
 0.2499999936845D-04 0.7999605218328D+05
 0.4999999873689D-04 0.3999605102422D+05
 0.7499999810534D-04 0.2666271729521D+05
 0.9999999747379D-04 0.1999605042843D+05
 0.1249999968422D-03 0.1599605030760D+05
 0.1499999962107D-03 0.1332938356008D+05
 0.1749999955791D-03 0.1142462159743D+05
 0.1999999949476D-03 0.9996050125391D+04
 0.2249999943160D-03 0.8884938980439D+04
 0.2499999936845D-03 0.7995921866018D+04
 0.2749999930529D-03 0.7270119409839D+04
 0.2999999924214D-03 0.6664283376140D+04
 0.3249999917898D-03 0.6151556675760D+04
 0.3499999911583D-03 0.5712040919644D+04
 0.3749999905267D-03 0.5331110569684D+04
 0.3999999898952D-03 0.4997788020938D+04
 0.4249999892636D-03 0.4703675491564D+04
 0.4499999886320D-03 0.4442239856187D+04
 0.4749999880005D-03 0.4208322625942D+04
 0.4999999873689D-03 0.3997796591203D+04
 0.5249999867374D-03 0.3807320446059D+04
 0.5499999861058D-03 0.3634160248607D+04
 0.5749999854743D-03 0.3476057447944D+04
 0.5999999848427D-03 0.3331129878249D+04
 0.6249999842112D-03 0.3197796511978D+04
 0.6499999835796D-03 0.3074719556414D+04
 0.6749999829481D-03 0.2960759410359D+04
 0.6999999823165D-03 0.2854939272788D+04
 0.7249999816850D-03 0.2756417073851D+04
 0.7499999810534D-03 0.2664463019684D+04
 0.7749999804219D-03 0.2578441483371D+04
 0.7999999797903D-03 0.2497796291361D+04
 0.8499999785272D-03 0.2350737406968D+04
 0.8999999772641D-03 0.2220018392513D+04
 0.9499999760010D-03 0.2103059268534D+04
 0.9999999747379D-03 0.1997796051459D+04
 0.1049999973475D-02 0.1902557897450D+04
 0.1099999972212D-02 0.1815977752454D+04
 0.1149999970949D-02 0.1736926310951D+04
 0.1199999969685D-02 0.1664462485008D+04
 0.1249999968422D-02 0.1597795760759D+04
 0.1299999967159D-02 0.1536257241860D+04
 0.1349999965896D-02 0.1479277127718D+04
 0.1399999964633D-02 0.1426367017826D+04
 0.1449999963370D-02 0.1377105877264D+04
 0.1499999962107D-02 0.1331128809102D+04
 0.1549999960844D-02 0.1288117999884D+04
 0.1599999959581D-02 0.1247795362835D+04
 0.1649999958317D-02 0.1209916518670D+04
 0.1699999957054D-02 0.1174265838608D+04
 0.1749999955791D-02 0.1140652337154D+04
 0.1799999954528D-02 0.1108906249427D+04
 0.1849999953265D-02 0.1078876163505D+04
 0.1899999952002D-02 0.1050426605562D+04
 0.1949999950739D-02 0.1023435996525D+04
 0.1999999949476D-02 0.9977949152273D+03
 0.2049999948213D-02 0.9734046157382D+03
 0.2099999946950D-02 0.9501757565012D+03
 0.2149999945686D-02 0.9280273068026D+03
 0.2199999944423D-02 0.9068856023569D+03
 0.2249999943160D-02 0.8866835268146D+03
 0.2299999941897D-02 0.8673598000316D+03
 0.2349999940634D-02 0.8488583571945D+03
 0.2399999939371D-02 0.8311278055576D+03
 0.2499999936845D-02 0.7977943620009D+03
 0.2599999934318D-02 0.7670250211869D+03
 0.2699999931792D-02 0.7385348828184D+03
 0.2799999929266D-02 0.7120797466401D+03
 0.2899999926740D-02 0.6874490951910D+03
 0.2999999924214D-02 0.6644604800050D+03
 0.3099999921687D-02 0.6429549943530D+03
 0.3199999919161D-02 0.6227935948471D+03
 0.3299999916635D-02 0.6038540918435D+03
 0.3399999914109D-02 0.5860286709505D+03
 0.3499999911583D-02 0.5692218394206D+03
 0.3599999909056D-02 0.5533487148122D+03
 0.3699999906530D-02 0.5383335911638D+03
 0.3799999904004D-02 0.5241087315622D+03
 0.3899999901478D-02 0.5106133464699D+03
 0.3999999898952D-02 0.4977927253033D+03
 0.4099999896425D-02 0.4855974950958D+03
 0.4199999893899D-02 0.4739829850695D+03
 0.4299999891373D-02 0.4629086798670D+03
 0.4399999888847D-02 0.4523377473453D+03
 0.4499999886320D-02 0.4422366293294D+03
 0.4599999883794D-02 0.4325746857459D+03
 0.4699999881268D-02 0.4233238841887D+03
 0.4799999878742D-02 0.4144585282854D+03
 0.4899999876216D-02 0.4059550193242D+03
 0.4999999873689D-02 0.3977916464931D+03
 0.5099999871163D-02 0.3899484017883D+03
 0.5199999868637D-02 0.3824068162811D+03
 0.5299999866111D-02 0.3751498149268D+03
 0.5399999863585D-02 0.3681615874987D+03
 0.5499999861058D-02 0.3614274736016D+03
 0.5599999858532D-02 0.3549338600157D+03
 0.5799999853480D-02 0.3426183751009D+03
 0.5999999848427D-02 0.3311239085199D+03
 0.6199999843375D-02 0.3203710069069D+03
 0.6399999838322D-02 0.3102901485668D+03
 0.6599999833270D-02 0.3008202386764D+03
 0.6799999828218D-02 0.2919073700389D+03
 0.6999999823165D-02 0.2835037962800D+03
 0.7199999818113D-02 0.2755670761780D+03
 0.7399999813060D-02 0.2680593567512D+03
 0.7599999808008D-02 0.2609467695426D+03
 0.7799999802955D-02 0.2541989197830D+03
 0.7999999797903D-02 0.2477884521801D+03
 0.8199999792851D-02 0.2416906802491D+03
 0.8399999787798D-02 0.2358832686000D+03
 0.8599999782746D-02 0.2303459595548D+03
 0.8799999777693D-02 0.2250603370422D+03
 0.8999999772641D-02 0.2200096219747D+03
 0.9199999767588D-02 0.2151784943110D+03
 0.9399999762536D-02 0.2105529378509D+03
 0.9599999757484D-02 0.2061201044089D+03
 0.9799999752431D-02 0.2018681946271D+03
 0.9999999747379D-02 0.1977863530973D+03
 0.1019999974233D-01 0.1938645758213D+03
 0.1039999973727D-01 0.1900936283322D+03
 0.1059999973222D-01 0.1864649731055D+03
 0.1079999972717D-01 0.1829707050330D+03
 0.1099999972212D-01 0.1796034939101D+03
 0.1119999971706D-01 0.1763565331305D+03
 0.1139999971201D-01 0.1732234937413D+03
 0.1159999970696D-01 0.1701984832610D+03
 0.1179999970191D-01 0.1672760087149D+03
 0.1199999969685D-01 0.1644509433042D+03
 0.1239999968675D-01 0.1590741865749D+03
 0.1279999967664D-01 0.1540334522234D+03
 0.1319999966654D-01 0.1492981928364D+03
 0.1359999965644D-01 0.1448414548138D+03
 0.1399999964633D-01 0.1406393649669D+03
 0.1439999963623D-01 0.1366707026831D+03
 0.1479999962612D-01 0.1329165414706D+03
 0.1519999961602D-01 0.1293599470997D+03
 0.1559999960591D-01 0.1259857221848D+03
 0.1599999959581D-01 0.1227801890796D+03
 0.1639999958570D-01 0.1197310045417D+03
 0.1679999957560D-01 0.1168270008646D+03
 0.1719999956549D-01 0.1140580492158D+03
 0.1759999955539D-01 0.1114149415602D+03
 0.1799999954528D-01 0.1088892883558D+03
 0.1839999953518D-01 0.1064734295725D+03
 0.1879999952507D-01 0.1041603571080D+03
 0.1919999951497D-01 0.1019436468778D+03
 0.1959999950486D-01 0.9981739920338D+02
 0.1999999949476D-01 0.9777618636069D+02
 0.2039999948465D-01 0.9581500636822D+02
 0.2079999947455D-01 0.9392924199359D+02
 0.2119999946444D-01 0.9211462445121D+02
 0.2159999945434D-01 0.9036720121010D+02
 0.2199999944423D-01 0.8868330715773D+02
 0.2239999943413D-01 0.8705953898181D+02
 0.2279999942402D-01 0.8549273223006D+02
 0.2319999941392D-01 0.8397994062163D+02
 0.2359999940381D-01 0.8251841770527D+02
 0.2399999939371D-01 0.8110560005960D+02
 0.2439999938360D-01 0.7973909239402D+02
 0.2479999937350D-01 0.7841665394455D+02
 0.2559999935329D-01 0.7589572184391D+02
 0.2639999933308D-01 0.7352753004364D+02
 0.2719999931287D-01 0.7129860173670D+02
 0.2799999929266D-01 0.6919700032199D+02
 0.2879999927245D-01 0.6721211548462D+02
 0.2959999925224D-01 0.6533448397544D+02
 0.3039999923203D-01 0.6355563867272D+02
 0.3119999921182D-01 0.6186798087862D+02
 0.3199999919161D-01 0.6026467176618D+02
 0.3279999917140D-01 0.5873953971295D+02
 0.3359999915119D-01 0.5728700084572D+02
 0.3439999913098D-01 0.5590199072828D+02
 0.3519999911077D-01 0.5457990535963D+02
 0.3599999909056D-01 0.5331654997160D+02
 0.3679999907035D-01 0.5210809454252D+02
 0.3759999905014D-01 0.5095103496444D+02
 0.3839999902993D-01 0.4984215923863D+02
 0.3919999900972D-01 0.4877851754255D+02
 0.3999999898952D-01 0.4775739592837D+02
 0.4079999896931D-01 0.4677629344947D+02
 0.4159999894910D-01 0.4583290152651D+02
 0.4239999892889D-01 0.4492508564921D+02
 0.4319999890868D-01 0.4405086963139D+02
 0.4399999888847D-01 0.4320842092264D+02
 0.4479999886826D-01 0.4239603777015D+02
 0.4559999884805D-01 0.4161213805568D+02
 0.4639999882784D-01 0.4085524853321D+02
 0.4719999880763D-01 0.4012399602785D+02
 0.4799999878742D-01 0.3941709883071D+02
 0.4879999876721D-01 0.3873335922906D+02
 0.4959999874700D-01 0.3807165693639D+02
 0.5039999872679D-01 0.3743094255630D+02
 0.5199999868637D-01 0.3620860368491D+02
 0.5359999864595D-01 0.3505917250415D+02
 0.5519999860553D-01 0.3397631021646D+02
 0.5679999856511D-01 0.3295439225133D+02
 0.5839999852469D-01 0.3198841042665D+02
 0.5999999848427D-01 0.3107389076468D+02
 0.6159999844385D-01 0.3020682411659D+02
 0.6319999840343D-01 0.2938360728881D+02
 0.6479999836301D-01 0.2860099290763D+02
 0.6639999832259D-01 0.2785604672303D+02
 0.6799999828218D-01 0.2714611060038D+02
 0.6959999824176D-01 0.2646877084018D+02
 0.7119999820134D-01 0.2582183064579D+02
 0.7279999816092D-01 0.2520328622730D+02
 0.7439999812050D-01 0.2461130644581D+02
 0.7599999808008D-01 0.2404421427663D+02
 0.7759999803966D-01 0.2350047077399D+02
 0.7919999799924D-01 0.2297866152382D+02
 0.8079999795882D-01 0.2247748430452D+02
 0.8239999791840D-01 0.2199573770818D+02
 0.8399999787798D-01 0.2153231196326D+02
 0.8559999783756D-01 0.2108618057951D+02
 0.8719999779714D-01 0.2065639179750D+02
 0.8879999775672D-01 0.2024206299219D+02
 0.9039999771630D-01 0.1984237392458D+02
 0.9199999767588D-01 0.1945656095730D+02
 0.9359999763547D-01 0.1908391349230D+02
 0.9519999759505D-01 0.1872376772221D+02
 0.9679999755463D-01 0.1837550462854D+02
 0.9839999751421D-01 0.1803854486328D+02
 0.9999999747379D-01 0.1771234635344D+02
 0.1015999974334D+00 0.1739640128529D+02
 0.1047999973525D+00 0.1679339438987D+02
 0.1079999972717D+00 0.1622604881482D+02
 0.1111999971909D+00 0.1569128920530D+02
 0.1143999971100D+00 0.1518638426930D+02
 0.1175999970292D+00 0.1470889996834D+02
 0.1207999969483D+00 0.1425666014954D+02
 0.1239999968675D+00 0.1382771327506D+02
 0.1271999967867D+00 0.1342030417527D+02
 0.1303999967058D+00 0.1303284996291D+02
 0.1335999966250D+00 0.1266391914007D+02
 0.1367999965441D+00 0.1231221415149D+02
 0.1399999964633D+00 0.1197655645124D+02
 0.1431999963825D+00 0.1165587267004D+02
 0.1463999963016D+00 0.1134918317878D+02
 0.1495999962208D+00 0.1105559146352D+02
 0.1527999961399D+00 0.1077427732210D+02
 0.1559999960591D+00 0.1050448748036D+02
 0.1591999959783D+00 0.1024552825561D+02
 0.1623999958974D+00 0.9996761630197D+01
 0.1655999958166D+00 0.9757599118431D+01
 0.1687999957358D+00 0.9527495363302D+01
 0.1719999956549D+00 0.9305947045439D+01
 0.1751999955741D+00 0.9092487511784D+01
 0.1783999954932D+00 0.8886681899158D+01
 0.1815999954124D+00 0.8688128485846D+01
 0.1847999953316D+00 0.8496451325368D+01
 0.1879999952507D+00 0.8311300943177D+01
 0.1911999951699D+00 0.8132351613078D+01
 0.1943999950890D+00 0.7959297496052D+01
 0.1975999950082D+00 0.7791855027531D+01
 0.2007999949274D+00 0.7629755500498D+01
 0.2039999948465D+00 0.7472750768780D+01
 0.2103999946848D+00 0.7173096839488D+01
 0.2167999945232D+00 0.6891180584736D+01
 0.2231999943615D+00 0.6625485394878D+01
 0.2295999941998D+00 0.6374663326481D+01
 0.2359999940381D+00 0.6137512713107D+01
 0.2423999938765D+00 0.5912958654243D+01
 0.2487999937148D+00 0.5700036655188D+01
 0.2551999935531D+00 0.5497878847615D+01
 0.2615999933914D+00 0.5305702190721D+01
 0.2679999932298D+00 0.5122798366400D+01
 0.2743999930681D+00 0.4948524322968D+01
 0.2807999929064D+00 0.4782295562611D+01
 0.2871999927447D+00 0.4623580763434D+01
 0.2935999925830D+00 0.4471894377046D+01
 0.2999999924214D+00 0.4326791247406D+01
 0.3063999922597D+00 0.4187863176564D+01
 0.3127999920980D+00 0.4054737253996D+01
 0.3191999919363D+00 0.3927069240294D+01
 0.3255999917747D+00 0.3804539733458D+01
 0.3319999916130D+00 0.3686857840864D+01
 0.3383999914513D+00 0.3573752472612D+01
 0.3447999912896D+00 0.3464970955737D+01
 0.3511999911279D+00 0.3360283023931D+01
 0.3575999909663D+00 0.3259470793714D+01
 0.3639999908046D+00 0.3162333756151D+01
 0.3703999906429D+00 0.3068685952891D+01
 0.3767999904812D+00 0.2978350284170D+01
 0.3831999903196D+00 0.2891167135798D+01
 0.3895999901579D+00 0.2806980632409D+01
 0.3959999899962D+00 0.2725651406224D+01
 0.4023999898345D+00 0.2647043943106D+01
 0.4087999896728D+00 0.2571034181928D+01
 0.4215999893495D+00 0.2426343331971D+01
 0.4343999890261D+00 0.2290720554387D+01
 0.4471999887028D+00 0.2163405122366D+01
 0.4599999883794D+00 0.2043720349140D+01
 0.4727999880561D+00 0.1931062255906D+01
 0.4855999877327D+00 0.1824889154556D+01
 0.4983999874094D+00 0.1724715291414D+01
 0.5111999870860D+00 0.1630103323489D+01
 0.5239999867626D+00 0.1540657994274D+01
 0.5367999864393D+00 0.1456021433287D+01
 0.5495999861159D+00 0.1375868856204D+01
 0.5623999857926D+00 0.1299902392645D+01
 0.5751999854692D+00 0.1227853055776D+01
 0.5879999851459D+00 0.1159475120255D+01
 0.6007999848225D+00 0.1094543280090D+01
 0.6135999844992D+00 0.1032846779955D+01
 0.6263999841758D+00 0.9741974522691D+00
 0.6391999838524D+00 0.9184207985930D+00
 0.6519999835291D+00 0.8653520078352D+00
 0.6647999832057D+00 0.8148424723610D+00
 0.6775999828824D+00 0.7667558392376D+00
 0.6903999825590D+00 0.7209592083697D+00
 0.7031999822357D+00 0.6773367554437D+00
 0.7159999819123D+00 0.6357778092799D+00
 0.7287999815890D+00 0.5961761312084D+00
 0.7415999812656D+00 0.5584402897674D+00
 0.7543999809423D+00 0.5224753375741D+00
 0.7671999806189D+00 0.4882018742692D+00
 0.7799999802955D+00 0.4555396790971D+00
 0.7927999799722D+00 0.4244154405144D+00
 0.8055999796488D+00 0.3947621483625D+00
 0.8183999793255D+00 0.3665125635117D+00
 0.8311999790021D+00 0.3396101574264D+00
 0.8439999786788D+00 0.3139935705834D+00
 0.8567999783554D+00 0.2896146141205D+00
 0.8695999780321D+00 0.2664176020807D+00
 0.8823999777087D+00 0.2443608686494D+00
 0.8951999773853D+00 0.2233943531177D+00
 0.9079999770620D+00 0.2034811681546D+00
 0.9207999767386D+00 0.1845771827056D+00
 0.9335999764153D+00 0.1666483465773D+00
 0.9463999760919D+00 0.1496573558141D+00
 0.9591999757686D+00 0.1335705426658D+00
 0.9719999754452D+00 0.1184694481518D+00
 0.9847999751219D+00 0.1045320817082D+00
 0.9975999747985D+00 0.9059471526459D-01
 0.1010399974475D+01 0.7701047291142D-01
 0.1023199974152D+01 0.6376610214175D-01
 0.1035999973828D+01 0.5084900539882D-01
 0.1048799973505D+01 0.3824720010957D-01
 0.1061599973182D+01 0.2594928160951D-01
 0.1074399972858D+01 0.1394438871779D-01
 0.1087199972535D+01 0.2222171744051D-02
 0.1099999972212D+01-0.9227237271025D-02
 0.1112799971888D+01-0.2041325226131D-01
 0.1125599971565D+01-0.3134485895047D-01
 0.1138399971242D+01-0.4203063892560D-01
 0.1151199970918D+01-0.5247879210491D-01
 0.1163999970595D+01-0.6269715772288D-01
 0.1176799970272D+01-0.7269323394603D-01
 0.1189599969948D+01-0.8247419622222D-01
 0.1202399969625D+01-0.9204691445793D-01
 0.1215199969301D+01-0.1014179691100D+00
 0.1227999968978D+01-0.1105936662710D+00
 0.1240799968655D+01-0.1195800518206D+00
 0.1253599968331D+01-0.1283829247106D+00
 0.1266399968008D+01-0.1370078494437D+00
 0.1279199967685D+01-0.1454601678031D+00
 0.1291999967361D+01-0.1537450098855D+00
 0.1304799967038D+01-0.1618673044837D+00
 0.1317599966715D+01-0.1698317888650D+00
 0.1330399966391D+01-0.1776430179847D+00
 0.1343199966068D+01-0.1853053731723D+00
 0.1355999965745D+01-0.1928230703269D+00
 0.1368799965421D+01-0.2002001676517D+00
 0.1381599965098D+01-0.2074405729588D+00
 0.1394399964774D+01-0.2145480505724D+00
 0.1407199964451D+01-0.2215262278542D+00
 0.1419999964128D+01-0.2283786013765D+00
 0.1432799963804D+01-0.2351085427644D+00
 0.1445599963481D+01-0.2417193042274D+00
 0.1458399963158D+01-0.2482140237997D+00
 0.1471199962834D+01-0.2545957303070D+00
 0.1483999962511D+01-0.2608673480768D+00
 0.1496799962188D+01-0.2670317014058D+00
 0.1509599961864D+01-0.2730915188013D+00
 0.1522399961541D+01-0.2790494370078D+00
 0.1535199961218D+01-0.2849080048326D+00
 0.1547999960894D+01-0.2906696867812D+00
 0.1560799960571D+01-0.2963368665143D+00
 0.1573599960248D+01-0.3019118501358D+00
 0.1586399959924D+01-0.3073968693217D+00
 0.1599199959601D+01-0.3127940842986D+00
 0.1611999959277D+01-0.3181055866802D+00
 0.1624799958954D+01-0.3233334021706D+00
 0.1637599958631D+01-0.3284794931394D+00
 0.1650399958307D+01-0.3335457610781D+00
 0.1663199957984D+01-0.3385340489427D+00
 0.1675999957661D+01-0.3434461433889D+00
 0.1688799957337D+01-0.3482837769056D+00
 0.1701599957014D+01-0.3530486298521D+00
 0.1714399956691D+01-0.3577423324047D+00
 0.1727199956367D+01-0.3623664664155D+00
 0.1739999956044D+01-0.3669225671903D+00
 0.1752799955721D+01-0.3714121251879D+00
 0.1765599955397D+01-0.3758365876459D+00
 0.1778399955074D+01-0.3801973601360D+00
 0.1791199954750D+01-0.3844958080528D+00
 0.1803999954427D+01-0.3887332580390D+00
 0.1816799954104D+01-0.3929109993509D+00
 0.1829599953780D+01-0.3970302851656D+00
 0.1842399953457D+01-0.4010923338348D+00
