  -5.5136542066316541E-019  -55.136542066316544        4239350.5051229997        2.4999999368450000E-005
   4.8785161421745364E-018   487.85161421745369        4239350.5051229997        2.4999999368450000E-005
   1.1462813013958899E-017   1146.2813013958898        4239350.5051229997        2.4999999368450000E-005
   1.8319323567177972E-017   1831.9323567177973        4239350.5051229997        2.4999999368450000E-005
   2.5275491805475034E-017   2527.5491805475035        4239350.5051229997        2.4999999368450000E-005
   3.2278523070857751E-017   3227.8523070857750        4239350.5051229997        2.4999999368450000E-005
   3.9307201025153050E-017   3930.7201025153054        4239350.5051229997        2.4999999368450000E-005
   4.6351406894137140E-017   4635.1406894137144        4239350.5051229997        2.4999999368450000E-005
   5.3405716416256814E-017   5340.5716416256819        4239350.5051229997        2.4999999368450000E-005
   6.0466964470870233E-017   6046.6964470870234        4239350.5051229997        2.4999999368450000E-005
  -9.9997048940036648E-021 -0.99997048940036648        79996.576254639993        2.4999999368450000E-005
   2.7494777523841769E-016   27494.777523841771        79996.576254639993        2.4999999368450000E-005
   6.1812976845393162E-016   61812.976845393161        79996.576254639993        2.4999999368450000E-005
   9.7862543333393299E-016   97862.543333393303        79996.576254639993        2.4999999368450000E-005
   1.3455900773344686E-015   134559.00773344687        79996.576254639993        2.4999999368450000E-005
   1.7156209550339243E-015   171562.09550339243        79996.576254639993        2.4999999368450000E-005
   2.0873364400632082E-015   208733.64400632083        79996.576254639993        2.4999999368450000E-005
   2.4600741259884977E-015   246007.41259884977        79996.576254639993        2.4999999368450000E-005
   2.8334778428068512E-015   283347.78428068513        79996.576254639993        2.4999999368450000E-005
   3.2073393606754451E-015   320733.93606754451        79996.576254639993        2.4999999368450000E-005
