  -1.1059831930091636E-018   1.8805081376113353E-020  -5.5136538168802290E-019   9.9999999999999995E-021
  -5.0847242675660358E-019  -6.2372376322113203E-019  -5.7160482173173850E-019  -4.2857727126449995E-019
   9.2082699585060761E-021   8.8634994011313512E-021   8.6861584093203081E-021   8.5229026772707254E-021
  -1.5736764192161038E-018   2.7219741782649741E-020  -1.1059831930091636E-018   1.8805081376113353E-020
  -4.4337175884001932E-019  -4.8891523184646064E-019  -4.7611257148834177E-019  -4.3273199173201712E-019
   8.5947708542436799E-021   8.4274352556807535E-021   8.3800143729473420E-021   8.2782923277184611E-021
  -2.0215004182401132E-018   3.5395011262852271E-020  -1.5736764192161038E-018   2.7219741782649741E-020
  -4.3676203568223749E-019  -4.5726874027527464E-019  -4.5257601767573337E-019  -4.3049244255980337E-019
   8.2940100122288651E-021   8.1798936657877805E-021   8.1591168813692429E-021   8.0795857746722758E-021
  -2.4591044031000596E-018   4.3390746372144907E-020  -2.0215004182401132E-018   3.5395011262852271E-020
  -4.3210827002380837E-019  -4.4282283199725194E-019  -4.4058988953443479E-019  -4.2669019607249646E-019
   8.0854183240794630E-021   7.9979528297657588E-021   7.9864004763443577E-021   7.9202857194561088E-021
  -2.8894356590060976E-018   5.1241134342446018E-020  -2.4591044031000596E-018   4.3390746372144907E-020
  -4.2748514692498614E-019  -4.3361054358749000E-019  -4.3236028590821911E-019  -4.2256072951982397E-019
   7.9230694823857866E-021   7.8516583222379083E-021   7.8442980145063406E-021   7.7873456659323646E-021
   1.4351499608203726E-017   3.2544017352629143E-020   4.8785165011233352E-018   9.9999999999999995E-021
   7.9897614064315486E-018   7.7979089920591745E-018   9.6929336439534966E-018   1.3866451964025457E-017
   1.7005278532428164E-020   2.1946348463820949E-020   2.3489468919869792E-020   2.7387190815965226E-020
   2.8809584200534691E-017   6.4146190942830400E-020   1.4351499608203726E-017   3.2544017352629143E-020
   1.3379273572676571E-017   1.3537016609516569E-017   1.4583006642736083E-017   1.7129187476803926E-017
   2.6753821172890161E-020   3.1261679988366723E-020   3.2211581595651556E-020   3.5912697200280837E-020
   4.6841823748704387E-017   1.0408429996597608E-019   2.8809584200534691E-017   6.4146190942830400E-020
   1.6918860698700160E-017   1.7485985681837250E-017   1.8097614523971278E-017   2.0107376178700942E-017
   3.5647703555008728E-020   3.9683796769844407E-020   4.0384125040884360E-020   4.3845106962407808E-020
   6.7913803082290820E-017   1.5172355101327884E-019   4.6841823748704387E-017   1.0408429996597608E-019
   1.9987888013875654E-017   2.0702267387141615E-017   2.1117052453441971E-017   2.2805348306475738E-017
   4.3708916851817140E-020   4.7443055134387627E-020   4.7980236611091194E-020   5.1280005941041780E-020
   9.1675871181180412E-017   2.0659935424451105E-019   6.7913803082290820E-017   1.5172355101327884E-019
   2.2732746966775862E-017   2.3490423724855402E-017   2.3797900157537488E-017   2.5263013861775914E-017
   5.1197968910822945E-020   5.4719215309191091E-020   5.5146742794241446E-020   5.8324934269705189E-020
   6.3361038102118824E-017   6.0587035410278071E-020   1.1462813787607951E-017   9.9999999999999995E-021
   2.9261695551945949E-017   3.7948780562203470E-017   5.5649644300572864E-017   9.4930800609566627E-017
   2.6459963460011152E-020   4.3750108219848335E-020   5.4218215217751430E-020   8.1125602126457780E-020
   1.8434596688396852E-016   1.7314654014697231E-019   6.3361038102118824E-017   6.0587035410278071E-020
   8.9541289885725004E-017   1.0728149438149878E-016   1.2599126055824131E-016   1.6982277292589307E-016
   7.6570111727073199E-020   1.0580833674743079E-019   1.1709128549832011E-019   1.5298767220159039E-019
   3.9036415434128205E-016   3.6713227287585268E-019   1.8434596688396852E-016   1.7314654014697231E-019
   1.6555028544337091E-016   1.9398045736270797E-016   2.1083534020783849E-016   2.6092724415941766E-016
   1.4899809363903996E-019   1.8732457133200246E-019   1.9900308827096855E-019   2.4226098352830044E-019
   6.9551660900557854E-016   6.5937778978652024E-019   3.9036415434128205E-016   3.6713227287585268E-019
   2.5728171953773761E-016   2.9433726322664139E-016   3.0985042067987511E-016   3.6525764063500815E-016
   2.3918764979481068E-019   2.8583303559161170E-019   2.9735849314787126E-019   3.4790239419022827E-019
   1.1119484058623407E-015   1.0653830025742553E-018   6.9551660900557854E-016   6.5937778978652024E-019
   3.6230915914133113E-016   4.0653825451593140E-016   4.2102391302753147E-016   4.8115728691231628E-016
   3.4543726596305833E-019   3.9985777097635873E-019   4.1107535168676859E-019   4.6872776543709723E-019
   1.8548673315992845E-016   1.0987525085958494E-019   1.8319324780673954E-017   9.9999999999999995E-021
   6.4189531706878481E-017   1.0277409957130158E-016   1.7970175212462795E-016   3.7386321517678929E-016
   3.6305532139756954E-020   7.3374734322981609E-020   1.0662764943973573E-019   2.0294120549231802E-019
   7.8545658458507462E-016   4.5998015023532980E-019   1.8548673315992845E-016   1.0987525085958494E-019
   3.5275238468093882E-016   4.8878499386600546E-016   6.3667215401003859E-016   9.9615242811785044E-016
   1.9041037814988715E-019   3.0376974560276587E-019   3.6811974916050830E-019   5.6644002857803315E-019
   2.1869639574955572E-015   1.2858421963033135E-018   7.8545658458507462E-016   4.5998015023532980E-019
   9.6051456524589886E-016   1.2569489023356119E-015   1.4569874807917636E-015   2.0206569059622436E-015
   5.4226120190084791E-019   7.6123227848506884E-019   8.5719418919182719E-019   1.1760581391532623E-018
   4.8282742649960374E-015   2.8660001734221006E-018   2.1869639574955572E-015   1.2858421963033135E-018
   1.9731252994799524E-015   2.4693006561564732E-015   2.7149298128755177E-015   3.5062756074589456E-015
   1.1472753773355369E-018   1.4996153595370924E-018   1.6236924331344690E-018   2.0870569000340643E-018
   9.2043823974417188E-015   5.5273835181033493E-018   4.8282742649960374E-015   2.8660001734221006E-018
   3.4538671035838617E-015   4.1804354777861713E-015   4.4667998485773193E-015   5.5083110383632410E-015
   2.0557447868896280E-018   2.5666117675927571E-018   2.7160582289782548E-018   3.3472152880558388E-018
   4.4759894682437792E-016   1.9040160142674817E-019   2.5275493468295653E-017   9.9999999999999995E-021
   1.1294582588325482E-016   2.1488765824227569E-016   4.4239327534114796E-016   1.1064330270863917E-015
   4.6294203729598801E-020   1.1064418079241610E-019   1.8730352456971602E-019   4.4021999410662619E-019
   2.7396311464506396E-015   1.1606099022543885E-018   4.4759894682437792E-016   1.9040160142674817E-019
   1.0695837139612375E-015   1.6858140621921219E-015   2.4440001054053860E-015   4.4229811486013162E-015
   4.2211076568985335E-019   7.6255921602473692E-019   1.0194516406622248E-018   1.8351173259020647E-018
   1.0036379140851736E-014   4.2764766538270116E-018   2.7396311464506396E-015   1.1606099022543885E-018
   4.2543821259118711E-015   6.1502160348312586E-015   7.6622969566635164E-015   1.1901079857505151E-014
   1.7434529414144381E-018   2.7044947648350019E-018   3.2554468985868186E-018   5.0318642411776565E-018
   2.7506859485122984E-014   1.1843807777255904E-017   1.0036379140851736E-014   4.2764766538270116E-018
   1.1534110190338361E-014   1.5675485011869928E-014   1.8135642830326282E-014   2.5666516190896717E-014
   4.8589350349735260E-018   6.9002205913451082E-018   7.8358912880071120E-018   1.1072827946895389E-017
   6.2647461905357611E-014   2.7306100061693807E-017   2.7506859485122984E-014   1.1843807777255904E-017
   2.5105532421085374E-014   3.2608391986358681E-014   3.6181202803375992E-014   4.8158892520853040E-014
   1.0814874584895789E-017   1.4494920972154469E-017   1.5893134627160298E-017   2.1182767923102077E-017
   9.5136864558390396E-016   3.1455219741649598E-019   3.2278525187508951E-017   9.9999999999999995E-021
   1.7558337274403905E-016   3.8684387450200536E-016   9.2276518188579791E-016   2.7197392368587240E-015
   5.6350168028012515E-020   1.5550458518595895E-019   3.0296988566837680E-019   8.5401407476229177E-019
   8.3137312430374727E-015   2.7543467606812760E-018   9.5136864558390396E-016   3.1455219741649598E-019
   2.7377414659236263E-015   4.8406649035133135E-015   7.7923618662406975E-015   1.6170380579289763E-014
   8.5212109960496525E-019   1.7180106473882412E-018   2.5354893395162115E-018   5.2796463061748106E-018
   3.9930847426684342E-014   1.3323634142505936E-017   8.3137312430374727E-015   2.7543467606812760E-018
   1.5672905208349214E-014   2.4807447123613774E-014   3.3322740313083238E-014   5.7769417020138004E-014
   5.0348253378751952E-018   8.5539780740040407E-018   1.1049820565197518E-017   1.9173301674669657E-017
   1.3574923876841530E-013   4.5800248236425473E-017   3.9930847426684342E-014   1.3323634142505936E-017
   5.5822478275939586E-014   8.1880533548528548E-014   1.0012029072366327E-013   1.5508622123006255E-013
   1.8409111263619520E-017   2.8230736611252234E-017   3.3782272770623425E-017   5.2424554536146358E-017
   3.6940547849271183E-013   1.2621704475263888E-016   1.3574923876841530E-013   4.5800248236425473E-017
   1.5087162255718199E-013   2.0933429778767403E-013   2.4225560446166354E-013   3.4788601128992192E-013
   5.0842503979056780E-017   7.2827848572725646E-017   8.3114641807332940E-017   1.1977329435810654E-016
   1.8409736171836149E-015   4.9700863383337366E-019   3.9307203598113919E-017   9.9999999999999995E-021
   2.5212338862943111E-016   6.3118131408299869E-016   1.7184097083634642E-015   5.8586930479906490E-015
   6.6442959549741444E-020   2.0793430206004823E-019   4.6038713579854167E-019   1.5189659677333202E-018
   2.2618092920500581E-014   6.1475102859953424E-018   1.8409736171836149E-015   4.9700863383337366E-019
   6.1983755359026450E-015   1.2152746983192570E-014   2.1619518251737902E-014   5.0919809814138219E-014
   1.5930843812488218E-018   3.5445869774849820E-018   5.7592079235407022E-018   1.3702335729671624E-017
   1.4157562700628547E-013   3.8795660441764142E-017   2.2618092920500581E-014   6.1475102859953424E-018
   5.0179960086962109E-014   8.6320024720193997E-014   1.2505764963094225E-013   2.4080989572547467E-013
   1.3248969674180070E-017   2.4468415330314099E-017   3.3956754952514246E-017   6.5789590694776046E-017
   5.9561136827031048E-013   1.6510943877029309E-016   1.4157562700628547E-013   3.8795660441764142E-017
   2.3327261468649495E-013   3.6732221154642757E-013   4.7576170804531490E-013   8.0477399371417011E-013
   6.3158987783903777E-017   1.0403295997057976E-016   1.3151920131264210E-016   2.2361935962082630E-016
   1.9348009084044158E-012   5.4332202951389883E-016   5.9561136827031048E-013   1.6510943877029309E-016
   7.8074885353236255E-013   1.1525741300647340E-012   1.3950845182752675E-012   2.1590710905922659E-012
   2.1590721280376078E-016   3.2920992381571704E-016   3.9222302612826509E-016   6.1050243176990954E-016
   3.3108317463355939E-015   7.5472534181063893E-019   4.6351409924913128E-017   9.9999999999999995E-021
   3.4257599231462850E-016   9.6043294490054335E-016   2.9454830309379613E-015   1.1432474074472445E-014
   7.6558048296035225E-020   2.6792300798588390E-019   6.6632844075076883E-019   2.5232911050944927E-018
   5.6237562911649957E-014   1.2952477037652768E-017   3.3108317463355939E-015   7.5472534181063893E-019
   1.2771575439332216E-014   2.7500058870114454E-014   5.3763512364179620E-014   1.4226166908396581E-013
   2.7954735666448895E-018   6.8027508683176937E-018   1.2116768807587924E-017   3.2551997256596639E-017
   4.5531094529288424E-013   1.0582014639718866E-016   5.6237562911649957E-014   1.2952477037652768E-017
   1.4355535344590626E-013   2.6668345635219468E-013   4.1618485156886488E-013   8.8514832499938059E-013
   3.2164642661659494E-017   6.4160087316367011E-017   9.5596734313797606E-017   2.0552773023522664E-016
   2.3623316200320783E-012   5.5559572547029499E-016   4.5531094529288424E-013   1.0582014639718866E-016
   8.6420311510638378E-013   1.4540463667819214E-012   1.9964674384296609E-012   3.6768933229056171E-012
   1.9838403835678160E-016   3.4934736782744919E-016   4.6708198566526556E-016   8.6741072909642708E-016
   9.1456200543525779E-012   2.1793987215378024E-015   2.3623316200320783E-012   5.5559572547029499E-016
   3.5688971159250179E-012   5.5854380000000946E-012   7.0827168472486472E-012   1.1794523795500492E-011
   8.3648439032000698E-016   1.3528213445056786E-015   1.6856416563221058E-015   2.8294075844294702E-015
   5.6133398460161379E-015   1.1069225127550595E-018   5.3405719905829288E-017   9.9999999999999995E-021
   4.4694660806170832E-016   1.3871293611321616E-015   4.7387092335823177E-015   2.0660980959171189E-014
   8.6687645328048297E-020   3.3546516899495126E-019   9.2757236212124212E-019   3.9687723689699228E-018
   1.2960246695604499E-013   2.5892006988532731E-017   5.6133398460161379E-015   1.1069225127550595E-018
   2.4415074182619572E-014   5.7270574275262880E-014   1.2234876854620083E-013   3.6028100283462606E-013
   4.6532401890170268E-018   1.2293457926549340E-017   2.3887880517186880E-017   7.1694589778176578E-017
   1.3457928431243062E-012   2.7151313547323517E-016   1.2960246695604499E-013   2.5892006988532731E-017
   3.7419781980377152E-013   7.4661530687927444E-013   1.2524053570658516E-012   2.9249031093155428E-012
   7.2805914006174964E-017   1.5600352916976662E-016   2.4914833302891888E-016   5.9061713250466872E-016
   8.5751054395413250E-012   1.7511053276429264E-015   1.3457928431243062E-012   2.7151313547323517E-016
   2.8920161428352611E-012   5.1778458352268764E-012   7.5352240140381207E-012   1.5057719737136861E-011
   5.7606026913090828E-016   1.0800638893681342E-015   1.5273198593022574E-015   3.0867253865464553E-015
   3.9478218684185307E-011   8.1696450303864746E-015   8.5751054395413250E-012   1.7511053276429264E-015
   1.4672254732672412E-011   2.4265458806049511E-011   3.2261566360413152E-011   5.7692374402266175E-011
   2.9832482862821179E-015   5.1009884950178310E-015   6.6535178826087311E-015   1.2018977174926045E-014
   9.0666140464896826E-015   1.5750834080418254E-018   6.0466968419913951E-017   9.9999999999999995E-021
   5.6523840099161944E-016   1.9238000130337747E-015   7.2513818187246150E-015   3.5121280403910209E-014
   9.6827205708025977E-020   4.1055755595130111E-019   1.2509000572597781E-018   5.9707580161207681E-018
   2.7987589067715076E-013   4.9363110392710493E-017   9.0666140464896826E-015   1.5750834080418254E-018
   4.3906164079238429E-014   1.1143454393011833E-013   2.5872201170656681E-013   8.4063638443135791E-013
   7.4094663118018906E-018   2.1119765052934916E-017   4.4551397805095165E-017   1.4797636988014999E-016
   3.6944145055919845E-012   6.5845697967555453E-016   2.7987589067715076E-013   4.9363110392710493E-017
   9.0185699648621879E-013   1.9234555679965742E-012   3.4590643178248456E-012   8.8203349213599435E-012
   1.5504049644815134E-016   3.5516731746529870E-016   6.0666400587531262E-016   1.5758600725676907E-015
   2.8771328815222029E-011   5.1912654122307674E-015   3.6944145055919845E-012   6.5845697967555453E-016
   8.8675982187413557E-012   1.6832507435851240E-011   2.5942217879571221E-011   5.6044437008193996E-011
   1.5596542820438801E-015   3.1021609299260677E-015   4.6368695692377797E-015   1.0159135314959698E-014
   1.5709944802706635E-010   2.8728125426657842E-014   2.8771328815222029E-011   5.1912654122307674E-015
   5.4999659295991254E-011   9.5843294718605858E-011   1.3362555619155704E-010   2.5603135415474888E-010
   9.8726274795710239E-015   1.7796256042582509E-014   2.4306898735172530E-014   4.7142223051481333E-014
  -2.1248658721268610E-020   1.9999071389392914E-020  -9.9996715165985780E-021   9.9999999999999995E-021
  -9.9996833172127057E-021  -1.2498969620171107E-020  -1.1665626434090960E-020  -9.1650478022833536E-021
   9.9994837688851930E-021   9.9991534189952264E-021   9.9989871079239572E-021   9.9986635136339273E-021
  -3.1292892754905939E-020   2.9997470223670549E-020  -2.1248658721268610E-020   1.9999071389392914E-020
  -9.3734516930249494E-021  -1.0456260095245208E-020  -1.0239579745759150E-020  -9.5002728267903288E-021
   9.9987216166396576E-021   9.9984367888861988E-021   9.9983602823425821E-021   9.9980772465685922E-021
  -4.1208920994167096E-020   3.9995269799842690E-020  -3.1292892754905939E-020   2.9997470223670549E-020
  -9.5654137629668919E-021  -1.0105063633589661E-020  -1.0027891055906891E-020  -9.6648462936069510E-021
   9.9980967144251090E-021   9.9978232932486633E-021   9.9977753922774169E-021   9.9975033715555780E-021
  -5.1112065630579109E-020   4.9992497906848264E-020  -4.1208920994167096E-020   3.9995269799842690E-020
  -9.6928240881553586E-021  -1.0009890271662986E-020  -9.9746004711772955E-021  -9.7570622446361483E-021
   9.9975129586090379E-021   9.9972452556012496E-021   9.9972105978955000E-021   9.9969439764309192E-021
  -6.1022255000750055E-020   5.9989169927429171E-020  -5.1112065630579109E-020   4.9992497906848264E-020
  -9.7713604141035083E-021  -9.9784001906582379E-021  -9.9595299631104240E-021  -9.8139154993848260E-021
   9.9969496450992273E-021   9.9966854367199774E-021   9.9966583245490780E-021   9.9963949558481221E-021
   4.9672989572905352E-016   4.2064411788208598E-020   2.7494869298670849E-016   9.9999999999999995E-021
   1.1244195493581618E-016   2.1597955468639465E-016   2.3512419742498435E-016   3.1603775729549561E-016
   2.4194173284549131E-020   2.9623558173746666E-020   3.3761312747843498E-020   4.1422555601522138E-020
   8.0825349103048785E-016   9.1117581951483551E-020   4.9672989572905352E-016   4.2064411788208598E-020
   3.0056512089404911E-016   2.9168173197065212E-016   3.2948696006763828E-016   3.2623906683797636E-016
   4.0062908658642149E-020   4.8191075889247045E-020   4.9656394509835676E-020   5.8561171522842041E-020
   1.1399284980091131E-015   1.5785963325263433E-019   8.0825349103048785E-016   9.1117581951483551E-020
   3.2826999146687325E-016   3.2002263459965550E-016   3.4210796057946618E-016   3.3751886004663506E-016
   5.7751599207657107E-020   6.6144093067468363E-020   6.7207908603252219E-020   7.5996705257806385E-020
   1.4798681838804885E-015   2.4236940881968711E-019   1.1399284980091131E-015   1.5785963325263433E-019
   3.3828777557406298E-016   3.3249815527747168E-016   3.4667229070845739E-016   3.4300944768233122E-016
   7.5549979973829418E-020   8.4042403246116061E-020   8.4896295910247083E-020   9.3631275115760936E-020
   1.8241800688132274E-015   3.4465668345499990E-019   1.4798681838804885E-015   2.4236940881968711E-019
   3.4333642437043740E-016   3.3917426199186528E-016   3.4901295253390217E-016   3.4616045617446095E-016
   9.3349809694950396E-020   1.0190226573539366E-019   1.0261757796628709E-019   1.1133415071356486E-019
   2.0670942482304902E-015   8.6407354251300150E-020   6.1813183164812322E-016   9.9999999999999995E-021
   5.4408011082911878E-016   1.2421932139770639E-015   1.5655880576313034E-015   2.5341318454483484E-015
   4.1910936676223278E-020   6.0666575965007900E-020   8.2614967062706952E-020   1.2997010277614796E-019
   5.0457929765192054E-015   2.7511650950832044E-019   2.0670942482304902E-015   8.6407354251300150E-020
   2.3494088608100677E-015   2.6291682742536713E-015   3.2866970419638180E-015   3.6910528764872459E-015
   1.2239813786295534E-019   1.7604935442187889E-019   1.9182829952348584E-019   2.7410148578843697E-019
   9.4334354279767411E-015   6.3069843203211823E-019   5.0457929765192054E-015   2.7511650950832044E-019
   3.7323345323330771E-015   4.1005581404477165E-015   4.6456181366489972E-015   5.1011676222187072E-015
   2.6262852445146969E-019   3.4259317774856479E-019   3.6004911552329392E-019   4.6557842414759980E-019
   1.5219890231547044E-014   1.2062827750896244E-018   9.4334354279767411E-015   6.3069843203211823E-019
   5.1127442414198884E-015   5.5466866309168228E-015   6.0057686779468104E-015   6.5010739622746574E-015
   4.5629526186427729E-019   5.6241780260209314E-019   5.8093311499318254E-019   7.1050896129020820E-019
   2.2406196968619081E-014   2.0546693532677465E-018   1.5219890231547044E-014   1.2062827750896244E-018
   6.5026062791709798E-015   6.9809046138888210E-015   7.3766824451222507E-015   7.9000600252390967E-015
   7.0278867293795699E-019   8.3514274730199576E-019   8.5432083559887344E-019   1.0086036303290365E-018
   5.9818876982393677E-015   1.6431906194097324E-019   9.7862869976950365E-016   9.9999999999999995E-021
   1.3458151845398140E-015   3.6739150424631232E-015   5.3046332960105574E-015   1.0716642129332016E-014
   6.0521518014391314E-020   1.0110743499062450E-019   1.6698152580646975E-019   3.2921493203725964E-019
   2.1539956440633825E-014   7.7204589439556800E-019   5.9818876982393677E-015   1.6431906194097324E-019
   9.8758140229817845E-015   1.2653777982889533E-014   1.7704591664127544E-014   2.2755859137350816E-014
   3.1133745590483328E-019   5.2212510369855659E-019   6.1441539355948582E-019   1.0619425443066508E-018
   5.3390348823592217E-014   2.3461569607894874E-018   2.1539956440633825E-014   7.7204589439556800E-019
   2.3208101885668989E-014   2.8366273646796329E-014   3.4513852137094531E-014   4.2134000844299638E-014
   9.8700092799207026E-019   1.4475467463268611E-018   1.5978426515175344E-018   2.3668866746826558E-018
   1.0729511981979118E-013   5.5970113791744139E-018   5.3390348823592217E-014   2.3461569607894874E-018
   4.2237616531756393E-014   5.0071400380654210E-014   5.6913895583146094E-014   6.7220417517836720E-014
   2.2766404760664098E-018   3.0833607432912164E-018   3.2943804780214857E-018   4.4730035916177415E-018
   1.8909194538455904E-013   1.1428950186221371E-017   1.0729511981979118E-013   5.5970113791744139E-018
   6.7133290049416343E-014   7.7720275795861349E-014   8.5062812410079299E-014   9.8081486927309472E-014
   4.3730488619494738E-018   5.6242100741734172E-018   5.8961242832702455E-018   7.5779152654449484E-018
   1.4393265698154325E-014   2.9219571912502362E-019   1.3455945686060887E-015   9.9999999999999995E-021
   2.5284919048126631E-015   8.0907455549315639E-015   1.3258786840966808E-014   3.3058470080680015E-014
   7.9466060267710618E-020   1.5051568124135415E-019   2.9926168546738783E-019   7.1415352106494697E-019
   7.5168451674361473E-014   2.0138937434085156E-018   1.4393265698154325E-014   2.9219571912502362E-019
   3.0936808365108189E-014   4.4882115858334735E-014   7.0315514732375394E-014   1.0331904631071448E-013
   6.9753227828330997E-019   1.3341870186120938E-018   1.7131831315208818E-018   3.5379155671516894E-018
   2.4665688829088382E-013   8.0831568427730063E-018   7.5168451674361473E-014   2.0138937434085156E-018
   1.0705774328045233E-013   1.4374283473820476E-013   1.8918368190862993E-013   2.5601984312501220E-013
   3.2175813083905101E-018   5.2518153213338820E-018   6.1434129554059856E-018   1.0407540734316697E-017
   6.1753737706591156E-013   2.4019396021395978E-017   2.4665688829088382E-013   8.0831568427730063E-018
   2.5751569629276743E-013   3.3080399248096070E-013   3.9745229649890783E-013   5.1125465839766201E-013
   9.8288504225320553E-018   1.4522422500542423E-017   1.6179529559612770E-017   2.4384680528895374E-017
   1.3034782882595683E-012   5.8766399311831789E-017   6.1753737706591156E-013   2.4019396021395978E-017
   5.1015075067764735E-013   6.3312326029257412E-013   7.2206714688983325E-013   8.9511390211947850E-013
   2.3530251681082611E-017   3.2580393081009678E-017   3.5240374022291717E-017   4.9310233854929472E-017
   3.0600654508888250E-014   4.9006410200445124E-019   1.7156266813773157E-015   9.9999999999999995E-021
   4.0955130284282298E-015   1.5069098862983870E-014   2.7746681347654737E-014   8.3583093515360154E-014
   9.8568896773198290E-020   2.0875625091494398E-019   4.9221761572633978E-019   1.3798679819709414E-018
   2.2770534078602606E-013   4.8930156719873246E-018   3.0600654508888250E-014   4.9006410200445124E-019
   8.0634745354051797E-014   1.3105465139262911E-013   2.2880818236015728E-013   3.8226770480320243E-013
   1.4174035256529422E-018   3.0391626332898919E-018   4.2734215307804260E-018   1.0375137566103662E-017
   9.8492321421009943E-013   2.5789030779878927E-017   2.2770534078602606E-013   4.8930156719873246E-018
   4.0558157360714162E-013   5.9193587062222763E-013   8.4536663052679104E-013   1.2631206646392619E-012
   9.3443785213779393E-018   1.6838104048161287E-017   2.0961581799752233E-017   4.0432340430144629E-017
   3.0677671997117198E-012   9.5217118677560232E-017   9.8492321421009943E-013   2.5789030779878927E-017
   1.2812742858828812E-012   1.7709459808014724E-012   2.2582130659272889E-012   3.1574715336693181E-012
   3.7625550743263680E-017   6.0287490470918256E-017   7.0392925980733583E-017   1.1758214373952051E-016
   7.7516227677618833E-012   2.7880715231135516E-016   3.0677671997117198E-012   9.5217118677560232E-017
   3.1543649135911638E-012   4.1754932766439470E-012   4.9824810301258987E-012   6.6328198811701308E-012
   1.1207123611971727E-016   1.6629397451622699E-016   1.8647923385054470E-016   2.8392254894950881E-016
   5.9329534498532469E-014   7.8133934637599772E-019   2.0873434071019561E-015   9.9999999999999995E-021
   6.0482601863677406E-015   2.5184506852672955E-014   5.1602283337705593E-014   1.8383130598145820E-013
   1.1775870109773032E-019   2.7577430367290684E-019   7.5870927806157541E-019   2.4413102136892917E-018
   6.1755508024817405E-013   1.1121095341607372E-017   5.9329534498532469E-014   7.8133934637599772E-019
   1.8447280867289221E-013   3.3281575568421817E-013   6.4312561035168825E-013   1.2129977337531445E-012
   2.6637012460970622E-018   6.3157709194908577E-018   9.7232683269463557E-018   2.7296756232416755E-017
   3.4975094275100935E-012   7.6436180894516498E-017   6.1755508024817405E-013   1.1121095341607372E-017
   1.3262271326647382E-012   2.0862742206241675E-012   3.2349681613186165E-012   5.3110141870212119E-012
   2.4626316542174949E-017   4.8656557869307059E-017   6.4540905663076313E-017   1.4086926971051304E-016
   1.3518294697792400E-011   3.4946963170627188E-016   3.4975094275100935E-012   7.6436180894516498E-017
   5.4639652141971192E-012   8.0756911999844566E-012   1.0952400327851466E-011   1.6604563351824872E-011
   1.2982465462017970E-016   2.2446221091895837E-016   2.7544607866374623E-016   5.0855947108494301E-016
   4.0842097745627790E-011   1.2226562476016614E-015   1.3518294697792400E-011   3.4946963170627188E-016
   1.6657224941990804E-011   2.3413918068138928E-011   2.9307911881081895E-011   4.1841933446579916E-011
   4.7982639547346338E-016   7.5995730026569094E-016   8.8637047333916524E-016   1.4666377526891605E-015
   1.0701204586032237E-013   1.1927669240834462E-018   2.4600823371349336E-015   9.9999999999999995E-021
   8.3873957872762729E-015   3.9012185117463686E-014   8.8175673953816087E-014   3.6454866720928880E-013
   1.3700127652267071E-019   3.5154354688370344E-019   1.1116313805402505E-018   4.0332504131300996E-018
   1.5297737847414631E-012   2.3779024960551292E-017   1.0701204586032237E-013   1.1927669240834462E-018
   3.8235487314430180E-013   7.5973206058405413E-013   1.6130338688191981E-012   3.4086837013360377E-012
   4.6962261622759884E-018   1.2178955162653742E-017   2.0485870123190937E-017   6.5491671484841747E-017
   1.1249179214562937E-011   2.1148810985246317E-016   1.5297737847414631E-012   2.3779024960551292E-017
   3.8579167130841502E-012   6.4974221811722610E-012   1.0927415162724316E-011   1.9608841178051545E-011
   5.9746453652331422E-017   1.2865443467430787E-016   1.8174007735833464E-016   4.4571903163385484E-016
   5.3766599335706166E-011   1.1924607325653910E-015   1.1249179214562937E-011   2.1148810985246317E-016
   2.0570804572836493E-011   3.2334388957958500E-011   4.6680328826664306E-011   7.6504280584777269E-011
   4.0897106243784040E-016   7.5979344641831810E-016   9.8104995392325125E-016   1.9951778731565877E-015
   1.9388968398743480E-010   4.9742067139306878E-015   5.3766599335706166E-011   1.1924607325653910E-015
   7.7331150038271098E-011   1.1496637295211559E-010   1.5118677545577830E-010   2.3110106105631282E-010
   1.8689252237064289E-015   3.1486340895844554E-015   3.8272511362198194E-015   6.8697802128768015E-015
   1.8206798149644489E-013   1.7544042563194753E-018   2.8334873002843369E-015   9.9999999999999995E-021
   1.1113276002345741E-014   5.7127214070890160E-014   1.4133329732005740E-013   6.6737266639272250E-013
   1.5627823577888195E-019   4.3604984323499132E-019   1.5638934145960203E-018   6.3102607864759481E-018
   3.5119180264694390E-012   4.8117954793897101E-017   1.8206798149644489E-013   1.7544042563194753E-018
   7.3323075597388387E-013   1.5936526289096186E-012   3.6914340951283009E-012   8.6756960657882425E-012
   7.8525858700881182E-018   2.2075999687733619E-017   4.0448358165268831E-017   1.4528000164937271E-016
   3.3218133193152299E-011   5.4924762284546905E-016   3.5119180264694390E-012   4.8117954793897101E-017
   1.0193192222091135E-011   1.8280810853664111E-011   3.3277995060280192E-011   6.4926486950117387E-011
   1.3500330318679384E-016   3.1509179367843930E-016   4.7331397092455728E-016   1.2949631759166446E-015
   1.9550158769225250E-010   3.8014854797787026E-015   3.3218133193152299E-011   5.4924762284546905E-016
   6.9773562203557074E-011   1.1608169080030760E-010   1.7839111968866379E-010   3.1498154381310127E-010
   1.1888504178216475E-015   2.3647150524648973E-015   3.2129091729798421E-015   7.1693282728882726E-015
   8.3960669979955846E-010   1.8858747920608135E-014   1.9550158769225250E-010   3.8014854797787026E-015
   3.2193824075726337E-010   5.0439557783771079E-010   6.9738412275196122E-010   1.1391330307072285E-009
   6.6887407608981668E-015   1.1950774018663648E-014   1.5155100061989041E-014   2.9443085722773047E-014
   2.9518589011993043E-013   2.4996136698212457E-018   3.2073500660122236E-015   9.9999999999999995E-021
   1.4226109062114081E-014   8.0104608679950022E-014   2.1545805587453930E-013   1.1465198021524166E-012
   1.7557882900497505E-019   5.2928492754356338E-019   2.1284120101793183E-018   9.4467093144767353E-018
   7.5561096334252465E-012   9.2680138446025808E-017   2.9518589011993043E-013   2.4996136698212457E-018
   1.3203870672767135E-012   3.1204138859534795E-012   7.8343359396984906E-012   2.0335655741251239E-011
   1.2558960931450246E-017   3.7994307940915761E-017   7.5565712755577396E-017   3.0140414633279077E-016
   9.1032257317161764E-011   1.3462343300738086E-015   7.5561096334252465E-012   9.2680138446025808E-017
   2.4841200220848942E-011   4.7234658838433411E-011   9.2821888232773691E-011   1.9590259173915605E-010
   2.8685177763536093E-016   7.2199495841635297E-016   1.1510186566540318E-015   3.4884461419905663E-015
   6.5652573370458670E-010   1.1380106323770890E-014   9.1032257317161764E-011   1.3462343300738086E-015
   2.1645891666299091E-010   3.7956255366433739E-010   6.2056378337184777E-010   1.1762492675891885E-009
   3.2182354021255605E-015   6.8318486119905369E-015   9.7606451492786086E-015   2.3800009037518633E-014
   3.3489440614675136E-009   6.6945930815339856E-014   6.5652573370458670E-010   1.1380106323770890E-014
   1.2196998296649806E-009   2.0073264737726146E-009   2.9185357045901869E-009   5.0830857801869762E-009
   2.2184687341571302E-014   4.1925853573248944E-014   5.5487848996639466E-014   1.1638285446806572E-013
