bcc Sb -- Hedin-Lundqvist LDA                                                   
INPUT  IT=189 SPIN=1 NTYPE=  2
 -3.400000  3.400000  3.400000
  3.400000 -3.400000  3.400000
  3.400000  3.400000 -3.400000
    1  435  1.700000  0.030000    1
  0.000000  0.000000  0.000000
 0.1019981858758D+03 0.1019981298643D+03 0.1019980721248D+03 0.1019980126041D+03
 0.1019979512472D+03 0.1019978879975D+03 0.1019978227967D+03 0.1019977555846D+03
 0.1019976862993D+03 0.1019976148768D+03 0.1019975412512D+03 0.1019974653547D+03
 0.1019973871172D+03 0.1019973064666D+03 0.1019972233285D+03 0.1019971376263D+03
 0.1019970492808D+03 0.1019969582107D+03 0.1019968643320D+03 0.1019967675581D+03
 0.1019966677997D+03 0.1019965649649D+03 0.1019964589589D+03 0.1019963496839D+03
 0.1019962370393D+03 0.1019961209211D+03 0.1019960012223D+03 0.1019958778326D+03
 0.1019957506382D+03 0.1019956195219D+03 0.1019954843628D+03 0.1019953450363D+03
 0.1019952014141D+03 0.1019950533638D+03 0.1019949007488D+03 0.1019947434286D+03
 0.1019945812582D+03 0.1019944140880D+03 0.1019942417642D+03 0.1019940641278D+03
 0.1019938810152D+03 0.1019936922576D+03 0.1019934976811D+03 0.1019932971064D+03
 0.1019930903487D+03 0.1019928772175D+03 0.1019926575165D+03 0.1019924310432D+03
 0.1019921975889D+03 0.1019919569386D+03 0.1019917088705D+03 0.1019914531562D+03
 0.1019911895600D+03 0.1019909178391D+03 0.1019906377432D+03 0.1019903490142D+03
 0.1019900513863D+03 0.1019897445851D+03 0.1019894283282D+03 0.1019891023241D+03
 0.1019887662727D+03 0.1019884198642D+03 0.1019880627797D+03 0.1019876946903D+03
 0.1019873152569D+03 0.1019869241299D+03 0.1019865209492D+03 0.1019861053433D+03
 0.1019856769295D+03 0.1019852353132D+03 0.1019847800875D+03 0.1019843108333D+03
 0.1019838271183D+03 0.1019833284969D+03 0.1019828145099D+03 0.1019822846840D+03
 0.1019817385310D+03 0.1019811755479D+03 0.1019805952162D+03 0.1019799970014D+03
 0.1019793803524D+03 0.1019787447012D+03 0.1019780894624D+03 0.1019774140324D+03
 0.1019767177890D+03 0.1019760000910D+03 0.1019752602771D+03 0.1019744976659D+03
 0.1019737115549D+03 0.1019729012200D+03 0.1019720659146D+03 0.1019712048692D+03
 0.1019703172905D+03 0.1019694023609D+03 0.1019684592374D+03 0.1019674870511D+03
 0.1019664849062D+03 0.1019654518794D+03 0.1019643870188D+03 0.1019632893431D+03
 0.1019621578409D+03 0.1019609914695D+03 0.1019597891539D+03 0.1019585497862D+03
 0.1019572722239D+03 0.1019559552897D+03 0.1019545977696D+03 0.1019531984124D+03
 0.1019517559279D+03 0.1019502689865D+03 0.1019487362172D+03 0.1019471562068D+03
 0.1019455274986D+03 0.1019438485906D+03 0.1019421179347D+03 0.1019403339347D+03
 0.1019384949453D+03 0.1019365992703D+03 0.1019346451610D+03 0.1019326308147D+03
 0.1019305543732D+03 0.1019284139205D+03 0.1019262074817D+03 0.1019239330205D+03
 0.1019215884379D+03 0.1019191715700D+03 0.1019166801857D+03 0.1019141119853D+03
 0.1019114645976D+03 0.1019087355783D+03 0.1019059224073D+03 0.1019030224866D+03
 0.1019000331377D+03 0.1018969515994D+03 0.1018937750249D+03 0.1018905004793D+03
 0.1018871249367D+03 0.1018836452778D+03 0.1018800582865D+03 0.1018763606470D+03
 0.1018725489411D+03 0.1018686196446D+03 0.1018645691239D+03 0.1018603936332D+03
 0.1018560893103D+03 0.1018516521736D+03 0.1018470781180D+03 0.1018423629111D+03
 0.1018375021895D+03 0.1018324914544D+03 0.1018273260677D+03 0.1018220012473D+03
 0.1018165120631D+03 0.1018108534321D+03 0.1018050201137D+03 0.1017990067048D+03
 0.1017928076349D+03 0.1017864171608D+03 0.1017798293612D+03 0.1017730381312D+03
 0.1017660371770D+03 0.1017588200093D+03 0.1017513799380D+03 0.1017437100656D+03
 0.1017358032810D+03 0.1017276522527D+03 0.1017192494221D+03 0.1017105869967D+03
 0.1017016569428D+03 0.1016924509777D+03 0.1016829605629D+03 0.1016731768956D+03
 0.1016630909008D+03 0.1016526932231D+03 0.1016419742181D+03 0.1016309239435D+03
 0.1016195321502D+03 0.1016077882732D+03 0.1015956814216D+03 0.1015832003691D+03
 0.1015703335438D+03 0.1015570690181D+03 0.1015433944977D+03 0.1015292973108D+03
 0.1015147643970D+03 0.1014997822960D+03 0.1014843371352D+03 0.1014684146181D+03
 0.1014520000120D+03 0.1014350781348D+03 0.1014176333426D+03 0.1013996495158D+03
 0.1013811100462D+03 0.1013619978223D+03 0.1013422952158D+03 0.1013219840664D+03
 0.1013010456676D+03 0.1012794607512D+03 0.1012572094719D+03 0.1012342713917D+03
 0.1012106254638D+03 0.1011862500163D+03 0.1011611227358D+03 0.1011352206507D+03
 0.1011085201136D+03 0.1010809967848D+03 0.1010526256142D+03 0.1010233808240D+03
 0.1009932358905D+03 0.1009621635267D+03 0.1009301356633D+03 0.1008971234314D+03
 0.1008630971435D+03 0.1008280262753D+03 0.1007918794478D+03 0.1007546244083D+03
 0.1007162280128D+03 0.1006766562073D+03 0.1006358740102D+03 0.1005938454946D+03
 0.1005505337706D+03 0.1005059009682D+03 0.1004599082205D+03 0.1004125156475D+03
 0.1003636823401D+03 0.1003133663452D+03 0.1002615246504D+03 0.1002081131708D+03
 0.1001530867357D+03 0.1000963990762D+03 0.1000380028140D+03 0.9997784945130D+02
 0.9991588936162D+02 0.9985207178168D+02 0.9978634480490D+02 0.9971865537597D+02
 0.9964894928692D+02 0.9957717117471D+02 0.9950326452029D+02 0.9942717164935D+02
 0.9934883373464D+02 0.9926819080008D+02 0.9918518172652D+02 0.9909974425931D+02
 0.9901181501759D+02 0.9892132950534D+02 0.9882822212413D+02 0.9873242618753D+02
 0.9863387393715D+02 0.9853249656009D+02 0.9842822420793D+02 0.9832098601671D+02
 0.9821071012822D+02 0.9809732371192D+02 0.9798075298755D+02 0.9786092324810D+02
 0.9773775888271D+02 0.9761118339934D+02 0.9748111944664D+02 0.9734748883484D+02
 0.9721021255505D+02 0.9706921079655D+02 0.9692440296174D+02 0.9677570767806D+02
 0.9662304280653D+02 0.9646632544641D+02 0.9630547193552D+02 0.9614039784568D+02
 0.9597101797320D+02 0.9579724632371D+02 0.9561899609146D+02 0.9543617963283D+02
 0.9524870843413D+02 0.9505649307392D+02 0.9485944318031D+02 0.9465746738386D+02
 0.9445047326709D+02 0.9423836731177D+02 0.9402105484580D+02 0.9379843999126D+02
 0.9357042561662D+02 0.9333691329526D+02 0.9309780327418D+02 0.9285299445603D+02
 0.9260238439910D+02 0.9234586933907D+02 0.9208334423810D+02 0.9181470286508D+02
 0.9153983791310D+02 0.9125864115728D+02 0.9097100365869D+02 0.9067681601556D+02
 0.9037596866536D+02 0.9006835223547D+02 0.8975385794181D+02 0.8943237802692D+02
 0.8910380623038D+02 0.8876803827401D+02 0.8842497234632D+02 0.8807450955796D+02
 0.8771655434379D+02 0.8735101477423D+02 0.8697780274687D+02 0.8659683401883D+02
 0.8620802805746D+02 0.8581130768184D+02 0.8540659849723D+02 0.8499382812567D+02
 0.8457292527816D+02 0.8414381871843D+02 0.8370643620202D+02 0.8326070350070D+02
 0.8280654361545D+02 0.8234387628173D+02 0.8187261787973D+02 0.8139268179607D+02
 0.8090397929345D+02 0.8040642085009D+02 0.7989991794535D+02 0.7938438516738D+02
 0.7885974255756D+02 0.7832591801460D+02 0.7778284965851D+02 0.7723048796931D+02
 0.7666879763198D+02 0.7609775893052D+02 0.7551736867966D+02 0.7492764058084D+02
 0.7432860505831D+02 0.7372030850209D+02 0.7310281204278D+02 0.7247618981637D+02
 0.7184052690914D+02 0.7119591696540D+02 0.7054245970895D+02 0.6988025837417D+02
 0.6920941735799D+02 0.6853004008142D+02 0.6784222742516D+02 0.6714607669379D+02
 0.6644168150056D+02 0.6572913244878D+02 0.6500851898865D+02 0.6427993216934D+02
 0.6354346859036D+02 0.6279923501717D+02 0.6204735381131D+02 0.6128796829315D+02
 0.6052124800222D+02 0.5974739262557D+02 0.5896663451521D+02 0.5817923846490D+02
 0.5738549907941D+02 0.5658573486953D+02 0.5578028047904D+02 0.5496947715244D+02
 0.5415366412021D+02 0.5333317162960D+02 0.5250831845737D+02 0.5167941392915D+02
 0.5084676570224D+02 0.5001069145272D+02 0.4917153372403D+02 0.4832967467340D+02
 0.4748554969732D+02 0.4663965657374D+02 0.4579256017810D+02 0.4494489061868D+02
 0.4409733615517D+02 0.4325062991750D+02 0.4240553270189D+02 0.4156281155930D+02
 0.4072321685097D+02 0.3988745780382D+02 0.3905617928816D+02 0.3822993996456D+02
 0.3740919436198D+02 0.3659427900722D+02 0.3578540486185D+02 0.3498265600933D+02
 0.3418599635266D+02 0.3339528390238D+02 0.3261029358404D+02 0.3183074746079D+02
 0.3105635185347D+02 0.3028683892800D+02 0.2952200973160D+02 0.2876177396941D+02
 0.2800617995887D+02 0.2725542794061D+02 0.2650985847069D+02 0.2576991246615D+02
 0.2503606272375D+02 0.2430872892567D+02 0.2358819430010D+02 0.2287454861754D+02
 0.2216767501243D+02 0.2146729052387D+02 0.2077302414852D+02 0.2008451759909D+02
 0.1940151687460D+02 0.1872394594202D+02 0.1805194444005D+02 0.1738587983625D+02
 0.1672632846255D+02 0.1607404463308D+02 0.1542991224885D+02 0.1479489889141D+02
 0.1417000215275D+02 0.1355620739695D+02 0.1295444256669D+02 0.1236554884466D+02
 0.1179024986705D+02 0.1122913843034D+02 0.1068266134502D+02 0.1015112147400D+02
 0.9634676115300D+01 0.9133351409018D+01 0.8647050036410D+01 0.8175573904073D+01
 0.7718636926266D+01 0.7275893366036D+01 0.6846953388255D+01 0.6431415554749D+01
 0.6028885063607D+01 0.5639004650401D+01 0.5261460407849D+01 0.4895992769470D+01
 0.4542365625352D+01 0.4200343242176D+01 0.3869646312772D+01 0.3549976605113D+01
 0.3241096298229D+01 0.2943034161682D+01 0.2656311735011D+01
    2  435  1.000000  0.030000    3
  0.000000  0.500000  0.500000
  0.500000  0.500000  0.000000
  0.500000  0.000000  0.500000
 0.1999995816669D+01 0.1999995689266D+01 0.1999995557982D+01 0.1999995422701D+01
 0.1999995283299D+01 0.1999995139652D+01 0.1999994991630D+01 0.1999994839100D+01
 0.1999994681924D+01 0.1999994519962D+01 0.1999994353067D+01 0.1999994181090D+01
 0.1999994003875D+01 0.1999993821263D+01 0.1999993633089D+01 0.1999993439185D+01
 0.1999993239375D+01 0.1999993033480D+01 0.1999992821314D+01 0.1999992602687D+01
 0.1999992377402D+01 0.1999992145255D+01 0.1999991906038D+01 0.1999991659536D+01
 0.1999991405527D+01 0.1999991143782D+01 0.1999990874065D+01 0.1999990596135D+01
 0.1999990309739D+01 0.1999990014622D+01 0.1999989710517D+01 0.1999989397150D+01
 0.1999989074239D+01 0.1999988741494D+01 0.1999988398616D+01 0.1999988045295D+01
 0.1999987681213D+01 0.1999987306043D+01 0.1999986919448D+01 0.1999986521078D+01
 0.1999986110577D+01 0.1999985687573D+01 0.1999985251686D+01 0.1999984802525D+01
 0.1999984339684D+01 0.1999983862748D+01 0.1999983371286D+01 0.1999982864856D+01
 0.1999982343003D+01 0.1999981805257D+01 0.1999981251134D+01 0.1999980680134D+01
 0.1999980091745D+01 0.1999979485436D+01 0.1999978860662D+01 0.1999978216860D+01
 0.1999977553451D+01 0.1999976869837D+01 0.1999976165404D+01 0.1999975439517D+01
 0.1999974691523D+01 0.1999973920748D+01 0.1999973126499D+01 0.1999972308061D+01
 0.1999971464696D+01 0.1999970595647D+01 0.1999969700131D+01 0.1999968777341D+01
 0.1999967826447D+01 0.1999966846593D+01 0.1999965836897D+01 0.1999964796450D+01
 0.1999963724316D+01 0.1999962619530D+01 0.1999961481096D+01 0.1999960307990D+01
 0.1999959099157D+01 0.1999957853508D+01 0.1999956569922D+01 0.1999955247244D+01
 0.1999953884282D+01 0.1999952479810D+01 0.1999951032564D+01 0.1999949541240D+01
 0.1999948004498D+01 0.1999946420952D+01 0.1999944789178D+01 0.1999943107707D+01
 0.1999941375025D+01 0.1999939589572D+01 0.1999937749741D+01 0.1999935853877D+01
 0.1999933900272D+01 0.1999931887168D+01 0.1999929812752D+01 0.1999927675157D+01
 0.1999925472460D+01 0.1999923202676D+01 0.1999920863763D+01 0.1999918453615D+01
 0.1999915970063D+01 0.1999913410871D+01 0.1999910773735D+01 0.1999908056280D+01
 0.1999905256061D+01 0.1999902370558D+01 0.1999899397171D+01 0.1999896333224D+01
 0.1999893175960D+01 0.1999889922535D+01 0.1999886570021D+01 0.1999883115399D+01
 0.1999879555561D+01 0.1999875887299D+01 0.1999872107313D+01 0.1999868212199D+01
 0.1999864198451D+01 0.1999860062455D+01 0.1999855800486D+01 0.1999851408709D+01
 0.1999846883169D+01 0.1999842219791D+01 0.1999837414378D+01 0.1999832462602D+01
 0.1999827360005D+01 0.1999822101994D+01 0.1999816683833D+01 0.1999811100645D+01
 0.1999805347403D+01 0.1999799418927D+01 0.1999793309878D+01 0.1999787014756D+01
 0.1999780527892D+01 0.1999773843447D+01 0.1999766955400D+01 0.1999759857550D+01
 0.1999752543505D+01 0.1999745006680D+01 0.1999737240287D+01 0.1999729237333D+01
 0.1999720990612D+01 0.1999712492696D+01 0.1999703735934D+01 0.1999694712439D+01
 0.1999685414086D+01 0.1999675832501D+01 0.1999665959054D+01 0.1999655784854D+01
 0.1999645300738D+01 0.1999634497263D+01 0.1999623364699D+01 0.1999611893020D+01
 0.1999600071894D+01 0.1999587890672D+01 0.1999575338384D+01 0.1999562403723D+01
 0.1999549075039D+01 0.1999535340324D+01 0.1999521187207D+01 0.1999506602939D+01
 0.1999491574382D+01 0.1999476087997D+01 0.1999460129832D+01 0.1999443685511D+01
 0.1999426740219D+01 0.1999409278688D+01 0.1999391285186D+01 0.1999372743502D+01
 0.1999353636927D+01 0.1999333948247D+01 0.1999313659718D+01 0.1999292753060D+01
 0.1999271209432D+01 0.1999249009418D+01 0.1999226133013D+01 0.1999202559598D+01
 0.1999178267926D+01 0.1999153236104D+01 0.1999127441568D+01 0.1999100861067D+01
 0.1999073470640D+01 0.1999045245595D+01 0.1999016160486D+01 0.1998986189092D+01
 0.1998955304389D+01 0.1998923478531D+01 0.1998890682819D+01 0.1998856887679D+01
 0.1998822062635D+01 0.1998786176281D+01 0.1998749196248D+01 0.1998711089183D+01
 0.1998671820712D+01 0.1998631355411D+01 0.1998589656775D+01 0.1998546687184D+01
 0.1998502407867D+01 0.1998456778869D+01 0.1998409759015D+01 0.1998361305871D+01
 0.1998311375705D+01 0.1998259923449D+01 0.1998206902659D+01 0.1998152265468D+01
 0.1998095962546D+01 0.1998037943056D+01 0.1997978154605D+01 0.1997916543198D+01
 0.1997853053186D+01 0.1997787627219D+01 0.1997720206193D+01 0.1997650729192D+01
 0.1997579133438D+01 0.1997505354230D+01 0.1997429324885D+01 0.1997350976679D+01
 0.1997270238783D+01 0.1997187038198D+01 0.1997101299686D+01 0.1997012945707D+01
 0.1996921896341D+01 0.1996828069219D+01 0.1996731379448D+01 0.1996631739527D+01
 0.1996529059276D+01 0.1996423245743D+01 0.1996314203127D+01 0.1996201832684D+01
 0.1996086032640D+01 0.1995966698093D+01 0.1995843720921D+01 0.1995716989679D+01
 0.1995586389495D+01 0.1995451801969D+01 0.1995313105056D+01 0.1995170172960D+01
 0.1995022876014D+01 0.1994871080559D+01 0.1994714648822D+01 0.1994553438788D+01
 0.1994387304063D+01 0.1994216093747D+01 0.1994039652285D+01 0.1993857819326D+01
 0.1993670429571D+01 0.1993477312623D+01 0.1993278292822D+01 0.1993073189083D+01
 0.1992861814728D+01 0.1992643977309D+01 0.1992419478425D+01 0.1992188113541D+01
 0.1991949671789D+01 0.1991703935775D+01 0.1991450681370D+01 0.1991189677499D+01
 0.1990920685924D+01 0.1990643461014D+01 0.1990357749517D+01 0.1990063290316D+01
 0.1989759814184D+01 0.1989447043521D+01 0.1989124692096D+01 0.1988792464770D+01
 0.1988450057212D+01 0.1988097155613D+01 0.1987733436377D+01 0.1987358565816D+01
 0.1986972199824D+01 0.1986573983549D+01 0.1986163551048D+01 0.1985740524930D+01
 0.1985304515995D+01 0.1984855122852D+01 0.1984391931530D+01 0.1983914515074D+01
 0.1983422433125D+01 0.1982915231494D+01 0.1982392441711D+01 0.1981853580571D+01
 0.1981298149649D+01 0.1980725634818D+01 0.1980135505732D+01 0.1979527215308D+01
 0.1978900199177D+01 0.1978253875125D+01 0.1977587642511D+01 0.1976900881671D+01
 0.1976192953291D+01 0.1975463197771D+01 0.1974710934559D+01 0.1973935461466D+01
 0.1973136053956D+01 0.1972311964414D+01 0.1971462421386D+01 0.1970586628796D+01
 0.1969683765137D+01 0.1968752982628D+01 0.1967793406350D+01 0.1966804133348D+01
 0.1965784231704D+01 0.1964732739578D+01 0.1963648664215D+01 0.1962530980923D+01
 0.1961378632005D+01 0.1960190525670D+01 0.1958965534893D+01 0.1957702496246D+01
 0.1956400208682D+01 0.1955057432284D+01 0.1953672886965D+01 0.1952245251133D+01
 0.1950773160301D+01 0.1949255205657D+01 0.1947689932584D+01 0.1946075839113D+01
 0.1944411374408D+01 0.1942694937042D+01 0.1940924873367D+01 0.1939099475758D+01
 0.1937216980818D+01 0.1935275567519D+01 0.1933273355282D+01 0.1931208402007D+01
 0.1929078702022D+01 0.1926882183990D+01 0.1924616708728D+01 0.1922280066981D+01
 0.1919869977104D+01 0.1917384082704D+01 0.1914819950180D+01 0.1912175066224D+01
 0.1909446835215D+01 0.1906632576579D+01 0.1903729522036D+01 0.1900734812815D+01
 0.1897645496745D+01 0.1894458525337D+01 0.1891170750713D+01 0.1887778922554D+01
 0.1884279684879D+01 0.1880669572850D+01 0.1876945009413D+01 0.1873102301976D+01
 0.1869137638906D+01 0.1865047086099D+01 0.1860826583345D+01 0.1856471940805D+01
 0.1851978835263D+01 0.1847342806536D+01 0.1842559253628D+01 0.1837623431105D+01
 0.1832530445192D+01 0.1827275250137D+01 0.1821852644292D+01 0.1816257266526D+01
 0.1810483592319D+01 0.1804525930300D+01 0.1798378418411D+01 0.1792035020633D+01
 0.1785489523298D+01 0.1778735532103D+01 0.1771766468636D+01 0.1764575567803D+01
 0.1757155874671D+01 0.1749500242417D+01 0.1741601329633D+01 0.1733451598944D+01
 0.1725043314907D+01 0.1716368543499D+01 0.1707419150747D+01 0.1698186803316D+01
 0.1688662968070D+01 0.1678838913980D+01 0.1668705712836D+01 0.1658254242794D+01
 0.1647475190430D+01 0.1636359056278D+01 0.1624896158530D+01 0.1613076640867D+01
 0.1600890478160D+01 0.1588327487020D+01 0.1575377333774D+01 0.1562029548284D+01
 0.1548273534523D+01 0.1534098588151D+01 0.1519493910185D+01 0.1504448628879D+01
 0.1488951816818D+01 0.1472992517900D+01 0.1456559768319D+01 0.1439642629214D+01
 0.1422230212134D+01 0.1404311718317D+01 0.1385876468941D+01 0.1366913951958D+01
 0.1347413857957D+01 0.1327366135476D+01 0.1306761032883D+01 0.1285589163733D+01
 0.1263841555385D+01 0.1241509725420D+01 0.1218585737978D+01 0.1195062293212D+01
 0.1170932791619D+01 0.1146191438320D+01 0.1120833316796D+01 0.1094854509374D+01
 0.1068252181047D+01 0.1041024718774D+01 0.1013171824800D+01 0.9846946774536D+00
 0.9555960343228D+00 0.9258804155960D+00 0.8955542181794D+00 0.8646259244503D+00
 0.8331062271636D+00 0.8010082708024D+00 0.7683477897254D+00 0.7351433916187D+00
 0.7014167197620D+00 0.6671927936493D+00 0.6325002107616D+00 0.5973715697994D+00
 0.5618437274794D+00 0.5259583279887D+00 0.4897621283716D+00 0.4533076427041D+00
 0.4166535274949D+00 0.3798653362027D+00 0.3430159376166D+00 0.3061863798783D+00
 0.2694663586292D+00 0.2329552661220D+00 0.1967628436603D+00
  423
-0.8404708446276D+00-0.3734876914433D-32-0.7012485343531D+01-0.8035114786511D-18
-0.2822716117742D+01-0.2764536790217D-20-0.5104131683518D+01 0.1505865892175D-17
-0.2731981292305D+01 0.4816077493707D-20-0.2600019722703D+01-0.1384803169845D-17
-0.1062468460288D+01 0.2179242164996D-20-0.3053089449257D+01-0.4630591918018D-18
-0.4976020693288D+00-0.1073704097154D-19-0.9367351652269D+00 0.2062529913730D-17
-0.4608356684357D+00-0.5408868135313D-18-0.1345327210230D+01 0.2538236784136D-20
-0.5859807787352D+00-0.4600874278478D-18-0.9420162118455D+00 0.2296780969764D-21
-0.7556858972938D+00 0.1664647297820D-17-0.3744265799633D+00-0.1034263656671D-17
-0.4830630406553D+00-0.1296441394956D-17-0.2489550415180D+00 0.3071905318919D-19
-0.1558068127061D+00 0.3550197193544D-18-0.1547600476962D+00-0.7625125818201D-18
-0.3721700146077D+00 0.9182239099807D-20-0.9295252258132D-01-0.2123176971727D-19
-0.1925985332420D+00-0.1008126623355D-17-0.9569743669095D-01 0.1612091531627D-17
-0.2815755970037D+00-0.3050820377652D-19-0.1129206182989D+00-0.4798450862196D-19
-0.2156240173198D+00-0.1763584659125D-19-0.5953826058707D-01 0.1932400149474D-17
-0.5556836655698D-01-0.1764705401487D-19-0.2398332291108D-01-0.9215153715476D-19
-0.5955299270371D-02-0.2389109869537D-18-0.1159350369689D-01-0.6405977789073D-18
-0.1300859221658D+00 0.6999910502880D-19-0.1868104095455D-03 0.6179284729222D-18
-0.2429062753796D-03-0.3443757648118D-18 0.2999069097762D-04-0.1055316218998D-17
-0.2053381327092D+00 0.3842186555401D-19 0.7459521003009D-02-0.4626195022717D-18
 0.2353574180011D-01-0.7524376180594D-18 0.2309368610541D-01 0.5872916807916D-18
-0.1639189534724D-01-0.2814664163749D-19 0.1382147837312D-01-0.8013746393421D-19
 0.2791042311362D-01-0.5599266828697D-18 0.1409268640111D-01 0.9858218031340D-18
-0.5385932372167D-01-0.5273379371205D-19-0.5350949651928D-01-0.6304829604210D-19
 0.2952975142067D-01 0.4378450722194D-18-0.4417798526326D-01-0.4105042882438D-19
-0.2217960584501D-01 0.6194256415196D-19 0.2961086125516D-01-0.3705102692782D-18
 0.2971753764705D-01 0.1370295211379D-17 0.1484662979813D-01-0.2659941704601D-18
-0.3700101311286D-01 0.5398646838678D-19 0.2845801248365D-01-0.4235008800672D-18
-0.3113386738948D-01 0.3878640200936D-19 0.1326825812054D-01 0.4978221674544D-18
 0.1341630929967D-01-0.3100447626025D-18-0.5299099041415D-01 0.2273393274981D-19
 0.1216995356076D-01 0.1053788063144D-18 0.2438234964829D-01-0.1209838456749D-18
 0.2450804735470D-01-0.5863091614895D-18-0.2272819025234D-01-0.6161226720725D-19
 0.2210597671846D-01-0.1827786825067D-18 0.2208763453594D-01 0.6094060526096D-18
 0.1106664525326D-01-0.2203255020092D-18 0.1989159210283D-01-0.3576533493367D-19
 0.1986208461793D-01-0.4083821371954D-18-0.1699318546626D-01-0.2860481748023D-19
 0.1776916368297D-01 0.4888237277882D-18 0.1775860519001D-01-0.4631397555522D-18
 0.4453251559000D-02-0.6683454963454D-19-0.1477667583524D-01 0.1079371231661D-18
-0.3714305572625D-02-0.2627833839492D-19 0.7942527800067D-02-0.1060788808091D-18
 0.7855333456463D-02 0.4704358747125D-18-0.2576760156476D-01 0.1140594747309D-18
-0.1296155114938D-01-0.7018867697067D-19 0.1408514634077D-01-0.3059017263503D-18
 0.7043544911751D-02-0.1199040668670D-18-0.3740266088265D-02-0.3368757570329D-19
-0.1132137303972D-01-0.5001360954102D-19 0.1261474540600D-01 0.2542196690213D-19
 0.1253194029543D-01-0.2114152575419D-18 0.1243920860124D-01 0.7042641570624D-18
 0.5598835774475D-02 0.1451545116643D-18 0.5605026019361D-02-0.4363510030700D-19
 0.1117475766346D-01 0.9042934398907D-19-0.1717468710614D-01-0.6454700565454D-19
-0.8647938566955D-02 0.4065429617526D-20 0.4919369394549D-02 0.2718442801525D-18
 0.9907323824097D-02-0.2682001628522D-18-0.1513244942362D-01-0.8203080663071D-20
 0.8801520316287D-02-0.1356780404823D-18 0.8821040408048D-02 0.1124075375664D-18
 0.4319475910072D-02-0.1051406595604D-18 0.7791353119439D-02-0.1594330833627D-18
 0.7738706276681D-02 0.3698139723443D-18 0.7663947122180D-02-0.2251863458210D-18
-0.2893352219441D-02 0.5347002960970D-19 0.3432586706800D-02-0.5658159411703D-19
 0.3388556969388D-02-0.7158729379944D-19-0.5104038735991D-02-0.1393249544808D-19
-0.5085968623869D-02 0.6471363205367D-19 0.3034481331565D-02 0.1111045884869D-19
 0.6005213932504D-02 0.3044717853529D-18 0.6031015401090D-02-0.9260386499914D-19
 0.5962284666955D-02-0.1514733699014D-18-0.4473077425819D-02-0.6934265234082D-19
-0.4500306584901D-02 0.5837224955726D-19 0.5283835073292D-02 0.1056877844047D-18
 0.5210892970985D-02-0.2268727239086D-18-0.7957685259831D-02 0.6782594389254D-19
 0.4566214601059D-02-0.4762963191815D-19-0.3521919405972D-02-0.1248900099180D-19
-0.8883948200739D-03-0.1679912753747D-19 0.3915234221605D-02-0.4435534422798D-19
 0.3887179190567D-02-0.1485027946660D-18 0.3903671638561D-02-0.9557582358688D-19
 0.1943109740495D-02-0.3581937817441D-19 0.1931211329429D-02 0.1625909738540D-18
-0.3162652705255D-02-0.4882879154893D-19 0.1657345565043D-02 0.9604356373984D-19
 0.3305778383224D-02-0.7183839774123D-19 0.3308269277035D-02 0.1059168456448D-18
-0.5637324425480D-02-0.1907416414416D-19-0.2827019365579D-02-0.3665743692203D-19
 0.2781987735217D-02-0.4216652815189D-19 0.2765975721439D-02 0.2527194624691D-18
 0.2298801455075D-02 0.1034219826482D-18 0.2297828404931D-02-0.1677354020043D-18
-0.2286335000626D-02-0.9871075548262D-20 0.9391112257461D-03 0.3041819025754D-19
 0.1876574460064D-02-0.6271261390391D-19 0.9360111763735D-03 0.1000935876294D-18
 0.4681739118767D-03-0.1192369272549D-19-0.2065227220025D-02-0.4957680374851D-19
-0.4130077578969D-02-0.1984632210157D-19-0.2067985201942D-02 0.6245943057594D-19
 0.1502374755747D-02 0.6657245233574D-21 0.1501567083764D-02-0.1052645232256D-18
 0.7497836380062D-03-0.1851965601788D-19-0.3742831189028D-02 0.8110891384136D-19
 0.1176305367070D-02 0.6882004884234D-20 0.1177757267476D-02 0.1425711548858D-18
 0.5891987999871D-03-0.1609298921043D-19 0.5939432909279D-03-0.1879188831419D-19
-0.1693005839701D-02-0.2790880973759D-19 0.9012742678352D-03 0.8037504559739D-19
 0.9043447203224D-03-0.2820368470599D-19 0.9116053040066D-03-0.5071129167893D-19
-0.1528929078581D-02-0.7543681166357D-20 0.3370393713997D-03-0.6842659534867D-20
 0.6746456849470D-03 0.1169829530979D-18 0.3403682083063D-03-0.1078888572882D-19
-0.2761403167742D-02 0.9056022467113D-21-0.1379438202201D-02 0.1821965970709D-19
 0.4896504130039D-03-0.3776392645885D-19 0.4865589142999D-03-0.1059200058363D-19
 0.4923279136287D-03-0.3059592248624D-19-0.2478458906476D-02 0.2145573842697D-19
 0.3431535395960D-03-0.1732048467963D-19 0.3416449032888D-03-0.7925273574155D-19
 0.3428337330409D-03-0.6591697942077D-19 0.2299261824564D-03 0.5438077096785D-20
-0.3273066565424D-03-0.1233568192005D-19 0.1507687669433D-03 0.1779388695580D-19
 0.7345177514472D-04 0.3606186596042D-19 0.1494141111188D-03-0.4586226222854D-19
 0.1456520441112D-03-0.4086618827129D-19 0.1467776922412D-03 0.4854006878304D-19
 0.7293957354788D-04-0.3763265789208D-20-0.1730369849680D-02-0.3961109970515D-20
-0.2178485119083D-03-0.6330024801037D-20 0.4772782216156D-04 0.2049848066532D-19
 0.4822321302346D-04 0.2328326732320D-20 0.8901216930829D-04-0.1116630575526D-19
 0.3890012809823D-04 0.3320859967943D-19-0.1504672012018D-02-0.3703640737845D-19
-0.3764586473561D-03 0.1686807277807D-19-0.7610660547431D-03-0.1890087786645D-19
 0.5765517795257D-04 0.4269601077072D-19 0.3063682892792D-04-0.7016871471346D-20
-0.6485179104995D-03 0.2275527332311D-19-0.6573925439437D-03-0.1433157457310D-19
 0.4504638843218D-04-0.4995620508284D-20 0.4559920031267D-04 0.1555775430938D-19
 0.4465048357115D-04-0.1067149037873D-19 0.3671663932795D-04-0.5239532892069D-19
 0.2575411710218D-04 0.5113291266200D-19-0.5529755103831D-03 0.2000026678156D-19
 0.4107357039110D-04-0.1193783855729D-19 0.3287394389725D-04-0.1476256096166D-19
-0.9265772728551D-03 0.2637498687425D-19-0.4706028037252D-03-0.5926567864920D-20
 0.3832427763485D-04-0.3147729661228D-19 0.1405599887541D-04 0.1961143741708D-19
-0.3812186217569D-03-0.6149400744178D-20-0.3796421499472D-03 0.3250272017610D-20
-0.7767376165974D-03-0.9878633198000D-20 0.5393734876868D-04 0.2769469187663D-19
 0.5692080707606D-04-0.3709607058635D-20 0.2487928532859D-04-0.1463844959590D-20
 0.6369604086254D-04-0.3184242619319D-20 0.6933294771122D-04-0.1891535354113D-19
 0.5554372287612D-04 0.2682204150632D-19-0.4835225531878D-03 0.3013296865589D-20
 0.4320072794638D-04 0.3741297376961D-20 0.8122804445632D-04 0.4420339742322D-20
 0.3099866594951D-04 0.7984452413510D-22-0.1823246978438D-03-0.1183360864310D-19
-0.1890682943764D-03-0.2449241924980D-20 0.9758335958589D-04 0.1010539926608D-19
 0.9108066256998D-04-0.9892356970108D-20 0.9531305238204D-04-0.8830461946341D-20
 0.8524985733341D-04 0.1991008927137D-19 0.7757231135342D-04-0.3220777580325D-20
-0.1390657560122D-03 0.1981361498692D-20 0.1056553347617D-03 0.9608895646150D-21
 0.1003965636293D-03-0.2695450110232D-20 0.1025791936121D-03 0.5575277299280D-20
 0.1003240368355D-03-0.2018856134190D-19 0.4499394366829D-04 0.5919517260297D-21
-0.9261416774101D-04-0.4657701944384D-20-0.1936185419970D-03 0.1942551816507D-20
 0.1099700970239D-03 0.6822858586000D-21 0.9856474300241D-04-0.9837053322605D-21
 0.5462416791226D-04 0.4579138032122D-20 0.1068473327368D-03-0.1024847753478D-19
 0.2690051980961D-04-0.7893702231927D-21 0.1025539851478D-03-0.6236206252329D-20
-0.6691156121571D-04-0.4821859049634D-20-0.3415229066846D-04 0.6329676018653D-20
 0.1048254826213D-03-0.6556358325274D-21 0.5075152417595D-04 0.4180209261316D-20
 0.5155037993367D-04-0.1022393958168D-20 0.1016178931672D-03 0.6256120708822D-20
-0.2887567126461D-04-0.5673474176529D-21-0.2783769800364D-04 0.7617798704833D-20
 0.9488985235615D-04 0.3356325144468D-20 0.9365855779220D-04-0.2633227531625D-20
 0.4721901326546D-04-0.5187472216155D-21 0.4643346857507D-04 0.4000940009462D-21
 0.8128211251465D-04-0.7640753308266D-21 0.8081763764717D-04 0.3450679074233D-20
 0.8132016409444D-04-0.6359901220079D-21 0.8197102181104D-04 0.1196623742974D-21
 0.2962488588882D-05-0.3849407176518D-21 0.6498369781780D-04-0.1309604029977D-20
 0.3231408177354D-04-0.1392700885649D-21 0.3515094172284D-04 0.8284994028444D-21
 0.2922786279761D-04 0.6025470087481D-21 0.1443155251814D-04 0.6635937856953D-21
 0.1746502874726D-04-0.6794618226479D-21 0.2265855961250D-04 0.2543857586288D-21
 0.4814324868900D-04-0.9584247887470D-21 0.1552328165454D-04-0.1474466210949D-21
 0.3212610048800D-04 0.1456239597795D-21 0.1947502342496D-04-0.8456218518010D-22
 0.2349206392157D-04-0.1039202045445D-21 0.2433436358411D-04 0.3977339734671D-22
 0.2697694523604D-04 0.9106860309336D-22 0.2442131273955D-04 0.1464648001512D-21
 0.3222753123477D-04-0.2945886044415D-21 0.1469181055437D-04 0.1415504708532D-21
 0.3696389176192D-06-0.4020918169272D-21 0.3098388208782D-05-0.1427242121872D-20
 0.3667905819483D-05 0.1290182462832D-20 0.1451422292736D-05 0.1757673590851D-20
 0.9513990247576D-05 0.1017956320747D-20 0.1357383032846D-04 0.4977672978166D-21
-0.2268791093687D-04-0.1806945776899D-20-0.2171453147940D-04 0.4007541959637D-21
-0.7883138236713D-05-0.9832907646573D-21-0.9728243961550D-05-0.1357558689421D-21
 0.1025195591565D-04-0.5004642696448D-21 0.1556645475446D-04 0.1345671729074D-20
-0.2280606220394D-04-0.1355930443907D-21-0.4456316728700D-04 0.2926230435721D-20
-0.4126051512219D-04-0.1855736652217D-21-0.4234059798584D-04-0.1367613820014D-20
-0.5329603783325D-05 0.1811957588142D-20-0.6808384868020D-04 0.5564721448536D-21
-0.5964557533342D-04-0.3095100673811D-20-0.8554484283380D-04 0.1722612515670D-23
-0.8104625375315D-04 0.2352699274485D-20-0.8260939105112D-04-0.2449733176619D-20
-0.1240354923874D-04 0.8581200767659D-21-0.7512287074897D-05-0.2019919403772D-20
-0.1042233043136D-03-0.8092032574768D-21-0.9699743915181D-04 0.3688728799252D-21
-0.9480478889559D-04-0.4186479035173D-20-0.9634480633126D-04 0.6974810394726D-20
-0.5020693574489D-04 0.7702463939865D-21-0.4552273035815D-04-0.7116748378248D-21
-0.2078684698870D-04-0.3621617589557D-20-0.1683534124610D-04-0.8660264382485D-22
-0.5691748686543D-04-0.2578493877990D-20-0.1189819798421D-03 0.2439818832207D-20
-0.1155811216659D-03 0.1409319563834D-20-0.1050614381912D-03-0.5372469228956D-21
-0.5217803975084D-04 0.2099295323496D-20-0.4633127861295D-04 0.1297744980146D-21
-0.2596435742152D-04-0.3826055369385D-20-0.1257980029356D-03 0.6362272873828D-20
-0.5670371886972D-04-0.9508643423789D-21-0.1207993989822D-04 0.1567952213078D-20
-0.6242457612246D-04-0.6545727177575D-20-0.1439140335353D-03-0.2780076040487D-20
-0.1355563201727D-03-0.4181287261562D-20-0.1214276069971D-03-0.1018887421493D-20
-0.3540230601545D-04-0.1848918324351D-20-0.7305187012047D-04-0.2273236162010D-20
-0.7327635003417D-04-0.9237589006164D-21-0.1411035110760D-03 0.8061830812517D-21
-0.6396789084958D-04-0.2677794013397D-20-0.1329234502935D-03-0.4290901373465D-20
-0.6950401475280D-04 0.8667577370225D-22-0.1269922257927D-03 0.2215393827880D-20
-0.7742056523683D-04 0.7384567253014D-20-0.6505775357062D-04 0.9233722931083D-21
-0.1402232468206D-03 0.1259001117687D-20-0.1394276018830D-03 0.2042112807354D-21
-0.7702146809901D-04-0.2960608395046D-20-0.1407823247956D-03-0.8443691166871D-21
-0.1392588224542D-03-0.2814772753731D-20-0.1399489322703D-03 0.4246517423238D-20
-0.1220287052962D-03-0.4783465705477D-20-0.1433834414893D-03 0.5312762554644D-20
-0.1152118595657D-03 0.1455367370616D-20-0.5631669887306D-04-0.1137843609757D-20
-0.1348171612141D-03 0.9935058450444D-22-0.1344746795983D-03 0.2526640179744D-21
-0.1102323424062D-03-0.1522146212436D-20-0.2461460732974D-04-0.1933790618073D-20
-0.1124955326644D-03 0.2322007085598D-21-0.1251611553568D-03 0.3770490372667D-20
-0.2449472072931D-04 0.2378078134222D-20-0.3171004822856D-04 0.9823796621496D-21
-0.4741474753830D-04-0.2973300508611D-20-0.4140331925752D-05 0.7929710426530D-21
-0.1038188292481D-03-0.4900539041365D-20-0.1042583238931D-03-0.2844263829756D-21
-0.1009874235380D-03-0.6994408983590D-21-0.9838695853624D-04 0.8369217144797D-20
-0.9830189436902D-04 0.5373108745001D-20-0.4231576864481D-04-0.9270021706454D-21
-0.1829715818054D-04 0.7588143086247D-21-0.1186825101819D-04 0.2775361042468D-20
-0.8598320306111D-04-0.4983388545832D-20-0.8467663007107D-04 0.3424245217628D-21
-0.1920895040322D-04 0.1735020648874D-20-0.9969172687375D-05 0.2434786010773D-20
-0.6133224887088D-04 0.6370095558258D-20-0.6277693375199D-04 0.3995489209381D-20
-0.6771486504678D-04-0.2197909849741D-20-0.6706018101643D-05-0.7916242319624D-21
-0.3891127914194D-04 0.1460669733738D-20-0.3440561625927D-04 0.1306950984557D-20
-0.4767484610823D-04-0.2744550980176D-20-0.6926858064524D-05 0.5421838634072D-21
-0.2557424426494D-04-0.8585888664964D-21 0.1381904672673D-04-0.4588806910589D-20
 0.2132823489606D-05 0.1663389996039D-20 0.1902710753833D-05-0.1302678233914D-20
-0.7730636963550D-05 0.1234897800928D-21-0.5025794540584D-05-0.1868660122777D-20
-0.5881062393313D-05 0.8958617718841D-21-0.2154571389833D-04-0.1270238179905D-20
-0.1189853130313D-04-0.1206912748475D-20 0.2811772802437D-04 0.4016481965244D-20
 0.3680054313568D-04-0.7409634189970D-20 0.2354800251419D-04 0.2974324723622D-20
 0.2330239705400D-04-0.3089004814551D-20 0.7748890926693D-05-0.2943456578379D-20
-0.4636201847685D-06 0.5680472256693D-21 0.4083927402743D-04-0.1342851289220D-20
 0.3028599391114D-04 0.3250691284555D-20 0.9432665736028D-05 0.1961613843511D-20
 0.2519063889397D-04 0.9300668795441D-21 0.1300195577725D-04-0.2315011932290D-20
 0.4247674436913D-04 0.2589141457845D-20 0.5814698649837D-04-0.1078633576084D-20
 0.2971379544649D-04-0.1956554960250D-20 0.2666325654938D-04 0.4281390325913D-21
 0.4431411474742D-04-0.2711234501637D-21 0.4639873577948D-04 0.5765452361596D-20
 0.9514619469937D-04 0.1139030045464D-20 0.8624997769067D-04-0.3247422576683D-20
 0.3653362094938D-04 0.9835926606119D-21 0.4438057558370D-04-0.2539210072782D-20
 0.3552369147201D-04-0.1711307515359D-20 0.5753464769543D-04-0.2322468321514D-20
 0.1033385288896D-03 0.3866703476498D-20 0.1059260791043D-03-0.3959698181444D-20
 0.4809341484803D-04 0.3082451713717D-21 0.7948469343849D-04-0.5474233898877D-21
 0.9051646901221D-04-0.2776562785541D-20 0.9147904196523D-04 0.4257903049497D-21
 0.8797280005996D-04 0.4121394130087D-20 0.2533299796302D-04-0.9178000492417D-21
 0.1115093380258D-03 0.6753946223155D-21 0.9679904217123D-04-0.2080991366940D-20
 0.9498816303050D-04 0.1736218058661D-20 0.5660821179595D-04-0.1086432384015D-20
 0.1083458118391D-03-0.8110436620395D-22 0.1011036835195D-03 0.3905904398256D-20
 0.5476305997931D-04-0.2462842675166D-21 0.3771856891242D-04-0.8463969501869D-21
 0.1438631586866D-03-0.1503860421131D-20 0.1214943234696D-03 0.7195993861617D-21
 0.5700810046142D-04-0.2144088955845D-22 0.1105937064348D-03 0.4555487111388D-21
 0.1123124103804D-03 0.9108560807279D-21 0.5536818731956D-04-0.9705013539193D-21
 0.1201488109707D-03-0.3753803886810D-21 0.1163162962402D-03-0.1629342370990D-20
 0.1016400238692D-03-0.1084799554004D-20 0.1403237560540D-03 0.3586570826687D-21
 0.1359939300901D-03 0.6812172768657D-21 0.1175603591565D-03 0.1875513334791D-20
 0.1217479436190D-03 0.2570596819493D-20 0.1212027757210D-03-0.5390191492812D-21
 0.1137334042210D-03 0.3768446552604D-21
    1
    1    1  120    3
 0.7274269175637D-04 0.7989494694903D-04 0.8771779420998D-04 0.9634788125010D-04
 0.1058267275697D-03 0.1162190948304D-03 0.1275838390730D-03 0.1399766362001D-03
 0.1534447161959D-03 0.1680277011957D-03 0.1837555419724D-03 0.2006453283269D-03
 0.2187011983413D-03 0.2379101638542D-03 0.2582421502987D-03 0.2796451766140D-03
 0.3020456568358D-03 0.3253431720921D-03 0.3494112952626D-03 0.3740922949795D-03
 0.3991992307683D-03 0.4245111734995D-03 0.4497776802964D-03 0.4747157371438D-03
 0.4990181162813D-03 0.5223538610190D-03 0.5443827620876D-03 0.5647614905591D-03
 0.5831667305866D-03 0.5993089287661D-03 0.6129654110515D-03 0.6240014359428D-03
 0.6324106268000D-03 0.6383366562749D-03 0.6421096657690D-03 0.6442513657472D-03
 0.6454850410848D-03 0.6466983025083D-03 0.6489023936704D-03 0.6531366752995D-03
 0.6603777890849D-03 0.6714099600936D-03 0.6867323880984D-03 0.7064632353099D-03
 0.7303167673397D-03 0.7576001825398D-03 0.7872883387991D-03 0.8181055621767D-03
 0.8486555440043D-03 0.8775269315830D-03 0.9034133072030D-03 0.9251881424728D-03
 0.9419791176969D-03 0.9531961835366D-03 0.9585596087569D-03 0.9580910645534D-03
 0.9521093089913D-03 0.9411990011245D-03 0.9261863745622D-03 0.9080954018232D-03
 0.8881096838600D-03 0.8675195269651D-03 0.8476721862681D-03 0.8299101771804D-03
 0.8155100755370D-03 0.8056128206529D-03 0.8011522500474D-03 0.8027819487984D-03
 0.8108016366144D-03 0.8250964439702D-03 0.8450869618714D-03 0.8697231101504D-03
 0.8975177473134D-03 0.9266757347332D-03 0.9552988380285D-03 0.9817197712508D-03
 0.1004877857193D-02 0.1024726611559D-02 0.1042475178478D-02 0.1060628618362D-02
 0.1082670716580D-02 0.1112550707885D-02 0.1154022510544D-02 0.1210155941897D-02
 0.1283013397684D-02 0.1373665218009D-02 0.1482323555916D-02 0.1608660191266D-02
 0.1752050594863D-02 0.1911864840353D-02 0.2087598389760D-02 0.2279021515797D-02
 0.2486165223618D-02 0.2709336127112D-02 0.2948977324066D-02 0.3205556235585D-02
 0.3479293834301D-02 0.3769897684386D-02 0.4076113978861D-02 0.4395250734371D-02
 0.4722494014199D-02 0.5050189981387D-02 0.5366926972839D-02 0.5656637431867D-02
 0.5897562406317D-02 0.6061323233474D-02 0.6111885711772D-02 0.6004597984385D-02
 0.5684964449847D-02 0.5087284445411D-02 0.4132882692271D-02 0.2728311713880D-02
 0.7637616033388D-03-0.1887734598677D-02-0.5370108163978D-02-0.9843543723401D-02
-0.1548363754267D-01-0.2248039584446D-01-0.3103321055002D-01-0.4133728319330D-01
 0.9545361539755D-09 0.1127447760616D-08 0.1330399768980D-08 0.1569815025038D-08
 0.1851759829542D-08 0.2183747006724D-08 0.2574179938086D-08 0.3032966196079D-08
 0.3571261762196D-08 0.4201896055928D-08 0.4939456615599D-08 0.5800540856880D-08
 0.6803769981756D-08 0.7970244118182D-08 0.9323448734164D-08 0.1088963313915D-07
 0.1269787456470D-07 0.1478011774828D-07 0.1717135254015D-07 0.1990950165081D-07
 0.2303527137503D-07 0.2659207385788D-07 0.3062542669442D-07 0.3518264979201D-07
 0.4031192515998D-07 0.4606160143712D-07 0.5247897418490D-07 0.5960938220429D-07
 0.6749455655979D-07 0.7617226917563D-07 0.8567490189668D-07 0.9603057742783D-07
 0.1072633975842D-06 0.1193979800191D-06 0.1324638161742D-06 0.1465059213395D-06
 0.1615955107340D-06 0.1778487586899D-06 0.1954434092910D-06 0.2146424771077D-06
 0.2358093803734D-06 0.2594250574920D-06 0.2860864147209D-06 0.3165016464854D-06
 0.3514599265444D-06 0.3918009444032D-06 0.4383615202749D-06 0.4919339642514D-06
 0.5532085061058D-06 0.6227405454948D-06 0.7009023500153D-06 0.7878656951507D-06
 0.8835627227459D-06 0.9876775599266D-06 0.1099607274839D-05 0.1218455643044D-05
 0.1342985931494D-05 0.1471613360508D-05 0.1602347613331D-05 0.1732783844059D-05
 0.1860036161787D-05 0.1980732009919D-05 0.2090938777500D-05 0.2186170891818D-05
 0.2261318188397D-05 0.2310683962304D-05 0.2327942658829D-05 0.2306256679564D-05
 0.2238332663158D-05 0.2116733768400D-05 0.1934186592205D-05 0.1684296067767D-05
 0.1362322825124D-05 0.9664653247287D-06 0.4990685934706D-06-0.3197269768864D-07
-0.6126533781990D-06-0.1223048229634D-05-0.1839356717282D-05-0.2436924935630D-05
-0.2994303060812D-05-0.3496133742387D-05-0.3934668637429D-05-0.4308604907270D-05
-0.4620828571721D-05-0.4875416218139D-05-0.5076219140328D-05-0.5227287987358D-05
-0.5336928576806D-05-0.5425145325572D-05-0.5535836154895D-05-0.5753165084945D-05
-0.6222739229437D-05-0.7175810645495D-05-0.8955363677823D-05-0.1204010417112D-04
-0.1706331458292D-04-0.2482196626808D-04-0.3627565557805D-04-0.5253768839608D-04
-0.7487202577028D-04-0.1047178741411D-03-0.1437792724120D-03-0.1942194110165D-03
-0.2589977951859D-03-0.3423564558381D-03-0.4504150108140D-03-0.5917631310526D-03
-0.7778906157554D-03-0.1023298316535D-02-0.1345259668978D-02-0.1763450381262D-02
-0.2299974033494D-02-0.2980496977194D-02-0.3836943320724D-02-0.4911408473141D-02
-0.6259694068807D-02-0.7952224602186D-02-0.1007070663212D-01-0.1270175704983D-01
 0.4174452210739D-10 0.5191107321640D-10 0.6426734772028D-10 0.7909030836060D-10
 0.9686820779502D-10 0.1181780494786D-09 0.1435612006282D-09 0.1738146881992D-09
 0.2098152872375D-09 0.2525905231380D-09 0.3034305014712D-09 0.3639002422426D-09
 0.4358129023950D-09 0.5214711877011D-09 0.6235445589350D-09 0.7452980885119D-09
 0.8907945835162D-09 0.1064775073990D-08 0.1273128904391D-08 0.1522844938912D-08
 0.1822390624473D-08 0.2181961065616D-08 0.2613692169646D-08 0.3132031371739D-08
 0.3754011777875D-08 0.4499418885221D-08 0.5391146302225D-08 0.6454987002322D-08
 0.7719321599741D-08 0.9214456274323D-08 0.1097097383686D-07 0.1301774381018D-07
 0.1537824771015D-07 0.1806639081146D-07 0.2108070302000D-07 0.2439851699836D-07
 0.2796960633517D-07 0.3171225039764D-07 0.3551140927086D-07 0.3922269897339D-07
 0.4268060638978D-07 0.4571342809108D-07 0.4815992535984D-07 0.4988763634542D-07
 0.5080605537362D-07 0.5087513902909D-07 0.5010427980919D-07 0.4854617950649D-07
 0.4628417713634D-07 0.4341958277267D-07 0.4005793438100D-07 0.3629948625764D-07
 0.3223145697093D-07 0.2792492803938D-07 0.2343348469919D-07 0.1879516674556D-07
 0.1403525143093D-07 0.9171317147710D-08 0.4218905737980D-08-0.8006157031262D-09
-0.5850870229795D-08-0.1086838618592D-07-0.1574766729688D-07-0.2032199209261D-07
-0.2433993887276D-07-0.2743650732398D-07-0.2909969914442D-07-0.2863376493432D-07
-0.2512327057026D-07-0.1740473786965D-07-0.4059007311534D-08 0.1655802276599D-07
 0.4621947053327D-07 0.8663847506155D-07 0.1391577980271D-06 0.2043125819162D-06
 0.2812923617179D-06 0.3673898930068D-06 0.4575644077536D-06 0.5442675689029D-06
 0.6176072693328D-06 0.6658142080397D-06 0.6758305489299D-06 0.6338162995681D-06
 0.5253995140795D-06 0.3356589598143D-06 0.4890234862557D-07-0.3516094822000D-06
-0.8839177151674D-06-0.1567569033978D-05-0.2423916177993D-05-0.3476780969499D-05
-0.4754003769695D-05-0.6290600165555D-05-0.8134561842501D-05-0.1035651093902D-04
-0.1306459075675D-04-0.1642575617739D-04-0.2069421507677D-04-0.2624666681616D-04
-0.3362283672976D-04-0.4356817041188D-04-0.5707536014403D-04-0.7542234766498D-04
-0.1002100747180D-03-0.1334122817820D-03-0.1774643479828D-03-0.2354320146579D-03
-0.3113091246851D-03-0.4104823561336D-03-0.5403642392729D-03-0.7111340596722D-03
-0.9364658434790D-03-0.1234125097217D-02-0.1626431073725D-02-0.2140846664492D-02
-0.2811214641084D-02-0.3680225558664D-02-0.4803269548054D-02-0.6253152056594D-02
    2    2  120    8
 0.2538502920502D-03 0.2695414055259D-03 0.2862048484575D-03 0.3039006652592D-03
 0.3226931664596D-03 0.3426502275840D-03 0.3638443719322D-03 0.3863522004752D-03
 0.4102555588642D-03 0.4356408872776D-03 0.4626005718358D-03 0.4912321853536D-03
 0.5216399981169D-03 0.5539341532459D-03 0.5882323772591D-03 0.6246590043743D-03
 0.6633469571602D-03 0.7044366443041D-03 0.7480781479058D-03 0.7944300338919D-03
 0.8436618284293D-03 0.8959526132175D-03 0.9514938918368D-03 0.1010488004597D-02
 0.1073151296458D-02 0.1139712406812D-02 0.1210415857276D-02 0.1285520035736D-02
 0.1365301348364D-02 0.1450051947814D-02 0.1540084325420D-02 0.1635728863036D-02
 0.1737339035510D-02 0.1845288530384D-02 0.1959977268630D-02 0.2081828162516D-02
 0.2211293782878D-02 0.2348852868939D-02 0.2495017886646D-02 0.2650330929651D-02
 0.2815372467273D-02 0.2990756738238D-02 0.3177141450646D-02 0.3375222831345D-02
 0.3585746630004D-02 0.3809502315270D-02 0.4047335815288D-02 0.4300143004833D-02
 0.4568883853454D-02 0.4854575440475D-02 0.5158308023331D-02 0.5481236856945D-02
 0.5824600747415D-02 0.6189713061234D-02 0.6577982146974D-02 0.6990901795326D-02
 0.7430074590376D-02 0.7897200549121D-02 0.8394104181634D-02 0.8922722017819D-02
 0.9485132512255D-02 0.1008354275109D-01 0.1072032271746D-01 0.1139798948894D-01
 0.1211924695124D-01 0.1288696857722D-01 0.1370424111505D-01 0.1457434671085D-01
 0.1550081291380D-01 0.1648739116218D-01 0.1753811518463D-01 0.1865727763950D-01
 0.1984949454373D-01 0.2111968123441D-01 0.2247312643458D-01 0.2391546383041D-01
 0.2545275839289D-01 0.2709147602610D-01 0.2883858012116D-01 0.3070150085726D-01
 0.3268824630610D-01 0.3480736766073D-01 0.3706808948047D-01 0.3948027295708D-01
 0.4205456330480D-01 0.4480235502080D-01 0.4773596116798D-01 0.5086857449842D-01
 0.5421446691116D-01 0.5778894824886D-01 0.6160858984584D-01 0.6569118699649D-01
 0.7005601183900D-01 0.7472376644373D-01 0.7971687400331D-01 0.8505942192156D-01
 0.9077748111764D-01 0.9689904317392D-01 0.1034543724546D+00 0.1104759241558D+00
 0.1179987433887D+00 0.1260603703717D+00 0.1347012902211D+00 0.1439648462403D+00
 0.1538977721831D+00 0.1645501235717D+00 0.1759759336315D+00 0.1882331959483D+00
 0.2013846492500D+00 0.2154978181185D+00 0.2306459234485D+00 0.2469079031970D+00
 0.2643693772515D+00 0.2831225538369D+00 0.3032671222405D+00 0.3249099690801D+00
 0.3481660333914D+00 0.3731579344075D+00 0.4000171014284D+00 0.4288837814134D+00
-0.1319035596958D-07-0.1486615157246D-07-0.1675527351682D-07-0.1888490824580D-07
-0.2128570095161D-07-0.2399221947770D-07-0.2704343442196D-07-0.3048328465078D-07
-0.3436132416813D-07-0.3873341605047D-07-0.4366257282728D-07-0.4921982508852D-07
-0.5548529217355D-07-0.6254930415088D-07-0.7051373075653D-07-0.7949345181645D-07
-0.8961802403695D-07-0.1010335302976D-06-0.1139047524918D-06-0.1284174850767D-06
-0.1447813225105D-06-0.1632325715637D-06-0.1840378452314D-06-0.2074977653355D-06
-0.2339515028363D-06-0.2637814882729D-06-0.2974192921152D-06-0.3353514955930D-06
-0.3781272448642D-06-0.4263657547670D-06-0.4807659082875D-06-0.5421158178362D-06
-0.6113050511612D-06-0.6893368998845D-06-0.7773438763932D-06-0.8766034000731D-06
-0.9885575553624D-06-0.1114833227249D-05-0.1257267091989D-05-0.1417931609704D-05
-0.1599166792429D-05-0.1803613244170D-05-0.2034253051687D-05-0.2294452093640D-05
-0.2588011918615D-05-0.2919224023455D-05-0.3292936686186D-05-0.3714623711097D-05
-0.4190470410768D-05-0.4727461981629D-05-0.5333493150623D-05-0.6017481474786D-05
-0.6789508467376D-05-0.7660964838846D-05-0.8644730875180D-05-0.9755364035265D-05
-0.1100933045687D-04-0.1242524518299D-04-0.1402417040895D-04-0.1582992480786D-04
-0.1786946631726D-04-0.2017329060956D-04-0.2277592451466D-04-0.2571643717183D-04
-0.2903907602442D-04-0.3279392752012D-04-0.3703773190808D-04-0.4183473545875D-04
-0.4725774131696D-04-0.5338920415310D-04-0.6032258039436D-04-0.6816373949091D-04
-0.7703269745169D-04-0.8706542480818D-04-0.9841607269992D-04-0.1112592918165D-03
-0.1257930720791D-03-0.1422417091202D-03-0.1608594305458D-03-0.1819341568459D-03
-0.2057921206083D-03-0.2328026369622D-03-0.2633839373086D-03-0.2980092000724D-03
-0.3372139256687D-03-0.3816034946119D-03-0.4318624717245D-03-0.4887641446032D-03
-0.5531821975069D-03-0.6261027580589D-03-0.7086392310674D-03-0.8020475996883D-03
-0.9077454256017D-03-0.1027331697388D-02-0.1162611620196D-02-0.1315622806392D-02
-0.1488668411982D-02-0.1684352654610D-02-0.1905625838744D-02-0.2155833429395D-02
-0.2438778085782D-02-0.2758787659592D-02-0.3120800272970D-02-0.3530457101067D-02
-0.3994216482934D-02-0.4519475909839D-02-0.5114718398683D-02-0.5789665030635D-02
-0.6555453125569D-02-0.7424816107492D-02-0.8412292502213D-02-0.9534434623909D-02
-0.1081005876506D-01-0.1226050875798D-01-0.1390999688341D-01-0.1578599870518D-01
-0.1791979455481D-01-0.2034712736370D-01-0.2310908671121D-01-0.2625314683603D-01
 0.4723975360107D-07 0.5326175391722D-07 0.6005204025952D-07 0.6770856614086D-07
 0.7634184212574D-07 0.8607641036575D-07 0.9705271182792D-07 0.1094290251090D-06
 0.1233838324703D-06 0.1391182561575D-06 0.1568590525881D-06 0.1768617584975D-06
 0.1994144232860D-06 0.2248416246645D-06 0.2535092086530D-06 0.2858293266644D-06
 0.3222664684519D-06 0.3633438761068D-06 0.4096511215683D-06 0.4618521905587D-06
 0.5206951297885D-06 0.5870222429380D-06 0.6617822161426D-06 0.7460430172142D-06
 0.8410072299824D-06 0.9480282298435D-06 0.1068629506589D-05 0.1204525098998D-05
 0.1357643786954D-05 0.1530154752441D-05 0.1724498048180D-05 0.1943416700582D-05
 0.2189994822786D-05 0.2467697852396D-05 0.2780420182545D-05 0.3132535236067D-05
 0.3528955000788D-05 0.3975192296734D-05 0.4477434672193D-05 0.5042621715697D-05
 0.5678536772172D-05 0.6393902218438D-05 0.7198492697531D-05 0.8103252900927D-05
 0.9120436321223D-05 0.1026374970023D-04 0.1154852390585D-04 0.1299188889735D-04
 0.1461298285958D-04 0.1643316541135D-04 0.1847627063383D-04 0.2076886505042D-04
 0.2334055487743D-04 0.2622429548236D-04 0.2945676180478D-04 0.3307872077058D-04
 0.3713547709082D-04 0.4167731707834D-04 0.4676004646175D-04 0.5244552407820D-04
 0.5880230725076D-04 0.6590629552066D-04 0.7384151854093D-04 0.8270091331570D-04
 0.9258729683179D-04 0.1036143337548D-03 0.1159077490964D-03 0.1296065585720D-03
 0.1448646352943D-03 0.1618523167680D-03 0.1807584760615D-03 0.2017927058673D-03
 0.2251881452926D-03 0.2512045124139D-03 0.2801320680131D-03 0.3122959506153D-03
 0.3480617985885D-03 0.3878420145441D-03 0.4321038415750D-03 0.4813783743569D-03
 0.5362721085102D-03 0.5974798401599D-03 0.6658008776343D-03 0.7421571044436D-03
 0.8276152890339D-03 0.9234114957708D-03 0.1030980715991D-02 0.1151988693362D-02
 0.1288369377344D-02 0.1442364143712D-02 0.1616566723483D-02 0.1813968272916D-02
 0.2038007385705D-02 0.2292617878845D-02 0.2582280044426D-02 0.2912066367780D-02
 0.3287690163163D-02 0.3715546570148D-02 0.4202758417348D-02 0.4757217131264D-02
 0.5387638068243D-02 0.6103622342677D-02 0.6915754588709D-02 0.7835731526098D-02
 0.8876561744031D-02 0.1005282900165D-01 0.1138106648630D-01 0.1288022077031D-01
 0.1457224417378D-01 0.1648276040988D-01 0.1864182140348D-01 0.2108464607991D-01
 0.2385234080603D-01 0.2699246089393D-01 0.3055944474149D-01 0.3461483080795D-01
 0.3922744372163D-01 0.4447361612512D-01 0.5043788036835D-01 0.5721433368392D-01
-0.8667812922736D-11-0.1038491664182D-10-0.1244256725744D-10-0.1490860026516D-10
-0.1786304959932D-10-0.2140226683472D-10-0.2564376253420D-10-0.3072491805037D-10
-0.3681266553476D-10-0.4410666070690D-10-0.5284436680341D-10-0.6331266456395D-10
-0.7585273183927D-10-0.9087601012585D-10-0.1088717612335D-09-0.1304278933746D-09
-0.1562468632625D-09-0.1871707495310D-09-0.2242065888325D-09-0.2685605808627D-09
-0.3216726393429D-09-0.3852688184403D-09-0.4614120175621D-09-0.5525692834598D-09
-0.6616893177249D-09-0.7922961562578D-09-0.9486044528029D-09-0.1135645592808D-08
-0.1359428708166D-08-0.1627130646383D-08-0.1947314984715D-08-0.2330198839171D-08
-0.2787969866150D-08-0.3335155663640D-08-0.3989065629346D-08-0.4770315472403D-08
-0.5703445516851D-08-0.6817647337960D-08-0.8147630111027D-08-0.9734625024965D-08
-0.1162758663694D-07-0.1388458171584D-07-0.1657443457776D-07-0.1977864023433D-07
-0.2359359706949D-07-0.2813320562639D-07-0.3353189442856D-07-0.3994809778017D-07
-0.4756829364458D-07-0.5661161623235D-07-0.6733515166895D-07-0.8003994508588D-07
-0.9507782028972D-07-0.1128590236302D-06-0.1338607799110D-06-0.1586367207209D-06
-0.1878272482296D-06-0.2221706642063D-06-0.2625150744530D-06-0.3098306839371D-06
-0.3652223220188D-06-0.4299415199812D-06-0.5053976486088D-06-0.5931669136906D-06
-0.6949982529313D-06-0.8128140742881D-06-0.9487041214457D-06-0.1104909218776D-05
-0.1283792012908D-05-0.1487789751931D-05-0.1719344731013D-05-0.1980805103200D-05
-0.2274289795793D-05-0.2601507518961D-05-0.2963521508613D-05-0.3360447117846D-05
-0.3791072441242D-05-0.4252386803781D-05-0.4739007690793D-05-0.5242490987164D-05
-0.5750519539188D-05-0.6245959862131D-05-0.6705793504155D-05-0.7099926461703D-05
-0.7389905730241D-05-0.7527571354941D-05-0.7453710130775D-05-0.7096775942524D-05
-0.6371792252917D-05-0.5179541720145D-05-0.3406205873720D-05-0.9235774804240D-06
 0.2409984686964D-05 0.6747795602273D-05 0.1225221205572D-04 0.1909129460573D-04
 0.2743501109811D-04 0.3745164950242D-04 0.4930529796752D-04 0.6315588565210D-04
 0.7916349020263D-04 0.9749938253657D-04 0.1183662064982D-03 0.1420302515438D-03
 0.1688678003145D-03 0.1994273293671D-03 0.2345066264882D-03 0.2752424984684D-03
 0.3232059893717D-03 0.3804942261776D-03 0.4498047945747D-03 0.5344800877233D-03
 0.6385082198708D-03 0.7664789348745D-03 0.9235029972085D-03 0.1115130764622D-02
 0.1347324835058D-02 0.1626573875333D-02 0.1960236495947D-02 0.2357203416241D-02
-0.1308914174192D-11-0.1565947301421D-11-0.1872443969907D-11-0.2240316344290D-11
-0.2680330707384D-11-0.3206183306741D-11-0.3836709843727D-11-0.4590280259404D-11
-0.5492497961396D-11-0.6573001727329D-11-0.7864978039121D-11-0.9413337491443D-11
-0.1126568176569D-10-0.1348350795622D-10-0.1613936071835D-10-0.1931997456093D-10
-0.2312751570210D-10-0.2768731802454D-10-0.3314807772743D-10-0.3968989358008D-10
-0.4752548753617D-10-0.5691265054940D-10-0.6815964867354D-10-0.8163602657674D-10
-0.9778660686757D-10-0.1171422535660D-09-0.1403453430791D-09-0.1681630174934D-09
-0.2015175086304D-09-0.2415195189160D-09-0.2895002794449D-09-0.3470600443230D-09
-0.4161275744738D-09-0.4990220025080D-09-0.5985299992596D-09-0.7180106845607D-09
-0.8615071257508D-09-0.1033892448602D-08-0.1241038804038D-08-0.1490027719376D-08
-0.1789401482040D-08-0.2149470356629D-08-0.2582685020281D-08-0.3104087336757D-08
-0.3731856398611D-08-0.4487978889902D-08-0.5399056673952D-08-0.6497297084309D-08
-0.7821704497236D-08-0.9419557564724D-08-0.1134817018086D-07-0.1367708544621D-07
-0.1649069717704D-07-0.1989150988983D-07-0.2400403506977D-07-0.2897963865397D-07
-0.3500234598583D-07-0.4229605178255D-07-0.5113315280302D-07-0.6184525622049D-07
-0.7483601733373D-07-0.9059702243173D-07-0.1097268081051D-06-0.1329543654062D-06
-0.1611672217371D-06-0.1954460377703D-06-0.2371059081265D-06-0.2877469758851D-06
-0.3493146995098D-06-0.4241734095592D-06-0.5151934773195D-06-0.6258570899917D-06
-0.7603830512239D-06-0.9238770619016D-06-0.1122507925042D-05-0.1363718112805D-05
-0.1656468539994D-05-0.2011528534864D-05-0.2441809821394D-05-0.2962758006427D-05
-0.3592799062529D-05-0.4353856884156D-05-0.5271937648949D-05-0.6377800411662D-05
-0.7707707766333D-05-0.9304282139390D-05-0.1121746132538D-04-0.1350559192654D-04
-0.1623665984941D-04-0.1948972598371D-04-0.2335658684817D-04-0.2794378577900D-04
-0.3337504945092D-04-0.3979437975585D-04-0.4736998321298D-04-0.5629944279269D-04
-0.6681649098021D-04-0.7920003545392D-04-0.9378602375006D-04-0.1109830833087D-03
-0.1312926891820D-03-0.1553349886204D-03-0.1838809307856D-03-0.2178916672002D-03
-0.2585651978358D-03-0.3073905101992D-03-0.3662078043632D-03-0.4372740112505D-03
-0.5233308734818D-03-0.6276748928571D-03-0.7542274288766D-03-0.9076088836314D-03
-0.1093222420438D-02-0.1317363861657D-02-0.1587378591421D-02-0.1911901031547D-02
-0.2301212522000D-02-0.2767762101752D-02-0.3326875265342D-02-0.3997665589497D-02
-0.1640284818620D-13-0.2081763442665D-13-0.2538737909828D-13-0.3253639470217D-13
-0.4113143593168D-13-0.5225346658080D-13-0.6653147430401D-13-0.8480646426837D-13
-0.1072405966274D-12-0.1370885078814D-12-0.1731434581664D-12-0.2206120064623D-12
-0.2804488830541D-12-0.3566756023770D-12-0.4534826512767D-12-0.5778797865419D-12
-0.7352370980469D-12-0.9350353031153D-12-0.1188616332558D-11-0.1512921397762D-11
-0.1925115457264D-11-0.2448523598467D-11-0.3114999077604D-11-0.3963496847482D-11
-0.5043285062125D-11-0.6413905409185D-11-0.8159637562524D-11-0.1038048770137D-10
-0.1320365280030D-10-0.1679490504672D-10-0.2136199303235D-10-0.2716790821339D-10
-0.3454998707109D-10-0.4393670324363D-10-0.5586731616298D-10-0.7103074299690D-10
-0.9030147978007D-10-0.1147874589445D-09-0.1458964898251D-09-0.1854113554136D-09
-0.2355960188189D-09-0.2993148224227D-09-0.3802047911153D-09-0.4828655841575D-09
-0.6131232567963D-09-0.7783499445497D-09-0.9878709682505D-09-0.1253471270362D-08
-0.1590042322156D-08-0.2016384764493D-08-0.2556218961223D-08-0.3239448987484D-08
-0.4103748390685D-08-0.5196537716481D-08-0.6577445468328D-08-0.8321379312094D-08
-0.1052234131127D-07-0.1329815329919D-07-0.1679630962222D-07-0.2120119037519D-07
-0.2674295496139D-07-0.3370843708310D-07-0.4245448392050D-07-0.5342420903504D-07
-0.6716671427984D-07-0.8436093268325D-07-0.1058442885195D-06-0.1326469632169D-06
-0.1660326179613D-06-0.2075464096974D-06-0.2590711692236D-06-0.3228924657443D-06
-0.4017731439810D-06-0.4990374993678D-06-0.6186648332876D-06-0.7653911854673D-06
-0.9448170752075D-06-0.1163517294322D-05-0.1429146975702D-05-0.1750535081661D-05
-0.2137753384366D-05-0.2602144295465D-05-0.3156286323511D-05-0.3813869475082D-05
-0.4589447186127D-05-0.5498024053332D-05-0.6554433494629D-05-0.7772454238652D-05
-0.9163614565686D-05-0.1073563679435D-04-0.1249048862372D-04-0.1442203258734D-04
-0.1651330752695D-04-0.1873353911457D-04-0.2103506566389D-04-0.2335048411181D-04
-0.2559046653086D-04-0.2764287149474D-04-0.2937395137856D-04-0.3063262977028D-04
-0.3125892780263D-04-0.3109762670715D-04-0.3001805415825D-04-0.2794042895082D-04
-0.2486835196476D-04-0.2092578125533D-04-0.1639511594552D-04-0.1175098775259D-04
-0.7682282624085D-05-0.5093291174244D-05-0.5074577083035D-05-0.8836052332581D-05
-0.1760024634186D-04-0.3246341253313D-04-0.5424664848355D-04-0.8337661797624D-04
-0.1198531273949D-03-0.1633712796326D-03-0.2136618766663D-03-0.2710841676212D-03
-0.1757384597793D-14-0.2080658615833D-14-0.3010752548954D-14-0.3890617333706D-14
-0.4623967003524D-14-0.6278601634752D-14-0.7880197480109D-14-0.1040160419389D-13
-0.1341064397706D-13-0.1701208913920D-13-0.2184650667610D-13-0.2745814964803D-13
-0.3542947307878D-13-0.4502808099877D-13-0.5703399198228D-13-0.7244519217922D-13
-0.9229238532172D-13-0.1176328523829D-12-0.1499034828848D-12-0.1905500677312D-12
-0.2424094776698D-12-0.3088819082072D-12-0.3930502865946D-12-0.4999584083411D-12
-0.6359609496008D-12-0.8097648307979D-12-0.1030038714812D-11-0.1310426265369D-11
-0.1666985330901D-11-0.2120489810128D-11-0.2697308584180D-11-0.3431123057378D-11
-0.4364099963608D-11-0.5550178988289D-11-0.7058232774085D-11-0.8974837464551D-11
-0.1141134135568D-10-0.1450793646373D-10-0.1844229308998D-10-0.2344096787061D-10
-0.2979036790296D-10-0.3785427984696D-10-0.4809324060448D-10-0.6109127140563D-10
-0.7758792409028D-10-0.9851978834094D-10-0.1250713214074D-09-0.1587410752564D-09
-0.2014238611870D-09-0.2555126999174D-09-0.3240304731641D-09-0.4107903160151D-09
-0.5206014042558D-09-0.6595206614121D-09-0.8351751965083D-09-0.1057157960347D-08
-0.1337521816309D-08-0.1691396304977D-08-0.2137750688354D-08-0.2700341108681D-08
-0.3408877660962D-08-0.4300466698244D-08-0.5421378090621D-08-0.6829218740177D-08
-0.8595576721356D-08-0.1080925009084D-07-0.1358014586480D-07-0.1704400062777D-07
-0.2136802844264D-07-0.2675767613338D-07-0.3346461791929D-07-0.4179618379279D-07
-0.5212633343749D-07-0.6490836709684D-07-0.8068938955834D-07-0.1001266399292D-06
-0.1240054634058D-06-0.1532588091040D-06-0.1889875457678D-06-0.2324809609862D-06
-0.2852358580224D-06-0.3489726158378D-06-0.4256451357230D-06-0.5174413232514D-06
-0.6267686720612D-06-0.7562189009934D-06-0.9085027836321D-06-0.1086345274273D-05
-0.1292327595641D-05-0.1528661546868D-05-0.1796877769319D-05-0.2097408248971D-05
-0.2429041026911D-05-0.2788224521460D-05-0.3168200196252D-05-0.3557944305569D-05
-0.3940908266326D-05-0.4293554521072D-05-0.4583705708548D-05-0.4768739993775D-05
-0.4793702316330D-05-0.4589422413704D-05-0.4070777570220D-05-0.3135252047418D-05
-0.1661971004470D-05 0.4886504536630D-06 0.3474575239767D-05 0.7471244413829D-05
 0.1267054014866D-04 0.1928051176895D-04 0.2752750960012D-04 0.3766325281498D-04
 0.4998062531510D-04 0.6484317367029D-04 0.8273470902577D-04 0.1043360244436D-03
 0.1306358511570D-03 0.1630810364746D-03 0.2037671668310D-03 0.2556637644290D-03
-0.4221037746989D-13-0.5377791450311D-13-0.6854225565220D-13-0.8678515148162D-13
-0.1105510271076D-12-0.1403123860062D-12-0.1789619507248D-12-0.2270881715790D-12
-0.2890183595087D-12-0.3680350199008D-12-0.4673628035141D-12-0.5949268980993D-12
-0.7568939958136D-12-0.9627542873761D-12-0.1225289723309D-11-0.1559201510044D-11
-0.1983501600599D-11-0.2523668509499D-11-0.3210621733669D-11-0.4085169932154D-11
-0.5197713014605D-11-0.6612405662624D-11-0.8412941959924D-11-0.1070284401765D-10
-0.1361656012390D-10-0.1732153632987D-10-0.2203527434011D-10-0.2802986812165D-10
-0.3565451312660D-10-0.4535029510430D-10-0.5767934849074D-10-0.7335554269396D-10
-0.9328581803026D-10-0.1186223320219D-09-0.1508271014019D-09-0.1917568388363D-09
-0.2437693644307D-09-0.3098543023595D-09-0.3938069662459D-09-0.5004380469410D-09
-0.6358487433997D-09-0.8077706988919D-09-0.1025999246967D-08-0.1302939494364D-08
-0.1654293562808D-08-0.2099928769480D-08-0.2664969754979D-08-0.3381170262318D-08
-0.4288639584065D-08-0.5438010120651D-08-0.6893150055340D-08-0.8734566258290D-08
-0.1106365447959D-07-0.1400801181600D-07-0.1772804882362D-07-0.2242522767216D-07
-0.2835228980826D-07-0.3582592845517D-07-0.4524246197151D-07-0.5709716272060D-07
-0.7200803508964D-07-0.9074497136055D-07-0.1142653854899D-06-0.1437576117089D-06
-0.1806935246614D-06-0.2268920756038D-06-0.2845955978405D-06-0.3565609354372D-06
-0.4461675580221D-06-0.5575449028416D-06-0.6957210406010D-06-0.8667945770320D-06
-0.1078131012639D-05-0.1338583987500D-05-0.1658740133227D-05-0.2051184324782D-05
-0.2530778651281D-05-0.3114944602350D-05-0.3823931682367D-05-0.4681049067515D-05
-0.5712826571361D-05-0.6949061107785D-05-0.8422689496053D-05-0.1016941523676D-04
-0.1222699694526D-04-0.1463409296083D-04-0.1742853615926D-04-0.2064490881524D-04
-0.2431127736837D-04-0.2844497113172D-04-0.3304731154634D-04-0.3809728467455D-04
-0.4354424061704D-04-0.4929989823802D-04-0.5523013459011D-04-0.6114738644731D-04
-0.6680481915036D-04-0.7189391205433D-04-0.7604748774184D-04-0.7885069478387D-04
-0.7986259434936D-04-0.7865103697420D-04-0.7484280737243D-04-0.6818983559803D-04
-0.5864985975637D-04-0.4647671310380D-04-0.3231082329788D-04-0.1725545302766D-04
-0.2918927871029D-05 0.8600621150957D-05 0.1481188262819D-04 0.1302667664439D-04
 0.6598521280999D-06-0.2438822012328D-04-0.6332363131233D-04-0.1161249132487D-03
-0.1814230789035D-03-0.2567570422524D-03-0.3393476062107D-03-0.4274529810863D-03
