bcc Te -- Hedin-Lundqvist LDA                                                   
INPUT  IT=115 SPIN=1 NTYPE=  2
 -3.400000  3.400000  3.400000
  3.400000 -3.400000  3.400000
  3.400000  3.400000 -3.400000
    1  435  2.195000  0.030000    1
  0.000000  0.000000  0.000000
 0.1039975886494D+03 0.1039975141617D+03 0.1039974373751D+03 0.1039973582187D+03
 0.1039972766191D+03 0.1039971925012D+03 0.1039971057873D+03 0.1039970163973D+03
 0.1039969242488D+03 0.1039968292567D+03 0.1039967313332D+03 0.1039966303880D+03
 0.1039965263279D+03 0.1039964190569D+03 0.1039963084759D+03 0.1039961944829D+03
 0.1039960769727D+03 0.1039959558367D+03 0.1039958309634D+03 0.1039957022373D+03
 0.1039955695397D+03 0.1039954327483D+03 0.1039952917366D+03 0.1039951463747D+03
 0.1039949965284D+03 0.1039948420594D+03 0.1039946828253D+03 0.1039945186791D+03
 0.1039943494694D+03 0.1039941750401D+03 0.1039939952303D+03 0.1039938098741D+03
 0.1039936188006D+03 0.1039934218334D+03 0.1039932187909D+03 0.1039930094859D+03
 0.1039927937252D+03 0.1039925713099D+03 0.1039923420348D+03 0.1039921056885D+03
 0.1039918620531D+03 0.1039916109037D+03 0.1039913520088D+03 0.1039910851297D+03
 0.1039908100203D+03 0.1039905264268D+03 0.1039902340877D+03 0.1039899327335D+03
 0.1039896220863D+03 0.1039893018596D+03 0.1039889717583D+03 0.1039886314778D+03
 0.1039882807044D+03 0.1039879191148D+03 0.1039875463756D+03 0.1039871621430D+03
 0.1039867660628D+03 0.1039863577698D+03 0.1039859368876D+03 0.1039855030282D+03
 0.1039850557916D+03 0.1039845947653D+03 0.1039841195245D+03 0.1039836296309D+03
 0.1039831246329D+03 0.1039826040649D+03 0.1039820674470D+03 0.1039815142845D+03
 0.1039809440673D+03 0.1039803562699D+03 0.1039797503502D+03 0.1039791257497D+03
 0.1039784818924D+03 0.1039778181849D+03 0.1039771340151D+03 0.1039764287524D+03
 0.1039757017464D+03 0.1039749523270D+03 0.1039741798030D+03 0.1039733834623D+03
 0.1039725625706D+03 0.1039717163710D+03 0.1039708440832D+03 0.1039699449030D+03
 0.1039690180012D+03 0.1039680625230D+03 0.1039670775875D+03 0.1039660622862D+03
 0.1039650156830D+03 0.1039639368126D+03 0.1039628246799D+03 0.1039616782594D+03
 0.1039604964936D+03 0.1039592782926D+03 0.1039580225326D+03 0.1039567280553D+03
 0.1039553936666D+03 0.1039540181355D+03 0.1039526001930D+03 0.1039511385310D+03
 0.1039496318007D+03 0.1039480786120D+03 0.1039464775316D+03 0.1039448270821D+03
 0.1039431257403D+03 0.1039413719360D+03 0.1039395640506D+03 0.1039377004152D+03
 0.1039357793095D+03 0.1039337989601D+03 0.1039317575386D+03 0.1039296531601D+03
 0.1039274838816D+03 0.1039252476998D+03 0.1039229425496D+03 0.1039205663019D+03
 0.1039181167617D+03 0.1039155916664D+03 0.1039129886831D+03 0.1039103054068D+03
 0.1039075393581D+03 0.1039046879808D+03 0.1039017486398D+03 0.1038987186181D+03
 0.1038955951149D+03 0.1038923752424D+03 0.1038890560237D+03 0.1038856343894D+03
 0.1038821071752D+03 0.1038784711188D+03 0.1038747228568D+03 0.1038708589217D+03
 0.1038668757384D+03 0.1038627696211D+03 0.1038585367700D+03 0.1038541732671D+03
 0.1038496750735D+03 0.1038450380246D+03 0.1038402578272D+03 0.1038353300547D+03
 0.1038302501433D+03 0.1038250133878D+03 0.1038196149373D+03 0.1038140497902D+03
 0.1038083127900D+03 0.1038023986203D+03 0.1037963017999D+03 0.1037900166776D+03
 0.1037835374272D+03 0.1037768580416D+03 0.1037699723277D+03 0.1037628739005D+03
 0.1037555561768D+03 0.1037480123698D+03 0.1037402354820D+03 0.1037322182995D+03
 0.1037239533846D+03 0.1037154330695D+03 0.1037066494489D+03 0.1036975943728D+03
 0.1036882594390D+03 0.1036786359856D+03 0.1036687150823D+03 0.1036584875233D+03
 0.1036479438181D+03 0.1036370741830D+03 0.1036258685324D+03 0.1036143164696D+03
 0.1036024072772D+03 0.1035901299075D+03 0.1035774729729D+03 0.1035644247351D+03
 0.1035509730951D+03 0.1035371055822D+03 0.1035228093430D+03 0.1035080711302D+03
 0.1034928772906D+03 0.1034772137536D+03 0.1034610660188D+03 0.1034444191432D+03
 0.1034272577289D+03 0.1034095659095D+03 0.1033913273368D+03 0.1033725251670D+03
 0.1033531420470D+03 0.1033331600992D+03 0.1033125609078D+03 0.1032913255029D+03
 0.1032694343460D+03 0.1032468673138D+03 0.1032236036828D+03 0.1031996221127D+03
 0.1031749006304D+03 0.1031494166130D+03 0.1031231467709D+03 0.1030960671309D+03
 0.1030681530182D+03 0.1030393790394D+03 0.1030097190643D+03 0.1029791462081D+03
 0.1029476328129D+03 0.1029151504301D+03 0.1028816698015D+03 0.1028471608408D+03
 0.1028115926159D+03 0.1027749333294D+03 0.1027371503011D+03 0.1026982099493D+03
 0.1026580777722D+03 0.1026167183307D+03 0.1025740952300D+03 0.1025301711022D+03
 0.1024849075892D+03 0.1024382653256D+03 0.1023902039229D+03 0.1023406819531D+03
 0.1022896569339D+03 0.1022370853138D+03 0.1021829224583D+03 0.1021271226371D+03
 0.1020696390116D+03 0.1020104236240D+03 0.1019494273869D+03 0.1018866000745D+03
 0.1018218903144D+03 0.1017552455814D+03 0.1016866121921D+03 0.1016159353011D+03
 0.1015431588986D+03 0.1014682258099D+03 0.1013910776959D+03 0.1013116550559D+03
 0.1012298972315D+03 0.1011457424126D+03 0.1010591276452D+03 0.1009699888406D+03
 0.1008782607863D+03 0.1007838771592D+03 0.1006867705395D+03 0.1005868724271D+03
 0.1004841132585D+03 0.1003784224258D+03 0.1002697282965D+03 0.1001579582341D+03
 0.1000430386202D+03 0.9992489487586D+02 0.9980345148447D+02 0.9967863201374D+02
 0.9955035913753D+02 0.9941855465681D+02 0.9928313951942D+02 0.9914403383816D+02
 0.9900115690679D+02 0.9885442721341D+02 0.9870376245088D+02 0.9854907952354D+02
 0.9839029455014D+02 0.9822732286208D+02 0.9806007899699D+02 0.9788847668700D+02
 0.9771242884156D+02 0.9753184752455D+02 0.9734664392583D+02 0.9715672832695D+02
 0.9696201006179D+02 0.9676239747216D+02 0.9655779785951D+02 0.9634811743337D+02
 0.9613326125840D+02 0.9591313320110D+02 0.9568763587899D+02 0.9545667061398D+02
 0.9522013739374D+02 0.9497793484338D+02 0.9472996021244D+02 0.9447610938004D+02
 0.9421627688405D+02 0.9395035597763D+02 0.9367823871946D+02 0.9339981610082D+02
 0.9311497821563D+02 0.9282361447535D+02 0.9252561387348D+02 0.9222086529845D+02
 0.9190925789659D+02 0.9159068147852D+02 0.9126502696520D+02 0.9093218685897D+02
 0.9059205572799D+02 0.9024453067919D+02 0.8988951179927D+02 0.8952690252873D+02
 0.8915660994195D+02 0.8877854489259D+02 0.8839262199971D+02 0.8799875943935D+02
 0.8759687853503D+02 0.8718690313515D+02 0.8676875880797D+02 0.8634237188239D+02
 0.8590766841721D+02 0.8546457315804D+02 0.8501300862751D+02 0.8455289441514D+02
 0.8408414680688D+02 0.8360667881517D+02 0.8312040069503D+02 0.8262522093608D+02
 0.8212104774086D+02 0.8160779088885D+02 0.8108536392613D+02 0.8055368651199D+02
 0.8001268683013D+02 0.7946230387193D+02 0.7890248951568D+02 0.7833321022500D+02
 0.7775444834186D+02 0.7716620283546D+02 0.7656848954832D+02 0.7596134084288D+02
 0.7534480475888D+02 0.7471894361908D+02 0.7408383226169D+02 0.7343955586193D+02
 0.7278620758586D+02 0.7212388605474D+02 0.7145269292496D+02 0.7077273056218D+02
 0.7008410017228D+02 0.6938690034182D+02 0.6868122639233D+02 0.6796717043571D+02
 0.6724482254081D+02 0.6651427276842D+02 0.6577561443492D+02 0.6502894813801D+02
 0.6427438678055D+02 0.6351206080177D+02 0.6274212367260D+02 0.6196475649674D+02
 0.6118017166570D+02 0.6038861419259D+02 0.5959036091056D+02 0.5878571641135D+02
 0.5797500677948D+02 0.5715857084042D+02 0.5633675128340D+02 0.5550988620937D+02
 0.5467830417974D+02 0.5384232288817D+02 0.5300225373113D+02 0.5215841057361D+02
 0.5131112310504D+02 0.5046075113417D+02 0.4960769934571D+02 0.4875242868573D+02
 0.4789546416422D+02 0.4703739642943D+02 0.4617887816334D+02 0.4532061391984D+02
 0.4446334552926D+02 0.4360783255557D+02 0.4275483048203D+02 0.4190506654728D+02
 0.4105921605018D+02 0.4021787923030D+02 0.3938156143864D+02 0.3855065672616D+02
 0.3772543730286D+02 0.3690604886195D+02 0.3609251377073D+02 0.3528474180608D+02
 0.3448254966831D+02 0.3368568834003D+02 0.3289387816747D+02 0.3210684952400D+02
 0.3132438656257D+02 0.3054636970446D+02 0.2977281080872D+02 0.2900387410093D+02
 0.2823987428060D+02 0.2748124644176D+02 0.2672848550764D+02 0.2598206380351D+02
 0.2524234115461D+02 0.2450949624790D+02 0.2378349519461D+02 0.2306411593921D+02
 0.2235101697476D+02 0.2164383657176D+02 0.2094229125757D+02 0.2024625910154D+02
 0.1955582910571D+02 0.1887132179341D+02 0.1819327705242D+02 0.1752242569342D+02
 0.1685964232173D+02 0.1620589746570D+02 0.1556220213849D+02 0.1492956187843D+02
 0.1430892890587D+02 0.1370116910540D+02 0.1310702916480D+02 0.1252712055188D+02
 0.1196190376471D+02 0.1141168931604D+02 0.1087663760363D+02 0.1035677440546D+02
 0.9852002500246D+01 0.9362127344008D+01 0.8886875027775D+01 0.8425923069089D+01
 0.7978918132917D+01 0.7545505820484D+01 0.7125341386551D+01 0.6718114043699D+01
 0.6323544565993D+01 0.5941397324439D+01 0.5571464412248D+01 0.5213566582596D+01
 0.4867525958545D+01 0.4533164478558D+01 0.4210277127584D+01 0.3898641411089D+01
 0.3598004380833D+01 0.3308111208897D+01 0.3028706985393D+01 0.2759576250276D+01
 0.2500546443108D+01 0.2251524295393D+01 0.2012495053299D+01 0.1783560700779D+01
 0.1564950461104D+01 0.1357073953280D+01 0.1160539844784D+01
    2  435  1.200000  0.030000    3
  0.000000  0.500000  0.500000
  0.500000  0.500000  0.000000
  0.500000  0.000000  0.500000
 0.1999995497370D+01 0.1999995360242D+01 0.1999995218938D+01 0.1999995073330D+01
 0.1999994923288D+01 0.1999994768677D+01 0.1999994609356D+01 0.1999994445184D+01
 0.1999994276011D+01 0.1999994101687D+01 0.1999993922053D+01 0.1999993736949D+01
 0.1999993546207D+01 0.1999993349656D+01 0.1999993147119D+01 0.1999992938414D+01
 0.1999992723353D+01 0.1999992501742D+01 0.1999992273381D+01 0.1999992038066D+01
 0.1999991795585D+01 0.1999991545718D+01 0.1999991288242D+01 0.1999991022924D+01
 0.1999990749527D+01 0.1999990467802D+01 0.1999990177498D+01 0.1999989878352D+01
 0.1999989570096D+01 0.1999989252452D+01 0.1999988925134D+01 0.1999988587847D+01
 0.1999988240288D+01 0.1999987882145D+01 0.1999987513093D+01 0.1999987132803D+01
 0.1999986740930D+01 0.1999986337123D+01 0.1999985921017D+01 0.1999985492240D+01
 0.1999985050403D+01 0.1999984595110D+01 0.1999984125951D+01 0.1999983642504D+01
 0.1999983144333D+01 0.1999982630990D+01 0.1999982102013D+01 0.1999981556926D+01
 0.1999980995238D+01 0.1999980416444D+01 0.1999979820022D+01 0.1999979205436D+01
 0.1999978572132D+01 0.1999977919541D+01 0.1999977247075D+01 0.1999976554128D+01
 0.1999975840077D+01 0.1999975104280D+01 0.1999974346073D+01 0.1999973564775D+01
 0.1999972759682D+01 0.1999971930069D+01 0.1999971075190D+01 0.1999970194275D+01
 0.1999969286532D+01 0.1999968351142D+01 0.1999967387264D+01 0.1999966394031D+01
 0.1999965370548D+01 0.1999964315894D+01 0.1999963229119D+01 0.1999962109246D+01
 0.1999960955267D+01 0.1999959766142D+01 0.1999958540801D+01 0.1999957278141D+01
 0.1999955977026D+01 0.1999954636284D+01 0.1999953254708D+01 0.1999951831055D+01
 0.1999950364043D+01 0.1999948852352D+01 0.1999947294620D+01 0.1999945689446D+01
 0.1999944035384D+01 0.1999942330946D+01 0.1999940574597D+01 0.1999938764756D+01
 0.1999936899794D+01 0.1999934978032D+01 0.1999932997740D+01 0.1999930957135D+01
 0.1999928854381D+01 0.1999926687583D+01 0.1999924454793D+01 0.1999922153999D+01
 0.1999919783130D+01 0.1999917340053D+01 0.1999914822567D+01 0.1999912228406D+01
 0.1999909555235D+01 0.1999906800648D+01 0.1999903962164D+01 0.1999901037228D+01
 0.1999898023206D+01 0.1999894917386D+01 0.1999891716971D+01 0.1999888419079D+01
 0.1999885020743D+01 0.1999881518901D+01 0.1999877910402D+01 0.1999874191996D+01
 0.1999870360336D+01 0.1999866411972D+01 0.1999862343349D+01 0.1999858150803D+01
 0.1999853830561D+01 0.1999849378732D+01 0.1999844791308D+01 0.1999840064158D+01
 0.1999835193026D+01 0.1999830173527D+01 0.1999825001140D+01 0.1999819671208D+01
 0.1999814178932D+01 0.1999808519366D+01 0.1999802687415D+01 0.1999796677827D+01
 0.1999790485190D+01 0.1999784103927D+01 0.1999777528294D+01 0.1999770752367D+01
 0.1999763770046D+01 0.1999756575043D+01 0.1999749160877D+01 0.1999741520872D+01
 0.1999733648148D+01 0.1999725535615D+01 0.1999717175965D+01 0.1999708561671D+01
 0.1999699684974D+01 0.1999690537880D+01 0.1999681112148D+01 0.1999671399291D+01
 0.1999661390559D+01 0.1999651076938D+01 0.1999640449136D+01 0.1999629497582D+01
 0.1999618212410D+01 0.1999606583455D+01 0.1999594600240D+01 0.1999582251970D+01
 0.1999569527522D+01 0.1999556415432D+01 0.1999542903886D+01 0.1999528980712D+01
 0.1999514633365D+01 0.1999499848919D+01 0.1999484614051D+01 0.1999468915035D+01
 0.1999452737725D+01 0.1999436067542D+01 0.1999418889464D+01 0.1999401188012D+01
 0.1999382947231D+01 0.1999364150683D+01 0.1999344781427D+01 0.1999324822005D+01
 0.1999304254426D+01 0.1999283060152D+01 0.1999261220076D+01 0.1999238714510D+01
 0.1999215523166D+01 0.1999191625135D+01 0.1999166998871D+01 0.1999141622169D+01
 0.1999115472147D+01 0.1999088525226D+01 0.1999060757104D+01 0.1999032142739D+01
 0.1999002656323D+01 0.1998972271263D+01 0.1998940960148D+01 0.1998908694737D+01
 0.1998875445920D+01 0.1998841183701D+01 0.1998805877167D+01 0.1998769494462D+01
 0.1998732002752D+01 0.1998693368205D+01 0.1998653555952D+01 0.1998612530058D+01
 0.1998570253491D+01 0.1998526688085D+01 0.1998481794508D+01 0.1998435532226D+01
 0.1998387859464D+01 0.1998338733169D+01 0.1998288108973D+01 0.1998235941147D+01
 0.1998182182565D+01 0.1998126784660D+01 0.1998069697375D+01 0.1998010869122D+01
 0.1997950246735D+01 0.1997887775417D+01 0.1997823398695D+01 0.1997757058365D+01
 0.1997688694440D+01 0.1997618245093D+01 0.1997545646605D+01 0.1997470833301D+01
 0.1997393737493D+01 0.1997314289419D+01 0.1997232417173D+01 0.1997148046648D+01
 0.1997061101457D+01 0.1996971502873D+01 0.1996879169751D+01 0.1996784018451D+01
 0.1996685962768D+01 0.1996584913847D+01 0.1996480780100D+01 0.1996373467127D+01
 0.1996262877622D+01 0.1996148911290D+01 0.1996031464747D+01 0.1995910431428D+01
 0.1995785701489D+01 0.1995657161702D+01 0.1995524695351D+01 0.1995388182125D+01
 0.1995247498003D+01 0.1995102515139D+01 0.1994953101747D+01 0.1994799121970D+01
 0.1994640435761D+01 0.1994476898746D+01 0.1994308362092D+01 0.1994134672364D+01
 0.1993955671387D+01 0.1993771196090D+01 0.1993581078357D+01 0.1993385144868D+01
 0.1993183216933D+01 0.1992975110326D+01 0.1992760635110D+01 0.1992539595455D+01
 0.1992311789456D+01 0.1992077008935D+01 0.1991835039251D+01 0.1991585659088D+01
 0.1991328640248D+01 0.1991063747433D+01 0.1990790738016D+01 0.1990509361814D+01
 0.1990219360841D+01 0.1989920469066D+01 0.1989612412154D+01 0.1989294907199D+01
 0.1988967662455D+01 0.1988630377050D+01 0.1988282740695D+01 0.1987924433382D+01
 0.1987555125073D+01 0.1987174475379D+01 0.1986782133222D+01 0.1986377736498D+01
 0.1985960911716D+01 0.1985531273634D+01 0.1985088424877D+01 0.1984631955547D+01
 0.1984161442813D+01 0.1983676450497D+01 0.1983176528635D+01 0.1982661213033D+01
 0.1982130024801D+01 0.1981582469873D+01 0.1981018038515D+01 0.1980436204809D+01
 0.1979836426124D+01 0.1979218142568D+01 0.1978580776424D+01 0.1977923731559D+01
 0.1977246392819D+01 0.1976548125405D+01 0.1975828274221D+01 0.1975086163206D+01
 0.1974321094636D+01 0.1973532348409D+01 0.1972719181302D+01 0.1971880826203D+01
 0.1971016491315D+01 0.1970125359335D+01 0.1969206586600D+01 0.1968259302216D+01
 0.1967282607136D+01 0.1966275573227D+01 0.1965237242295D+01 0.1964166625071D+01
 0.1963062700179D+01 0.1961924413049D+01 0.1960750674805D+01 0.1959540361117D+01
 0.1958292310998D+01 0.1957005325582D+01 0.1955678166840D+01 0.1954309556267D+01
 0.1952898173518D+01 0.1951442654998D+01 0.1949941592406D+01 0.1948393531234D+01
 0.1946796969208D+01 0.1945150354686D+01 0.1943452084997D+01 0.1941700504676D+01
 0.1939893903904D+01 0.1938030516386D+01 0.1936108517654D+01 0.1934126023091D+01
 0.1932081085916D+01 0.1929971695133D+01 0.1927795773394D+01 0.1925551174820D+01
 0.1923235682734D+01 0.1920847007360D+01 0.1918382783411D+01 0.1915840567670D+01
 0.1913217836436D+01 0.1910511982975D+01 0.1907720314830D+01 0.1904840051137D+01
 0.1901868319808D+01 0.1898802154713D+01 0.1895638492730D+01 0.1892374170813D+01
 0.1889005922901D+01 0.1885530376890D+01 0.1881944051411D+01 0.1878243352711D+01
 0.1874424571319D+01 0.1870483878857D+01 0.1866417324609D+01 0.1862220832283D+01
 0.1857890196511D+01 0.1853421079598D+01 0.1848809007975D+01 0.1844049368981D+01
 0.1839137407310D+01 0.1834068221871D+01 0.1828836762281D+01 0.1823437825872D+01
 0.1817866054280D+01 0.1812115930678D+01 0.1806181776538D+01 0.1800057749188D+01
 0.1793737838819D+01 0.1787215866490D+01 0.1780485481490D+01 0.1773540159910D+01
 0.1766373202484D+01 0.1758977733912D+01 0.1751346701293D+01 0.1743472874392D+01
 0.1735348844857D+01 0.1726967027628D+01 0.1718319661117D+01 0.1709398810046D+01
 0.1700196366809D+01 0.1690704055996D+01 0.1680913437211D+01 0.1670815911668D+01
 0.1660402726654D+01 0.1649664984638D+01 0.1638593649733D+01 0.1627179559668D+01
 0.1615413434672D+01 0.1603285892803D+01 0.1590787461567D+01 0.1577908597289D+01
 0.1564639699802D+01 0.1550971136454D+01 0.1536893260464D+01 0.1522396440202D+01
 0.1507471081569D+01 0.1492107663539D+01 0.1476296765087D+01 0.1460029107657D+01
 0.1443295587309D+01 0.1426087325300D+01 0.1408395705719D+01 0.1390212435269D+01
 0.1371529587338D+01 0.1352339672041D+01 0.1332635687038D+01 0.1312411199708D+01
 0.1291660405417D+01 0.1270378222897D+01 0.1248560360980D+01 0.1226203429505D+01
 0.1203305014585D+01 0.1179863807326D+01 0.1155879689200D+01 0.1131353880492D+01
 0.1106289037003D+01 0.1080689422019D+01 0.1054561014513D+01 0.1027911709502D+01
 0.1000751439552D+01 0.9730924072322D+00 0.9449492233788D+00 0.9163391776081D+00
 0.8872823950566D+00 0.8578021544144D+00 0.8279250672013D+00 0.7976814519871D+00
 0.7671055435726D+00 0.7362359370052D+00 0.7051158331402D+00 0.6737935732480D+00
 0.6423229332067D+00 0.6107637711048D+00 0.5791823906292D+00 0.5476523351523D+00
 0.5162548418465D+00 0.4850798299498D+00 0.4542264784993D+00 0.4238044591878D+00
 0.3939346814305D+00 0.3647508365538D+00 0.3364003516212D+00 0.3090463304540D+00
 0.2828687779430D+00 0.2580670355978D+00 0.2348613708522D+00
  255
-0.6648241174934D+00-0.1286495235051D-33-0.2700836406782D+01-0.6610265603452D-16
-0.7562062564703D+00 0.4067721448280D-17 0.2410947940270D+01 0.1255811889876D-15
 0.7419107429145D+00-0.3507483032266D-17 0.3592296348427D+01-0.1158671110744D-15
 0.8183683386878D+00-0.8983282490832D-17 0.6876037034597D+01-0.4384302106945D-16
 0.6311742981343D+00 0.1161343338617D-16 0.2987556057442D+01 0.1560145195123D-15
 0.1501944860775D+01-0.2535900002165D-16 0.2212244130746D+01 0.1108856075852D-16
 0.2473241042589D+01-0.1216091592963D-16 0.1829692792351D+01-0.1468373123271D-16
 0.3958702891255D+01 0.1089442783961D-15 0.1979494007900D+01-0.9573629697526D-16
 0.3109937698612D+01-0.1212970761199D-15 0.5663020168598D+00-0.6198474051359D-17
 0.1199969303062D+01 0.2957505703781D-16 0.1199449753837D+01-0.2916966781668D-16
 0.8657000704104D+00-0.2958034570722D-16 0.2134793366359D+00 0.1459354799361D-16
 0.1835085929660D+01-0.2994229337678D-16 0.9073871744630D+00 0.1056059857541D-15
 0.6427596464358D+00 0.3247702761003D-16 0.1382648184647D+01-0.2051146122782D-16
 0.4774665476401D+00 0.1205812050502D-16 0.1028224341835D+01 0.1075185566000D-15
 0.1172080204157D+00-0.1371691496255D-16 0.7727638314516D+00 0.9912420174486D-17
 0.1925364797058D+00 0.3070947336916D-17 0.3765271807669D+00-0.6417267450889D-16
 0.2498397004590D+00-0.6847260680728D-18 0.2831989751139D+00 0.3193228661232D-16
 0.2855813192096D+00 0.8674617122779D-17 0.5558078643931D+00-0.9900552109053D-16
 0.3568325685365D+00-0.2516820723275D-16 0.2037123813815D+00-0.2248819138677D-16
 0.2978457342179D+00-0.3255407095831D-16 0.3024614309526D+00 0.1804323162928D-16
 0.2055407811514D-01 0.1088725482334D-16 0.1114919326814D+00 0.1065329165187D-16
 0.2155705231639D+00-0.4579847133909D-16 0.1062217633556D+00 0.5291788628740D-16
 0.5787276618379D-01-0.2502714886475D-16 0.5461723112665D-01 0.2990530003564D-16
 0.1592769172963D+00 0.1983643667021D-16 0.3531902363967D-01 0.1876934257321D-16
 0.1861304297927D-01-0.2983408326574D-17 0.1126646074425D+00-0.1133453060332D-16
 0.1100757310009D+00 0.5956182798748D-16 0.5651668538877D-01 0.6300404050995D-17
 0.2341628040567D-01-0.1232967288585D-16 0.8110831480107D-01 0.1305534479733D-16
 0.1313524078027D-01 0.8152671308863D-17 0.2833154635962D-01 0.1784378251852D-16
 0.2642855757218D-01-0.3146426543465D-16 0.1396173428557D-01 0.3463149939582D-17
 0.2123199653203D-01 0.7559665798146D-17 0.4125739174711D-01-0.1235919429810D-16
 0.3851421823876D-01-0.5106863081805D-16 0.3576911288707D-02-0.1871133242965D-16
 0.3015839503087D-01 0.1153155290614D-16 0.2932747348633D-01 0.1558171111332D-16
 0.1409805981074D-01-0.1303264282684D-16 0.2150259038301D-01-0.4994928409701D-18
 0.2054378503817D-01-0.2058321164434D-16-0.7827697951480D-03-0.6875364687981D-17
 0.1546174401685D-01 0.1165270335472D-16 0.1514999387368D-01-0.2737595624313D-16
 0.3879597954367D-02 0.4250984091384D-17-0.1632093621704D-02-0.6738196501194D-18
-0.6709827149614D-03 0.4894438517483D-17 0.5717497611416D-02 0.7607237904167D-17
 0.4827616002959D-02 0.1876374318756D-16-0.3860404351952D-02-0.7131257936923D-17
-0.2534651181438D-02 0.1444719183008D-16 0.8420356638263D-02-0.1010509466309D-16
 0.4203045628984D-02 0.1081413485279D-17-0.6202794898900D-03-0.4534463281704D-17
-0.2306628696540D-02 0.1024906674209D-16 0.6577290459134D-02 0.6557158063318D-17
 0.6402051467753D-02 0.2498478259340D-17 0.5850420081954D-02 0.2117840070751D-16
 0.2509242382815D-02 0.3062763188699D-17 0.2515643325225D-02 0.5133283972360D-17
 0.4892425217936D-02-0.1487583296828D-17-0.3264201915156D-02-0.1342542347153D-16
-0.1777257096163D-02 0.5531532935020D-17 0.1826739630046D-02 0.6053436829158D-17
 0.3815334709066D-02-0.9628639302599D-17-0.3007189890978D-02 0.6413245574572D-17
 0.3099911097299D-02 0.2446402748009D-17 0.3080170787962D-02 0.9415909594931D-18
 0.1388501861844D-02-0.9510040701571D-17 0.2462611939832D-02-0.3041489637534D-17
 0.2317444968853D-02 0.5713179093321D-17 0.2290466428073D-02-0.1531940594219D-16
-0.4954591656500D-03-0.2863398386200D-18 0.9940300594027D-03 0.2967834067294D-17
 0.9419005456926D-03-0.4178134889016D-17-0.8404743418616D-03-0.2359348970440D-18
-0.7894092463118D-03-0.1551756160631D-17 0.8209841443737D-03 0.2229427976234D-17
 0.1519027961329D-02 0.3460803642012D-17 0.1636336612507D-02 0.5101632774347D-17
 0.1535130512332D-02-0.6570666876979D-17-0.6280925796942D-03-0.4778393049709D-17
-0.6855580901810D-03 0.8904374784061D-18 0.1326047807567D-02 0.1945258057580D-17
 0.1203959518397D-02-0.7781594261090D-17-0.1075050201746D-02 0.6509033348543D-19
 0.1068439391676D-02 0.1282675430052D-17-0.3891560006526D-03-0.2356107517293D-17
-0.6497898257504D-04 0.1038924525106D-17 0.8526018626083D-03 0.2991724133767D-17
 0.7469156572191D-03-0.3069104405069D-17 0.8242181706148D-03-0.2011862215108D-17
 0.3742598037076D-03-0.1982031616223D-18 0.4899608950151D-03 0.3488323798733D-17
-0.2358943070309D-03 0.3003866350368D-17 0.3016754523420D-03 0.5831222696425D-18
 0.5744348750005D-03-0.2024426251968D-18 0.5813124334031D-03 0.7438954897721D-19
-0.5126778149504D-03-0.1795936993578D-17-0.2042454998841D-03 0.2100038346277D-17
 0.4875592670669D-03-0.5199029861060D-18 0.4951921720483D-03 0.3446776553633D-17
 0.3241007396042D-03 0.2139440710187D-18 0.2769329552350D-03-0.2112870209450D-17
-0.1551059540824D-03 0.1028915312538D-17 0.1082928498386D-03 0.4147130709997D-18
 0.1964471446234D-03 0.3837414853980D-19 0.1075534435611D-03 0.7889117430806D-18
 0.6141172870208D-04 0.3722087508553D-18-0.1316113392007D-03-0.1159918986544D-17
-0.2523473291181D-03 0.1236340566526D-17-0.1300365698338D-03 0.3945473791167D-19
 0.1345401604650D-03 0.8346310048417D-18 0.1083696751675D-03-0.6535934130460D-18
 0.7357550236357D-04 0.5549424979862D-18-0.2069207504234D-03-0.2116078911581D-18
 0.4907580295073D-04 0.1945095847898D-18 0.3591208185470D-04 0.5570498920969D-18
 0.1848164058368D-04 0.2467438745563D-18 0.8305007406025D-04-0.7546500813051D-18
-0.8104215822464D-04-0.4090330825711D-18-0.2451110180607D-05 0.1194536075644D-18
-0.1022472999290D-04 0.3249311687993D-18 0.3983700608367D-04-0.9236508148219D-18
-0.6653440964574D-04 0.7068522285318D-19-0.2655193417175D-04 0.1342575468201D-18
-0.4787497547843D-04 0.1475141967613D-18-0.1961426330484D-04-0.1683582180769D-18
-0.1138041367753D-03-0.1525600235502D-18-0.5682292195003D-04 0.5442402193619D-19
-0.7290675887167D-04 0.8335384413687D-20-0.8895064514557D-04-0.2943952979083D-19
-0.7895257808476D-04-0.9003207878441D-19-0.8302224967516D-04-0.2735565056171D-20
-0.9416684378144D-04-0.5490093533418D-19-0.1047255371652D-03 0.6483317593422D-19
-0.1040611262582D-03 0.1295228996422D-18-0.1160999439002D-03 0.3652390233221D-19
-0.9153543522369D-05 0.9114205035576D-19-0.1173785963423D-03-0.1933589523517D-18
-0.5021269480587D-04-0.4725339012450D-19-0.1108496176012D-03 0.1280933041734D-18
-0.1100614203140D-03 0.3075756735562D-18-0.1037721647950D-03-0.2748343973207D-19
-0.5730336755241D-04 0.4525553930971D-19-0.1836323426078D-04 0.7406721329928D-19
-0.9960138728611D-05-0.9005889250434D-19-0.5323932789730D-04-0.6807591840853D-19
-0.5650132076785D-04-0.1818360772309D-18-0.1071115656391D-03 0.9867330058436D-19
-0.7695769669792D-04-0.3646197477870D-18-0.9593112364918D-05 0.6639275779269D-18
-0.4034682619286D-05-0.1216630737920D-19-0.2993883766260D-04-0.3861240289430D-18
-0.9105944342841D-04-0.3932321182338D-19-0.5162450708767D-04-0.2033824033460D-18
 0.1478445504361D-05 0.3628176179950D-19-0.1830666882914D-04-0.3828218317958D-18
-0.8558312393426D-04-0.3194397663199D-18-0.8755769379478D-04-0.6681084777213D-19
-0.9023875851341D-04-0.4461491415297D-18-0.8157100189683D-04 0.6035571903295D-18
-0.1207535676663D-03-0.6950602939810D-18 0.1402264560338D-04-0.8396395781806D-19
-0.7186908564974D-04-0.6697240436095D-19-0.7353311153165D-04 0.8182145425802D-19
 0.3957799638067D-04-0.4341204181091D-19 0.4135427285501D-05-0.3503387204051D-18
-0.5829388108875D-04 0.3927621547472D-18-0.4045866744746D-04-0.2820358476360D-18
 0.2256952181973D-04 0.2156136262492D-18 0.2466120060281D-04 0.2124735817417D-18
 0.2363019128546D-04-0.6011943649031D-18-0.4548537647098D-04-0.5172238939313D-19
-0.4562853520092D-04-0.4834941954998D-18-0.2118017269459D-04-0.1169891385687D-18
-0.3274321189856D-04-0.2377584980432D-18-0.2549164779386D-04 0.3046902573645D-18
-0.4269837267246D-04-0.3904767091154D-18 0.6170207333561D-04 0.2681778260521D-18
-0.5189574585891D-05-0.1994499794895D-18-0.1386109598147D-04 0.1560712188899D-18
-0.2776207759351D-04 0.4746321483586D-18 0.3781545594578D-04 0.4777189841015D-18
 0.2561226973383D-04-0.1594941954750D-18-0.3899120806777D-05-0.1995518056578D-18
-0.1795814257562D-04 0.2556406378997D-19-0.6466593449386D-05 0.1543808066180D-18
-0.2078901352423D-04-0.2645643951420D-18-0.3196075037833D-04 0.8715240500625D-18
 0.3079310342153D-04-0.1979727588631D-18-0.2558012085936D-05-0.2633176407260D-18
-0.9545212278199D-05-0.2230992763587D-18-0.1067895101608D-05 0.8863456210348D-19
 0.4764907408834D-06 0.4174801622696D-18-0.7396724256721D-05 0.2890925287536D-18
 0.3615297331105D-04 0.3298266305722D-18 0.5983124138762D-04-0.2806934960715D-18
 0.1981875822464D-05-0.3791515786591D-18-0.4751328568870D-05 0.5163519235301D-18
 0.9993939815516D-06-0.2554350518394D-19 0.4880113426923D-05 0.2103728606926D-18
 0.2144952468834D-05-0.8347426224934D-19 0.4178802018333D-05 0.6284068987887D-18
 0.5738329939117D-04 0.4404738967832D-18 0.3229585019447D-04-0.5619870709864D-19
 0.9426843491908D-05-0.2774776602464D-19 0.1234336341332D-05-0.4495489056503D-19
 0.4304191873733D-05-0.1542462271171D-18 0.7085974709620D-05-0.4700040241158D-19
 0.4924415896320D-04-0.4459434575481D-19 0.5701155193466D-04-0.1983806822328D-19
 0.7552200414579D-05 0.3157359897345D-20 0.8943728017251D-05 0.3431561289847D-18
 0.4364116603451D-05-0.1202287732818D-18 0.5468999187619D-05 0.6299411109448D-19
 0.4331259334275D-05-0.1475201878711D-18 0.6675921037326D-05-0.2019385764973D-19
 0.6782836761315D-05-0.2166216567583D-18 0.1037754457868D-04 0.1038335009041D-18
 0.6050963170969D-05-0.6432942770204D-19 0.5040176168051D-05-0.5328487100952D-20
 0.2498789711628D-05-0.1112205366256D-18 0.8249565619426D-05-0.2339679551735D-18
 0.3394198417229D-04 0.1272320236683D-18 0.1745809644197D-04-0.6333904054763D-19
 0.2216678219609D-04-0.2050567404538D-18 0.2263100659400D-05-0.6417661482456D-19
 0.9351224645543D-05 0.2860493253627D-18
    1
    1    1  120    3
 0.2283882637342D-03 0.2507709980964D-03 0.2744256962369D-03 0.2996539079389D-03
 0.3263430835405D-03 0.3544543693828D-03 0.3839111487648D-03 0.4146101659834D-03
 0.4464062814670D-03 0.4791181234792D-03 0.5125242979023D-03 0.5463581625494D-03
 0.5803127823137D-03 0.6140361574887D-03 0.6471407334488D-03 0.6792025026354D-03
 0.7097777129904D-03 0.7384086313045D-03 0.7646507292877D-03 0.7880878946019D-03
 0.8083725777161D-03 0.8252512620112D-03 0.8386160722627D-03 0.8485347243185D-03
 0.8553025813602D-03 0.8594587823995D-03 0.8618132758920D-03 0.8634172473348D-03
 0.8655313996382D-03 0.8695221001340D-03 0.8767577706687D-03 0.8884435974814D-03
 0.9054906694860D-03 0.9283657223630D-03 0.9570260309111D-03 0.9908758194485D-03
 0.1028829473326D-02 0.1069394127307D-02 0.1110830249366D-02 0.1151292361022D-02
 0.1189000976738D-02 0.1222358977464D-02 0.1250071107302D-02 0.1271198619908D-02
 0.1285213158642D-02 0.1291995152062D-02 0.1291837428166D-02 0.1285406911497D-02
 0.1273716007915D-02 0.1258062888530D-02 0.1239981261377D-02 0.1221165878003D-02
 0.1203404837971D-02 0.1188491760510D-02 0.1178141457479D-02 0.1173889617477D-02
 0.1176993899793D-02 0.1188327338648D-02 0.1208274796577D-02 0.1236641943426D-02
 0.1272581323318D-02 0.1314572953748D-02 0.1360461871098D-02 0.1407621209033D-02
 0.1453227320289D-02 0.1494715276785D-02 0.1530315729156D-02 0.1559653334086D-02
 0.1584147043328D-02 0.1607125097526D-02 0.1633428073457D-02 0.1668665564930D-02
 0.1718221644074D-02 0.1786447467673D-02 0.1876123816834D-02 0.1988418907091D-02
 0.2123097328405D-02 0.2279000772163D-02 0.2454473543638D-02 0.2647829330872D-02
 0.2857611272339D-02 0.3082843548732D-02 0.3323070212980D-02 0.3578406856706D-02
 0.3849404763593D-02 0.4136944393075D-02 0.4441954143765D-02 0.4765157199110D-02
 0.5106647202995D-02 0.5465473977487D-02 0.5839053406173D-02 0.6222574948802D-02
 0.6608219365421D-02 0.6984377361964D-02 0.7334676537200D-02 0.7637043935248D-02
 0.7862618176785D-02 0.7974787836602D-02 0.7928208233862D-02 0.7668099296531D-02
 0.7129745917788D-02 0.6238427486690D-02 0.4909699302940D-02 0.3050012103268D-02
 0.5574336476943D-03-0.2678019417329D-02-0.6774740664405D-02-0.1186153743785D-01
-0.1808100925744D-01-0.2559538432442D-01-0.3459328909821D-01-0.4529883008307D-01
-0.5798036274760D-01-0.7296155252114D-01-0.9063123561835D-01-0.1114559674038D+00
-0.1359900213782D+00-0.1648873304528D+00-0.1989087050784D+00-0.2389317777525D+00
 0.5933773160470D-08 0.7007779862738D-08 0.8251526014705D-08 0.9700757460193D-08
 0.1138353897636D-07 0.1333500588559D-07 0.1559363317364D-07 0.1820285485622D-07
 0.2121009464603D-07 0.2466801115080D-07 0.2863390119039D-07 0.3317019046806D-07
 0.3834388822107D-07 0.4422669567344D-07 0.5089407441165D-07 0.5842510404984D-07
 0.6690080684328D-07 0.7640373771054D-07 0.8701581632084D-07 0.9881759303853D-07
 0.1118859244026D-06 0.1262938718300D-06 0.1421090656915D-06 0.1593962375943D-06
 0.1782185289886D-06 0.1986459751316D-06 0.2207636873504D-06 0.2446906224027D-06
 0.2705977811504D-06 0.2987387283843D-06 0.3294744653868D-06 0.3633063851215D-06
 0.4008910603009D-06 0.4430536748237D-06 0.4907682890408D-06 0.5451331042772D-06
 0.6073085744695D-06 0.6784609719652D-06 0.7596779911981D-06 0.8519078916340D-06
 0.9558774626056D-06 0.1072045095135D-05 0.1200528025619D-05 0.1341065183297D-05
 0.1492942345959D-05 0.1654951262176D-05 0.1825296890717D-05 0.2001542474874D-05
 0.2180490400191D-05 0.2358110753410D-05 0.2529398877499D-05 0.2688298183013D-05
 0.2827551701342D-05 0.2938654695954D-05 0.3011749164066D-05 0.3035688768459D-05
 0.2998093841704D-05 0.2885702977760D-05 0.2684830501204D-05 0.2382335118852D-05
 0.1966878342783D-05 0.1430961482275D-05 0.7733578999171D-06 0.2301538363310D-08
-0.8614917435502D-06-0.1782189636764D-05-0.2708469711257D-05-0.3576015503513D-05
-0.4314525831989D-05-0.4857845715312D-05-0.5155795853916D-05-0.5183280920248D-05
-0.4944632978582D-05-0.4471138773767D-05-0.3814436275056D-05-0.3037537288053D-05
-0.2207508451733D-05-0.1390233569577D-05-0.6489873586890D-06-0.4523689413001D-07
 0.3576095361804D-06 0.4891484938340D-06 0.2644900284499D-06-0.4245747555897D-06
-0.1721577796596D-05-0.3819899846483D-05-0.6982291602636D-05-0.1156518652048D-04
-0.1805103390113D-04-0.2708889617731D-04-0.3954764852233D-04-0.5658251972855D-04
-0.7972055689115D-04-0.1109664418796D-03-0.1529352417453D-03-0.2090141231800D-03
-0.2835598292301D-03-0.3821340276194D-03-0.5117816039111D-03-0.6813536622195D-03
-0.9018752293120D-03-0.1186962107582D-02-0.1553282917457D-02-0.2021084973087D-02
-0.2614789277596D-02-0.3363723344481D-02-0.4303022956836D-02-0.5474863541420D-02
-0.6930059790988D-02-0.8730281145824D-02-0.1095084501467D-01-0.1368438171627D-01
-0.1704518118217D-01-0.2117462208705D-01-0.2624740609686D-01-0.3247930852839D-01
-0.4013619086724D-01-0.4954533636510D-01-0.6110867156631D-01-0.7531907319427D-01
 0.4846102508268D-09 0.5816239927414D-09 0.6969882786287D-09 0.8341959856894D-09
 0.9975222252328D-09 0.1192121396889D-08 0.1424288388327D-08 0.1701491103340D-08
 0.2032919748511D-08 0.2429608368241D-08 0.2904758843359D-08 0.3474345783921D-08
 0.4157416063023D-08 0.4976704764980D-08 0.5958977838380D-08 0.7135767635782D-08
 0.8543375184591D-08 0.1022335072805D-07 0.1222195158627D-07 0.1458940875454D-07
 0.1737797737154D-07 0.2063900563932D-07 0.2441805419113D-07 0.2874868064917D-07
 0.3364348617793D-07 0.3908482225188D-07 0.4501356437942D-07 0.5132082546683D-07
 0.5784165503573D-07 0.6435726761000D-07 0.7060395202839D-07 0.7629394902578D-07
 0.8114155838590D-07 0.8489557594551D-07 0.8736642050673D-07 0.8844773162840D-07
 0.8812262750187D-07 0.8645996767867D-07 0.8359693209547D-07 0.7971845858841D-07
 0.7503253210771D-07 0.6975097696660D-07 0.6407242045472D-07 0.5817351025308D-07
 0.5220277391164D-07 0.4628047871374D-07 0.4049917378777D-07 0.3492729936308D-07
 0.2961166682697D-07 0.2458074654482D-07 0.1984635637775D-07 0.1540483252226D-07
 0.1123626528875D-07 0.7302629680928D-08 0.3543768629728D-08-0.1282276393050D-09
-0.3836902392701D-08-0.7750793039269D-08-0.1209396853400D-07-0.1715580110920D-07
-0.2329689911322D-07-0.3094632335080D-07-0.4058307308242D-07-0.5269517645796D-07
-0.6771400483475D-07-0.8593384023896D-07-0.1074479862839D-06-0.1321564031181D-06
-0.1599041965352D-06-0.1907784743345D-06-0.2255126613653D-06-0.2658830357401D-06
-0.3149647304069D-06-0.3772109684749D-06-0.4584101337584D-06-0.5656690100168D-06
-0.7075278616291D-06-0.8943054171433D-06-0.1138675496239D-05-0.1456525767617D-05
-0.1868098118902D-05-0.2399519000163D-05-0.3084793788962D-05-0.3968474425394D-05
-0.5109184159308D-05-0.6584342005902D-05-0.8496443353513D-05-0.1098144750718D-04
-0.1421990631597D-04-0.1845172050124D-04-0.2399561548919D-04-0.3127477913815D-04
-0.4085048706142D-04-0.5346610214382D-04-0.7010446637957D-04-0.9206262421513D-04
-0.1210487114920D-03-0.1593073463996D-03-0.2097807695784D-03-0.2763152478013D-03
-0.3639226696561D-03-0.4791114613539D-03-0.6303009158256D-03-0.8283435399792D-03
-0.1087182851442D-02-0.1424700621591D-02-0.1863815358386D-02-0.2433945009598D-02
-0.3172946322157D-02-0.4129714994678D-02-0.5367597246538D-02-0.6968860698897D-02
-0.9040415284355D-02-0.1172116588435D-01-0.1519137030554D-01-0.1968476527894D-01
-0.2550428849510D-01-0.3304276359032D-01-0.4280988947486D-01-0.5546747958831D-01
    2    2  120    8
 0.3672108405081D-03 0.3899245374222D-03 0.4140472931845D-03 0.4396661648344D-03
 0.4668745869589D-03 0.4957710923746D-03 0.5264610821709D-03 0.5590557834523D-03
 0.5936741985515D-03 0.6304419308907D-03 0.6694933389782D-03 0.7109702631729D-03
 0.7550244594633D-03 0.8018161125533D-03 0.8515166416986D-03 0.9043070202285D-03
 0.9603808913691D-03 0.1019942732384D-02 0.1083211383445D-02 0.1150417905841D-02
 0.1221809649228D-02 0.1297647833786D-02 0.1378212069957D-02 0.1463797718902D-02
 0.1554721013010D-02 0.1651315981689D-02 0.1753940353030D-02 0.1862972087548D-02
 0.1978815942717D-02 0.2101899692429D-02 0.2232681568279D-02 0.2371645864167D-02
 0.2519311514479D-02 0.2676227145529D-02 0.2842980628554D-02 0.3020193689917D-02
 0.3208532749343D-02 0.3408702664438D-02 0.3621459231205D-02 0.3847602153519D-02
 0.4087988985647D-02 0.4343527489140D-02 0.4615191468304D-02 0.4904011920232D-02
 0.5211095309127D-02 0.5537613643433D-02 0.5884824897167D-02 0.6254062248954D-02
 0.6646757309533D-02 0.7064427693097D-02 0.7508703855163D-02 0.7981315193219D-02
 0.8484119990863D-02 0.9019090715369D-02 0.9588347812253D-02 0.1019414275653D-01
 0.1083889751541D-01 0.1152518530889D-01 0.1225577488947D-01 0.1303361028122D-01
 0.1386186089175D-01 0.1474389840035D-01 0.1568335477068D-01 0.1668409680543D-01
 0.1775029121038D-01 0.1888637761065D-01 0.2009714295980D-01 0.2138769067789D-01
 0.2276352698373D-01 0.2423052689794D-01 0.2579503140651D-01 0.2746381246191D-01
 0.2924418340508D-01 0.3114395911809D-01 0.3317158541381D-01 0.3533609484021D-01
 0.3764725195148D-01 0.4011550975454D-01 0.4275217528130D-01 0.4556935884297D-01
 0.4858016894523D-01 0.5179865766196D-01 0.5524003839995D-01 0.5892063348269D-01
 0.6285812440826D-01 0.6707148993551D-01 0.7158129892297D-01 0.7640964615169D-01
 0.8158047945411D-01 0.8711953998460D-01 0.9305473711218D-01 0.9941607653400D-01
 0.1062360986833D+00 0.1135498018158D+00 0.1213951355367D+00 0.1298129180154D+00
 0.1388474120375D+00 0.1485462168554D+00 0.1589609283785D+00 0.1701470330121D+00
 0.1821646392080D+00 0.1950783667284D+00 0.2089581886931D+00 0.2238792984182D+00
 0.2399230698238D+00 0.2571769391474D+00 0.2757354757683D+00 0.2957002793589D+00
 0.3171812223873D+00 0.3402963328381D+00 0.3651732227965D+00 0.3919490054905D+00
 0.4207718768738D+00 0.4518010548584D+00 0.4852085751372D+00 0.5211792232730D+00
 0.5599125828935D+00 0.6016231029509D+00 0.6465425373950D+00 0.6949204045970D+00
-0.3140909365973D-07-0.3540619858028D-07-0.3991272507731D-07-0.4499361835952D-07
-0.5072216167016D-07-0.5718095520185D-07-0.6446317828201D-07-0.7267386359778D-07
-0.8193149326451D-07-0.9236963423251D-07-0.1041389486970D-06-0.1174092889265D-06
-0.1323722454185D-06-0.1492438177730D-06-0.1682676569074D-06-0.1897184516122D-06
-0.2139060666209D-06-0.2411798425029D-06-0.2719338665064D-06-0.3066124308584D-06
-0.3457167505457D-06-0.3898119091790D-06-0.4395353922376D-06-0.4956059354264D-06
-0.5588343940524D-06-0.6301349605771D-06-0.7105390356457D-06-0.8012095069646D-06
-0.9034583655798D-06-0.1018764900094D-05-0.1148798110051D-05-0.1295439890827D-05
-0.1460813485534D-05-0.1647313080994D-05-0.1857640031724D-05-0.2094840422372D-05
-0.2362351269979D-05-0.2664048364245D-05-0.3004305062570D-05-0.3388053155689D-05
-0.3820857869609D-05-0.4308995210952D-05-0.4859547563489D-05-0.5480502386141D-05
-0.6180873653596D-05-0.6970827761199D-05-0.7861838327848D-05-0.8866846593677D-05
-0.1000045855661D-04-0.1127914949322D-04-0.1272151566738D-04-0.1434853454592D-04
-0.1618388564263D-04-0.1825428329440D-04-0.2058988531948D-04-0.2322471765929D-04
-0.2619719664208D-04-0.2955067008751D-04-0.3333408504605D-04-0.3760267938636D-04
-0.4241883489430D-04-0.4785296110937D-04-0.5398458597864D-04-0.6090348993993D-04
-0.6871109873245D-04-0.7752193722182D-04-0.8746541738475D-04-0.9868770014845D-04
-0.1113539871638D-03-0.1256509190865D-03-0.1417895193322D-03-0.1600082702270D-03
-0.1805769134494D-03-0.2038004095138D-03-0.2300238273338D-03-0.2596374688588D-03
-0.2930831740960D-03-0.3308609417834D-03-0.3735370759412D-03-0.4217527801187D-03
-0.4762346704824D-03-0.5378059100606D-03-0.6073998777948D-03-0.6860745508418D-03
-0.7750301892874D-03-0.8756280816765D-03-0.9894134013124D-03-0.1118139451079D-02
-0.1263797348168D-02-0.1428647389253D-02-0.1615257386915D-02-0.1826543377210D-02
-0.2065819186955D-02-0.2336848972805D-02-0.2643911481717D-02-0.2991868375900D-02
-0.3386247232902D-02-0.3833330763584D-02-0.4340265569744D-02-0.4915178664324D-02
-0.5567320927492D-02-0.6307222608397D-02-0.7146883707360D-02-0.8099982859712D-02
-0.9182134769168D-02-0.1041117277473D-01-0.1180749719288D-01-0.1339446098519D-01
-0.1519884037829D-01-0.1725135491093D-01-0.1958730100267D-01-0.2224724442913D-01
-0.2527785837127D-01-0.2873284015593D-01-0.3267401264713D-01-0.3717253290888D-01
-0.4231035737335D-01-0.4818187555083D-01-0.5489590759123D-01-0.6257798779191D-01
 0.6857227530507D-07 0.7730087583160D-07 0.8714198163012D-07 0.9823743038058D-07
 0.1107472473283D-06 0.1248518218032D-06 0.1407546182628D-06 0.1586850080905D-06
 0.1789017100320D-06 0.2016963902376D-06 0.2273980308661D-06 0.2563775189406D-06
 0.2890532013204D-06 0.3258967151512D-06 0.3674400551105D-06 0.4142829962898D-06
 0.4671020816149D-06 0.5266600573512D-06 0.5938173183614D-06 0.6695438930167D-06
 0.7549340197362D-06 0.8512214016536D-06 0.9597977200248D-06 0.1082232062168D-05
 0.1220294513728D-05 0.1375980781118D-05 0.1551542285983D-05 0.1749517523810D-05
 0.1972770274286D-05 0.2224529536853D-05 0.2508438186193D-05 0.2828603807848D-05
 0.3189660495929D-05 0.3596833716580D-05 0.4056018984681D-05 0.4573864198755D-05
 0.5157869947267D-05 0.5816494406052D-05 0.6559280922045D-05 0.7396991504469D-05
 0.8341769552932D-05 0.9407309423841D-05 0.1060906388688D-04 0.1196446043582D-04
 0.1349316481983D-04 0.1521735689939D-04 0.1716206653306D-04 0.1935552500571D-04
 0.2182959257269D-04 0.2462020659767D-04 0.2776792723104D-04 0.3131850744473D-04
 0.3532358854893D-04 0.3984142875606D-04 0.4493778883621D-04 0.5068686145784D-04
 0.5717240256730D-04 0.6448891512901D-04 0.7274309479520D-04 0.8205534217021D-04
 0.9256160834878D-04 0.1044153263368D-03 0.1177897690283D-03 0.1328805245718D-03
 0.1499085052214D-03 0.1691231173564D-03 0.1908061195402D-03 0.2152756767910D-03
 0.2428913001973D-03 0.2740590607064D-03 0.3092379237238D-03 0.3489464270827D-03
 0.3937708438603D-03 0.4443737606035D-03 0.5015045615162D-03 0.5660105059018D-03
 0.6388502195951D-03 0.7211079736863D-03 0.8140110825041D-03 0.9189483917912D-03
 0.1037492684832D-02 0.1171424586008D-02 0.1322761627684D-02 0.1493789068443D-02
 0.1687097440772D-02 0.1905622635776D-02 0.2152694361317D-02 0.2432087925056D-02
 0.2748087090917D-02 0.3105550987965D-02 0.3509995219693D-02 0.3967678608688D-02
 0.4485707927465D-02 0.5072149729168D-02 0.5736165874729D-02 0.6488158567762D-02
 0.7339944897711D-02 0.8304945411758D-02 0.9398411572294D-02 0.1063767045265D-01
 0.1204242249308D-01 0.1363506495176D-01 0.1544108333879D-01 0.1748948130753D-01
 0.1981330451130D-01 0.2245021622869D-01 0.2544320026886D-01 0.2884134079439D-01
 0.3270076707396D-01 0.3708570205532D-01 0.4206973276016D-01 0.4773720750242D-01
 0.5418491865429D-01 0.6152395490054D-01 0.6988191205983D-01 0.7940533003037D-01
 0.9026261910885D-01 0.1026473298457D+00 0.1167821155852D+00 0.1329232858826D+00
 0.3381746291912D-11 0.4046997156412D-11 0.4842744224347D-11 0.5794375195994D-11
 0.6933375596925D-11 0.8297421653551D-11 0.9928116733416D-11 0.1188006125295D-10
 0.1421565732265D-10 0.1701123697251D-10 0.2035637292130D-10 0.2435888447464D-10
 0.2914985973392D-10 0.3488292263594D-10 0.4174375598429D-10 0.4995494304728D-10
 0.5978198335240D-10 0.7154215764947D-10 0.8561762965915D-10 0.1024649011051D-09
 0.1226275680318D-09 0.1467624025207D-09 0.1756505751900D-09 0.2102288960784D-09
 0.2516203530551D-09 0.3011709218469D-09 0.3604891568355D-09 0.4315053982954D-09
 0.5165295171334D-09 0.6183314141899D-09 0.7402302527542D-09 0.8862010835435D-09
 0.1061010422747D-08 0.1270372487635D-08 0.1521139372819D-08 0.1821523998042D-08
 0.2181382698435D-08 0.2612534108804D-08 0.3129162064998D-08 0.3748289091479D-08
 0.4490348316631D-08 0.5379874006615D-08 0.6446334041410D-08 0.7725128706843D-08
 0.9258799585657D-08 0.1109848520325D-07 0.1330567800043D-07 0.1595434656531D-07
 0.1913349355197D-07 0.2295026380345D-07 0.2753366989990D-07 0.3303914233370D-07
 0.3965399064268D-07 0.4760406356643D-07 0.5716176166024D-07 0.6865582096394D-07
 0.8248308589492D-07 0.9912290273252D-07 0.1191544559810D-06 0.1432779695946D-06
 0.1723402675903D-06 0.2073660602744D-06 0.2495956650124D-06 0.3005311954383D-06
 0.3619922857457D-06 0.4361842968848D-06 0.5257806133393D-06 0.6340233576666D-06
 0.7648448128109D-06 0.9230159418046D-06 0.1114325282964D-05 0.1345797467359D-05
 0.1625956071810D-05 0.1965144062090D-05 0.2375908534734D-05 0.2873468498741D-05
 0.3476275104823D-05 0.4206690613495D-05 0.5091798725575D-05 0.6164383048048D-05
 0.7464089872816D-05 0.9038826294860D-05 0.1094641310365D-04 0.1325656344945D-04
 0.1605320827705D-04 0.1943726668583D-04 0.2352988262727D-04 0.2847626283341D-04
 0.3445013509864D-04 0.4165901412715D-04 0.5035029231212D-04 0.6081841688285D-04
 0.7341317394774D-04 0.8854946214718D-04 0.1067185852555D-03 0.1285016466816D-03
 0.1545851112062D-03 0.1857794428290D-03 0.2230409439487D-03 0.2674982368073D-03
 0.3204835910897D-03 0.3835712650376D-03 0.4586231465996D-03 0.5478447729758D-03
 0.6538517785349D-03 0.7797508486259D-03 0.9292343568235D-03 0.1106693318140D-02
 0.1317345843284D-02 0.1567385862119D-02 0.1864145393407D-02 0.2216275483727D-02
 0.2633934515955D-02 0.3128991032926D-02 0.3715227505878D-02 0.4408561780019D-02
 0.5227275293844D-02 0.6192287511402D-02 0.7327477518503D-02 0.8660126335339D-02
-0.5955267777036D-11-0.7125896320965D-11-0.8526719250868D-11-0.1020407280257D-10
-0.1221031174710D-10-0.1461148967962D-10-0.1748641234802D-10-0.2092604830817D-10
-0.2504305959165D-10-0.2996952388304D-10-0.3586748897180D-10-0.4292669495308D-10
-0.5137409135675D-10-0.6148577624048D-10-0.7358852171900D-10-0.8807472914619D-10
-0.1054143778592D-09-0.1261702254156D-09-0.1510155661396D-09-0.1807552166679D-09
-0.2163573824579D-09-0.2589759677560D-09-0.3099965504079D-09-0.3710781059323D-09
-0.4442053380587D-09-0.5317575786605D-09-0.6365850191946D-09-0.7620992723254D-09
-0.9123924799985D-09-0.1092364229679D-08-0.1307883579778D-08-0.1565990714458D-08
-0.1875117781810D-08-0.2245374246546D-08-0.2688878831251D-08-0.3220164142944D-08
-0.3856653087235D-08-0.4619246406644D-08-0.5533012930446D-08-0.6628030469765D-08
-0.7940389429804D-08-0.9513411781076D-08-0.1139909669774D-07-0.1365988717481D-07
-0.1637077346130D-07-0.1962184499143D-07-0.2352134787244D-07-0.2819939276418D-07
-0.3381239897380D-07-0.4054848353015D-07-0.4863393822956D-07-0.5834107961586D-07
-0.6999768875526D-07-0.8399847648849D-07-0.1008188646693D-06-0.1210317455845D-06
-0.1453276396438D-06-0.1745392321797D-06-0.2096708984385D-06-0.2519346583820D-06
-0.3027934914778D-06-0.3640140779412D-06-0.4377303841565D-06-0.5265210945408D-06
-0.6335029924014D-06-0.7624446830782D-06-0.9179036969599D-06-0.1105393488975D-05
-0.1331584611307D-05-0.1604549639779D-05-0.1934058000897D-05-0.2331934505120D-05
-0.2812490450267D-05-0.3393046958484D-05-0.4094563302140D-05-0.4942397907819D-05
-0.5967220044673D-05-0.7206111110988D-05-0.8703880040052D-05-0.1051464740994D-04
-0.1270373072121D-04-0.1534990685361D-04-0.1854809311940D-04-0.2241255324244D-04
-0.2708067797763D-04-0.3271748918752D-04-0.3952092648204D-04-0.4772812297875D-04
-0.5762274064988D-04-0.6954365418290D-04-0.8389507359364D-04-0.1011585115239D-03
-0.1219067250719D-03-0.1468202251772D-03-0.1767065466325D-03-0.2125231798958D-03
-0.2554044718551D-03-0.3066938928422D-03-0.3679821460831D-03-0.4411532959778D-03
-0.5284396068893D-03-0.6324883147096D-03-0.7564412356547D-03-0.9040317059979D-03
-0.1079699536351D-02-0.1288729781595D-02-0.1537414911918D-02-0.1833246836787D-02
-0.2185135780339D-02-0.2603662526740D-02-0.3101356161158D-02-0.3693004359545D-02
-0.4395983216920D-02-0.5230616996207D-02-0.6220553632908D-02-0.7393180346030D-02
-0.8780070757715D-02-0.1041751874282D-01-0.1234716573475D-01-0.1461681885066D-01
-0.2176807903452D-14-0.2669344580656D-14-0.2953003352086D-14-0.3697491609447D-14
-0.4019183617658D-14-0.4367957056923D-14-0.7193666751919D-14-0.8508876991992D-14
-0.1054595134516D-13-0.1287596146670D-13-0.1640637468788D-13-0.2160582205853D-13
-0.2628508439381D-13-0.3381456572834D-13-0.4335665167371D-13-0.5430955662939D-13
-0.6853153267891D-13-0.8801419305916D-13-0.1121130573779D-12-0.1411080385116D-12
-0.1807652589830D-12-0.2288049452570D-12-0.2910157354175D-12-0.3706170214649D-12
-0.4717267467239D-12-0.5996167273772D-12-0.7638637008106D-12-0.9714090141655D-12
-0.1236841660850D-11-0.1574159598096D-11-0.2001655958057D-11-0.2547058282261D-11
-0.3240716911337D-11-0.4124831127009D-11-0.5247862883752D-11-0.6678128912662D-11
-0.8495960013726D-11-0.1080942098321D-10-0.1375332774167D-10-0.1749603480873D-10
-0.2225649741973D-10-0.2831292473277D-10-0.3601311769522D-10-0.4580416336035D-10
-0.5825145471535D-10-0.7407500611324D-10-0.9418679739869D-10-0.1197432672580D-09
-0.1522160748454D-09-0.1934656156968D-09-0.2458547914857D-09-0.3123784647575D-09
-0.3968261621177D-09-0.5040001652806D-09-0.6399756181521D-09-0.8124400536711D-09
-0.1031107987456D-08-0.1308258060820D-08-0.1659391306478D-08-0.2104063489542D-08
-0.2666934605446D-08-0.3379066477080D-08-0.4279559433914D-08-0.5417579762338D-08
-0.6854894004684D-08-0.8669015570956D-08-0.1095710278508D-07-0.1384079654133D-07
-0.1747219381099D-07-0.2204120333742D-07-0.2778461296647D-07-0.3499718619159D-07
-0.4404528078298D-07-0.5538342856046D-07-0.6957455919064D-07-0.8731450757599D-07
-0.1094617141278D-06-0.1370730346600D-06-0.1714468931587D-06-0.2141750436958D-06
-0.2672046680136D-06-0.3329125996579D-06-0.4141941280371D-06-0.5145691121201D-06
-0.6383091078952D-06-0.7905899878615D-06-0.9776762085672D-06-0.1207144698463D-05
-0.1488159518471D-05-0.1831812437940D-05-0.2251550718015D-05-0.2763721678487D-05
-0.3388275389283D-05-0.4149682911256D-05-0.5078148944828D-05-0.6211227200649D-05
-0.7595983287143D-05-0.9291899536615D-05-0.1137477367164D-04-0.1394193921587D-04
-0.1711921632699D-04-0.2107010529726D-04-0.2600783300571D-04-0.3221098141865D-04
-0.4004352431907D-04-0.4998020712824D-04-0.6263827559763D-04-0.7881664251678D-04
-0.9954364990690D-04-0.1261347040638D-03-0.1602613246607D-03-0.2040336177738D-03
-0.2600991828164D-03-0.3317630281004D-03-0.4231358471371D-03-0.5393217598127D-03
-0.6866623722494D-03-0.8730607768600D-03-0.1108417957786D-02-0.1405222925418D-02
 0.2307526556557D-14 0.2969610529243D-14 0.3471630603874D-14 0.4509234325767D-14
 0.5855688433855D-14 0.6813026613638D-14 0.8807369058133D-14 0.1137845456218D-13
 0.1455301910988D-13 0.1802635404007D-13 0.2316115520128D-13 0.2956721773178D-13
 0.3708668690321D-13 0.4735623759551D-13 0.6025554604407D-13 0.7663578921131D-13
 0.9753054519576D-13 0.1240958150564D-12 0.1577797159615D-12 0.2001183544845D-12
 0.2552459347209D-12 0.3247180159474D-12 0.4128212892713D-12 0.5255296993775D-12
 0.6688113520423D-12 0.8507279602673D-12 0.1082838471148D-11 0.1377529055337D-11
 0.1753497621447D-11 0.2231041838975D-11 0.2838796117145D-11 0.3612242751645D-11
 0.4596270252356D-11 0.5848808581679D-11 0.7441552911623D-11 0.9468333885199D-11
 0.1204605633331D-10 0.1532534286636D-10 0.1949652152318D-10 0.2480121585358D-10
 0.3154700948902D-10 0.4012528491802D-10 0.5103190728769D-10 0.6489670964904D-10
 0.8251968490089D-10 0.1049171661314D-09 0.1333771018002D-09 0.1695336080155D-09
 0.2154593135934D-09 0.2737807715710D-09 0.3478270274990D-09 0.4418139735377D-09
 0.5610775321193D-09 0.7123706032220D-09 0.9042328301467D-09 0.1147456594870D-08
 0.1455674083146D-08 0.1846093851432D-08 0.2340419459803D-08 0.2966006152095D-08
 0.3757303097992D-08 0.4757651342261D-08 0.6021531693569D-08 0.7617352270710D-08
 0.9630917825577D-08 0.1216972619848D-07 0.1536828291432D-07 0.1939465904460D-07
 0.2445857335387D-07 0.3082130750849D-07 0.3880786415330D-07 0.4882180945286D-07
 0.6136336668902D-07 0.7705137275638D-07 0.9664988449542D-07 0.1211002654031D-06
 0.1515598156539D-06 0.1894480800204D-06 0.2365022579290D-06 0.2948432618980D-06
 0.3670543820286D-06 0.4562747433664D-06 0.5663103690250D-06 0.7017662108992D-06
 0.8682035487111D-06 0.1072328494734D-05 0.1322219273027D-05 0.1627602994764D-05
 0.2000196483810D-05 0.2454132319095D-05 0.3006498814511D-05 0.3678036092989D-05
 0.4494044870074D-05 0.5485590019391D-05 0.6691106832180D-05 0.8158562941267D-05
 0.9948371138596D-05 0.1213732132230D-04 0.1482386122938D-04 0.1813516238067D-04
 0.2223648139655D-04 0.2734346250408D-04 0.3373808856711D-04 0.4178912662323D-04
 0.5197791271613D-04 0.6493042037650D-04 0.8145642941625D-04 0.1025966494072D-03
 0.1296784000968D-03 0.1643805306328D-03 0.2088080970597D-03 0.2655778803389D-03
 0.3379163454271D-03 0.4297735764044D-03 0.5459588755209D-03 0.6923079913567D-03
 0.8758962027437D-03 0.1105318010842D-02 0.1391058869236D-02 0.1745990338873D-02
-0.3100779492409D-14-0.3865579897791D-14-0.4808671100428D-14-0.5933246574280D-14
-0.7576452768396D-14-0.9188366057455D-14-0.1188581588883D-13-0.1495556682979D-13
-0.1929650718794D-13-0.2353449488504D-13-0.3029592147225D-13-0.3882575142708D-13
-0.4920767362573D-13-0.6264331989171D-13-0.7934496195737D-13-0.1009807073418D-12
-0.1284575048096D-12-0.1634798611613D-12-0.2080003516756D-12-0.2642823086908D-12
-0.3366853438502D-12-0.4280133189773D-12-0.5444142842135D-12-0.6931236349673D-12
-0.8817113895936D-12-0.1121888190749D-11-0.1428046466376D-11-0.1816756448641D-11
-0.2311994152611D-11-0.2942005516572D-11-0.3743632562971D-11-0.4763616629049D-11
-0.6061938738271D-11-0.7713988469871D-11-0.9815128198443D-11-0.1248928075361D-10
-0.1589051725523D-10-0.2021804796834D-10-0.2572328338645D-10-0.3272505858145D-10
-0.4163092082329D-10-0.5295718135157D-10-0.6736088477436D-10-0.8567467684249D-10
-0.1089582409969D-09-0.1385563241435D-09-0.1761762007982D-09-0.2239833036524D-09
-0.2847274097906D-09-0.3618926053013D-09-0.4599000302562D-09-0.5843506398483D-09
-0.7423400697764D-09-0.9428541458442D-09-0.1197266019749D-08-0.1519964028930D-08
-0.1929137722703D-08-0.2447773887525D-08-0.3104898590355D-08-0.3937140003770D-08
-0.4990686243247D-08-0.6323731453765D-08-0.8009538563740D-08-0.1014025257485D-07
-0.1283165570824D-07-0.1622908092842D-07-0.2051474679198D-07-0.2591684767525D-07
-0.3272079589692D-07-0.4128308338663D-07-0.5204834962911D-07-0.6557033155517D-07
-0.8253753694518D-07-0.1038045902380D-06-0.1304304430870D-06-0.1637247836630D-06
-0.2053042861540D-06-0.2571605796773D-06-0.3217421748112D-06-0.4020529898382D-06
-0.5017705700958D-06-0.6253877870243D-06-0.7783824243013D-06-0.9674203566294D-06
-0.1200598998162D-05-0.1487740262116D-05-0.1840744071865D-05-0.2274018601444D-05
-0.2805007090213D-05-0.3454841357878D-05-0.4249159666423D-05-0.5219146622733D-05
-0.6402867728476D-05-0.7847008698645D-05-0.9609157193430D-05-0.1176083116263D-04
-0.1439150444655D-04-0.1761399046138D-04-0.2157161350528D-04-0.2644776555545D-04
-0.3247852902387D-04-0.3996927555053D-04-0.4931621484709D-04-0.6103413751563D-04
-0.7579156314781D-04-0.9445477091053D-04-0.1181419446720D-03-0.1482888869302D-03
-0.1867272280611D-03-0.2357763519004D-03-0.2983495989958D-03-0.3780762718887D-03
-0.4794408752814D-03-0.6079440230810D-03-0.7702914012150D-03-0.9746242896082D-03
-0.1230810622339D-02-0.1550828345320D-02-0.1949281206949D-02-0.2444103739132D-02
