  0.36662268177432439        0.0000000000000000       0.86558780920860245        274.07205200195312     
  0.36662268177432439        0.0000000000000000      -0.18992355643486825        274.07205200195312     
  0.36662268177432439        0.0000000000000000       -52.052738835613091        274.07205200195312     
  0.36662268177432439        2.0000000000000000        2.8655878092086025        274.07205200195312     
  0.36662268177432439        2.0000000000000000        1.8896940948759804        274.07205200195312     
  0.36662268177432439        2.0000000000000000        517.91233823863342        274.07205200195312     
  0.36662268177432439        6.0000000000000000        6.8655878092086029        274.07205200195312     
  0.36662268177432439        6.0000000000000000        4.4193301502788387        274.07205200195312     
  0.36662268177432439        6.0000000000000000        1211.2148827610213        274.07205200195312     
  0.36662268177432439        12.000000000000000        12.865587809208602        274.07205200195312     
  0.36662268177432439        12.000000000000000        7.0559279488137978        274.07205200195312     
  0.36662268177432439        12.000000000000000        1933.8326517093296        274.07205200195312     
  0.36662268177432439        20.000000000000000        20.865587809208602        274.07205200195312     
  0.36662268177432439        20.000000000000000        9.7317671751594652        274.07205200195312     
  0.36662268177432439        20.000000000000000        2667.2053993012055        274.07205200195312     
  0.36662268177432439        30.000000000000000        30.865587809208602        274.07205200195312     
  0.36662268177432439        30.000000000000000        12.426074287465335        274.07205200195312     
  0.36662268177432439        30.000000000000000        3405.6396782943320        274.07205200195312     
  0.36662268177432439        42.000000000000000        42.865587809208606        274.07205200195312     
  0.36662268177432439        42.000000000000000        15.130492315234552        274.07205200195312     
  0.36662268177432439        42.000000000000000        4146.8450766361166        274.07205200195312     
  0.36662268177432439        56.000000000000000        56.865587809208606        274.07205200195312     
  0.36662268177432439        56.000000000000000        17.841033415747674        274.07205200195312     
  0.36662268177432439        56.000000000000000        4889.7286380893802        274.07205200195312     
  0.36662268177432439        72.000000000000000        72.865587809208606        274.07205200195312     
  0.36662268177432439        72.000000000000000        20.555559209312484        274.07205200195312     
  0.36662268177432439        72.000000000000000        5633.7042925439173        274.07205200195312     
  0.36662268177432439        90.000000000000000        90.865587809208606        274.07205200195312     
  0.36662268177432439        90.000000000000000        23.272821682418908        274.07205200195312     
  0.36662268177432439        90.000000000000000        6378.4299943760971        274.07205200195312     
   7.2645237126032986E-003   0.0000000000000000       0.99994722669522906        274.07205200195312     
   7.2645237126032986E-003   0.0000000000000000       -3.6323097791803528E-003   274.07205200195312     
   7.2645237126032986E-003   0.0000000000000000      -0.99551459468672054        274.07205200195312     
   7.2645237126032986E-003   2.0000000000000000        2.9999472266952290        274.07205200195312     
   7.2645237126032986E-003   2.0000000000000000        100.76855718579397        274.07205200195312     
   7.2645237126032986E-003   2.0000000000000000        27617.845245186712        274.07205200195312     
   7.2645237126032986E-003   6.0000000000000000        6.9999472266952294        274.07205200195312     
   7.2645237126032986E-003   6.0000000000000000        226.54497430759517        274.07205200195312     
   7.2645237126032986E-003   6.0000000000000000        62089.645979212357        274.07205200195312     
   7.2645237126032986E-003   12.000000000000000        12.999947226695229        274.07205200195312     
   7.2645237126032986E-003   12.000000000000000        358.66686656904272        274.07205200195312     
   7.2645237126032986E-003   12.000000000000000        98300.564105688260        274.07205200195312     
   7.2645237126032986E-003   20.000000000000000        20.999947226695230        274.07205200195312     
   7.2645237126032986E-003   20.000000000000000        493.15964523553970        274.07205200195312     
   7.2645237126032986E-003   20.000000000000000        135161.27593425958        274.07205200195312     
   7.2645237126032986E-003   30.000000000000000        30.999947226695230        274.07205200195312     
   7.2645237126032986E-003   30.000000000000000        628.77620121477196        274.07205200195312     
   7.2645237126032986E-003   30.000000000000000        172329.98371692552        274.07205200195312     
   7.2645237126032986E-003   42.000000000000000        42.999947226695227        274.07205200195312     
   7.2645237126032986E-003   42.000000000000000        765.01016725051772        274.07205200195312     
   7.2645237126032986E-003   42.000000000000000        209667.90634070674        274.07205200195312     
   7.2645237126032986E-003   56.000000000000000        56.999947226695227        274.07205200195312     
   7.2645237126032986E-003   56.000000000000000        901.61877080930742        274.07205200195312     
   7.2645237126032986E-003   56.000000000000000        247108.50663918557        274.07205200195312     
   7.2645237126032986E-003   72.000000000000000        72.999947226695227        274.07205200195312     
   7.2645237126032986E-003   72.000000000000000        1038.4714752743860        274.07205200195312     
   7.2645237126032986E-003   72.000000000000000        284616.00817394647        274.07205200195312     
   7.2645237126032986E-003   90.000000000000000        90.999947226695227        274.07205200195312     
   7.2645237126032986E-003   90.000000000000000        1175.4919642262605        274.07205200195312     
   7.2645237126032986E-003   90.000000000000000        322169.49474729766        274.07205200195312     
