  -5.5136546515908201E-019  -55.136546515908208        4239350.8206289997        2.4999999368450000E-005
   4.8785157323812064E-018   487.85157323812069        4239350.8206289997        2.4999999368450000E-005
   1.1462812130723677E-017   1146.2812130723678        4239350.8206289997        2.4999999368450000E-005
   1.8319322181792209E-017   1831.9322181792211        4239350.8206289997        2.4999999368450000E-005
   2.5275489907118503E-017   2527.5489907118504        4239350.8206289997        2.4999999368450000E-005
   3.2278520654386257E-017   3227.8520654386261        4239350.8206289997        2.4999999368450000E-005
   3.9307198087736347E-017   3930.7198087736347        4239350.8206289997        2.4999999368450000E-005
   4.6351403434056527E-017   4635.1403434056529        4239350.8206289997        2.4999999368450000E-005
   5.3405712432391924E-017   5340.5712432391929        4239350.8206289997        2.4999999368450000E-005
   6.0466959962450706E-017   6046.6959962450710        4239350.8206289997        2.4999999368450000E-005
  -9.9997497783126436E-021 -0.99997497783126443        79996.935314749993        2.4999999368450000E-005
   2.7494654110458517E-016   27494.654110458519        79996.935314749993        2.4999999368450000E-005
   6.1812699399193595E-016   61812.699399193596        79996.935314749993        2.4999999368450000E-005
   9.7862104082381999E-016   97862.104082382008        79996.935314749993        2.4999999368450000E-005
   1.3455840377369976E-015   134558.40377369977        79996.935314749993        2.4999999368450000E-005
   1.7156132545846982E-015   171561.32545846983        79996.935314749993        2.4999999368450000E-005
   2.0873270711999652E-015   208732.70711999651        79996.935314749993        2.4999999368450000E-005
   2.4600630841225317E-015   246006.30841225319        79996.935314749993        2.4999999368450000E-005
   2.8334651249483185E-015   283346.51249483187        79996.935314749993        2.4999999368450000E-005
   3.2073249647692532E-015   320732.49647692533        79996.935314749993        2.4999999368450000E-005
