  0.38670038647978483        0.0000000000000000       0.85046281109638500        274.07205200195312     
  0.38670038647978483        0.0000000000000000      -0.20117537139707969        274.07205200195312     
  0.38670038647978483        0.0000000000000000       -55.136546851052657        274.07205200195312     
  0.38670038647978483        2.0000000000000000        2.8504628110963850        274.07205200195312     
  0.38670038647978483        2.0000000000000000        1.7800121048025341        274.07205200195312     
  0.38670038647978483        2.0000000000000000        487.85157015154618        274.07205200195312     
  0.38670038647978483        6.0000000000000000        6.8504628110963850        274.07205200195312     
  0.38670038647978483        6.0000000000000000        4.1824082318749056        274.07205200195312     
  0.38670038647978483        6.0000000000000000        1146.2812064198160        274.07205200195312     
  0.38670038647978483        12.000000000000000        12.850462811096385        274.07205200195312     
  0.38670038647978483        12.000000000000000        6.6841262885549613        274.07205200195312     
  0.38670038647978483        12.000000000000000        1831.9322077444572        274.07205200195312     
  0.38670038647978483        20.000000000000000        20.850462811096385        274.07205200195312     
  0.38670038647978483        20.000000000000000        9.2222061970600535        274.07205200195312     
  0.38670038647978483        20.000000000000000        2527.5489764133772        274.07205200195312     
  0.38670038647978483        30.000000000000000        30.850462811096385        274.07205200195312     
  0.38670038647978483        30.000000000000000        11.777384901743625        274.07205200195312     
  0.38670038647978483        30.000000000000000        3227.8520472376963        274.07205200195312     
  0.38670038647978483        42.000000000000000        42.850462811096385        274.07205200195312     
  0.38670038647978483        42.000000000000000        14.341921250040194        274.07205200195312     
  0.38670038647978483        42.000000000000000        3930.7197866489328        274.07205200195312     
  0.38670038647978483        56.000000000000000        56.850462811096385        274.07205200195312     
  0.38670038647978483        56.000000000000000        16.912123229957061        274.07205200195312     
  0.38670038647978483        56.000000000000000        4635.1403173442313        274.07205200195312     
  0.38670038647978483        72.000000000000000        72.850462811096392        274.07205200195312     
  0.38670038647978483        72.000000000000000        19.486011704668652        274.07205200195312     
  0.38670038647978483        72.000000000000000        5340.5712132326144        274.07205200195312     
  0.38670038647978483        90.000000000000000        90.850462811096392        274.07205200195312     
  0.38670038647978483        90.000000000000000        22.062431824476732        274.07205200195312     
  0.38670038647978483        90.000000000000000        6046.6959622875329        274.07205200195312     
   7.2970743203274995E-003   0.0000000000000000       0.99994675270636357        274.07205200195312     
   7.2970743203274995E-003   0.0000000000000000       -3.6485857301492711E-003   274.07205200195312     
   7.2970743203274995E-003   0.0000000000000000      -0.99997537796705516        274.07205200195312     
   7.2970743203274995E-003   2.0000000000000000        2.9999467527063635        274.07205200195312     
   7.2970743203274995E-003   2.0000000000000000        100.31903255963533        274.07205200195312     
   7.2970743203274995E-003   2.0000000000000000        27494.643108470002        274.07205200195312     
   7.2970743203274995E-003   6.0000000000000000        6.9999467527063635        274.07205200195312     
   7.2970743203274995E-003   6.0000000000000000        225.53439584249054        274.07205200195312     
   7.2970743203274995E-003   6.0000000000000000        61812.674665572151        274.07205200195312     
   7.2970743203274995E-003   12.000000000000000        12.999946752706364        274.07205200195312     
   7.2970743203274995E-003   12.000000000000000        357.06692531924659        274.07205200195312     
   7.2970743203274995E-003   12.000000000000000        97862.064924274062        274.07205200195312     
   7.2970743203274995E-003   20.000000000000000        20.999946752706364        274.07205200195312     
   7.2970743203274995E-003   20.000000000000000        490.95976386263931        274.07205200195312     
   7.2970743203274995E-003   20.000000000000000        134558.34993222789        274.07205200195312     
   7.2970743203274995E-003   30.000000000000000        30.999946752706364        274.07205200195312     
   7.2970743203274995E-003   30.000000000000000        625.97136613442569        274.07205200195312     
   7.2970743203274995E-003   30.000000000000000        171561.25681092797        274.07205200195312     
   7.2970743203274995E-003   42.000000000000000        42.999946752706364        274.07205200195312     
   7.2970743203274995E-003   42.000000000000000        761.59762396160500        274.07205200195312     
   7.2970743203274995E-003   42.000000000000000        208732.62359896896        274.07205200195312     
   7.2970743203274995E-003   56.000000000000000        56.999946752706364        274.07205200195312     
   7.2970743203274995E-003   56.000000000000000        897.59684790873780        274.07205200195312     
   7.2970743203274995E-003   56.000000000000000        246006.20997683279        274.07205200195312     
   7.2970743203274995E-003   72.000000000000000        72.999946752706364        274.07205200195312     
   7.2970743203274995E-003   72.000000000000000        1033.8390837324259        274.07205200195312     
   7.2970743203274995E-003   72.000000000000000        283346.39911836502        274.07205200195312     
   7.2970743203274995E-003   90.000000000000000        90.999946752706364        274.07205200195312     
   7.2970743203274995E-003   90.000000000000000        1170.2483554901310        274.07205200195312     
   7.2970743203274995E-003   90.000000000000000        320732.36814109131        274.07205200195312     
