 -4.997431212133770E-019  9.238758389488234E-021  2.499999936845000E-005
 -5.401304143045870E-019  2.499999936845000E-005  0.000000000000000E+000
  1.331283340022320E-005   1.26839000000000        4159492.97875900     
  9.999999999999999E-021
 -6.134578917079047E-019  8.906297496706695E-021  2.499999936845000E-005
 -7.900019749112755E-019  3.749999905267500E-005  0.000000000000000E+000
  1.331283340022320E-005   1.26839000000000        3119490.71166300     
  1.461937919474412E-020
 -5.625891049283060E-019  8.735024613439286E-021  2.499999936845000E-005
 -8.468593601585393E-019  3.749999905267500E-005  0.000000000000000E+000
  1.331283340022320E-005   1.26839000000000        3119490.71166300     
  1.445314874835335E-020
 -4.226224896698930E-019  8.576754913328386E-021  2.499999936845000E-005
 -1.102719519232893E-018  4.999999873690000E-005  0.000000000000000E+000
  1.331283340022320E-005   1.26839000000000        2079488.44456700     
  1.873502461343928E-020
 -4.370066974281254E-019  8.646169174613448E-021  2.499999936845000E-005
 -1.085873681663869E-018  4.999999873690000E-005  0.000000000000000E+000
  1.331283340022320E-005   1.26839000000000        2079488.44456700     
  1.884969292051809E-020
 -4.821064797880261E-019  8.484242346944400E-021  2.499999936845000E-005
 -1.304377030377932E-018  6.249999842112500E-005  0.000000000000000E+000
  1.331283340022320E-005   1.26839000000000        1732820.47377650     
  2.317277750782482E-020
 -4.695791443093372E-019  8.438288279742785E-021  2.499999936845000E-005
 -1.326926921557882E-018  6.249999842112500E-005  0.000000000000000E+000
  1.331283340022320E-005   1.26839000000000        1732820.47377650     
  2.309181409399029E-020
 -4.271491521364809E-019  8.339513494246041E-021  2.499999936845000E-005
 -1.555452825973206E-018  7.499999810535000E-005  0.000000000000000E+000
  1.331283340022320E-005   1.26839000000000        1386152.50298600     
  2.728798120026088E-020
 -4.310850141629905E-019  8.354729558843589E-021  2.499999936845000E-005
 -1.547128197957091E-018  7.499999810535000E-005  0.000000000000000E+000
  1.331283340022320E-005   1.26839000000000        1386152.50298600     
  2.732148357422374E-020
 -4.514402255461090E-019  8.244099351634307E-021  2.499999936845000E-005
 -1.762670705038586E-018  8.749999778957500E-005  0.000000000000000E+000
  1.331283340022320E-005   1.26839000000000        1212818.24855200     
  3.149884835364553E-020
 -4.468551573171980E-019  8.223932389420881E-021  2.499999936845000E-005
 -1.772848310730145E-018  8.749999778957500E-005  0.000000000000000E+000
  1.331283340022320E-005   1.26839000000000        1212818.24855200     
  3.144353325004089E-020
 -4.252275389444567E-019  8.146661252194337E-021  2.499999936845000E-005
 -1.993983355274289E-018  9.999999747380000E-005  0.000000000000000E+000
  1.331283340022320E-005   1.26839000000000        1039483.99411800     
  3.554541596364462E-020
 -4.268102151522727E-019  8.152317314712290E-021  2.499999936845000E-005
 -1.989278751096101E-018  9.999999747380000E-005  0.000000000000000E+000
  1.331283340022320E-005   1.26839000000000        1039483.99411800     
  3.556105928974846E-020
 -4.375147973910477E-019  8.067400714749232E-021  2.499999936845000E-005
 -2.202683858672238E-018  1.124999971580250E-004  0.000000000000000E+000
  1.331283340022320E-005   1.26839000000000        935483.279464150     
  3.963721794710460E-020
 -4.353324223005799E-019  8.056165300602218E-021  2.499999936845000E-005
 -2.208036149791625E-018  1.124999971580250E-004  0.000000000000000E+000
  1.331283340022320E-005   1.26839000000000        935483.279464150     
  3.959475964712307E-020
 -4.217531698148082E-019  7.991854535828623E-021  2.499999936845000E-005
 -2.424611173396681E-018  1.249999968422500E-004  0.000000000000000E+000
  1.331283340022320E-005   1.26839000000000        831482.564810300     
  4.361722459035068E-020
 -4.225325585188983E-019  7.994556903156256E-021  2.499999936845000E-005
 -2.421655055154491E-018  1.249999968422500E-004  0.000000000000000E+000
  1.331283340022320E-005   1.26839000000000        831482.564810300     
  4.362627660328909E-020
 -4.286942173586385E-019  7.925140007652487E-021  2.499999936845000E-005
 -2.632921334413940E-018  1.374999965264750E-004  0.000000000000000E+000
  1.331283340022320E-005   1.26839000000000        762148.645978700     
  4.762355505486722E-020
 -4.274727405596830E-019  7.917970878822206E-021  2.499999936845000E-005
 -2.636002163833810E-018  1.374999965264750E-004  0.000000000000000E+000
  1.331283340022320E-005   1.26839000000000        762148.645978700     
  4.758884660711534E-020
 -4.179123231661317E-019  7.862517598491786E-021  2.499999936845000E-005
 -2.849127795714174E-018  1.499999962107000E-004  0.000000000000000E+000
  1.331283340022320E-005   1.26839000000000        692814.727147100     
  5.154424748211130E-020
  8.166790606996931E-018  1.702443770304558E-020  2.499999936845000E-005
  4.984110687606885E-018  2.499999936845000E-005   2.00000000000000     
  1.331283340022320E-005   1.26839000000000        4159492.97875900     
  9.999999999999999E-021
  7.987963525735946E-018  2.198234084606322E-020  2.499999936845000E-005
  9.067505991105350E-018  3.749999905267500E-005   2.00000000000000     
  1.331283340022320E-005   1.26839000000000        3119490.71166300     
  1.851221885152279E-020
  9.926712334237860E-018  2.353990789849192E-020  2.499999936845000E-005
  8.978092450474858E-018  3.749999905267500E-005   2.00000000000000     
  1.331283340022320E-005   1.26839000000000        3119490.71166300     
  2.099117042303161E-020
  1.418681872524577E-017  2.746246763058043E-020  2.499999936845000E-005
  1.491082302184474E-017  4.999999873690000E-005   2.00000000000000     
  1.331283340022320E-005   1.26839000000000        2079488.44456700     
  3.353990789849191E-020
  1.368772502743304E-017  2.682218597419821E-020  2.499999936845000E-005
  1.468127086297194E-017  4.999999873690000E-005   2.00000000000000     
  1.331283340022320E-005   1.26839000000000        2079488.44456700     
  3.258856713712271E-020
  1.386027513855192E-017  3.135194930887231E-020  2.499999936845000E-005
  2.152513337668846E-017  6.249999842112500E-005   2.00000000000000     
  1.331283340022320E-005   1.26839000000000        1732820.47377650     
  4.599966012422182E-020
  1.493213492247144E-017  3.230981533010750E-020  2.499999936845000E-005
  2.161140843224790E-017  6.249999842112500E-005   2.00000000000000     
  1.331283340022320E-005   1.26839000000000        1732820.47377650     
  4.826454179155888E-020
  1.753370418162613E-017  3.603500289988843E-020  2.499999936845000E-005
  2.961340578544338E-017  7.499999810535000E-005   2.00000000000000     
  1.331283340022320E-005   1.26839000000000        1386152.50298600     
  6.489838246723023E-020
  1.731853634267963E-017  3.576690385060676E-020  2.499999936845000E-005
  2.948231241815625E-017  7.499999810535000E-005   2.00000000000000     
  1.331283340022320E-005   1.26839000000000        1386152.50298600     
  6.428535349579709E-020
  1.790755533445537E-017  3.982625084760553E-020  2.499999936845000E-005
  3.814158058949607E-017  8.749999778957500E-005   2.00000000000000     
  1.331283340022320E-005   1.26839000000000        1212818.24855200     
  8.216880542110047E-020
  1.853493342389953E-017  4.053239952617897E-020  2.499999936845000E-005
  3.843609008538394E-017  8.749999778957500E-005   2.00000000000000     
  1.331283340022320E-005   1.26839000000000        1212818.24855200     
  8.419847891959986E-020
  2.059131530945404E-017  4.401702830976913E-020  2.499999936845000E-005
  4.801724584205579E-017  9.999999747380000E-005   2.00000000000000     
  1.331283340022320E-005   1.26839000000000        1039483.99411800     
  1.048177530219761E-019
  2.046901330811897E-017  4.387916903918996E-020  2.499999936845000E-005
  4.794811727963016E-017  9.999999747380000E-005   2.00000000000000     
  1.331283340022320E-005   1.26839000000000        1039483.99411800     
  1.043688923137879E-019
  2.120575405985245E-017  4.763820264896028E-020  2.499999936845000E-005
  5.818262393368965E-017  1.124999971580250E-004   2.00000000000000     
  1.331283340022320E-005   1.26839000000000        935483.279464150     
  1.263084768333829E-019
  2.163183875247153E-017  4.817977396176849E-020  2.499999936845000E-005
  5.855099430955639E-017  1.124999971580250E-004   2.00000000000000     
  1.331283340022320E-005   1.26839000000000        935483.279464150     
  1.281879936382680E-019
  2.335868007740418E-017  5.150445075390116E-020  2.499999936845000E-005
  6.957995603210169E-017  1.249999968422500E-004   2.00000000000000     
  1.331283340022320E-005   1.26839000000000        831482.564810300     
  1.525486662755564E-019
  2.328443087693815E-017  5.142132405587783E-020  2.499999936845000E-005
  6.953193044799200E-017  1.249999968422500E-004   2.00000000000000     
  1.331283340022320E-005   1.26839000000000        831482.564810300     
  1.522054878162127E-019
  2.406410758066654E-017  5.496832673536538E-020  2.499999936845000E-005
  8.117414588646108E-017  1.374999965264750E-004   2.00000000000000     
  1.331283340022320E-005   1.26839000000000        762148.645978700     
  1.779161498441516E-019
  2.438022321033015E-017  5.539941363154846E-020  2.499999936845000E-005
  8.156398423832527E-017  1.374999965264750E-004   2.00000000000000     
  1.331283340022320E-005   1.26839000000000        762148.645978700     
  1.796896511838954E-019
  2.587872420423414E-017  5.860322244267065E-020  2.499999936845000E-005
  9.391215365832216E-017  1.499999962107000E-004   2.00000000000000     
  1.331283340022320E-005   1.26839000000000        692814.727147100     
  2.076049014477611E-019
  2.984186559593215E-017  2.647631718333015E-020  2.499999936845000E-005
  1.169058535891522E-017  2.499999936845000E-005   6.00000000000000     
  1.331283340022320E-005   1.26839000000000        4159492.97875900     
  9.999999999999999E-021
  3.872978021626217E-017  4.378632070594080E-020  2.499999936845000E-005
  2.661151815688130E-017  3.749999905267500E-005   6.00000000000000     
  1.331283340022320E-005   1.26839000000000        3119490.71166300     
  2.323815859166508E-020
  5.679956611793292E-017  5.428127904892875E-020  2.499999936845000E-005
  3.105547546704631E-017  3.749999905267500E-005   6.00000000000000     
  1.331283340022320E-005   1.26839000000000        3119490.71166300     
  3.189316035297040E-020
  9.687449956772858E-017  8.125475486403914E-020  2.499999936845000E-005
  6.849015147684815E-017  4.999999873690000E-005   6.00000000000000     
  1.331283340022320E-005   1.26839000000000        2079488.44456700     
  6.428127904892875E-020
  9.137455620431677E-017  7.668476108670006E-020  2.499999936845000E-005
  6.465309499759037E-017  4.999999873690000E-005   6.00000000000000     
  1.331283340022320E-005   1.26839000000000        2079488.44456700     
  6.064437859285140E-020
  1.095020032388258E-016  1.059886207052254E-019  2.499999936845000E-005
  1.103403730997488E-016  6.249999842112500E-005   6.00000000000000     
  1.331283340022320E-005   1.26839000000000        1732820.47377650     
  9.898675913620143E-020
  1.286178930404874E-016  1.173032087659438E-019  2.499999936845000E-005
  1.194040966170032E-016  6.249999842112500E-005   6.00000000000000     
  1.331283340022320E-005   1.26839000000000        1732820.47377650     
  1.136386889454641E-019
  1.733368969967585E-016  1.533114377703715E-019  2.499999936845000E-005
  1.932709880380777E-016  7.499999810535000E-005   6.00000000000000     
  1.331283340022320E-005   1.26839000000000        1386152.50298600     
  1.779475873587952E-019
  1.689796885218701E-016  1.493051457789279E-019  2.499999936845000E-005
  1.881449692908739E-016  7.499999810535000E-005   6.00000000000000     
  1.331283340022320E-005   1.26839000000000        1386152.50298600     
  1.734076882260864E-019
  1.980274535868979E-016  1.877397075943142E-019  2.499999936845000E-005
  2.726348135518090E-016  8.749999778957500E-005   6.00000000000000     
  1.331283340022320E-005   1.26839000000000        1212818.24855200     
  2.480602611155503E-019
  2.152535949251904E-016  1.994560446737567E-019  2.499999936845000E-005
  2.871586960843229E-016  8.749999778957500E-005   6.00000000000000     
  1.331283340022320E-005   1.26839000000000        1212818.24855200     
  2.672775420232435E-019
  2.663827847801957E-016  2.428616100407365E-019  2.499999936845000E-005
  4.033985642160643E-016  9.999999747380000E-005   6.00000000000000     
  1.331283340022320E-005   1.26839000000000        1039483.99411800     
  3.728637328998431E-019
  2.626622874814900E-016  2.397742976874314E-019  2.499999936845000E-005
  3.984657310119143E-016  9.999999747380000E-005   6.00000000000000     
  1.331283340022320E-005   1.26839000000000        1039483.99411800     
  3.678340649520541E-019
  3.005042899863294E-016  2.865790031566804E-019  2.499999936845000E-005
  5.297968747526593E-016  1.124999971580250E-004   6.00000000000000     
  1.331283340022320E-005   1.26839000000000        935483.279464150     
  4.877212137957698E-019
  3.163679076638736E-016  2.981435809146392E-019  2.499999936845000E-005
  5.487178760050790E-016  1.124999971580250E-004   6.00000000000000     
  1.331283340022320E-005   1.26839000000000        935483.279464150     
  5.111235665303942E-019
  3.729078702326056E-016  3.488859543829519E-019  2.499999936845000E-005
  7.148336386757879E-016  1.249999968422500E-004   6.00000000000000     
  1.331283340022320E-005   1.26839000000000        831482.564810300     
  6.659776458666932E-019
  3.699002946493055E-016  3.464077520420542E-019  2.499999936845000E-005
  7.100181565143312E-016  1.249999968422500E-004   6.00000000000000     
  1.331283340022320E-005   1.26839000000000        831482.564810300     
  6.608516349875578E-019
  4.150594547981804E-016  4.010377547697653E-019  2.499999936845000E-005
  8.949683038389840E-016  1.374999965264750E-004   6.00000000000000     
  1.331283340022320E-005   1.26839000000000        762148.645978700     
  8.340555110085850E-019
  4.298761838575618E-016  4.122961300738743E-019  2.499999936845000E-005
  9.175478839134215E-016  1.374999965264750E-004   6.00000000000000     
  1.331283340022320E-005   1.26839000000000        762148.645978700     
  8.613705123724405E-019
  4.912324662799511E-016  4.701962504953172E-019  2.499999936845000E-005
  1.139894340371893E-015  1.499999962107000E-004   6.00000000000000     
  1.331283340022320E-005   1.26839000000000        692814.727147100     
  1.073147765061432E-018
  6.542811963828306E-017  3.632224953254279E-020  2.499999936845000E-005
  1.867665580692965E-017  2.499999936845000E-005   12.0000000000000     
  1.331283340022320E-005   1.26839000000000        4159492.97875900     
  9.999999999999999E-021
  1.048038089392817E-016  7.341433132997669E-020  2.499999936845000E-005
  5.139071562607118E-017  3.749999905267500E-005   12.0000000000000     
  1.331283340022320E-005   1.26839000000000        3119490.71166300     
  2.816112476627139E-020
  1.832619927449004E-016  1.067111030455398E-019  2.499999936845000E-005
  7.107856027657049E-017  3.749999905267500E-005   12.0000000000000     
  1.331283340022320E-005   1.26839000000000        3119490.71166300     
  4.670716566498835E-020
  3.812277772269496E-016  2.031652484299967E-019  2.499999936845000E-005
  2.019386485518301E-016  4.999999873690000E-005   12.0000000000000     
  1.331283340022320E-005   1.26839000000000        2079488.44456700     
  1.167111030455398E-019
  3.597191036075018E-016  1.906109040636574E-019  2.499999936845000E-005
  1.891412391791958E-016  4.999999873690000E-005   12.0000000000000     
  1.331283340022320E-005   1.26839000000000        2079488.44456700     
  1.099563944522621E-019
  4.984688948329351E-016  3.041395860382186E-019  2.499999936845000E-005
  3.690007909829467E-016  6.249999842112500E-005   12.0000000000000     
  1.331283340022320E-005   1.26839000000000        1732820.47377650     
  2.052618464840908E-019
  6.493867876064496E-016  3.685895266198509E-019  2.499999936845000E-005
  4.383756865956634E-016  6.249999842112500E-005   12.0000000000000     
  1.331283340022320E-005   1.26839000000000        1732820.47377650     
  2.620261874713714E-019
  1.015870276826002E-015  5.673257347432037E-019  2.499999936845000E-005
  8.385280267856454E-016  7.499999810535000E-005   12.0000000000000     
  1.331283340022320E-005   1.26839000000000        1386152.50298600     
  4.785459210721130E-019
  9.795828521364916E-016  5.430784282652335E-019  2.499999936845000E-005
  8.010246967312414E-016  7.499999810535000E-005   12.0000000000000     
  1.331283340022320E-005   1.26839000000000        1386152.50298600     
  4.605222051394288E-019
  1.281969247024908E-015  7.624707934741235E-019  2.499999936845000E-005
  1.290816122799487E-015  8.749999778957500E-005   12.0000000000000     
  1.331283340022320E-005   1.26839000000000        1212818.24855200     
  7.320614192720455E-019
  1.486132389152873E-015  8.586217649450351E-019  2.499999936845000E-005
  1.442009320243696E-015  8.749999778957500E-005   12.0000000000000     
  1.331283340022320E-005   1.26839000000000        1212818.24855200     
  8.417576018764905E-019
  2.060933754300706E-015  1.178235145448210E-018  2.499999936845000E-005
  2.287157085884115E-015  9.999999747380000E-005   12.0000000000000     
  1.331283340022320E-005   1.26839000000000        1039483.99411800     
  1.319143970084464E-018
  2.012491902154570E-015  1.149366346773750E-018  2.499999936845000E-005
  2.230478009863368E-015  9.999999747380000E-005   12.0000000000000     
  1.331283340022320E-005   1.26839000000000        1039483.99411800     
  1.287771986898056E-018
  2.518518164351037E-015  1.502546950027967E-018  2.499999936845000E-005
  3.236723960940653E-015  1.124999971580250E-004   12.0000000000000     
  1.331283340022320E-005   1.26839000000000        935483.279464150     
  1.862455160284931E-018
  2.769286906369248E-015  1.626889887090042E-018  2.499999936845000E-005
  3.489737092038886E-015  1.124999971580250E-004   12.0000000000000     
  1.331283340022320E-005   1.26839000000000        935483.279464150     
  2.039045461912039E-018
  3.576101314244635E-015  2.091537121949742E-018  2.499999936845000E-005
  4.999764916232615E-015  1.249999968422500E-004   12.0000000000000     
  1.331283340022320E-005   1.26839000000000        831482.564810300     
  2.914661873988097E-018
  3.522709287459466E-015  2.060111904396168E-018  2.499999936845000E-005
  4.924511902836664E-015  1.249999968422500E-004   12.0000000000000     
  1.331283340022320E-005   1.26839000000000        831482.564810300     
  2.871068177391308E-018
  4.263623602656691E-015  2.572374615008890E-018  2.499999936845000E-005
  6.685866546566397E-015  1.374999965264750E-004   12.0000000000000     
  1.331283340022320E-005   1.26839000000000        762148.645978700     
  3.901124129589392E-018
  4.556011260458119E-015  2.722175308211180E-018  2.499999936845000E-005
  7.056323704165009E-015  1.374999965264750E-004   12.0000000000000     
  1.331283340022320E-005   1.26839000000000        762148.645978700     
  4.157255484895752E-018
  5.617770295494911E-015  3.355273408712271E-018  2.499999936845000E-005
  9.480523163294783E-015  1.499999962107000E-004   12.0000000000000     
  1.331283340022320E-005   1.26839000000000        692814.727147100     
  5.593243485602487E-018
  1.151027084586398E-016  4.631255744030276E-020  2.499999936845000E-005
  2.576516630705999E-017  2.499999936845000E-005   20.0000000000000     
  1.331283340022320E-005   1.26839000000000        4159492.97875900     
  9.999999999999999E-021
  2.190648010173369E-016  1.106889681393301E-019  2.499999936845000E-005
  8.331652053637990E-017  3.749999905267500E-005   20.0000000000000     
  1.331283340022320E-005   1.26839000000000        3119490.71166300     
  3.315627872015138E-020
  4.510020762221205E-016  1.874156782395006E-019  2.499999936845000E-005
  1.352975668157284E-016  3.749999905267500E-005   20.0000000000000     
  1.331283340022320E-005   1.26839000000000        3119490.71166300     
  6.534448406966506E-020
  1.127844501982027E-015  4.405964294468507E-019  2.499999936845000E-005
  4.767672425291805E-016  4.999999873690000E-005   20.0000000000000     
  1.331283340022320E-005   1.26839000000000        2079488.44456700     
  1.974156782395006E-019
  1.090364816093129E-015  4.224561363008703E-019  2.499999936845000E-005
  4.562786604603234E-016  4.999999873690000E-005   20.0000000000000     
  1.331283340022320E-005   1.26839000000000        2079488.44456700     
  1.905197132741358E-019
  1.718544723972016E-015  7.632974294333048E-019  2.499999936845000E-005
  1.001461068506888E-015  6.249999842112500E-005   20.0000000000000     
  1.331283340022320E-005   1.26839000000000        1732820.47377650     
  4.017477814245710E-019
  2.491839307374140E-015  1.020459632547145E-018  2.499999936845000E-005
  1.315551022446332E-015  6.249999842112500E-005   20.0000000000000     
  1.331283340022320E-005   1.26839000000000        1732820.47377650     
  5.721684279907882E-019
  4.508619513945546E-015  1.837449960711005E-018  2.499999936845000E-005
  2.948117967834463E-015  7.499999810535000E-005   20.0000000000000     
  1.331283340022320E-005   1.26839000000000        1386152.50298600     
  1.210979345821280E-018
  4.337150434916582E-015  1.745555454492657E-018  2.499999936845000E-005
  2.792904059248822E-015  7.499999810535000E-005   20.0000000000000     
  1.331283340022320E-005   1.26839000000000        1386152.50298600     
  1.161756416769598E-018
  6.269903197303310E-015  2.708041467851658E-018  2.499999936845000E-005
  4.961479276707113E-015  8.749999778957500E-005   20.0000000000000     
  1.331283340022320E-005   1.26839000000000        1212818.24855200     
  2.034534144015927E-018
  7.812167970846189E-015  3.259778245490116E-018  2.499999936845000E-005
  5.927855657900476E-015  8.749999778957500E-005   20.0000000000000     
  1.331283340022320E-005   1.26839000000000        1212818.24855200     
  2.515777150695428E-018
  1.213269520374339E-014  5.039466040666306E-018  2.499999936845000E-005
  1.060507203009501E-014  9.999999747380000E-005   20.0000000000000     
  1.331283340022320E-005   1.26839000000000        1039483.99411800     
  4.421534662259715E-018
  1.175898967771155E-014  4.866117009182309E-018  2.499999936845000E-005
  1.023190205507532E-014  9.999999747380000E-005   20.0000000000000     
  1.331283340022320E-005   1.26839000000000        1039483.99411800     
  4.281866570410017E-018
  1.598035048694953E-014  6.911253614796641E-018  2.499999936845000E-005
  1.611139689393110E-014  1.124999971580250E-004   20.0000000000000     
  1.331283340022320E-005   1.26839000000000        935483.279464150     
  6.714925075001172E-018
  1.849006467990244E-014  7.848415709750258E-018  2.499999936845000E-005
  1.822207729855008E-014  1.124999971580250E-004   20.0000000000000     
  1.331283340022320E-005   1.26839000000000        935483.279464150     
  7.737493377808338E-018
  2.616485802525286E-014  1.109248299605878E-017  2.499999936845000E-005
  2.872196673497776E-014  1.249999968422500E-004   20.0000000000000     
  1.331283340022320E-005   1.26839000000000        831482.564810300     
  1.213028228016027E-017
  2.559373172465901E-014  1.083376698855403E-017  2.499999936845000E-005
  2.804268172785338E-014  1.249999968422500E-004   20.0000000000000     
  1.331283340022320E-005   1.26839000000000        831482.564810300     
  1.186152301279916E-017
  3.324076537277929E-014  1.452185080764786E-017  2.499999936845000E-005
  4.083954759018288E-014  1.374999965264750E-004   20.0000000000000     
  1.331283340022320E-005   1.26839000000000        762148.645978700     
  1.727840650707618E-017
  3.688568339331692E-014  1.592258992073931E-017  2.499999936845000E-005
  4.466306441424303E-014  1.374999965264750E-004   20.0000000000000     
  1.331283340022320E-005   1.26839000000000        762148.645978700     
  1.912244841662309E-017
  4.909099380851841E-014  2.122531024871823E-017  2.499999936845000E-005
  6.492836512117030E-014  1.499999962107000E-004   20.0000000000000     
  1.331283340022320E-005   1.26839000000000        692814.727147100     
  2.778411293353847E-017
  1.789198862483455E-016  5.637077687699579E-020  2.499999936845000E-005
  3.290186266796325E-017  2.499999936845000E-005   30.0000000000000     
  1.331283340022320E-005   1.26839000000000        4159492.97875900     
  9.999999999999999E-021
  3.943068155339796E-016  1.555559007306916E-019  2.499999936845000E-005
  1.223618057921360E-016  3.749999905267500E-005   30.0000000000000     
  1.331283340022320E-005   1.26839000000000        3119490.71166300     
  3.818538843849790E-020
  9.405532146990672E-016  3.031207355754657E-019  2.499999936845000E-005
  2.300552704349531E-016  3.749999905267500E-005   30.0000000000000     
  1.331283340022320E-005   1.26839000000000        3119490.71166300     
  8.777795036534582E-020
  2.771870422118870E-015  8.546225550769584E-019  2.499999936845000E-005
  9.734550773670303E-016  4.999999873690000E-005   30.0000000000000     
  1.331283340022320E-005   1.26839000000000        2079488.44456700     
  3.131207355754656E-019
  2.790460602187189E-015  8.526983678866086E-019  2.499999936845000E-005
  9.696535908068481E-016  4.999999873690000E-005   30.0000000000000     
  1.331283340022320E-005   1.26839000000000        2079488.44456700     
  3.147244340943781E-019
  4.933593182574651E-015  1.719425405471790E-018  2.499999936845000E-005
  2.364883891900442E-015  6.249999842112500E-005   30.0000000000000     
  1.331283340022320E-005   1.26839000000000        1732820.47377650     
  7.410736180376824E-019
  7.943196016248590E-015  2.537552785233751E-018  2.499999936845000E-005
  3.436450182094173E-015  6.249999842112500E-005   30.0000000000000     
  1.331283340022320E-005   1.26839000000000        1732820.47377650     
  1.174437136830273E-018
  1.647944131193747E-014  5.285441867652435E-018  2.499999936845000E-005
  8.912849607055438E-015  7.499999810535000E-005   30.0000000000000     
  1.331283340022320E-005   1.26839000000000        1386152.50298600     
  2.852277219328129E-018
  1.597438034234433E-014  5.039955221642839E-018  2.499999936845000E-005
  8.473566976102039E-015  7.499999810535000E-005   30.0000000000000     
  1.331283340022320E-005   1.26839000000000        1386152.50298600     
  2.756740536919399E-018
  2.528396994536440E-014  8.563563538075755E-018  2.499999936845000E-005
  1.646075714727421E-014  8.749999778957500E-005   30.0000000000000     
  1.331283340022320E-005   1.26839000000000        1212818.24855200     
  5.276718147740818E-018
  3.396617936567253E-014  1.106222136384351E-017  2.499999936845000E-005
  2.111555194878424E-014  8.749999778957500E-005   30.0000000000000     
  1.331283340022320E-005   1.26839000000000        1212818.24855200     
  7.038522305957277E-018
  5.887780468475724E-014  1.919828824300845E-017  2.499999936845000E-005
  4.243974634177457E-014  9.999999747380000E-005   30.0000000000000     
  1.331283340022320E-005   1.26839000000000        1039483.99411800     
  1.381896190076290E-017
  5.689640184976549E-014  1.843238336671013E-017  2.499999936845000E-005
  4.069898091763128E-014  9.999999747380000E-005   30.0000000000000     
  1.331283340022320E-005   1.26839000000000        1039483.99411800     
  1.333837608166770E-017
  8.345031059928046E-014  2.826969364724491E-017  2.499999936845000E-005
  6.914718184251402E-014  1.124999971580250E-004   30.0000000000000     
  1.331283340022320E-005   1.26839000000000        935483.279464150     
  2.255456776502277E-017
  1.020495489762806E-013  3.382841499591916E-017  2.499999936845000E-005
  8.242413621727151E-014  1.124999971580250E-004   30.0000000000000     
  1.331283340022320E-005   1.26839000000000        935483.279464150     
  2.747322290529015E-017
  1.580520621338935E-013  5.250560530212877E-017  2.499999936845000E-005
  1.427485298939119E-013  1.249999968422500E-004   30.0000000000000     
  1.331283340022320E-005   1.26839000000000        831482.564810300     
  4.716679107758685E-017
  1.537633672499441E-013  5.091932041671266E-017  2.499999936845000E-005
  1.383570114400948E-013  1.249999968422500E-004   30.0000000000000     
  1.331283340022320E-005   1.26839000000000        831482.564810300     
  4.586074374086221E-017
  2.133327257450648E-013  7.294562401750098E-017  2.499999936845000E-005
  2.152386950650668E-013  1.374999965264750E-004   30.0000000000000     
  1.331283340022320E-005   1.26839000000000        762148.645978700     
  7.132040394921853E-017
  2.469027756935273E-013  8.324779502583945E-017  2.499999936845000E-005
  2.450233743126272E-013  1.374999965264750E-004   30.0000000000000     
  1.331283340022320E-005   1.26839000000000        762148.645978700     
  8.233355574961270E-017
  3.545137466114548E-013  1.199841699212154E-016  2.499999936845000E-005
  3.852597871336220E-013  1.499999962107000E-004   30.0000000000000     
  1.331283340022320E-005   1.26839000000000        692814.727147100     
  1.291085387667016E-016
  2.569014643702917E-016  6.646616764252317E-020  2.499999936845000E-005
  4.006493352674773E-017  2.499999936845000E-005   42.0000000000000     
  1.331283340022320E-005   1.26839000000000        4159492.97875900     
  9.999999999999999E-021
  6.433076847785605E-016  2.079932871023044E-019  2.499999936845000E-005
  1.685156657118936E-016  3.749999905267500E-005   42.0000000000000     
  1.331283340022320E-005   1.26839000000000        3119490.71166300     
  4.323308382126158E-020
  1.751349774025222E-015  4.605887032927638E-019  2.499999936845000E-005
  3.617187759160280E-016  3.749999905267500E-005   42.0000000000000     
  1.331283340022320E-005   1.26839000000000        3119490.71166300     
  1.139966435511522E-019
  5.970357555781229E-015  1.519913332193670E-018  2.499999936845000E-005
  1.791414707551969E-015  4.999999873690000E-005   42.0000000000000     
  1.331283340022320E-005   1.26839000000000        2079488.44456700     
  4.705887032927639E-019
  6.317088622635687E-015  1.594018662932000E-018  2.499999936845000E-005
  1.876160589819929E-015  4.999999873690000E-005   42.0000000000000     
  1.331283340022320E-005   1.26839000000000        2079488.44456700     
  4.972572467710550E-019
  1.238441966612762E-014  3.547185055107410E-018  2.499999936845000E-005
  5.034704901137773E-015  6.249999842112500E-005   42.0000000000000     
  1.331283340022320E-005   1.26839000000000        1732820.47377650     
  1.294266578237055E-018
  2.203512908952808E-014  5.763233014970328E-018  2.499999936845000E-005
  8.068370422883738E-015  6.249999842112500E-005   42.0000000000000     
  1.331283340022320E-005   1.26839000000000        1732820.47377650     
  2.270849774324760E-018
  5.188493687205537E-014  1.371586687547666E-017  2.499999936845000E-005
  2.391128967934801E-014  7.499999810535000E-005   42.0000000000000     
  1.331283340022320E-005   1.26839000000000        1386152.50298600     
  6.260490261741383E-018
  5.113849426187408E-014  1.326079384949168E-017  2.499999936845000E-005
  2.304968109082034E-014  7.499999810535000E-005   42.0000000000000     
  1.331283340022320E-005   1.26839000000000        1386152.50298600     
  6.152377526531744E-018
  8.796436859013562E-014  2.449280232885187E-017  2.499999936845000E-005
  4.861892822175737E-014  8.749999778957500E-005   42.0000000000000     
  1.331283340022320E-005   1.26839000000000        1212818.24855200     
  1.278277445127759E-017
  1.274528810477585E-013  3.399010982538494E-017  2.499999936845000E-005
  6.703186538588814E-014  8.749999778957500E-005   42.0000000000000     
  1.331283340022320E-005   1.26839000000000        1212818.24855200     
  1.839877869095768E-017
  2.453870360800659E-013  6.586640501764594E-017  2.499999936845000E-005
  1.505025621385788E-013  9.999999747380000E-005   42.0000000000000     
  1.331283340022320E-005   1.26839000000000        1039483.99411800     
  4.014248735191669E-017
  2.377223511572302E-013  6.322973094577558E-017  2.499999936845000E-005
  1.442763526937750E-013  9.999999747380000E-005   42.0000000000000     
  1.331283340022320E-005   1.26839000000000        1039483.99411800     
  3.883454805580028E-017
  3.742994146545465E-013  1.041614012715209E-016  2.499999936845000E-005
  2.631375282723901E-013  1.124999971580250E-004   42.0000000000000     
  1.331283340022320E-005   1.26839000000000        935483.279464150     
  7.044941352868807E-017
  4.848468779869026E-013  1.316781262412434E-016  2.499999936845000E-005
  3.314260600210483E-013  1.124999971580250E-004   42.0000000000000     
  1.331283340022320E-005   1.26839000000000        935483.279464150     
  9.091524869156071E-017
  8.200108554173267E-013  2.239311184528365E-016  2.499999936845000E-005
  6.291232306806776E-013  1.249999968422500E-004   42.0000000000000     
  1.331283340022320E-005   1.26839000000000        831482.564810300     
  1.705126742970436E-016
  7.955749115257568E-013  2.161989046569562E-016  2.499999936845000E-005
  6.069473180033509E-013  1.249999968422500E-004   42.0000000000000     
  1.331283340022320E-005   1.26839000000000        831482.564810300     
  1.653078654598237E-016
  1.174372770256087E-012  3.296891743219029E-016  2.499999936845000E-005
  1.004734773766229E-012  1.374999965264750E-004   42.0000000000000     
  1.331283340022320E-005   1.26839000000000        762148.645978700     
  2.734073177883018E-016
  1.421589956886765E-012  3.927842567368571E-016  2.499999936845000E-005
  1.194133703131394E-012  1.374999965264750E-004   42.0000000000000     
  1.331283340022320E-005   1.26839000000000        762148.645978700     
  3.301524526207751E-016
  2.199776456817752E-012  6.114761962793709E-016  2.499999936845000E-005
  2.028537274890116E-012  1.499999962107000E-004   42.0000000000000     
  1.331283340022320E-005   1.26839000000000        692814.727147100     
  5.580921221966808E-016
  3.490578474342621E-016  7.658406583035667E-020  2.499999936845000E-005
  4.724397427362986E-017  2.499999936845000E-005   56.0000000000000     
  1.331283340022320E-005   1.26839000000000        4159492.97875900     
  9.999999999999999E-021
  9.788395076289581E-016  2.679907080288178E-019  2.499999936845000E-005
  2.217728979907609E-016  3.749999905267500E-005   56.0000000000000     
  1.331283340022320E-005   1.26839000000000        3119490.71166300     
  4.829203291517834E-020
  3.001740087634040E-015  6.665948972736417E-019  2.499999936845000E-005
  5.366637280881089E-016  3.749999905267500E-005   56.0000000000000     
  1.331283340022320E-005   1.26839000000000        3119490.71166300     
  1.439953540144089E-019
  1.164959567933261E-014  2.524716249822829E-018  2.499999936845000E-005
  3.048984061907670E-015  4.999999873690000E-005   56.0000000000000     
  1.331283340022320E-005   1.26839000000000        2079488.44456700     
  6.765948972736417E-019
  1.301531651497219E-014  2.796939744197849E-018  2.499999936845000E-005
  3.373879427155775E-015  4.999999873690000E-005   56.0000000000000     
  1.331283340022320E-005   1.26839000000000        2079488.44456700     
  7.550785877096841E-019
  2.802186610361558E-014  6.807329977997874E-018  2.499999936845000E-005
  9.881537684641868E-015  6.249999842112500E-005   56.0000000000000     
  1.331283340022320E-005   1.26839000000000        1732820.47377650     
  2.153548459808608E-018
  5.479238380855248E-014  1.212427226083208E-017  2.499999936845000E-005
  1.738481247896357E-014  6.249999842112500E-005   56.0000000000000     
  1.331283340022320E-005   1.26839000000000        1732820.47377650     
  4.158743576708621E-018
  1.449427447577717E-013  3.258174646606028E-017  2.499999936845000E-005
  5.816626323570826E-014  7.499999810535000E-005   56.0000000000000     
  1.331283340022320E-005   1.26839000000000        1386152.50298600     
  1.287935084854176E-017
  1.462851570930895E-013  3.219043565906160E-017  2.499999936845000E-005
  5.730497294333578E-014  7.499999810535000E-005   56.0000000000000     
  1.331283340022320E-005   1.26839000000000        1386152.50298600     
  1.296206036902936E-017
  2.717345762450581E-013  6.421863030106192E-017  2.499999936845000E-005
  1.304475514898805E-013  8.749999778957500E-005   56.0000000000000     
  1.331283340022320E-005   1.26839000000000        1212818.24855200     
  2.905727819856015E-017
  4.241127678982758E-013  9.568113339075742E-017  2.499999936845000E-005
  1.931722610658649E-013  8.749999778957500E-005   56.0000000000000     
  1.331283340022320E-005   1.26839000000000        1212818.24855200     
  4.507137551956032E-017
  9.018620711437991E-013  2.057486518681463E-016  2.499999936845000E-005
  4.814177408416117E-013  9.999999747380000E-005   56.0000000000000     
  1.331283340022320E-005   1.26839000000000        1039483.99411800     
  1.086431937597868E-016
  8.805936869782422E-013  1.985858570380945E-016  2.499999936845000E-005
  4.639452923639286E-013  9.999999747380000E-005   56.0000000000000     
  1.331283340022320E-005   1.26839000000000        1039483.99411800     
  1.059184961875038E-016
  1.481489714551539E-012  3.497432417414583E-016  2.499999936845000E-005
  9.042421358530497E-013  1.124999971580250E-004   56.0000000000000     
  1.331283340022320E-005   1.26839000000000        935483.279464150     
  2.052114247065511E-016
  2.034357809363133E-012  4.675938175375136E-016  2.499999936845000E-005
  1.204690149639698E-012  1.124999971580250E-004   56.0000000000000     
  1.331283340022320E-005   1.26839000000000        935483.279464150     
  2.807901170582330E-016
  3.746017948413111E-012  8.685282890061048E-016  2.499999936845000E-005
  2.498303101727061E-012  1.249999968422500E-004   56.0000000000000     
  1.331283340022320E-005   1.26839000000000        831482.564810300     
  5.735123137250174E-016
  3.636239674664890E-012  8.375186961330056E-016  2.499999936845000E-005
  2.406996406234045E-012  1.249999968422500E-004   56.0000000000000     
  1.331283340022320E-005   1.26839000000000        831482.564810300     
  5.562165402878610E-016
  5.690354106561938E-012  1.354636548004493E-015  2.499999936845000E-005
  4.225116243566490E-012  1.374999965264750E-004   56.0000000000000     
  1.331283340022320E-005   1.26839000000000        762148.645978700     
  9.749758883543638E-016
  7.216394763669711E-012  1.687846372255162E-015  2.499999936845000E-005
  5.252173459515014E-012  1.374999965264750E-004   56.0000000000000     
  1.331283340022320E-005   1.26839000000000        762148.645978700     
  1.233534814290107E-015
  1.201524841213059E-011  2.833591364801453E-015  2.499999936845000E-005
  9.623391169903757E-012  1.499999962107000E-004   56.0000000000000     
  1.331283340022320E-005   1.26839000000000        692814.727147100     
  2.244062912543023E-015
  4.553946135621479E-016  8.671660982341305E-020  2.499999936845000E-005
  5.443340678671816E-017  2.499999936845000E-005   72.0000000000000     
  1.331283340022320E-005   1.26839000000000        4159492.97875900     
  9.999999999999999E-021
  1.413671951001271E-015  3.355425775526389E-019  2.499999936845000E-005
  2.821307135677921E-016  3.749999905267500E-005   72.0000000000000     
  1.331283340022320E-005   1.26839000000000        3119490.71166300     
  5.335830491170652E-020
  4.828990530196332E-015  9.279200832958145E-019  2.499999936845000E-005
  7.612693822873538E-016  3.749999905267500E-005   72.0000000000000     
  1.331283340022320E-005   1.26839000000000        3119490.71166300     
  1.777712887763194E-019
  2.105243809735812E-014  3.970851062784005E-018  2.499999936845000E-005
  4.883423936983050E-015  4.999999873690000E-005   72.0000000000000     
  1.331283340022320E-005   1.26839000000000        2079488.44456700     
  9.379200832958144E-019
  2.487989520975871E-014  4.655476451771652E-018  2.499999936845000E-005
  5.719959685672630E-015  4.999999873690000E-005   72.0000000000000     
  1.331283340022320E-005   1.26839000000000        2079488.44456700     
  1.107415499050721E-018
  5.835373685154082E-014  1.230122572212883E-017  2.499999936845000E-005
  1.815990729055198E-014  6.249999842112500E-005   72.0000000000000     
  1.331283340022320E-005   1.26839000000000        1732820.47377650     
  3.435153724936547E-018
  1.246828446426071E-013  2.390130157952783E-017  2.499999936845000E-005
  3.489682811144304E-014  6.249999842112500E-005   72.0000000000000     
  1.331283340022320E-005   1.26839000000000        1732820.47377650     
  7.258028360115134E-018
  3.670433662438197E-013  7.175644885835493E-017  2.499999936845000E-005
  1.304028043282797E-013  7.499999810535000E-005   72.0000000000000     
  1.331283340022320E-005   1.26839000000000        1386152.50298600     
  2.500871707857855E-017
  3.812917339946190E-013  7.285936856549773E-017  2.499999936845000E-005
  1.320526970926517E-013  7.499999810535000E-005   72.0000000000000     
  1.331283340022320E-005   1.26839000000000        1386152.50298600     
  2.591024548462404E-017
  7.606979521112044E-013  1.561366622258706E-016  2.499999936845000E-005
  3.226985640899612E-013  8.749999778957500E-005   72.0000000000000     
  1.331283340022320E-005   1.26839000000000        1212818.24855200     
  6.233992976737290E-017
  1.276172064406331E-012  2.493499584549146E-016  2.499999936845000E-005
  5.124016731482539E-013  8.749999778957500E-005   72.0000000000000     
  1.331283340022320E-005   1.26839000000000        1212818.24855200     
  1.039785765975593E-016
  2.979865128483247E-012  5.912134089284143E-016  2.499999936845000E-005
  1.408224761498982E-012  9.999999747380000E-005   72.0000000000000     
  1.331283340022320E-005   1.26839000000000        1039483.99411800     
  2.752602039395386E-016
  2.946646188637873E-012  5.766021863792587E-016  2.499999936845000E-005
  1.371202179678141E-012  9.999999747380000E-005   72.0000000000000     
  1.331283340022320E-005   1.26839000000000        1039483.99411800     
  2.717512486272044E-016
  5.275120260761714E-012  1.081208567353325E-015  2.499999936845000E-005
  2.844525273997077E-012  1.124999971580250E-004   72.0000000000000     
  1.331283340022320E-005   1.26839000000000        935483.279464150     
  5.600523418168338E-016
  7.677607074325651E-012  1.528865602988817E-015  2.499999936845000E-005
  4.008762310058998E-012  1.124999971580250E-004   72.0000000000000     
  1.331283340022320E-005   1.26839000000000        935483.279464150     
  8.123555323038668E-016
  1.533932717127652E-011  3.090467061552278E-015  2.499999936845000E-005
  9.048809254003793E-012  1.249999968422500E-004   72.0000000000000     
  1.331283340022320E-005   1.26839000000000        831482.564810300     
  1.800616851616021E-015
  1.494786132731741E-011  2.986681803619485E-015  2.499999936845000E-005
  8.736440184692994E-012  1.249999968422500E-004   72.0000000000000     
  1.331283340022320E-005   1.26839000000000        831482.564810300     
  1.752954180063174E-015
  2.471899247994928E-011  5.107407097969902E-015  2.499999936845000E-005
  1.621037084835170E-011  1.374999965264750E-004   72.0000000000000     
  1.331283340022320E-005   1.26839000000000        762148.645978700     
  3.246295081872917E-015
  3.286757754418452E-011  6.661608902140356E-015  2.499999936845000E-005
  2.109593642466763E-011  1.374999965264750E-004   72.0000000000000     
  1.331283340022320E-005   1.26839000000000        762148.645978700     
  4.306657729048125E-015
  5.876613210725023E-011  1.203573145997058E-014  2.499999936845000E-005
  4.160401772887751E-011  1.499999962107000E-004   72.0000000000000     
  1.331283340022320E-005   1.26839000000000        692814.727147100     
  8.414563082203529E-015
  5.759150178885227E-016  9.685921194468084E-020  2.499999936845000E-005
  6.162997593143950E-017  2.499999936845000E-005   90.0000000000000     
  1.331283340022320E-005   1.26839000000000        4159492.97875900     
  9.999999999999999E-021
  1.960573509625435E-015  4.106456359666410E-019  2.499999936845000E-005
  3.495874848757008E-016  3.749999905267500E-005   90.0000000000000     
  1.331283340022320E-005   1.26839000000000        3119490.71166300     
  5.842960597234041E-020
  7.389287068868708E-015  1.251347649275175E-018  2.499999936845000E-005
  1.041916730744157E-015  3.749999905267500E-005   90.0000000000000     
  1.331283340022320E-005   1.26839000000000        3119490.71166300     
  2.153228179833205E-019
  3.578562578631215E-014  5.973707694954243E-018  2.499999936845000E-005
  7.450917044800147E-015  4.999999873690000E-005   90.0000000000000     
  1.331283340022320E-005   1.26839000000000        2079488.44456700     
  1.261347649275176E-018
  4.474060641864964E-014  7.412789565123758E-018  2.499999936845000E-005
  9.238506969462932E-015  4.999999873690000E-005   90.0000000000000     
  1.331283340022320E-005   1.26839000000000        2079488.44456700     
  1.575758912897093E-018
  1.135371411245292E-013  2.113248831219827E-017  2.499999936845000E-005
  3.160881017878775E-014  6.249999842112500E-005   90.0000000000000     
  1.331283340022320E-005   1.26839000000000        1732820.47377650     
  5.282153695458972E-018
  2.636466662928262E-013  4.457452473431355E-017  2.499999936845000E-005
  6.600707753172752E-014  6.249999842112500E-005   90.0000000000000     
  1.331283340022320E-005   1.26839000000000        1732820.47377650     
  1.214200306899623E-017
  8.563677982816003E-013  1.480986331843737E-016  2.499999936845000E-005
  2.728851732622891E-013  7.499999810535000E-005   90.0000000000000     
  1.331283340022320E-005   1.26839000000000        1386152.50298600     
  4.615028364721064E-017
  9.189178290125177E-013  1.551462195361902E-016  2.499999936845000E-005
  2.851511768919564E-013  7.499999810535000E-005   90.0000000000000     
  1.331283340022320E-005   1.26839000000000        1386152.50298600     
  4.939666705331728E-017
  1.959622154785041E-012  3.554553813141257E-016  2.499999936845000E-005
  7.446100913982152E-013  8.749999778957500E-005   90.0000000000000     
  1.331283340022320E-005   1.26839000000000        1212818.24855200     
  1.269697768214124E-016
  3.524527949568768E-012  6.071207596619762E-016  2.499999936845000E-005
  1.264962254284477E-012  8.749999778957500E-005   90.0000000000000     
  1.331283340022320E-005   1.26839000000000        1212818.24855200     
  2.271243577103801E-016
  8.985466362381930E-012  1.577376854071491E-015  2.499999936845000E-005
  3.809679126460725E-012  9.999999747380000E-005   90.0000000000000     
  1.331283340022320E-005   1.26839000000000        1039483.99411800     
  6.565174267152936E-016
  9.034622227181841E-012  1.561029309426106E-015  2.499999936845000E-005
  3.763931910242301E-012  9.999999747380000E-005   90.0000000000000     
  1.331283340022320E-005   1.26839000000000        1039483.99411800     
  6.590092263132980E-016
  1.714763583725622E-011  3.105279851281238E-015  2.499999936845000E-005
  8.281243023833222E-012  1.124999971580250E-004   90.0000000000000     
  1.331283340022320E-005   1.26839000000000        935483.279464150     
  1.439523881026351E-015
  2.643083977809459E-011  4.641264196907351E-015  2.499999936845000E-005
  1.233774982887041E-011  1.124999971580250E-004   90.0000000000000     
  1.331283340022320E-005   1.26839000000000        935483.279464150     
  2.211649151953917E-015
  5.708839706910289E-011  1.017087822762853E-014  2.499999936845000E-005
  3.019477168833690E-011  1.249999968422500E-004   90.0000000000000     
  1.331283340022320E-005   1.26839000000000        831482.564810300     
  5.300273423220649E-015
  5.602937098514757E-011  9.883337666463926E-015  2.499999936845000E-005
  2.931059366474003E-011  1.249999968422500E-004   90.0000000000000     
  1.331283340022320E-005   1.26839000000000        831482.564810300     
  5.196508498551934E-015
  9.762793702801566E-011  1.781753079249663E-014  2.499999936845000E-005
  5.732527915731381E-011  1.374999965264750E-004   90.0000000000000     
  1.331283340022320E-005   1.26839000000000        762148.645978700     
  1.013817733178390E-014
  1.361267900077561E-010  2.433473605218101E-014  2.499999936845000E-005
  7.812456217874786E-011  1.374999965264750E-004   90.0000000000000     
  1.331283340022320E-005   1.26839000000000        762148.645978700     
  1.410527389480025E-014
  2.607765295591732E-010  4.720495480949797E-014  2.499999936845000E-005
  1.654373836724961E-010  1.499999962107000E-004   90.0000000000000     
  1.331283340022320E-005   1.26839000000000        692814.727147100     
  2.953124455073295E-014
 -9.999950048153032E-021  9.999483750549369E-021  2.499999936845000E-005
 -9.999899195730761E-021  2.499999936845000E-005  0.000000000000000E+000
  1.331283340022320E-005   1.26839000000000        79998.1306064800     
  9.999999999999999E-021
 -1.249947052757670E-020  9.999153386774573E-021  2.499999936845000E-005
 -1.499987421980728E-020  3.749999905267500E-005  0.000000000000000E+000
  1.331283340022320E-005   1.26839000000000        59998.1300785350     
  1.499974187527468E-020
 -1.166604926409469E-020  9.998987064987147E-021  2.499999936845000E-005
 -1.624963445951911E-020  3.749999905267500E-005  0.000000000000000E+000
  1.331283340022320E-005   1.26839000000000        59998.1300785350     
  1.499957669338729E-020
 -9.165711315408789E-021  9.998663452982122E-021  2.499999936845000E-005
 -2.166594845982545E-020  4.999999873690000E-005  0.000000000000000E+000
  1.331283340022320E-005   1.26839000000000        39998.1295505900     
  1.999898706498715E-020
 -9.374095153465330E-021  9.998721557084732E-021  2.499999936845000E-005
 -2.124934935354820E-020  4.999999873690000E-005  0.000000000000000E+000
  1.331283340022320E-005   1.26839000000000        39998.1295505900     
  1.999907135117582E-020
 -1.045709109592331E-020  9.998436708076917E-021  2.499999936845000E-005
 -2.593639693028086E-020  6.249999842112500E-005  0.000000000000000E+000
  1.331283340022320E-005   1.26839000000000        33331.4626967950     
  2.499843212971819E-020
 -1.024037322249249E-020  9.998360193541539E-021  2.499999936845000E-005
 -2.647789490150985E-020  6.249999842112500E-005  0.000000000000000E+000
  1.331283340022320E-005   1.26839000000000        33331.4626967950     
  2.499828970521428E-020
 -9.501261212712446E-021  9.998077133228452E-021  2.499999936845000E-005
 -3.148972257604069E-020  7.499999810535000E-005  0.000000000000000E+000
  1.331283340022320E-005   1.26839000000000        26664.7958430000     
  2.999743154471736E-020
 -9.566395489717081E-021  9.998096601685860E-021  2.499999936845000E-005
 -3.129439685404976E-020  7.499999810535000E-005  0.000000000000000E+000
  1.331283340022320E-005   1.26839000000000        26664.7958430000     
  2.999747010010084E-020
 -1.010622388143521E-020  9.997823152725204E-021  2.499999936845000E-005
 -3.607759459890830E-020  8.749999778957500E-005  0.000000000000000E+000
  1.331283340022320E-005   1.26839000000000        23331.4624083900     
  3.499651840094377E-020
 -1.002902578587588E-020  9.997775244682503E-021  2.499999936845000E-005
 -3.634750879476737E-020  8.749999778957500E-005  0.000000000000000E+000
  1.331283340022320E-005   1.26839000000000        23331.4624083900     
  3.499638167646344E-020
 -9.666163942658728E-021  9.997503193030552E-021  2.499999936845000E-005
 -4.132342263992564E-020  9.999999747380000E-005  0.000000000000000E+000
  1.331283340022320E-005   1.26839000000000        19998.1289737800     
  3.999524534478334E-020
 -9.694138366924476E-021  9.997512780483393E-021  2.499999936845000E-005
 -4.121157331521609E-020  9.999999747380000E-005  0.000000000000000E+000
  1.331283340022320E-005   1.26839000000000        19998.1289737800     
  3.999526953168948E-020
 -1.001137931403324E-020  9.997245043343004E-021  2.499999936845000E-005
 -4.605864249867833E-020  1.124999971580250E-004  0.000000000000000E+000
  1.331283340022320E-005   1.26839000000000        17998.1289070800     
  4.499402592193117E-020
 -9.976070081072054E-021  9.997210379032383E-021  2.499999936845000E-005
 -4.621726297223271E-020  1.124999971580250E-004  0.000000000000000E+000
  1.331283340022320E-005   1.26839000000000        17998.1289070800     
  4.499389205336098E-020
 -9.758709431183170E-021  9.996943720340175E-021  2.499999936845000E-005
 -5.118764339628814E-020  1.249999968422500E-004  0.000000000000000E+000
  1.331283340022320E-005   1.26839000000000        15998.1288403800     
  4.999247991072186E-020
 -9.773005565614908E-021  9.996949389303978E-021  2.499999936845000E-005
 -5.111619774660247E-020  1.249999968422500E-004  0.000000000000000E+000
  1.331283340022320E-005   1.26839000000000        15998.1288403800     
  4.999249742261854E-020
 -9.980218006538897E-021  9.996685140513250E-021  2.499999936845000E-005
 -5.600270052940992E-020  1.374999965264750E-004  0.000000000000000E+000
  1.331283340022320E-005   1.26839000000000        14664.7954577550     
  5.499097211727053E-020
 -9.961332068290210E-021  9.996658022020736E-021  2.499999936845000E-005
 -5.610630674987192E-020  1.374999965264750E-004  0.000000000000000E+000
  1.331283340022320E-005   1.26839000000000        14664.7954577550     
  5.499083999287516E-020
 -9.815892201746078E-021  9.996394609835312E-021  2.499999936845000E-005
 -6.107752981489269E-020  1.499999962107000E-004  0.000000000000000E+000
  1.331283340022320E-005   1.26839000000000        13331.4620751300     
  5.998915544463927E-020
  1.124432753089290E-016  2.419403107170220E-020  2.499999936845000E-005
  2.749424328194789E-016  2.499999936845000E-005   2.00000000000000     
  1.331283340022320E-005   1.26839000000000        79998.1306064800     
  9.999999999999999E-021
  2.159754881375362E-016  2.962347692397303E-020  2.499999936845000E-005
  3.311640704739434E-016  3.749999905267500E-005   2.00000000000000     
  1.331283340022320E-005   1.26839000000000        59998.1300785350     
  2.209701553585110E-020
  2.351217434142971E-016  3.376116477163333E-020  2.499999936845000E-005
  3.829301768882470E-016  3.749999905267500E-005   2.00000000000000     
  1.331283340022320E-005   1.26839000000000        59998.1300785350     
  2.481173846198651E-020
  3.160303691581347E-016  4.142248349401946E-020  2.499999936845000E-005
  5.100641762337760E-016  4.999999873690000E-005   2.00000000000000     
  1.331283340022320E-005   1.26839000000000        39998.1295505900     
  4.376116477163333E-020
  3.005589465094957E-016  4.006281769317262E-020  2.499999936845000E-005
  4.967204507479339E-016  4.999999873690000E-005   2.00000000000000     
  1.331283340022320E-005   1.26839000000000        39998.1295505900     
  4.206429965948906E-020
  2.916753045976402E-016  4.819098639294041E-020  2.499999936845000E-005
  6.469999240026818E-016  6.249999842112500E-005   2.00000000000000     
  1.331283340022320E-005   1.26839000000000        33331.4626967950     
  6.209570850607538E-020
  3.294799325030540E-016  4.965629781804873E-020  2.499999936845000E-005
  6.425581030467540E-016  6.249999842112500E-005   2.00000000000000     
  1.331283340022320E-005   1.26839000000000        33331.4626967950     
  6.615979285595927E-020
  3.262314915701836E-016  5.856108774982380E-020  2.499999936845000E-005
  8.262003832509880E-016  7.499999810535000E-005   2.00000000000000     
  1.331283340022320E-005   1.26839000000000        26664.7958430000     
  9.172059747753780E-020
  3.282624455803818E-016  5.775151394776870E-020  2.499999936845000E-005
  8.082372694614452E-016  7.499999810535000E-005   2.00000000000000     
  1.331283340022320E-005   1.26839000000000        26664.7958430000     
  9.111737863698485E-020
  3.200151044312957E-016  6.614400772028199E-020  2.499999936845000E-005
  9.723684922516362E-016  8.749999778957500E-005   2.00000000000000     
  1.331283340022320E-005   1.26839000000000        23331.4624083900     
  1.199931356108692E-019
  3.421000076872540E-016  6.720782078677329E-020  2.499999936845000E-005
  9.682448216770931E-016  8.749999778957500E-005   2.00000000000000     
  1.331283340022320E-005   1.26839000000000        23331.4624083900     
  1.241893824971259E-019
  3.375107468359409E-016  7.599662440408549E-020  2.499999936845000E-005
  1.150337277148699E-015  9.999999747380000E-005   2.00000000000000     
  1.331283340022320E-005   1.26839000000000        19998.1289737800     
  1.583251994237582E-019
  3.382796646444583E-016  7.554989861739563E-020  2.499999936845000E-005
  1.139904505570349E-015  9.999999747380000E-005   2.00000000000000     
  1.331283340022320E-005   1.26839000000000        19998.1289737800     
  1.578593445313123E-019
  3.324900861622628E-016  8.404232249128973E-020  2.499999936845000E-005
  1.309044337892578E-015  1.124999971580250E-004   2.00000000000000     
  1.331283340022320E-005   1.26839000000000        17998.1289070800     
  1.956342938400101E-019
  3.466639302660069E-016  8.489621396475233E-020  2.499999936845000E-005
  1.306149548651480E-015  1.124999971580250E-004   2.00000000000000     
  1.331283340022320E-005   1.26839000000000        17998.1289070800     
  1.998805057769572E-019
  3.430010276472694E-016  9.363119839916788E-020  2.499999936845000E-005
  1.486568435836356E-015  1.249999968422500E-004   2.00000000000000     
  1.331283340022320E-005   1.26839000000000        15998.1288403800     
  2.427555584960646E-019
  3.433280043398028E-016  9.334973272482070E-020  2.499999936845000E-005
  1.479835959761727E-015  1.249999968422500E-004   2.00000000000000     
  1.331283340022320E-005   1.26839000000000        15998.1288403800     
  2.423690395194202E-019
  3.391658817914123E-016  1.019021899727991E-019  2.499999936845000E-005
  1.651499961931628E-015  1.374999965264750E-004   2.00000000000000     
  1.331283340022320E-005   1.26839000000000        14664.7954577550     
  2.890439058818306E-019
  3.490043614111705E-016  1.026175015387448E-019  2.499999936845000E-005
  1.649418900657433E-015  1.374999965264750E-004   2.00000000000000     
  1.331283340022320E-005   1.26839000000000        14664.7954577550     
  2.933201345058198E-019
  3.461518423371670E-016  1.113340787312939E-019  2.499999936845000E-005
  1.828840321172897E-015  1.499999962107000E-004   2.00000000000000     
  1.331283340022320E-005   1.26839000000000        13331.4620751300     
  3.449865410581651E-019
  5.440793659465849E-016  4.191061697897253E-020  2.499999936845000E-005
  6.181177581371265E-016  2.499999936845000E-005   6.00000000000000     
  1.331283340022320E-005   1.26839000000000        79998.1306064800     
  9.999999999999999E-021
  1.242166495273111E-015  6.066640570158451E-020  2.499999936845000E-005
  8.901574411104189E-016  3.749999905267500E-005   6.00000000000000     
  1.331283340022320E-005   1.26839000000000        59998.1300785350     
  3.095530848948627E-020
  1.565566287160833E-015  8.261449235523574E-020  2.499999936845000E-005
  1.239201005773682E-015  3.749999905267500E-005   6.00000000000000     
  1.331283340022320E-005   1.26839000000000        59998.1300785350     
  4.033320285079226E-020
  2.534068880155531E-015  1.299699295283000E-019  2.499999936845000E-005
  2.183684045297959E-015  4.999999873690000E-005   6.00000000000000     
  1.331283340022320E-005   1.26839000000000        39998.1295505900     
  9.261449235523575E-020
  2.349359528424946E-015  1.223977846461098E-019  2.499999936845000E-005
  2.067053393298794E-015  4.999999873690000E-005   6.00000000000000     
  1.331283340022320E-005   1.26839000000000        39998.1295505900     
  8.640705710348551E-020
  2.629110278017769E-015  1.760489338572219E-019  2.499999936845000E-005
  3.241733157511266E-015  6.249999842112500E-005   6.00000000000000     
  1.331283340022320E-005   1.26839000000000        33331.4626967950     
  1.476059494265404E-019
  3.286626869687830E-015  1.918278012063838E-019  2.499999936845000E-005
  3.381608532307678E-015  6.249999842112500E-005   6.00000000000000     
  1.331283340022320E-005   1.26839000000000        33331.4626967950     
  1.744315240320965E-019
  3.690967815571266E-015  2.741009836165269E-019  2.499999936845000E-005
  5.353680262986623E-015  7.499999810535000E-005   6.00000000000000     
  1.331283340022320E-005   1.26839000000000        26664.7958430000     
  2.782348583098693E-019
  3.732249954181952E-015  2.626280071192763E-019  2.499999936845000E-005
  5.045686999866695E-015  7.499999810535000E-005   6.00000000000000     
  1.331283340022320E-005   1.26839000000000        26664.7958430000     
  2.751157635017936E-019
  4.100463410437724E-015  3.425925823401455E-019  2.499999936845000E-005
  6.911811976957671E-015  8.749999778957500E-005   6.00000000000000     
  1.331283340022320E-005   1.26839000000000        23331.4624083900     
  4.064297670614317E-019
  4.645512264436344E-015  3.600484638330630E-019  2.499999936845000E-005
  7.095918705085556E-015  8.749999778957500E-005   6.00000000000000     
  1.331283340022320E-005   1.26839000000000        23331.4624083900     
  4.464120546718663E-019
  5.101047542781859E-015  4.655777475554905E-019  2.499999936845000E-005
  9.691199264303037E-015  9.999999747380000E-005   6.00000000000000     
  1.331283340022320E-005   1.26839000000000        19998.1289737800     
  6.351642273348566E-019
  5.112624477082914E-015  4.562945796797113E-019  2.499999936845000E-005
  9.433228474318687E-015  9.999999747380000E-005   6.00000000000000     
  1.331283340022320E-005   1.26839000000000        19998.1289737800     
  6.306970713386575E-019
  5.546555207433046E-015  5.624170470371556E-019  2.499999936845000E-005
  1.198954071286014E-014  1.124999971580250E-004   6.00000000000000     
  1.331283340022320E-005   1.26839000000000        17998.1289070800     
  8.588443611785132E-019
  6.005627421236538E-015  5.809323134291633E-019  2.499999936845000E-005
  1.220650607803521E-014  1.124999971580250E-004   6.00000000000000     
  1.331283340022320E-005   1.26839000000000        17998.1289070800     
  9.119055948572353E-019
  6.500918288063944E-015  7.105081318311698E-019  2.499999936845000E-005
  1.543885589555523E-014  1.249999968422500E-004   6.00000000000000     
  1.331283340022320E-005   1.26839000000000        15998.1288403800     
  1.211629384767821E-018
  6.502450874715311E-015  7.027878403922564E-019  2.499999936845000E-005
  1.521954647806636E-014  1.249999968422500E-004   6.00000000000000     
  1.331283340022320E-005   1.26839000000000        15998.1288403800     
  1.206280643412577E-018
  6.980736487160592E-015  8.351418485627449E-019  2.499999936845000E-005
  1.847077191542401E-014  1.374999965264750E-004   6.00000000000000     
  1.331283340022320E-005   1.26839000000000        14664.7954577550     
  1.557674563608705E-018
  7.376505575501316E-015  8.543198981766633E-019  2.499999936845000E-005
  1.870991472164665E-014  1.374999965264750E-004   6.00000000000000     
  1.331283340022320E-005   1.26839000000000        14664.7954577550     
  1.623851567693950E-018
  7.899868449268383E-015  1.008602666465576E-018  2.499999936845000E-005
  2.259605205356767E-014  1.499999962107000E-004   6.00000000000000     
  1.331283340022320E-005   1.26839000000000        13331.4620751300     
  2.060600541589241E-018
  1.345807829337866E-015  6.052101187601775E-020  2.499999936845000E-005
  9.786064186788006E-016  2.499999936845000E-005   12.0000000000000     
  1.331283340022320E-005   1.26839000000000        79998.1306064800     
  9.999999999999999E-021
  3.673832440796668E-015  1.011071860034688E-019  2.499999936845000E-005
  1.651510333347734E-015  3.749999905267500E-005   12.0000000000000     
  1.331283340022320E-005   1.26839000000000        59998.1300785350     
  4.026050593800887E-020
  5.304555796237667E-015  1.669804368486749E-019  2.499999936845000E-005
  2.815522639077134E-015  3.749999905267500E-005   12.0000000000000     
  1.331283340022320E-005   1.26839000000000        59998.1300785350     
  6.055359300173441E-020
  1.071636864935504E-014  3.292147005028797E-019  2.499999936845000E-005
  6.283162214916468E-015  4.999999873690000E-005   12.0000000000000     
  1.331283340022320E-005   1.26839000000000        39998.1295505900     
  1.769804368486749E-019
  9.875609634633541E-015  3.113364173417526E-019  2.499999936845000E-005
  5.981765244139063E-015  4.999999873690000E-005   12.0000000000000     
  1.331283340022320E-005   1.26839000000000        39998.1295505900     
  1.643184930138642E-019
  1.265349951748259E-014  5.221237477248979E-019  2.499999936845000E-005
  1.091957006145583E-014  6.249999842112500E-005   12.0000000000000     
  1.331283340022320E-005   1.26839000000000        33331.4626967950     
  3.199867016847405E-019
  1.770421732332915E-014  6.144135515096904E-019  2.499999936845000E-005
  1.230851500288036E-014  6.249999842112500E-005   12.0000000000000     
  1.331283340022320E-005   1.26839000000000        33331.4626967950     
  4.253803668763131E-019
  2.275533420024249E-014  1.061940502887971E-018  2.499999936845000E-005
  2.368598256746821E-014  7.499999810535000E-005   12.0000000000000     
  1.331283340022320E-005   1.26839000000000        26664.7958430000     
  7.787320445235546E-019
  2.320758067661293E-014  9.869987531110013E-019  2.499999936845000E-005
  2.153949483022231E-014  7.499999810535000E-005   12.0000000000000     
  1.331283340022320E-005   1.26839000000000        26664.7958430000     
  7.720437461303475E-019
  2.836562309183934E-014  1.447543974398356E-018  2.499999936845000E-005
  3.314328516852878E-014  8.749999778957500E-005   12.0000000000000     
  1.331283340022320E-005   1.26839000000000        23331.4624083900     
  1.265543122685848E-018
  3.451307281904618E-014  1.597839372878867E-018  2.499999936845000E-005
  3.572230637614198E-014  8.749999778957500E-005   12.0000000000000     
  1.331283340022320E-005   1.26839000000000        23331.4624083900     
  1.495815733329525E-018
  4.213301488707933E-014  2.366882931086216E-018  2.499999936845000E-005
  5.605256764926849E-014  9.999999747380000E-005   12.0000000000000     
  1.331283340022320E-005   1.26839000000000        19998.1289737800     
  2.369883119009214E-018
  4.223663591592737E-014  2.276636678420707E-018  2.499999936845000E-005
  5.338915939446620E-014  9.999999747380000E-005   12.0000000000000     
  1.331283340022320E-005   1.26839000000000        19998.1289737800     
  2.346151809255625E-018
  5.007022346782653E-014  3.083356164407325E-018  2.499999936845000E-005
  7.450747735242988E-014  1.124999971580250E-004   12.0000000000000     
  1.331283340022320E-005   1.26839000000000        17998.1289070800     
  3.484470148465978E-018
  5.691256916923324E-014  3.294375348855792E-018  2.499999936845000E-005
  7.842427112837945E-014  1.124999971580250E-004   12.0000000000000     
  1.331283340022320E-005   1.26839000000000        17998.1289070800     
  3.887829891459287E-018
  6.721881972252896E-014  4.472997847563395E-018  2.499999936845000E-005
  1.103017285636994E-013  1.249999968422500E-004   12.0000000000000     
  1.331283340022320E-005   1.26839000000000        15998.1288403800     
  5.640527158111417E-018
  6.713169955733889E-014  4.373043085108454E-018  2.499999936845000E-005
  1.072926662132288E-013  1.249999968422500E-004   12.0000000000000     
  1.331283340022320E-005   1.26839000000000        15998.1288403800     
  5.597001401340681E-018
  7.771841906547146E-014  5.624203373407610E-018  2.499999936845000E-005
  1.408585159918983E-013  1.374999965264750E-004   12.0000000000000     
  1.331283340022320E-005   1.26839000000000        14664.7954577550     
  7.783522943894909E-018
  8.506079077275012E-014  5.896117005039481E-018  2.499999936845000E-005
  1.461518757459646E-013  1.374999965264750E-004   12.0000000000000     
  1.331283340022320E-005   1.26839000000000        14664.7954577550     
  8.409103088044488E-018
  9.807912681417316E-014  7.577907263110280E-018  2.499999936845000E-005
  1.923534569859790E-013  1.499999962107000E-004   12.0000000000000     
  1.331283340022320E-005   1.26839000000000        13331.4620751300     
  1.149311840638016E-017
  2.528473147293691E-015  7.946536434157052E-020  2.499999936845000E-005
  1.345563932633583E-015  2.499999936845000E-005   20.0000000000000     
  1.331283340022320E-005   1.26839000000000        79998.1306064800     
  9.999999999999999E-021
  8.090559556258619E-015  1.505153676735259E-019  2.499999936845000E-005
  2.609800506280428E-015  3.749999905267500E-005   20.0000000000000     
  1.331283340022320E-005   1.26839000000000        59998.1300785350     
  4.973268217078526E-020
  1.325859159321930E-014  2.992595695894515E-019  2.499999936845000E-005
  5.390843710762892E-015  3.749999905267500E-005   20.0000000000000     
  1.331283340022320E-005   1.26839000000000        59998.1300785350     
  8.525768383676296E-020
  3.305761345797567E-014  7.141534219227469E-019  2.499999936845000E-005
  1.460415552585288E-014  4.999999873690000E-005   20.0000000000000     
  1.331283340022320E-005   1.26839000000000        39998.1295505900     
  3.092595695894515E-019
  3.093618202708687E-014  6.975296488718162E-019  2.499999936845000E-005
  1.439296208333778E-014  4.999999873690000E-005   20.0000000000000     
  1.331283340022320E-005   1.26839000000000        39998.1295505900     
  2.921947767983787E-019
  4.488112610089379E-014  1.334183509528039E-018  2.499999936845000E-005
  2.986105309688122E-014  6.249999842112500E-005   20.0000000000000     
  1.331283340022320E-005   1.26839000000000        33331.4626967950     
  6.409596012342868E-019
  7.031404396170205E-014  1.713177477506537E-018  2.499999936845000E-005
  3.683352513378468E-014  6.249999842112500E-005   20.0000000000000     
  1.331283340022320E-005   1.26839000000000        33331.4626967950     
  9.592865315623984E-019
  1.033166486549161E-013  3.537909018981311E-018  2.499999936845000E-005
  8.470700604503984E-014  7.499999810535000E-005   20.0000000000000     
  1.331283340022320E-005   1.26839000000000        26664.7958430000     
  2.005372254304916E-018
  1.070553561002034E-013  3.217573803093810E-018  2.499999936845000E-005
  7.516682388453688E-014  7.499999810535000E-005   20.0000000000000     
  1.331283340022320E-005   1.26839000000000        26664.7958430000     
  2.013888217118759E-018
  1.437395519339059E-013  5.251804938381241E-018  2.499999936845000E-005
  1.286945019346386E-013  8.749999778957500E-005   20.0000000000000     
  1.331283340022320E-005   1.26839000000000        23331.4624083900     
  3.622675118665663E-018
  1.891794371506277E-013  6.143399562134488E-018  2.499999936845000E-005
  1.470365998514898E-013  8.749999778957500E-005   20.0000000000000     
  1.331283340022320E-005   1.26839000000000        23331.4624083900     
  4.639790686309379E-018
  2.560138661120996E-013  1.040752410596094E-017  2.499999936845000E-005
  2.643462610351646E-013  9.999999747380000E-005   20.0000000000000     
  1.331283340022320E-005   1.26839000000000        19998.1289737800     
  8.157287779253246E-018
  2.575097518616325E-013  9.828833319866552E-018  2.499999936845000E-005
  2.466513572814319E-013  9.999999747380000E-005   20.0000000000000     
  1.331283340022320E-005   1.26839000000000        19998.1289737800     
  8.083139368799792E-018
  3.307962538654194E-013  1.452240030512103E-017  2.499999936845000E-005
  3.754062332122482E-013  1.124999971580250E-004   20.0000000000000     
  1.331283340022320E-005   1.26839000000000        17998.1289070800     
  1.299755602873307E-017
  3.974430874105844E-013  1.617950311706459E-017  2.499999936845000E-005
  4.120494842141416E-013  1.124999971580250E-004   20.0000000000000     
  1.331283340022320E-005   1.26839000000000        17998.1289070800     
  1.534433952136031E-017
  5.112425531636103E-013  2.438464872098190E-017  2.499999936845000E-005
  6.440944446920162E-013  1.249999968422500E-004   20.0000000000000     
  1.331283340022320E-005   1.26839000000000        15998.1288403800     
  2.426264248586438E-017
  5.101387292776046E-013  2.353021952511430E-017  2.499999936845000E-005
  6.175231885443070E-013  1.249999968422500E-004   20.0000000000000     
  1.331283340022320E-005   1.26839000000000        15998.1288403800     
  2.401935418300308E-017
  6.331082080954159E-013  3.258035334579249E-017  2.499999936845000E-005
  8.725925531831093E-013  1.374999965264750E-004   20.0000000000000     
  1.331283340022320E-005   1.26839000000000        14664.7954577550     
  3.578446394556023E-017
  7.220500806039560E-013  3.524032878766964E-017  2.499999936845000E-005
  9.340772925920150E-013  1.374999965264750E-004   20.0000000000000     
  1.331283340022320E-005   1.26839000000000        14664.7954577550     
  4.030953085589932E-017
  8.950924577571543E-013  4.931018103267882E-017  2.499999936845000E-005
  1.339573269148263E-012  1.499999962107000E-004   20.0000000000000     
  1.331283340022320E-005   1.26839000000000        13331.4620751300     
  5.925968297067271E-017
  4.095477999112688E-015  9.856800947299470E-020  2.499999936845000E-005
  1.715587620702844E-015  2.499999936845000E-005   30.0000000000000     
  1.331283340022320E-005   1.26839000000000        79998.1306064800     
  9.999999999999999E-021
  1.506874774389623E-014  2.087558881185595E-019  2.499999936845000E-005
  3.763326620259188E-015  3.749999905267500E-005   30.0000000000000     
  1.331283340022320E-005   1.26839000000000        59998.1300785350     
  5.928400473649734E-020
  2.774627424283086E-014  4.922139321169600E-019  2.499999936845000E-005
  9.249961492650960E-015  3.749999905267500E-005   30.0000000000000     
  1.331283340022320E-005   1.26839000000000        59998.1300785350     
  1.143779440592798E-019
  8.358090639322393E-014  1.379868439275194E-018  2.499999936845000E-005
  2.946186186353370E-014  4.999999873690000E-005   30.0000000000000     
  1.331283340022320E-005   1.26839000000000        39998.1295505900     
  5.022139321169601E-019
  8.063315013099840E-014  1.417397588479119E-018  2.499999936845000E-005
  3.059999234833465E-014  4.999999873690000E-005   30.0000000000000     
  1.331283340022320E-005   1.26839000000000        39998.1295505900     
  4.900626815365380E-019
  1.310517442273783E-013  3.039154869210465E-018  2.499999936845000E-005
  7.091656741383384E-014  6.249999842112500E-005   30.0000000000000     
  1.331283340022320E-005   1.26839000000000        33331.4626967950     
  1.198761475776098E-018
  2.288034494640244E-013  4.273406318735228E-018  2.499999936845000E-005
  9.612586446202377E-014  6.249999842112500E-005   30.0000000000000     
  1.331283340022320E-005   1.26839000000000        33331.4626967950     
  2.009640116141771E-018
  3.822587581024909E-013  1.037512001524412E-017  2.499999936845000E-005
  2.594034418123591E-013  7.499999810535000E-005   30.0000000000000     
  1.331283340022320E-005   1.26839000000000        26664.7958430000     
  4.763469000271766E-018
  4.055725941996469E-013  9.344355855073309E-018  2.499999936845000E-005
  2.277003749510504E-013  7.499999810535000E-005   30.0000000000000     
  1.331283340022320E-005   1.26839000000000        26664.7958430000     
  4.893002678138975E-018
  5.919223910207848E-013  1.683807064645601E-017  2.499999936845000E-005
  4.304866720508738E-013  8.749999778957500E-005   30.0000000000000     
  1.331283340022320E-005   1.26839000000000        23331.4624083900     
  9.565180605675630E-018
  8.453477663966099E-013  2.096153447058833E-017  2.499999936845000E-005
  5.236615704614428E-013  8.749999778957500E-005   30.0000000000000     
  1.331283340022320E-005   1.26839000000000        23331.4624083900     
  1.331203800136698E-017
  1.263091205461480E-012  4.043227730970012E-017  2.499999936845000E-005
  1.073048141347660E-012  9.999999747380000E-005   30.0000000000000     
  1.331283340022320E-005   1.26839000000000        19998.1289737800     
  2.585453714872731E-017
  1.281244850895449E-012  3.762548420127807E-017  2.499999936845000E-005
  9.849010607003698E-013  9.999999747380000E-005   30.0000000000000     
  1.331283340022320E-005   1.26839000000000        19998.1289737800     
  2.578897657794933E-017
  1.770904703586938E-012  6.028739836529836E-017  2.499999936845000E-005
  1.625523486148094E-012  1.124999971580250E-004   30.0000000000000     
  1.331283340022320E-005   1.26839000000000        17998.1289070800     
  4.460171867858837E-017
  2.258160987887680E-012  7.039280869336452E-017  2.499999936845000E-005
  1.870353412493839E-012  1.124999971580250E-004   30.0000000000000     
  1.331283340022320E-005   1.26839000000000        17998.1289070800     
  5.593267576059851E-017
  3.157396974384493E-012  1.175819930837476E-016  2.499999936845000E-005
  3.243062048588050E-012  1.249999968422500E-004   30.0000000000000     
  1.331283340022320E-005   1.26839000000000        15998.1288403800     
  9.618178527131385E-017
  3.154290904406306E-012  1.120710822857892E-016  2.499999936845000E-005
  3.067696595405233E-012  1.249999968422500E-004   30.0000000000000     
  1.331283340022320E-005   1.26839000000000        15998.1288403800     
  9.521695847834124E-017
  4.175394382709162E-012  1.662937733244458E-016  2.499999936845000E-005
  4.644842047608386E-012  1.374999965264750E-004   30.0000000000000     
  1.331283340022320E-005   1.26839000000000        14664.7954577550     
  1.512524996212358E-016
  4.982363789885149E-012  1.864789926244795E-016  2.499999936845000E-005
  5.155393786759814E-012  1.374999965264750E-004   30.0000000000000     
  1.331283340022320E-005   1.26839000000000        14664.7954577550     
  1.783638451405641E-016
  6.632661499388201E-012  2.839222511987602E-016  2.499999936845000E-005
  8.050060385290381E-012  1.499999962107000E-004   30.0000000000000     
  1.331283340022320E-005   1.26839000000000        13331.4620751300     
  2.816959511028208E-016
  6.048203984315651E-015  1.177576215519365E-019  2.499999936845000E-005
  2.087295883365792E-015  2.499999936845000E-005   42.0000000000000     
  1.331283340022320E-005   1.26839000000000        79998.1306064800     
  9.999999999999999E-021
  2.518391470087672E-014  2.757739074910082E-019  2.499999936845000E-005
  5.111397875523617E-015  3.749999905267500E-005   42.0000000000000     
  1.331283340022320E-005   1.26839000000000        59998.1300785350     
  6.887881077596826E-020
  5.160153161817497E-014  7.587033569594814E-019  2.499999936845000E-005
  1.467925323380415E-014  3.749999905267500E-005   42.0000000000000     
  1.331283340022320E-005   1.26839000000000        59998.1300785350     
  1.478869537455041E-019
  1.838264633113394E-013  2.441311971981318E-018  2.499999936845000E-005
  5.368882750154076E-014  4.999999873690000E-005   42.0000000000000     
  1.331283340022320E-005   1.26839000000000        39998.1295505900     
  7.687033569594813E-019
  1.844692395261446E-013  2.663689037450686E-018  2.499999936845000E-005
  5.932822253899219E-014  4.999999873690000E-005   42.0000000000000     
  1.331283340022320E-005   1.26839000000000        39998.1295505900     
  7.813373537390389E-019
  3.328083116135815E-013  6.315755680082645E-018  2.499999936845000E-005
  1.515628423020645E-013  6.249999842112500E-005   42.0000000000000     
  1.331283340022320E-005   1.26839000000000        33331.4626967950     
  2.113181872464382E-018
  6.431124589592633E-013  9.723231372785950E-018  2.499999936845000E-005
  2.257323783457830E-013  6.249999842112500E-005   42.0000000000000     
  1.331283340022320E-005   1.26839000000000        33331.4626967950     
  3.939215193780361E-018
  1.212969069080093E-012  2.729671568163835E-017  2.499999936845000E-005
  7.024406814982554E-013  7.499999810535000E-005   42.0000000000000     
  1.331283340022320E-005   1.26839000000000        26664.7958430000     
  1.050456872652499E-017
  1.326197995758360E-012  2.462625465478023E-017  2.499999936845000E-005
  6.175415308309800E-013  7.499999810535000E-005   42.0000000000000     
  1.331283340022320E-005   1.26839000000000        26664.7958430000     
  1.112106715787674E-017
  2.086226803907813E-012  4.865646265079043E-017  2.499999936845000E-005
  1.280640528710160E-012  8.749999778957500E-005   42.0000000000000     
  1.331283340022320E-005   1.26839000000000        23331.4624083900     
  2.343419448526686E-017
  3.234896354011844E-012  6.454075635120627E-017  2.499999936845000E-005
  1.660654932784887E-012  8.749999778957500E-005   42.0000000000000     
  1.331283340022320E-005   1.26839000000000        23331.4624083900     
  3.544929848327196E-017
  5.310890344947759E-012  1.408690591073171E-016  2.499999936845000E-005
  3.852437884842823E-012  9.999999747380000E-005   42.0000000000000     
  1.331283340022320E-005   1.26839000000000        19998.1289737800     
  7.566182350908301E-017
  5.463840251184107E-012  1.298244238978754E-016  2.499999936845000E-005
  3.497430640255219E-012  9.999999747380000E-005   42.0000000000000     
  1.331283340022320E-005   1.26839000000000        19998.1289737800     
  7.643602578555854E-017
  8.075503556626169E-012  2.244618732291692E-016  2.499999936845000E-005
  6.229350765847272E-012  1.124999971580250E-004   42.0000000000000     
  1.331283340022320E-005   1.26839000000000        17998.1289070800     
  1.413482377344962E-016
  1.095214880317400E-011  2.754456173919387E-016  2.499999936845000E-005
  7.535182418568303E-012  1.124999971580250E-004   42.0000000000000     
  1.331283340022320E-005   1.26839000000000        17998.1289070800     
  1.886669624001431E-016
  1.660417210397448E-011  5.085588423932325E-016  2.499999936845000E-005
  1.444957944342921E-011  1.249999968422500E-004   42.0000000000000     
  1.331283340022320E-005   1.26839000000000        15998.1288403800     
  3.518816431774972E-016
  1.665683564047817E-011  4.798257431257878E-016  2.499999936845000E-005
  1.351798348604837E-011  1.249999968422500E-004   42.0000000000000     
  1.331283340022320E-005   1.26839000000000        15998.1288403800     
  3.494690670411125E-016
  2.341336535801639E-011  7.599564026089044E-016  2.499999936845000E-005
  2.184640130628746E-011  1.374999965264750E-004   42.0000000000000     
  1.331283340022320E-005   1.26839000000000        14664.7954577550     
  5.893819386040064E-016
  2.930722495611151E-011  8.863693356575354E-016  2.499999936845000E-005
  2.522466616505657E-011  1.374999965264750E-004   42.0000000000000     
  1.331283340022320E-005   1.26839000000000        14664.7954577550     
  7.294472683455647E-016
  4.184093708649656E-011  1.466636275343168E-015  2.499999936845000E-005
  4.282520844215988E-011  1.499999962107000E-004   42.0000000000000     
  1.331283340022320E-005   1.26839000000000        13331.4620751300     
  1.235838402698648E-015
  8.387313496464219E-015  1.370000042024523E-019  2.499999936845000E-005
  2.460026327060788E-015  2.499999936845000E-005   56.0000000000000     
  1.331283340022320E-005   1.26839000000000        79998.1306064800     
  9.999999999999999E-021
  3.901126183912464E-014  3.515431333947042E-019  2.499999936845000E-005
  6.653683075292898E-015  3.749999905267500E-005   56.0000000000000     
  1.331283340022320E-005   1.26839000000000        59998.1300785350     
  7.850000210122613E-020
  8.817439963754374E-014  1.111622422947025E-018  2.499999936845000E-005
  2.196565724662311E-014  3.749999905267500E-005   56.0000000000000     
  1.331283340022320E-005   1.26839000000000        59998.1300785350     
  1.857715666973521E-019
  3.645390173931199E-013  4.033254624922050E-018  2.499999936845000E-005
  9.063442596460453E-014  4.999999873690000E-005   56.0000000000000     
  1.331283340022320E-005   1.26839000000000        39998.1295505900     
  1.121622422947025E-018
  3.823476276536123E-013  4.696202928714616E-018  2.499999936845000E-005
  1.070096353008809E-013  4.999999873690000E-005   56.0000000000000     
  1.331283340022320E-005   1.26839000000000        39998.1295505900     
  1.192764290301327E-018
  7.597149059794995E-013  1.217892797433972E-017  2.499999936845000E-005
  2.981834491276871E-013  6.249999842112500E-005   56.0000000000000     
  1.331283340022320E-005   1.26839000000000        33331.4626967950     
  3.540865754658635E-018
  1.613001267181916E-012  2.048578751531401E-017  2.499999936845000E-005
  4.868670882906306E-013  6.249999842112500E-005   56.0000000000000     
  1.331283340022320E-005   1.26839000000000        33331.4626967950     
  7.282228277471189E-018
  3.408602337910102E-012  6.549158921981035E-017  2.499999936845000E-005
  1.720010902482797E-012  7.499999810535000E-005   56.0000000000000     
  1.331283340022320E-005   1.26839000000000        26664.7958430000     
  2.167855180561534E-017
  3.857832658112409E-012  5.974629789802840E-017  2.499999936845000E-005
  1.529740020615305E-012  7.499999810535000E-005   56.0000000000000     
  1.331283340022320E-005   1.26839000000000        26664.7958430000     
  2.377896814494007E-017
  6.497274661331380E-012  1.286541894726709E-016  2.499999936845000E-005
  3.458656349671510E-012  8.749999778957500E-005   56.0000000000000     
  1.331283340022320E-005   1.26839000000000        23331.4624083900     
  5.365211709395427E-017
  1.092717389806522E-011  1.817396483464278E-016  2.499999936845000E-005
  4.778377351280995E-012  8.749999778957500E-005   56.0000000000000     
  1.331283340022320E-005   1.26839000000000        23331.4624083900     
  8.810606288127552E-017
  1.960838372576150E-011  4.457184034863734E-016  2.499999936845000E-005
  1.245691391868053E-011  9.999999747380000E-005   56.0000000000000     
  1.331283340022320E-005   1.26839000000000        19998.1289737800     
  2.055186164913678E-016
  2.057033618295791E-011  4.089703355818724E-016  2.499999936845000E-005
  1.124892560439316E-011  9.999999747380000E-005   56.0000000000000     
  1.331283340022320E-005   1.26839000000000        19998.1289737800     
  2.114876976487066E-016
  3.233363971236641E-011  7.597923313204834E-016  2.499999936845000E-005
  2.153409369587211E-011  1.124999971580250E-004   56.0000000000000     
  1.331283340022320E-005   1.26839000000000        17998.1289070800     
  4.159728654396428E-016
  4.667926099175132E-011  9.810483152970952E-016  2.499999936845000E-005
  2.741574546057636E-011  1.124999971580250E-004   56.0000000000000     
  1.331283340022320E-005   1.26839000000000        17998.1289070800     
  5.913838633089483E-016
  7.650248125923473E-011  1.995175520826498E-015  2.499999936845000E-005
  5.792818659614448E-011  1.249999968422500E-004   56.0000000000000     
  1.331283340022320E-005   1.26839000000000        15998.1288403800     
  1.192536012945802E-015
  7.732934932770609E-011  1.868922725776647E-015  2.499999936845000E-005
  5.376536207946450E-011  1.249999968422500E-004   56.0000000000000     
  1.331283340022320E-005   1.26839000000000        15998.1288403800     
  1.192458889255961E-015
  1.149636672415788E-010  3.148630493750914E-015  2.499999936845000E-005
  9.243003674331756E-011  1.374999965264750E-004   56.0000000000000     
  1.331283340022320E-005   1.26839000000000        14664.7954577550     
  2.126920252144285E-015
  1.511832447454973E-010  3.827246305481271E-015  2.499999936845000E-005
  1.112471957002539E-010  1.374999965264750E-004   56.0000000000000     
  1.331283340022320E-005   1.26839000000000        14664.7954577550     
  2.766774136131418E-015
  2.310955715771518E-010  6.869773647750142E-015  2.499999936845000E-005
  2.049486068249618E-010  1.499999962107000E-004   56.0000000000000     
  1.331283340022320E-005   1.26839000000000        13331.4620751300     
  5.019705194737233E-015
  1.111316269864005E-014  1.562767703396678E-019  2.499999936845000E-005
  2.833422788706168E-015  2.499999936845000E-005   72.0000000000000     
  1.331283340022320E-005   1.26839000000000        79998.1306064800     
  9.999999999999999E-021
  5.712585539377383E-014  4.360494286438628E-019  2.499999936845000E-005
  8.390004138026195E-015  3.749999905267500E-005   72.0000000000000     
  1.331283340022320E-005   1.26839000000000        59998.1300785350     
  8.813838516983389E-020
  1.413312706190729E-013  1.563880492153935E-018  2.499999936845000E-005
  3.139635048559309E-014  3.749999905267500E-005   72.0000000000000     
  1.331283340022320E-005   1.26839000000000        59998.1300785350     
  2.280247143219314E-019
  6.673549365375883E-013  6.310269099852363E-018  2.499999936845000E-005
  1.441646934077791E-013  4.999999873690000E-005   72.0000000000000     
  1.331283340022320E-005   1.26839000000000        39998.1295505900     
  1.573880492153935E-018
  7.332171256172923E-013  7.852544417699292E-018  2.499999936845000E-005
  1.820638146656931E-013  4.999999873690000E-005   72.0000000000000     
  1.331283340022320E-005   1.26839000000000        39998.1295505900     
  1.754400951964604E-018
  1.593616286310209E-012  2.207595485208825E-017  2.499999936845000E-005
  5.486723774743392E-013  6.249999842112500E-005   72.0000000000000     
  1.331283340022320E-005   1.26839000000000        33331.4626967950     
  5.680673160814251E-018
  3.691360359949036E-012  4.044818594441440E-017  2.499999936845000E-005
  9.788719578207978E-013  6.249999842112500E-005   72.0000000000000     
  1.331283340022320E-005   1.26839000000000        33331.4626967950     
  1.279237837800873E-017
  8.675486910418356E-012  1.452798538683665E-016  2.499999936845000E-005
  3.873424174614730E-012  7.499999810535000E-005   72.0000000000000     
  1.331283340022320E-005   1.26839000000000        26664.7958430000     
  4.220258689637900E-017
  1.019297208795848E-011  1.350029371830400E-016  2.499999936845000E-005
  3.511840036091383E-012  7.499999810535000E-005   72.0000000000000     
  1.331283340022320E-005   1.26839000000000        26664.7958430000     
  4.811784759847646E-017
  1.828039586686058E-011  3.150912153282032E-016  2.499999936845000E-005
  8.608326080070622E-012  8.749999778957500E-005   72.0000000000000     
  1.331283340022320E-005   1.26839000000000        23331.4624083900     
  1.156193161899964E-016
  3.327726436914597E-011  4.733128317613431E-016  2.499999936845000E-005
  1.265203796952167E-011  8.749999778957500E-005   72.0000000000000     
  1.331283340022320E-005   1.26839000000000        23331.4624083900     
  2.056634552625781E-016
  6.492497065523097E-011  1.294961480709216E-015  2.499999936845000E-005
  3.678910440523735E-011  9.999999747380000E-005   72.0000000000000     
  1.331283340022320E-005   1.26839000000000        19998.1289737800     
  5.214306793598196E-016
  6.977198055761500E-011  1.188848307525136E-015  2.499999936845000E-005
  3.321738390529181E-011  9.999999747380000E-005   72.0000000000000     
  1.331283340022320E-005   1.26839000000000        19998.1289737800     
  5.492465996103678E-016
  1.160790075545929E-010  2.364711690120132E-015  2.499999936845000E-005
  6.810337418409931E-011  1.124999971580250E-004   72.0000000000000     
  1.331283340022320E-005   1.26839000000000        17998.1289070800     
  1.143670753372936E-015
  1.783870542748249E-010  3.212903842525040E-015  2.499999936845000E-005
  9.125688768258824E-011  1.124999971580250E-004   72.0000000000000     
  1.331283340022320E-005   1.26839000000000        17998.1289070800     
  1.731602444670434E-015
  3.149741476019542E-010  7.169320282848648E-015  2.499999936845000E-005
  2.116044381801167E-010  1.249999968422500E-004   72.0000000000000     
  1.331283340022320E-005   1.26839000000000        15998.1288403800     
  3.762150442135408E-015
  3.219307707367574E-010  6.688732008673192E-015  2.499999936845000E-005
  1.954970925416926E-010  1.249999968422500E-004   72.0000000000000     
  1.331283340022320E-005   1.26839000000000        15998.1288403800     
  3.801479875554389E-015
  5.043837403632394E-010  1.195076091347116E-014  2.499999936845000E-005
  3.564624779100713E-010  1.374999965264750E-004   72.0000000000000     
  1.331283340022320E-005   1.26839000000000        14664.7954577550     
  7.145845879890986E-015
  6.973678922860117E-010  1.515508135731453E-014  2.499999936845000E-005
  4.476889627233123E-010  1.374999965264750E-004   72.0000000000000     
  1.331283340022320E-005   1.26839000000000        14664.7954577550     
  9.776860332289971E-015
  1.139106033990806E-009  2.944305927539278E-014  2.499999936845000E-005
  8.928649848277043E-010  1.499999962107000E-004   72.0000000000000     
  1.331283340022320E-005   1.26839000000000        13331.4620751300     
  1.895656123286892E-014
  1.422595981663955E-014  1.755771702099214E-019  2.499999936845000E-005
  3.207277042505537E-015  2.499999936845000E-005   90.0000000000000     
  1.331283340022320E-005   1.26839000000000        79998.1306064800     
  9.999999999999999E-021
  8.010269615494212E-014  5.292845281292677E-019  2.499999936845000E-005
  1.032025695082531E-014  3.749999905267500E-005   90.0000000000000     
  1.331283340022320E-005   1.26839000000000        59998.1300785350     
  9.778858510496068E-020
  2.154549886112350E-013  2.128394065112347E-018  2.499999936845000E-005
  4.325862511997660E-014  3.749999905267500E-005   90.0000000000000     
  1.331283340022320E-005   1.26839000000000        59998.1300785350     
  2.746422640646339E-019
  1.146489257439548E-012  9.446723960741187E-018  2.499999936845000E-005
  2.186622656537405E-013  4.999999873690000E-005   90.0000000000000     
  1.331283340022320E-005   1.26839000000000        39998.1295505900     
  2.138394065112347E-018
  1.320362951038424E-012  1.255889086724032E-017  2.499999936845000E-005
  2.951790415072625E-013  4.999999873690000E-005   90.0000000000000     
  1.331283340022320E-005   1.26839000000000        39998.1295505900     
  2.499609719572390E-018
  3.120342020782758E-012  3.799423879012706E-017  2.499999936845000E-005
  9.553605170264747E-013  6.249999842112500E-005   90.0000000000000     
  1.331283340022320E-005   1.26839000000000        33331.4626967950     
  8.779055153192551E-018
  7.834181274469783E-012  7.556537448156548E-017  2.499999936845000E-005
  1.855350051898642E-012  6.249999842112500E-005   90.0000000000000     
  1.331283340022320E-005   1.26839000000000        33331.4626967950     
  2.149672911463592E-017
  2.033516074816333E-011  3.014039120775529E-016  2.499999936845000E-005
  8.129360315977046E-012  7.499999810535000E-005   90.0000000000000     
  1.331283340022320E-005   1.26839000000000        26664.7958430000     
  7.806498420113786E-017
  2.484066864295859E-011  2.868509670982865E-016  2.499999936845000E-005
  7.555940756458400E-012  7.499999810535000E-005   90.0000000000000     
  1.331283340022320E-005   1.26839000000000        26664.7958430000     
  9.267994796760210E-017
  4.723358587202208E-011  7.219936953739705E-016  2.499999936845000E-005
  1.997627507793770E-011  8.749999778957500E-005   90.0000000000000     
  1.331283340022320E-005   1.26839000000000        23331.4624083900     
  2.361054315167454E-016
  9.281986179242485E-011  1.151015829525652E-015  2.499999936845000E-005
  3.117273369246944E-011  8.749999778957500E-005   90.0000000000000     
  1.331283340022320E-005   1.26839000000000        23331.4624083900     
  4.536767956545874E-016
  1.958980090964290E-010  3.488441963834753E-015  2.499999936845000E-005
  1.003758025488833E-010  9.999999747380000E-005   90.0000000000000     
  1.331283340022320E-005   1.26839000000000        19998.1289737800     
  1.243695777493254E-015
  2.164540322849987E-010  3.218229691864924E-015  2.499999936845000E-005
  9.103020293450530E-011  9.999999747380000E-005   90.0000000000000     
  1.331283340022320E-005   1.26839000000000        19998.1289737800     
  1.346231944756316E-015
  3.795537989456335E-010  6.831839255385952E-015  2.499999936845000E-005
  1.992572190770046E-010  1.124999971580250E-004   90.0000000000000     
  1.331283340022320E-005   1.26839000000000        17998.1289070800     
  2.955346790688778E-015
  6.205496934422501E-010  9.760629095025763E-015  2.499999936845000E-005
  2.808071024073221E-010  1.124999971580250E-004   90.0000000000000     
  1.331283340022320E-005   1.26839000000000        17998.1289070800     
  4.762151572449292E-015
  1.176221686335756E-009  2.379998416372669E-014  2.499999936845000E-005
  7.115798963767555E-010  1.249999968422500E-004   90.0000000000000     
  1.331283340022320E-005   1.26839000000000        15998.1288403800     
  1.110686103978208E-014
  1.219671626714072E-009  2.218465898554035E-014  2.499999936845000E-005
  6.565106535005923E-010  1.249999968422500E-004   90.0000000000000     
  1.331283340022320E-005   1.26839000000000        15998.1288403800     
  1.138009037082549E-014
  2.007279488995925E-009  4.192580966629944E-014  2.499999936845000E-005
  1.266346466857628E-009  1.374999965264750E-004   90.0000000000000     
  1.331283340022320E-005   1.26839000000000        14664.7954577550     
  2.247241986359566E-014
  2.918468003195951E-009  5.548778228041965E-014  2.499999936845000E-005
  1.660150397998555E-009  1.374999965264750E-004   90.0000000000000     
  1.331283340022320E-005   1.26839000000000        14664.7954577550     
  3.234299520397521E-014
  5.082965572393966E-009  1.163827569803183E-013  2.499999936845000E-005
  3.574978656696543E-009  1.499999962107000E-004   90.0000000000000     
  1.331283340022320E-005   1.26839000000000        13331.4620751300     
  6.686787265124514E-014
