bcc Sb -- Hedin-Lundqvist LDA                                                   
INPUT  IT=262 SPIN=1 NTYPE=  2
 -4.200000  4.200000  4.200000
  4.200000 -4.200000  4.200000
  4.200000  4.200000 -4.200000
    1  435  1.700000  0.030000    1
  0.000000  0.000000  0.000000
 0.1019982095488D+03 0.1019981542580D+03 0.1019980972611D+03 0.1019980385056D+03
 0.1019979779372D+03 0.1019979155000D+03 0.1019978511364D+03 0.1019977847871D+03
 0.1019977163907D+03 0.1019976458843D+03 0.1019975732026D+03 0.1019974982788D+03
 0.1019974210436D+03 0.1019973414258D+03 0.1019972593519D+03 0.1019971747463D+03
 0.1019970875309D+03 0.1019969976252D+03 0.1019969049464D+03 0.1019968094088D+03
 0.1019967109245D+03 0.1019966094025D+03 0.1019965047493D+03 0.1019963968683D+03
 0.1019962856601D+03 0.1019961710220D+03 0.1019960528484D+03 0.1019959310303D+03
 0.1019958054554D+03 0.1019956760078D+03 0.1019955425683D+03 0.1019954050138D+03
 0.1019952632175D+03 0.1019951170485D+03 0.1019949663723D+03 0.1019948110499D+03
 0.1019946509380D+03 0.1019944858891D+03 0.1019943157511D+03 0.1019941403670D+03
 0.1019939595753D+03 0.1019937732093D+03 0.1019935810972D+03 0.1019933830619D+03
 0.1019931789210D+03 0.1019929684862D+03 0.1019927515636D+03 0.1019925279533D+03
 0.1019922974492D+03 0.1019920598389D+03 0.1019918149035D+03 0.1019915624170D+03
 0.1019913021471D+03 0.1019910338536D+03 0.1019907572895D+03 0.1019904721999D+03
 0.1019901783221D+03 0.1019898753852D+03 0.1019895631102D+03 0.1019892412093D+03
 0.1019889093859D+03 0.1019885673343D+03 0.1019882147392D+03 0.1019878512759D+03
 0.1019874766093D+03 0.1019870903944D+03 0.1019866922753D+03 0.1019862818851D+03
 0.1019858588458D+03 0.1019854227675D+03 0.1019849732485D+03 0.1019845098747D+03
 0.1019840322191D+03 0.1019835398416D+03 0.1019830322886D+03 0.1019825090925D+03
 0.1019819697712D+03 0.1019814138278D+03 0.1019808407501D+03 0.1019802500100D+03
 0.1019796410634D+03 0.1019790133491D+03 0.1019783662888D+03 0.1019776992862D+03
 0.1019770117269D+03 0.1019763029772D+03 0.1019755723841D+03 0.1019748192745D+03
 0.1019740429543D+03 0.1019732427081D+03 0.1019724177987D+03 0.1019715674658D+03
 0.1019706909257D+03 0.1019697873707D+03 0.1019688559682D+03 0.1019678958596D+03
 0.1019669061601D+03 0.1019658859576D+03 0.1019648343117D+03 0.1019637502531D+03
 0.1019626327825D+03 0.1019614808698D+03 0.1019602934531D+03 0.1019590694378D+03
 0.1019578076955D+03 0.1019565070627D+03 0.1019551663404D+03 0.1019537842922D+03
 0.1019523596438D+03 0.1019508910814D+03 0.1019493772507D+03 0.1019478167555D+03
 0.1019462081565D+03 0.1019445499699D+03 0.1019428406662D+03 0.1019410786684D+03
 0.1019392623511D+03 0.1019373900383D+03 0.1019354600025D+03 0.1019334704627D+03
 0.1019314195827D+03 0.1019293054698D+03 0.1019271261725D+03 0.1019248796792D+03
 0.1019225639159D+03 0.1019201767445D+03 0.1019177159610D+03 0.1019151792928D+03
 0.1019125643974D+03 0.1019098688594D+03 0.1019070901890D+03 0.1019042258192D+03
 0.1019012731035D+03 0.1018982293137D+03 0.1018950916368D+03 0.1018918571729D+03
 0.1018885229323D+03 0.1018850858327D+03 0.1018815426963D+03 0.1018778902468D+03
 0.1018741251067D+03 0.1018702437934D+03 0.1018662427168D+03 0.1018621181754D+03
 0.1018578663529D+03 0.1018534833148D+03 0.1018489650047D+03 0.1018443072404D+03
 0.1018395057101D+03 0.1018345559682D+03 0.1018294534315D+03 0.1018241933746D+03
 0.1018187709254D+03 0.1018131810611D+03 0.1018074186028D+03 0.1018014782113D+03
 0.1017953543816D+03 0.1017890414383D+03 0.1017825335298D+03 0.1017758246232D+03
 0.1017689084984D+03 0.1017617787427D+03 0.1017544287447D+03 0.1017468516877D+03
 0.1017390405441D+03 0.1017309880685D+03 0.1017226867911D+03 0.1017141290106D+03
 0.1017053067874D+03 0.1016962119361D+03 0.1016868360178D+03 0.1016771703329D+03
 0.1016672059126D+03 0.1016569335108D+03 0.1016463435958D+03 0.1016354263416D+03
 0.1016241716188D+03 0.1016125689857D+03 0.1016006076784D+03 0.1015882766018D+03
 0.1015755643189D+03 0.1015624590412D+03 0.1015489486177D+03 0.1015350205246D+03
 0.1015206618535D+03 0.1015058593010D+03 0.1014905991562D+03 0.1014748672893D+03
 0.1014586491392D+03 0.1014419297009D+03 0.1014246935126D+03 0.1014069246430D+03
 0.1013886066773D+03 0.1013697227037D+03 0.1013502552996D+03 0.1013301865168D+03
 0.1013094978671D+03 0.1012881703077D+03 0.1012661842252D+03 0.1012435194208D+03
 0.1012201550944D+03 0.1011960698280D+03 0.1011712415702D+03 0.1011456476192D+03
 0.1011192646060D+03 0.1010920684773D+03 0.1010640344788D+03 0.1010351371372D+03
 0.1010053502430D+03 0.1009746468326D+03 0.1009429991705D+03 0.1009103787317D+03
 0.1008767561830D+03 0.1008421013659D+03 0.1008063832778D+03 0.1007695700545D+03
 0.1007316289523D+03 0.1006925263299D+03 0.1006522276313D+03 0.1006106973683D+03
 0.1005678991030D+03 0.1005237954320D+03 0.1004783479690D+03 0.1004315173298D+03
 0.1003832631166D+03 0.1003335439029D+03 0.1002823172202D+03 0.1002295395438D+03
 0.1001751662809D+03 0.1001191517585D+03 0.1000614492130D+03 0.1000020107804D+03
 0.9994078748792D+02 0.9987772924646D+02 0.9981278484483D+02 0.9974590194495D+02
 0.9967702707871D+02 0.9960610564619D+02 0.9953308191556D+02 0.9945789902459D+02
 0.9938049898382D+02 0.9930082268144D+02 0.9921880989003D+02 0.9913439927493D+02
 0.9904752840452D+02 0.9895813376225D+02 0.9886615076033D+02 0.9877151375524D+02
 0.9867415606482D+02 0.9857400998683D+02 0.9847100681904D+02 0.9836507688051D+02
 0.9825614953400D+02 0.9814415320920D+02 0.9802901542674D+02 0.9791066282239D+02
 0.9778902117151D+02 0.9766401541307D+02 0.9753556967320D+02 0.9740360728751D+02
 0.9726805082215D+02 0.9712882209276D+02 0.9698584218125D+02 0.9683903144949D+02
 0.9668830954992D+02 0.9653359543207D+02 0.9637480734514D+02 0.9621186283554D+02
 0.9604467873977D+02 0.9587317117156D+02 0.9569725550391D+02 0.9551684634500D+02
 0.9533185750910D+02 0.9514220198159D+02 0.9494779187965D+02 0.9474853840820D+02
 0.9454435181320D+02 0.9433514133238D+02 0.9412081514629D+02 0.9390128033031D+02
 0.9367644281151D+02 0.9344620733154D+02 0.9321047742067D+02 0.9296915538460D+02
 0.9272214231044D+02 0.9246933809369D+02 0.9221064149395D+02 0.9194595022070D+02
 0.9167516105794D+02 0.9139817002776D+02 0.9111487260163D+02 0.9082516395711D+02
 0.9052893928724D+02 0.9022609415578D+02 0.8991652490243D+02 0.8960012908375D+02
 0.8927680594845D+02 0.8894645692287D+02 0.8860898609764D+02 0.8826430067977D+02
 0.8791231139378D+02 0.8755293278564D+02 0.8718608341059D+02 0.8681168585508D+02
 0.8642966658265D+02 0.8603995556491D+02 0.8564248571399D+02 0.8523719210710D+02
 0.8482401106461D+02 0.8440287911699D+02 0.8397373196125D+02 0.8353650349946D+02
 0.8309112507974D+02 0.8263752502212D+02 0.8217562855959D+02 0.8170535821689D+02
 0.8122663470059D+02 0.8073937823892D+02 0.8024351036471D+02 0.7973895599597D+02
 0.7922564574589D+02 0.7870351826824D+02 0.7817252255236D+02 0.7763261997294D+02
 0.7708378603389D+02 0.7652601164703D+02 0.7595930393526D+02 0.7538368645290D+02
 0.7479919886977D+02 0.7420589606593D+02 0.7360384673717D+02 0.7299313150836D+02
 0.7237384070254D+02 0.7174607180848D+02 0.7110992683616D+02 0.7046550964356D+02
 0.6981292345719D+02 0.6915226870098D+02 0.6848364137308D+02 0.6780713209596D+02
 0.6712282606586D+02 0.6643080399832D+02 0.6573114422735D+02 0.6502392595931D+02
 0.6430923368407D+02 0.6358716255188D+02 0.6285782445430D+02 0.6212135432562D+02
 0.6137791606401D+02 0.6062770729551D+02 0.5987096215077D+02 0.5910795127372D+02
 0.5833897849400D+02 0.5756437408329D+02 0.5678448508631D+02 0.5599966405939D+02
 0.5521025806450D+02 0.5441660030608D+02 0.5361900631381D+02 0.5281777640631D+02
 0.5201320426906D+02 0.5120559118252D+02 0.5039526320431D+02 0.4958258926749D+02
 0.4876799710238D+02 0.4795198504997D+02 0.4713512793819D+02 0.4631807661930D+02
 0.4550155081116D+02 0.4468632619098D+02 0.4387321632589D+02 0.4306305110627D+02
 0.4225665262675D+02 0.4145481046337D+02 0.4065825724848D+02 0.3986764656320D+02
 0.3908353390969D+02 0.3830636251579D+02 0.3753645457881D+02 0.3677400927098D+02
 0.3601910765493D+02 0.3527172529720D+02 0.3453175190251D+02 0.3379901786162D+02
 0.3307332577241D+02 0.3235448537628D+02 0.3164234806741D+02 0.3093683749260D+02
 0.3023797023380D+02 0.2954586208373D+02 0.2886071416259D+02 0.2818277769919D+02
 0.2751229989425D+02 0.2684945866920D+02 0.2619430337973D+02 0.2554671241696D+02
 0.2490638508163D+02 0.2427286733474D+02 0.2364560653871D+02 0.2302401969663D+02
 0.2240755948553D+02 0.2179576672503D+02 0.2118830141333D+02 0.2058495287711D+02
 0.1998563261124D+02 0.1939035633191D+02 0.1879921754542D+02 0.1821236392604D+02
 0.1762997401203D+02 0.1705224325834D+02 0.1647937381823D+02 0.1591157862196D+02
 0.1534908588467D+02 0.1479215717931D+02 0.1424110068665D+02 0.1369629028256D+02
 0.1315817099590D+02 0.1262726041359D+02 0.1210412514488D+02 0.1158934990073D+02
 0.1108348015744D+02 0.1058697137817D+02 0.1010012949428D+02 0.9623090324164D+01
 0.9155806371024D+01 0.8698083625092D+01 0.8249619527826D+01 0.7810061843255D+01
 0.7379046718460D+01 0.6956235144589D+01 0.6541329612355D+01 0.6134103635749D+01
 0.5734430206012D+01 0.5342331918691D+01 0.4958008520505D+01
    2  435  1.000000  0.030000    3
  0.000000  0.500000  0.500000
  0.500000  0.500000  0.000000
  0.500000  0.000000  0.500000
 0.1999996219053D+01 0.1999996103904D+01 0.1999995985248D+01 0.1999995862979D+01
 0.1999995736985D+01 0.1999995607155D+01 0.1999995473371D+01 0.1999995335512D+01
 0.1999995193455D+01 0.1999995047071D+01 0.1999994896230D+01 0.1999994740794D+01
 0.1999994580625D+01 0.1999994415577D+01 0.1999994245504D+01 0.1999994070250D+01
 0.1999993889659D+01 0.1999993703568D+01 0.1999993511810D+01 0.1999993314212D+01
 0.1999993110596D+01 0.1999992900778D+01 0.1999992684571D+01 0.1999992461779D+01
 0.1999992232202D+01 0.1999991995633D+01 0.1999991751859D+01 0.1999991500662D+01
 0.1999991241814D+01 0.1999990975082D+01 0.1999990700228D+01 0.1999990417002D+01
 0.1999990125151D+01 0.1999989824411D+01 0.1999989514513D+01 0.1999989195176D+01
 0.1999988866114D+01 0.1999988527030D+01 0.1999988177620D+01 0.1999987817568D+01
 0.1999987446550D+01 0.1999987064233D+01 0.1999986670273D+01 0.1999986264314D+01
 0.1999985845992D+01 0.1999985414929D+01 0.1999984970739D+01 0.1999984513020D+01
 0.1999984041362D+01 0.1999983555339D+01 0.1999983054514D+01 0.1999982538436D+01
 0.1999982006641D+01 0.1999981458650D+01 0.1999980893970D+01 0.1999980312092D+01
 0.1999979712493D+01 0.1999979094632D+01 0.1999978457955D+01 0.1999977801887D+01
 0.1999977125838D+01 0.1999976429200D+01 0.1999975711346D+01 0.1999974971629D+01
 0.1999974209383D+01 0.1999973423923D+01 0.1999972614542D+01 0.1999971780510D+01
 0.1999970921077D+01 0.1999970035470D+01 0.1999969122890D+01 0.1999968182518D+01
 0.1999967213506D+01 0.1999966214983D+01 0.1999965186048D+01 0.1999964125777D+01
 0.1999963033214D+01 0.1999961907376D+01 0.1999960747250D+01 0.1999959551792D+01
 0.1999958319925D+01 0.1999957050540D+01 0.1999955742495D+01 0.1999954394613D+01
 0.1999953005679D+01 0.1999951574444D+01 0.1999950099620D+01 0.1999948579878D+01
 0.1999947013850D+01 0.1999945400128D+01 0.1999943737258D+01 0.1999942023744D+01
 0.1999940258042D+01 0.1999938438564D+01 0.1999936563671D+01 0.1999934631676D+01
 0.1999932640839D+01 0.1999930589369D+01 0.1999928475418D+01 0.1999926297084D+01
 0.1999924052405D+01 0.1999921739362D+01 0.1999919355870D+01 0.1999916899786D+01
 0.1999914368898D+01 0.1999911760926D+01 0.1999909073525D+01 0.1999906304273D+01
 0.1999903450679D+01 0.1999900510172D+01 0.1999897480107D+01 0.1999894357755D+01
 0.1999891140305D+01 0.1999887824860D+01 0.1999884408435D+01 0.1999880887956D+01
 0.1999877260251D+01 0.1999873522056D+01 0.1999869670004D+01 0.1999865700628D+01
 0.1999861610354D+01 0.1999857395498D+01 0.1999853052267D+01 0.1999848576750D+01
 0.1999843964917D+01 0.1999839212616D+01 0.1999834315568D+01 0.1999829269364D+01
 0.1999824069461D+01 0.1999818711175D+01 0.1999813189683D+01 0.1999807500013D+01
 0.1999801637041D+01 0.1999795595489D+01 0.1999789369916D+01 0.1999782954717D+01
 0.1999776344114D+01 0.1999769532156D+01 0.1999762512706D+01 0.1999755279446D+01
 0.1999747825860D+01 0.1999740145237D+01 0.1999732230660D+01 0.1999724075001D+01
 0.1999715670916D+01 0.1999707010835D+01 0.1999698086959D+01 0.1999688891252D+01
 0.1999679415432D+01 0.1999669650963D+01 0.1999659589051D+01 0.1999649220634D+01
 0.1999638536372D+01 0.1999627526642D+01 0.1999616181527D+01 0.1999604490808D+01
 0.1999592443953D+01 0.1999580030112D+01 0.1999567238100D+01 0.1999554056394D+01
 0.1999540473120D+01 0.1999526476039D+01 0.1999512052542D+01 0.1999497189634D+01
 0.1999481873923D+01 0.1999466091610D+01 0.1999449828475D+01 0.1999433069864D+01
 0.1999415800675D+01 0.1999398005347D+01 0.1999379667843D+01 0.1999360771639D+01
 0.1999341299705D+01 0.1999321234491D+01 0.1999300557913D+01 0.1999279251335D+01
 0.1999257295552D+01 0.1999234670773D+01 0.1999211356603D+01 0.1999187332025D+01
 0.1999162575381D+01 0.1999137064350D+01 0.1999110775932D+01 0.1999083686424D+01
 0.1999055771399D+01 0.1999027005685D+01 0.1998997363341D+01 0.1998966817634D+01
 0.1998935341014D+01 0.1998902905092D+01 0.1998869480608D+01 0.1998835037413D+01
 0.1998799544433D+01 0.1998762969648D+01 0.1998725280056D+01 0.1998686441651D+01
 0.1998646419383D+01 0.1998605177136D+01 0.1998562677686D+01 0.1998518882674D+01
 0.1998473752565D+01 0.1998427246619D+01 0.1998379322849D+01 0.1998329937981D+01
 0.1998279047422D+01 0.1998226605213D+01 0.1998172563988D+01 0.1998116874933D+01
 0.1998059487739D+01 0.1998000350559D+01 0.1997939409957D+01 0.1997876610863D+01
 0.1997811896520D+01 0.1997745208431D+01 0.1997676486310D+01 0.1997605668022D+01
 0.1997532689530D+01 0.1997457484833D+01 0.1997379985908D+01 0.1997300122646D+01
 0.1997217822788D+01 0.1997133011859D+01 0.1997045613101D+01 0.1996955547397D+01
 0.1996862733206D+01 0.1996767086481D+01 0.1996668520598D+01 0.1996566946269D+01
 0.1996462271464D+01 0.1996354401328D+01 0.1996243238087D+01 0.1996128680963D+01
 0.1996010626081D+01 0.1995888966367D+01 0.1995763591454D+01 0.1995634387581D+01
 0.1995501237479D+01 0.1995364020274D+01 0.1995222611363D+01 0.1995076882307D+01
 0.1994926700704D+01 0.1994771930073D+01 0.1994612429720D+01 0.1994448054609D+01
 0.1994278655229D+01 0.1994104077450D+01 0.1993924162379D+01 0.1993738746213D+01
 0.1993547660085D+01 0.1993350729902D+01 0.1993147776184D+01 0.1992938613895D+01
 0.1992723052265D+01 0.1992500894614D+01 0.1992271938161D+01 0.1992035973838D+01
 0.1991792786084D+01 0.1991542152647D+01 0.1991283844367D+01 0.1991017624961D+01
 0.1990743250797D+01 0.1990460470659D+01 0.1990169025508D+01 0.1989868648232D+01
 0.1989559063393D+01 0.1989239986957D+01 0.1988911126023D+01 0.1988572178540D+01
 0.1988222833013D+01 0.1987862768204D+01 0.1987491652815D+01 0.1987109145172D+01
 0.1986714892888D+01 0.1986308532519D+01 0.1985889689209D+01 0.1985457976321D+01
 0.1985012995062D+01 0.1984554334082D+01 0.1984081569075D+01 0.1983594262359D+01
 0.1983091962436D+01 0.1982574203551D+01 0.1982040505226D+01 0.1981490371776D+01
 0.1980923291822D+01 0.1980338737771D+01 0.1979736165290D+01 0.1979115012757D+01
 0.1978474700692D+01 0.1977814631176D+01 0.1977134187239D+01 0.1976432732238D+01
 0.1975709609202D+01 0.1974964140169D+01 0.1974195625484D+01 0.1973403343087D+01
 0.1972586547766D+01 0.1971744470391D+01 0.1970876317118D+01 0.1969981268565D+01
 0.1969058478965D+01 0.1968107075280D+01 0.1967126156294D+01 0.1966114791667D+01
 0.1965072020962D+01 0.1963996852637D+01 0.1962888262995D+01 0.1961745195112D+01
 0.1960566557710D+01 0.1959351224010D+01 0.1958098030527D+01 0.1956805775838D+01
 0.1955473219301D+01 0.1954099079728D+01 0.1952682034018D+01 0.1951220715738D+01
 0.1949713713664D+01 0.1948159570258D+01 0.1946556780106D+01 0.1944903788300D+01
 0.1943198988763D+01 0.1941440722521D+01 0.1939627275914D+01 0.1937756878751D+01
 0.1935827702405D+01 0.1933837857842D+01 0.1931785393588D+01 0.1929668293634D+01
 0.1927484475265D+01 0.1925231786837D+01 0.1922908005462D+01 0.1920510834647D+01
 0.1918037901839D+01 0.1915486755913D+01 0.1912854864570D+01 0.1910139611682D+01
 0.1907338294532D+01 0.1904448121007D+01 0.1901466206691D+01 0.1898389571896D+01
 0.1895215138603D+01 0.1891939727344D+01 0.1888560053985D+01 0.1885072726458D+01
 0.1881474241396D+01 0.1877760980723D+01 0.1873929208137D+01 0.1869975065578D+01
 0.1865894569570D+01 0.1861683607569D+01 0.1857337934194D+01 0.1852853167468D+01
 0.1848224784951D+01 0.1843448119917D+01 0.1838518357405D+01 0.1833430530360D+01
 0.1828179515653D+01 0.1822760030218D+01 0.1817166627082D+01 0.1811393691559D+01
 0.1805435437340D+01 0.1799285902809D+01 0.1792938947261D+01 0.1786388247416D+01
 0.1779627293841D+01 0.1772649387767D+01 0.1765447637804D+01 0.1758014957163D+01
 0.1750344060792D+01 0.1742427463128D+01 0.1734257475775D+01 0.1725826205952D+01
 0.1717125554856D+01 0.1708147216980D+01 0.1698882679343D+01 0.1689323221865D+01
 0.1679459917661D+01 0.1669283634710D+01 0.1658785037417D+01 0.1647954589834D+01
 0.1636782558733D+01 0.1625259018644D+01 0.1613373856715D+01 0.1601116779879D+01
 0.1588477321750D+01 0.1575444852271D+01 0.1562008586956D+01 0.1548157599343D+01
 0.1533880832897D+01 0.1519167116679D+01 0.1504005180206D+01 0.1488383672712D+01
 0.1472291181341D+01 0.1455716254445D+01 0.1438647423391D+01 0.1421073230401D+01
 0.1402982254390D+01 0.1384363143810D+01 0.1365204646917D+01 0.1345495650310D+01
 0.1325225214044D+01 0.1304382616494D+01 0.1282957394923D+01 0.1260939397511D+01
 0.1238318829790D+01 0.1215086314739D+01 0.1191232945692D+01 0.1166750355122D+01
 0.1141630774224D+01 0.1115867110957D+01 0.1089453015854D+01 0.1062382969069D+01
 0.1034652351154D+01 0.1006257537915D+01 0.9771959737884D+00 0.9474662727302D+00
 0.9170682912459D+00 0.8860032340679D+00 0.8542737256963D+00 0.8218839227161D+00
 0.7888395878943D+00 0.7551482188041D+00 0.7208191367814D+00 0.6858636515266D+00
 0.6502951860200D+00 0.6141295015438D+00 0.5773848777282D+00 0.5400824109195D+00
 0.5022462427983D+00 0.4639039093421D+00 0.4250865678027D+00 0.3858293340611D+00
 0.3461714415356D+00 0.3061565350633D+00 0.2658327889406D+00
  754
-0.6704004800945D+00 0.5314649241605D-30-0.7097174330138D+01-0.1429005905550D-17
-0.2868200045151D+01-0.1906311011869D-19-0.6067248667196D+01 0.2696651090335D-17
-0.3011063287378D+01 0.1716753193785D-19-0.3389873302352D+01-0.2555240893891D-17
-0.1246784734945D+01 0.4796745402642D-19-0.4356616751930D+01-0.6835932150001D-18
-0.6187987861455D+00-0.6488227113991D-19-0.1457114606540D+01 0.3918609972249D-17
-0.7217524467606D+00-0.1216321436102D-17-0.1750040189545D+01-0.6776539938916D-19
-0.9741567290567D+00-0.1100784242872D-17-0.1254986851912D+01 0.9463681324569D-19
-0.1335180648412D+01 0.3535708632776D-17-0.6798273656215D+00-0.2020884983132D-17
-0.9109060370727D+00-0.2211671460783D-17-0.3372366772543D+00 0.4163165510902D-19
-0.3013635095059D+00 0.6830915412043D-18-0.3023042222821D+00-0.1996274441523D-17
-0.5004013132434D+00 0.2313379527988D-18-0.1258612275004D+00-0.1109237512389D-18
-0.3880557678350D+00-0.2620583945463D-17-0.1945432160402D+00 0.3448021171899D-17
-0.3726591891167D+00-0.2681745192370D-18-0.2322641162496D+00 0.6194452295871D-18
-0.2760655490721D+00-0.1075195251937D-18-0.1209200628566D+00 0.4385849754999D-17
-0.6736907853032D-01 0.1351021289051D-18-0.3714817299059D-01-0.2749740806473D-18
-0.9223122934624D-02-0.8693451990264D-18-0.2075715770860D-01-0.1438218771349D-17
-0.1480387463973D+00-0.3814514467052D-20 0.9756503809087D-02 0.1355367754306D-17
 0.1039170843375D-01-0.1307724270436D-17 0.1613172892388D-01-0.1977951072636D-17
-0.2128140057167D+00 0.2710920108320D-18 0.2883557779604D-01-0.1438307575269D-17
 0.8532918672264D-01-0.2139686437375D-17 0.8747211653338D-01 0.1945107186832D-17
-0.1380443783338D-01-0.1325730467523D-18 0.5153280251837D-01-0.4899484988165D-18
 0.1030595627315D+00-0.3057788134246D-18 0.4877703393014D-01 0.2624365338632D-17
-0.3522745720801D-01 0.3561734146068D-18-0.3709584797991D-01-0.4001594300382D-18
 0.1124969533601D+00 0.1043400261172D-17-0.2396846893795D-01-0.2758731048418D-18
-0.1080924006557D-01 0.3570131584927D-19 0.1158774770614D+00-0.7182293137261D-18
 0.1137842461850D+00 0.3709515918781D-17 0.5873912941085D-01-0.1301698468205D-17
-0.1312231031819D-01 0.1923834112681D-18 0.1165608612894D+00-0.2088386627619D-17
-0.7750990101714D-02-0.1535678733835D-18 0.5571199424261D-01 0.1280690882088D-17
 0.5431398918045D-01-0.9397301441596D-18-0.6991360818296D-02-0.8292351811362D-19
 0.5305646026674D-01 0.6350966596913D-19 0.1091019903697D+00 0.7254589021382D-18
 0.1046396957873D+00-0.1367120325875D-17-0.1132350417953D-02 0.4044565783663D-18
 0.9978516395636D-01-0.1045016667980D-17 0.1012469978811D+00 0.1953310873216D-17
 0.4944175037222D-01-0.9355380898829D-18 0.9270734884029D-01 0.2428018772100D-18
 0.9162638155966D-01-0.1440078410239D-17 0.6216116518602D-03 0.1692816714680D-18
 0.8403311825372D-01 0.1252177201223D-17 0.8390378902511D-01-0.3442510668404D-18
 0.2165453753306D-01-0.5056924750183D-18 0.1466606051430D-02-0.1938085552682D-20
-0.1963008261137D-03-0.1213595438728D-18 0.3837669126340D-01-0.8479240713440D-18
 0.3667204404866D-01 0.1817138931773D-17 0.3678698622354D-03 0.1893123379622D-18
-0.1208923315739D-02-0.4036820342106D-18 0.6653783567243D-01-0.5588107655520D-18
 0.3385210072049D-01-0.8550719344314D-18-0.7944010413341D-03 0.1596225394577D-18
-0.1970965686724D-02-0.3234635311951D-18 0.5706278951885D-01-0.2564737665405D-18
 0.5916945090872D-01-0.1398063849647D-17 0.5784724413248D-01 0.2653889855232D-17
 0.2503038416549D-01 0.2289993033677D-18 0.2516513590526D-01-0.5018387352413D-18
 0.5301809899290D-01 0.8979550557730D-18-0.7600490018729D-02 0.5599094138924D-18
-0.3327689519387D-02-0.2293562882906D-18 0.2219130981084D-01 0.9464088518058D-18
 0.4570161608277D-01 0.3604876516624D-18-0.8327998209806D-02-0.3076865652419D-18
 0.3810379610394D-01-0.7421524920573D-18 0.3851228508974D-01 0.4943840173792D-18
 0.1877816827334D-01-0.5769293188584D-18 0.3324640772251D-01 0.8253560209288D-19
 0.3368430838406D-01 0.1446078272927D-17 0.3278545772314D-01-0.8408883805205D-18
-0.2466283604305D-02 0.7123228797648D-20 0.1472830589231D-01-0.6744805153753D-18
 0.1416054406578D-01-0.5627864286231D-18-0.6077479012926D-02 0.2894848738174D-20
-0.5781405239989D-02 0.9006006059652D-19 0.1143388952777D-01-0.2189017983268D-18
 0.2426384552898D-01 0.9622400765432D-18 0.2467185936508D-01-0.1147921298769D-17
 0.2418076697963D-01-0.8602879834618D-18-0.6946547400483D-02 0.3774882871529D-18
-0.6160945769024D-02-0.8620297763545D-19 0.1970164719076D-01 0.3942767553149D-19
 0.2061016591814D-01-0.1936962804593D-18-0.1314321334757D-01-0.4025088204766D-19
 0.1677511899975D-01-0.2222127850842D-18-0.7053094938435D-02 0.2410260834433D-18
-0.1711193817736D-02-0.8704079214710D-19 0.1423157479306D-01-0.7128773129236D-18
 0.1464161745464D-01-0.3052158231714D-18 0.1501952928036D-01 0.4997077577717D-18
 0.7375989624268D-02-0.5041066634307D-18 0.7281981677488D-02 0.1146896540954D-17
-0.6895138550970D-02-0.3052120286940D-18 0.5960594607424D-02 0.1915649708747D-18
 0.1231805830813D-01-0.8160225146190D-18 0.1242801301285D-01 0.6468119998722D-18
-0.1402143340691D-01 0.2320028514207D-18-0.6840911392623D-02-0.2621319521114D-18
 0.1002470375192D-01 0.2586248868131D-18 0.1031062628973D-01 0.1686178318469D-17
 0.8337824874611D-02 0.3712095417312D-18 0.8587170632400D-02 0.2772775484470D-18
-0.6587157184692D-02-0.2063825207625D-18 0.3219344065010D-02-0.9020481736529D-19
 0.7048120986119D-02-0.4058106275342D-18 0.3613262299015D-02 0.6048856348454D-18
 0.1782732390264D-02-0.2253386843630D-18-0.6729575825900D-02 0.3292610453239D-18
-0.1274956640299D-01-0.3283974529059D-18-0.6445818503709D-02-0.2603055514919D-19
 0.5449119816973D-02-0.3419632040935D-18 0.5863274992651D-02 0.1150690466083D-18
 0.2890072774735D-02-0.3908907893203D-18-0.1252077247749D-01 0.5120562845917D-19
 0.4566896758153D-02-0.2123532031530D-19 0.5050459924250D-02 0.9037030304857D-18
 0.2480215034440D-02-0.3911260677967D-18 0.2724337579031D-02-0.3349037296984D-18
-0.6031834238449D-02 0.2075882193689D-18 0.3941924995545D-02 0.4908843795591D-19
 0.4143264115541D-02-0.6612175087934D-18 0.4592236314099D-02-0.4840532830157D-18
-0.5524864786140D-02-0.7083116405809D-19 0.1677619962822D-02-0.2579261035655D-18
 0.3676004548926D-02 0.6023342698531D-18 0.1965117654406D-02-0.3156420999522D-18
-0.1066756086465D-01 0.2642880854406D-18-0.5208317346298D-02-0.1099895272763D-18
 0.3092145008531D-02-0.7623368891890D-19 0.2987741142757D-02 0.3247832273705D-18
 0.3445211345043D-02-0.4744159983538D-18-0.9708220307116D-02-0.1442778588824D-18
 0.2747852883551D-02-0.3965822599808D-18 0.2699910504416D-02 0.3694109461736D-18
 0.3052487761896D-02-0.9168060846154D-19 0.2417319066984D-02 0.1674456630364D-18
-0.1364136392235D-02 0.9929341648251D-19 0.2494265417368D-02-0.1621710066934D-18
 0.1233770931327D-02 0.1153441706744D-18 0.2317853303579D-02 0.2232239832715D-18
 0.2601012667201D-02-0.1406339016462D-18 0.2357930496890D-02 0.3573692911847D-18
 0.1276896570870D-02-0.2691997171140D-18-0.7479214250195D-02 0.1917811050912D-19
-0.8926054604014D-03-0.4806594938714D-19 0.1202912397500D-02-0.5732920056027D-19
 0.1195955372008D-02-0.1394125268531D-18 0.2439533666124D-02-0.4261815109304D-18
 0.1326993127693D-02 0.6406814400904D-18-0.6712064362752D-02 0.4052952213925D-18
-0.1744715849151D-02-0.1049244156156D-19-0.3237696563410D-02-0.1742206924225D-18
 0.2230333493141D-02 0.1957138647039D-18 0.1050537566540D-02-0.2543428094659D-18
-0.3127599471368D-02 0.1351065378115D-19-0.2920210579688D-02-0.1556869361654D-18
 0.2341970000690D-02-0.1696004701057D-18 0.2277522460907D-02-0.1696005790336D-19
 0.2104112554173D-02-0.4407826796773D-18 0.2263939403657D-02 0.2024263786810D-18
 0.2447011510192D-02 0.9398356301985D-18-0.2776888766153D-02-0.5078577937225D-19
 0.2294856421529D-02 0.4259756022615D-19 0.2319841360257D-02-0.1845659712323D-18
-0.4899165694799D-02-0.4276579137116D-19-0.2335146333810D-02-0.1300019632919D-18
 0.2276594927316D-02 0.1157983184470D-18 0.1185418335598D-02 0.3361568135113D-18
-0.2063000787809D-02 0.7364310162233D-19-0.2119409378844D-02 0.8539564149392D-19
-0.4110583597410D-02-0.2218946810102D-18 0.2319666643812D-02 0.5671554303441D-20
 0.2250007033279D-02-0.2893543264003D-18 0.1098812917367D-02-0.1976921864331D-18
 0.2228008852140D-02-0.3272545471757D-18 0.2092628660792D-02 0.2312097036875D-18
 0.2300539822807D-02 0.4893504220859D-18-0.3173747357136D-02 0.8213657886708D-19
 0.1287167269198D-02-0.7523076588570D-19 0.2126626710535D-02 0.1312924745241D-18
 0.1215385504977D-02-0.1760758084886D-18-0.1226121579385D-02 0.1921345962715D-18
-0.1340197959445D-02-0.6680741796025D-19 0.2519013366972D-02-0.1087445758036D-18
 0.2328223811288D-02 0.9287076098263D-20 0.2196360973340D-02 0.1380825156342D-18
 0.2292968703719D-02 0.3246850914891D-18 0.2382939750023D-02-0.2550876737391D-18
-0.1176060624127D-02-0.8059692560075D-19 0.2475012205063D-02-0.6391154858915D-19
 0.2276667233302D-02-0.1780895251430D-18 0.2197426509416D-02 0.4962784707435D-19
 0.2162323584416D-02 0.2600358282041D-18 0.1164171424261D-02-0.1588579973689D-18
-0.8913959086745D-03 0.1333907872947D-18-0.1981072967954D-02-0.1262064485148D-18
 0.2401698839520D-02-0.1520792483491D-18 0.2278305306256D-02-0.2364042327403D-18
 0.1175337386478D-02-0.4478059119681D-19 0.2162295605331D-02 0.1777914837798D-18
 0.5118141417729D-03-0.6773467752436D-19 0.2208409122490D-02-0.4890514206828D-19
-0.1223985132685D-02 0.1725749485214D-18-0.7489537936033D-03-0.2569411400627D-19
 0.2243048422929D-02 0.2423692420392D-19 0.1079672900523D-02 0.5948888906009D-19
 0.1026123660549D-02-0.1181487866942D-18 0.2082078753340D-02 0.1657576887849D-18
-0.1113079300863D-02-0.4804406494574D-19-0.1204111295794D-02-0.1347086459958D-19
 0.2168781824790D-02-0.4219762939238D-19 0.2078659170700D-02-0.6321888577517D-19
 0.9923129968612D-03-0.1195780376499D-18 0.1029674578589D-02-0.1257723686247D-18
 0.2105039211924D-02-0.5206795441382D-19 0.1986063828639D-02 0.8537184284457D-19
 0.1951584441742D-02-0.2038017926846D-18 0.1987749619735D-02-0.1947731200264D-18
-0.9310998543695D-04-0.1907836930707D-19 0.1996341974858D-02 0.7124086773084D-19
 0.9862521156749D-03-0.7926520135020D-19 0.9509199098776D-03 0.2937451827464D-18
-0.5478586519468D-03 0.6578902190109D-19-0.3265578585219D-03-0.4254208687292D-19
-0.3107402663609D-03-0.7076181477471D-19 0.1064515262455D-02-0.4824172010215D-19
 0.1795758177819D-02 0.1060946660076D-18-0.9949468811588D-04 0.1259113929309D-18
-0.5073755092176D-03-0.5833997495501D-19-0.2563809853246D-03-0.6482817175438D-19
 0.1988317990243D-02-0.7651293043034D-19 0.1775682008650D-02-0.1253892510308D-18
 0.1724232995335D-02-0.7325517825215D-19 0.1675782398899D-02 0.7914986809244D-19
 0.1687073778880D-02 0.4265805551454D-18-0.1641342615373D-03 0.9736298779272D-20
 0.1845237539771D-02-0.4065196626223D-19 0.1669601605828D-02-0.7643138860184D-20
 0.1612115763570D-02 0.6867257446538D-19 0.1587313135646D-02 0.1635157247775D-18
-0.5123467698995D-04 0.8716398246165D-19-0.1765996389679D-03-0.5601096977707D-19
 0.1703612285162D-02-0.7951307549118D-19 0.1541896094707D-02 0.3685629653314D-19
 0.7358420694637D-03 0.1511769951646D-18 0.7428556164668D-03-0.8349978586317D-19
-0.2179928239328D-03-0.5562346090160D-21-0.2932106018157D-03-0.9900699678960D-19
 0.7833879719693D-03-0.4300471337038D-19 0.1431278040671D-02 0.1116181136088D-18
 0.1387628759107D-02-0.1342780964290D-18 0.1382609478048D-02 0.3118028785155D-19
-0.5941980365406D-04 0.1190444261671D-18 0.1426127057312D-02-0.7093333104743D-22
 0.1245705843915D-02 0.2140087999870D-18 0.1292343782266D-02-0.5576610037934D-19
 0.1193214908572D-02 0.2144512778293D-19 0.1197226982089D-02-0.1244359640100D-20
-0.9818273423201D-04-0.3374766437841D-19-0.4183691674175D-04-0.7754000846291D-20
 0.1165345965706D-02-0.1136771643986D-19 0.1075954523094D-02-0.6367383597808D-19
 0.1030666540133D-02 0.1410584813280D-18 0.1053483222520D-02 0.1334058305467D-18
 0.5322961477207D-03-0.5644239533894D-19 0.4932314414714D-03-0.7354959280523D-19
-0.6706828384233D-04-0.5891543781789D-20-0.9586340886118D-04-0.3703758186344D-19
 0.5121681234245D-03-0.2544210559312D-19 0.1036465931451D-02 0.4503842143347D-19
 0.9755935905613D-03-0.9730493342890D-19 0.8790760124645D-03-0.1075469309804D-18
-0.9056179852781D-04 0.4342145057286D-19-0.1858406992397D-03-0.6181408790312D-19
-0.7676094056462D-04-0.1966807490864D-19 0.8521301200058D-03 0.9552665425612D-19
 0.3873048925634D-03-0.6273437044591D-19-0.2752986901898D-05 0.2646841681521D-19
-0.1455003112095D-03-0.2327994156530D-19 0.8695125848665D-03-0.4434681810792D-19
 0.7888867548112D-03-0.3419496836149D-19 0.6740961072227D-03-0.9308523012328D-19
-0.5764958225423D-04 0.1362014395070D-19 0.3695521291412D-03-0.2972249338235D-19
 0.3709210525706D-03-0.2141425327170D-19 0.6894992246599D-03-0.6243076323237D-19
 0.3086912301374D-03 0.2548732883253D-19 0.6143870551540D-03 0.6262731256412D-19
 0.3194363543137D-03-0.4346682425129D-19 0.5774508690288D-03-0.2519245720076D-19
-0.9753363034035D-04 0.1109352620647D-18-0.2070402251848D-03-0.3391384911534D-19
 0.5578629211882D-03-0.7287691083130D-20 0.5471992119798D-03-0.7166846448182D-19
-0.1728764466067D-03 0.9770101412325D-20 0.5037285974456D-03-0.2039616678945D-19
 0.5102609843087D-03-0.3176833315904D-19 0.4608927665954D-03 0.4558260303038D-19
 0.4303601863407D-03 0.3170162948803D-19 0.4680945907559D-03 0.5626453056778D-19
 0.3969407101556D-03-0.2576447342143D-19 0.1989250252091D-03-0.4428549204607D-19
 0.4023264581380D-03 0.2026033681186D-20 0.3763202649161D-03 0.7791227597509D-20
 0.3142462420420D-03-0.6711491441894D-19-0.1280316114466D-03-0.1951071616383D-19
 0.2857462734272D-03-0.3866755685204D-19 0.3055693562920D-03 0.3480763913935D-19
-0.1255786893349D-03 0.2429959954350D-19-0.1173013948175D-03 0.2513649534739D-19
-0.2753688045654D-03-0.3016121907601D-19-0.4365270063637D-04-0.4411981471470D-20
 0.2103745515151D-03-0.4006749371099D-19 0.2229693261674D-03-0.3035771844085D-19
 0.2198814510180D-03-0.4267663385804D-20 0.2095400170961D-03 0.7745152771692D-19
 0.1649387353786D-03 0.3237305403280D-19 0.5962329014499D-04 0.9026877257437D-19
-0.1518447876844D-03-0.4225441613098D-20-0.1803653245345D-03-0.1655221147779D-19
 0.1103368871876D-03-0.2140004739548D-20 0.9206170742159D-04-0.2282568949607D-19
-0.3009004880505D-03 0.3067864527548D-19-0.1858903653871D-03-0.1528098045148D-19
 0.6922226542513D-04 0.5424361998126D-19 0.3114760986306D-04 0.2107611735275D-19
-0.2033279417119D-05 0.1253832511986D-18-0.3359925319780D-03-0.1121050798182D-19
-0.1644793224785D-04 0.1078626318729D-19 0.8120194429993D-05 0.9519358442269D-20
 0.1061210451619D-06 0.3475351536227D-20 0.5842215190771D-05-0.9082408598763D-20
-0.9762531099498D-05-0.2398902286099D-19-0.1595787834470D-03-0.7492255306658D-20
-0.1953998837499D-03-0.1314610617777D-19-0.5176633934558D-04-0.1034232985783D-19
-0.7083570532188D-04-0.1162552021488D-19-0.5570247606578D-04-0.1466416078125D-19
-0.1696868565557D-04-0.1537554311403D-19-0.7442177313084D-04-0.3690874236784D-19
-0.5194050842236D-04 0.4223516274938D-19-0.2033302645330D-03 0.3036484893689D-19
-0.3363280048790D-03-0.8282915628581D-20-0.3997506865188D-03-0.2323683203304D-19
-0.1570580104418D-03-0.2259823690121D-19-0.1093915924197D-03-0.4769336063969D-20
-0.4392424340876D-04-0.1531509382503D-19-0.2058384790243D-03-0.8558858166837D-20
-0.1613059377998D-03 0.2445502344974D-19-0.1752720999369D-03 0.7459979051253D-20
-0.1357943173974D-03-0.2517252912093D-19-0.1830408367867D-03 0.5553435177025D-19
-0.2160704230684D-03 0.2013654080532D-19-0.2433690945012D-03-0.1169110767084D-19
-0.1090510514811D-03-0.7146880105455D-20-0.9225553337712D-04-0.9172178957001D-20
-0.2085398854267D-03-0.1445404893614D-19-0.1937464860610D-03 0.3565782977503D-19
-0.4144803927437D-03 0.2747029321972D-20-0.3858562347384D-03 0.4202084402112D-20
-0.2085932314594D-03-0.7736326520719D-20-0.1879812970702D-03-0.7100544691983D-20
-0.1412061532473D-03-0.1096951700355D-19-0.2491621847577D-03 0.3416556052005D-19
-0.4509963530939D-03 0.2529384325534D-19-0.3863247086832D-03-0.9874868859128D-20
-0.2059687733682D-03-0.7801331217457D-20-0.3011554020643D-03-0.3023851872442D-20
-0.2713177637535D-03-0.1041279897861D-19-0.2552649684120D-03-0.1344236223374D-19
-0.2609779929573D-03 0.2386109894344D-19-0.1456291344894D-03-0.1558153893256D-19
-0.4136980929952D-03-0.1281782895301D-19-0.3266131048755D-03-0.1271897922868D-19
-0.2536919448327D-03 0.6400119385323D-20-0.3078598029540D-03-0.2194326078075D-19
-0.3515456317195D-03-0.1020463908781D-20-0.2755866254659D-03 0.1922587253206D-19
-0.1443116998105D-03-0.7916608795954D-20-0.1602582303173D-03-0.1128381396946D-19
-0.4056002886436D-03-0.1727252675297D-20-0.3608716562661D-03 0.5049126413299D-20
-0.1750105486493D-03-0.3519586662129D-20-0.3350139750928D-03 0.1536216423276D-21
-0.3032174835809D-03 0.2294075380715D-20-0.1638481248230D-03 0.5084691105622D-20
-0.3078572568180D-03-0.1179184040606D-19-0.3152230314607D-03 0.1124235283002D-19
-0.3306756767603D-03-0.1564461072712D-19-0.4329446159685D-03 0.8500638939427D-20
-0.4074153550124D-03-0.6522118935501D-20-0.3406223276200D-03 0.9107687945703D-20
-0.3168224699270D-03 0.1124932462195D-19-0.3064967653542D-03-0.2247192077062D-20
-0.3364706151533D-03-0.5091397487711D-20-0.3682410444023D-03-0.3816373259242D-20
-0.3357443182240D-03 0.4909274967258D-20-0.2133268837595D-03 0.1907176886154D-20
-0.2265387270420D-03-0.2485021621317D-20-0.3771755392105D-03-0.5947544497143D-20
-0.3427111863792D-03-0.4017190043684D-20-0.3316662537266D-03-0.2610365157456D-20
-0.3422976283504D-03-0.3445742324356D-20-0.1697690753311D-03-0.4734653929422D-20
-0.2423685959826D-03 0.5450275840347D-20-0.1825664931158D-03-0.2151386360663D-20
-0.4446078978386D-03-0.2339974826304D-20-0.3597955241753D-03-0.6302028983105D-21
-0.3232254636124D-03 0.8825529704266D-20-0.3387956000698D-03-0.5879874677823D-20
-0.3936784100465D-03 0.1408948596042D-20-0.3561717832226D-03-0.2787928155140D-20
-0.8463573442500D-04-0.4588036407364D-21-0.4327391797122D-03-0.1551456380896D-20
-0.3570672732525D-03 0.2381436044330D-20-0.1566643415128D-03-0.1328087438141D-20
-0.2215040279141D-03 0.2081009585829D-20-0.1792241959619D-03-0.5113746268638D-21
-0.1668570287112D-03-0.3893186581940D-21-0.4197455196140D-03-0.1829840886371D-20
-0.3380342558708D-03 0.1140185117326D-21-0.3278649197828D-03 0.3029551251561D-20
-0.3167877202909D-03-0.1425383845373D-20-0.3257350898049D-03 0.9821127816550D-21
-0.1579513262132D-03-0.3403764579866D-21-0.4173622092675D-04-0.6225246829834D-22
-0.2014357013769D-03-0.1427129584091D-21-0.3517694269662D-03 0.2980086843918D-21
-0.3430416643303D-03-0.4114652955855D-21-0.3225449750549D-03-0.3406592088422D-21
-0.1598696300158D-03 0.1086370690364D-20-0.3949674393277D-03-0.2383302769152D-22
-0.3218099831984D-03 0.8552583354763D-23-0.3078751497729D-03 0.7442684455714D-23
-0.1574680490487D-03 0.3942304369476D-23-0.3879080221082D-03-0.5687821530165D-23
-0.3374052871560D-03 0.1199984772320D-21-0.3100710676707D-03-0.2497081737101D-21
-0.3025672676155D-03-0.3105003147757D-22-0.1559441957317D-03-0.6478787083152D-22
-0.1478589506483D-03 0.2773075119141D-21-0.3684005762108D-03 0.5064242917405D-21
-0.3125909977376D-03 0.1061623370396D-20-0.1438931871822D-03 0.7654035447797D-21
-0.1466199836491D-03 0.1105890515536D-20-0.2949541002089D-03-0.5273208449770D-20
-0.3457694057656D-03 0.1259711336124D-20-0.3050900143753D-03-0.3258819273070D-20
-0.2871891051345D-03 0.4704068965581D-21-0.2815127319342D-03 0.2201871246497D-20
-0.2830981527602D-03 0.2994559930506D-20-0.2746810147364D-03 0.1341085208383D-21
-0.1282107118867D-03 0.8644748795310D-21-0.1639581754735D-03 0.2076507718689D-20
-0.3259042995909D-03-0.1021426628448D-20-0.1333867264639D-03-0.4688297968326D-20
-0.2957922567696D-03-0.3364970651362D-20-0.2369974332662D-03 0.2249317129403D-20
-0.1370728401877D-03 0.1113572161294D-20-0.2588748610221D-03-0.1057164460706D-20
-0.2460747951475D-03-0.3735294171009D-20-0.2395769287707D-03 0.8797781239513D-21
-0.1083534800842D-03 0.1764494706168D-20-0.2818901849168D-03 0.5087204700904D-20
-0.2497978218339D-03 0.3083720949762D-20-0.2409040892904D-03 0.3121387612304D-20
-0.2314217450440D-03 0.6569844698253D-21-0.2343141776821D-03-0.7347751416756D-20
-0.2325728098963D-03-0.1113986906584D-19-0.1207236932787D-03-0.1866903584704D-20
-0.2019159039359D-03 0.3508476324759D-20-0.2575040407916D-03 0.2824729978098D-20
-0.2338902225054D-03 0.3166891736189D-20-0.2254922802880D-03-0.3834090325470D-20
-0.4438215418880D-04-0.2141581712931D-20-0.8864765204660D-04 0.1792582527612D-20
-0.2820555407805D-03 0.4023914852515D-20-0.2373666468590D-03-0.9444782940180D-21
-0.2073446835515D-03 0.1781551550190D-20-0.2030230503288D-03-0.8064596800326D-20
-0.1995908501737D-03-0.1134878265749D-19-0.1974824255234D-03-0.1117977980910D-19
-0.1917898554002D-03-0.3181314334004D-20-0.7753700904431D-04 0.2232631126819D-20
-0.1266190306521D-03 0.3443191905571D-20-0.1268284549486D-03 0.1734179263460D-20
-0.2132317189087D-03-0.5202085403395D-20-0.2054785537362D-03-0.1279683241133D-19
-0.1489505206656D-03 0.2634419168438D-20-0.1381931146788D-03 0.4676163223354D-20
-0.1707161087192D-03-0.1146751254751D-19-0.8171470111231D-04 0.4074607533132D-20
-0.7763276744227D-04 0.6575641570024D-20-0.1972262537875D-03 0.2078157622510D-20
-0.1978264382282D-03 0.5640321741938D-20-0.1688265992080D-03 0.2571706388160D-20
-0.1667953304187D-03-0.2644901524458D-20-0.1554963202637D-03-0.3288743344100D-21
-0.1473290488146D-03 0.7501293619944D-20-0.1463484198158D-03 0.3452108783886D-20
-0.1400730279425D-03 0.1156525821362D-19-0.1709116246545D-03 0.8350892442294D-21
-0.1465362523586D-03 0.4267040094610D-20-0.1353555628180D-03-0.7860346844652D-20
-0.6416501774000D-04-0.4221142620094D-20-0.3248038659885D-04 0.1292196428254D-20
-0.1258840595316D-03-0.8743651517689D-20-0.6181897716669D-04 0.6945360517671D-20
-0.4978388880874D-04-0.5818659458057D-21-0.8240773414934D-04 0.4978150154428D-20
-0.4192573075536D-04 0.2200784784955D-20-0.1245951717550D-03 0.7788811230589D-20
-0.1136225990692D-03 0.5024733185104D-20-0.5845209578114D-04 0.2538182542628D-20
-0.1051702651876D-03 0.1207213553784D-19-0.4935438759434D-04-0.5257587303028D-20
-0.4830160451514D-04-0.5386920782488D-20-0.7117581814646D-04 0.3393543136205D-20
-0.1231022686727D-03 0.1013365633988D-19-0.1218422764359D-03 0.3418037289670D-20
-0.1067523077298D-03-0.1011317671196D-19-0.9602477533957D-04 0.5148085494508D-20
-0.9266724683164D-04-0.6629702202764D-20-0.4720431829035D-04 0.3006715624901D-20
-0.8752044560857D-04 0.6059066159302D-20-0.5713504414059D-04-0.1389898798851D-21
-0.7962611833799D-04 0.5712771528609D-20-0.7722322556808D-04-0.1740879694981D-19
-0.5233997777052D-04-0.9050709491560D-20-0.1392610843705D-04 0.3383640598757D-20
-0.3410633648966D-04 0.2347529778880D-20-0.5276354942049D-04 0.6316893694028D-20
-0.2610737144251D-04 0.7056859233469D-20-0.2500853592032D-04 0.2500095441329D-21
-0.1402437912850D-04 0.6455062937691D-20-0.9788936843913D-05 0.3077355460579D-20
-0.5681497735635D-04-0.2867085762894D-20-0.6095336076138D-04 0.2222166383370D-21
-0.5047525670719D-04 0.7694650849282D-20-0.4390836129777D-04-0.1605729411895D-19
-0.3669350074348D-04 0.1211552358656D-19 0.3631121419802D-06 0.2340549037022D-20
-0.4033083400952D-05 0.5207396644149D-20-0.3893847197260D-04 0.1056145944387D-20
-0.4229666892083D-04 0.7173793935576D-20-0.3074178564736D-04-0.5684542703022D-20
-0.3564126296340D-04 0.4770009335684D-20-0.2677781707677D-04-0.2246792666417D-20
-0.1632498097911D-04 0.1163967415585D-20-0.6604187033154D-05-0.2958876782758D-20
 0.3133684503370D-04 0.5376329308171D-20-0.7370178467956D-05 0.2841640274655D-20
-0.8456879118007D-05-0.6550069513044D-20-0.1249546140589D-04-0.2284669173517D-20
 0.8968054272985D-05 0.6409967927669D-20-0.1655019786911D-05-0.1147909795002D-20
-0.3343614452961D-05 0.3983012572740D-20 0.1404597176991D-04-0.9220638593718D-20
 0.3407547611093D-04 0.2434871975214D-20 0.7468274670920D-05 0.1303722039483D-21
 0.3421072402296D-05 0.7645920021129D-20 0.3284854570262D-05 0.5453131586699D-20
 0.2525799950172D-05 0.1985750067638D-20 0.1001854225393D-04-0.1289009434204D-19
 0.8101120792766D-05 0.7106161147216D-20 0.2888894396787D-06-0.1235622431732D-19
 0.2053589050153D-04-0.2297140803520D-20 0.1296430834767D-04-0.1683450303590D-19
 0.4575150380163D-04-0.3916540235682D-20 0.4304054708588D-04-0.4453911261633D-20
 0.3720515102798D-04 0.7787528092353D-21 0.2094500754836D-04 0.3332223405173D-20
 0.1083703412743D-04-0.9999447789992D-21 0.2734743017725D-04 0.7584093958357D-21
 0.1495076105065D-04 0.6231763912402D-20 0.2942090517024D-04-0.7825537099474D-20
 0.4143238976079D-04 0.9999007091942D-21 0.3597447239501D-04 0.3553038123422D-20
 0.2920374177900D-04 0.9891067491680D-20 0.2674106584036D-04 0.3359090737662D-20
 0.2392546132935D-04-0.1048306422822D-19 0.2257551774060D-04 0.4782217340761D-20
 0.5244095677048D-04 0.1062454309140D-19 0.5560510816396D-04-0.2849818357003D-19
 0.2436877340699D-04 0.5273550726919D-20 0.2791912616728D-04 0.1472007731094D-20
 0.4086048539714D-04 0.4781255236245D-20 0.8481310940206D-04-0.1285268906012D-19
 0.8930430025684D-04 0.3445346459952D-20 0.4267596721668D-04 0.3479216920160D-20
 0.5110326728136D-04 0.1411656422082D-20 0.6193816601550D-04 0.2986920241677D-20
 0.4434827762176D-04 0.5616628122914D-20 0.6901535889522D-04-0.1148383152156D-20
 0.3993677178784D-04-0.1181896587037D-19 0.9090567988418D-04-0.1437841111659D-20
 0.9725070790428D-04 0.6254596817579D-20 0.1105338121758D-03 0.3054795317061D-20
 0.6966664447611D-04 0.8337583652391D-20 0.7263523511641D-04-0.2509176750365D-20
 0.5560736838041D-04 0.1084127640187D-20 0.7296795219371D-04 0.3703846721144D-20
 0.7812216678294D-04 0.5765029675950D-20 0.6533346570047D-04-0.1771038825952D-19
 0.7595369423645D-04-0.1099318659289D-19 0.8817744224527D-04 0.1824760101857D-21
 0.7992247116929D-04-0.8205701099781D-20 0.7272372854056D-04-0.7076456780814D-20
 0.9334584121729D-04-0.1918366391009D-19 0.2552161108557D-04 0.1117495108851D-20
 0.9466424675061D-04-0.2288283898710D-20 0.4043761043401D-04 0.1578329939425D-20
 0.8105960946112D-04-0.1527043275591D-19 0.8784262757811D-04-0.9429743011921D-20
 0.3873777665241D-04 0.2050589339775D-20 0.1213277677112D-03-0.8396196801513D-20
 0.1145455856517D-03 0.4305455592732D-20 0.5910611006849D-04 0.1685664684446D-20
 0.6317954943253D-04 0.1762917679325D-20 0.9809809703721D-04 0.1892936707835D-20
 0.9376995511852D-04 0.6601997183093D-20 0.9573019111345D-04 0.3806413444086D-20
 0.1014886396199D-03-0.1520647560795D-19 0.6228609191380D-04 0.2439230878388D-20
 0.6288288415975D-04 0.2009363174392D-20 0.1133488957459D-03 0.2054743158316D-20
 0.9677306584126D-04 0.3978442075785D-20 0.5023520582225D-04 0.4401426941755D-20
 0.7420746782939D-04-0.3043524105350D-20 0.1282715696786D-03 0.3884741490815D-20
 0.1365432879097D-03 0.3958762329376D-20 0.1269057036568D-03 0.9583999061784D-20
 0.1138645468007D-03 0.2622648915161D-22 0.1043330973519D-03 0.7477016260108D-20
 0.7167184043476D-04 0.5954218717923D-21 0.6757862868125D-04 0.2872266503442D-21
 0.1303241435048D-03 0.2865934366423D-20 0.1215484975709D-03 0.5921687899118D-20
 0.1283928572888D-03-0.1093299096828D-19 0.1147902824446D-03 0.3037688605894D-20
 0.1190005370188D-03-0.6685134341240D-20 0.1066671563307D-03 0.4688599237523D-20
 0.5598021665226D-04 0.2295990810978D-20 0.5953672426467D-04 0.6911551011822D-20
 0.1627190754339D-03-0.4553937325377D-20 0.8713200282108D-04 0.2806512527810D-20
 0.1412711631794D-03-0.3202771652848D-20 0.1141852664636D-03 0.4075838623728D-20
 0.6202833124727D-04-0.4365590656419D-20 0.1204849892049D-03-0.8750146707955D-20
 0.1330415771367D-03 0.1143259685532D-19 0.9751923093726D-04-0.6960506476055D-20
 0.1535347235857D-03 0.1730551345688D-20 0.1468126521561D-03 0.1360085499671D-20
 0.1411347099200D-03 0.3668328881326D-20 0.1767183755737D-03 0.3301479196631D-20
 0.1208700719624D-03 0.4174662588578D-20 0.6983358162050D-04 0.6148510945198D-20
 0.1776557131385D-03 0.3607353740907D-20 0.1614030503978D-03-0.3586001328123D-20
 0.1481758274321D-03 0.6617852193066D-20 0.1283913284658D-03-0.6239326698193D-20
 0.1349131837638D-03-0.1266240105837D-19 0.1374372594512D-03 0.1015694691364D-19
 0.9830518847418D-04-0.5546532421089D-20 0.7440488033871D-04 0.2433043843665D-20
 0.1798410425252D-03 0.6495240786612D-20 0.1588010283071D-03-0.1988964127117D-21
 0.1402084896482D-03 0.5363248767719D-20 0.1364685365339D-03 0.2783113450292D-20
 0.1287135089202D-03-0.4675589780171D-20 0.1350939910655D-03 0.5562368283936D-20
 0.8268608841127D-04-0.1231234992985D-20 0.1489882007469D-03 0.4154419746495D-20
 0.7586721489407D-04 0.2063961256239D-20 0.8922575173753D-04 0.1195336841763D-20
 0.1446287298466D-03 0.2094687983188D-20 0.1369085375581D-03-0.1057165862242D-19
 0.1382505951823D-03 0.1782201767600D-20 0.1928180541277D-03-0.8784729301456D-20
 0.1569000133748D-03 0.3829297174153D-20 0.1760397418487D-03 0.3717840164245D-21
 0.1594595467940D-03-0.5985968529433D-20 0.1617231722314D-03-0.3603083310760D-20
 0.1418749565190D-03-0.3476522980852D-20 0.1276086921620D-03 0.4962314191433D-20
 0.6461654252575D-04 0.4711551765370D-20 0.1720106767992D-03-0.1366454960709D-20
 0.8574205982044D-04 0.1473429834089D-20 0.1702078200301D-03 0.1259765628588D-20
 0.1594830085808D-03 0.6469099287363D-21 0.1378647396391D-03 0.2117847622075D-20
 0.1547360612525D-03-0.2520097191171D-20 0.1359301509124D-03-0.9601115857892D-20
 0.1336742142603D-03 0.7752512134314D-20 0.1601961619260D-03 0.2366294234970D-20
 0.1646984579849D-03 0.3186132391857D-20 0.8057105926578D-04 0.2848715161897D-20
 0.7098773969763D-04 0.2227973044341D-20 0.1705056998962D-03-0.3594450214484D-21
 0.1614978715444D-03 0.2984976688402D-20 0.8553460077685D-04 0.3155329329083D-20
 0.1655474110335D-03-0.3965498630407D-21 0.1607571903254D-03 0.1355245693658D-20
 0.1496465343217D-03-0.7091479712597D-20 0.1434014490889D-03-0.7730235891749D-20
 0.1425998461643D-03 0.3757696973910D-20 0.1399346664919D-03-0.1320732442039D-20
 0.1332239548030D-03-0.4386859377511D-21 0.1786793880148D-03-0.4951879605217D-20
 0.1578789202269D-03 0.4964338569223D-20 0.1454516637533D-03-0.1683759576873D-20
 0.1327846910404D-03 0.3536781129646D-20 0.1408077200602D-03 0.3792219145057D-20
 0.1650645679558D-03 0.4920297279260D-20 0.1453929571566D-03 0.2348130214814D-20
 0.1402810247731D-03-0.3529412040597D-21 0.1423642957685D-03-0.2080296448443D-21
 0.8138527157982D-04-0.1917585762013D-20 0.1781299961370D-04-0.8756841499874D-22
 0.1569277857864D-03 0.1254549326476D-20 0.1353987032098D-03 0.2101069210340D-20
 0.1330292354501D-03 0.3426563881245D-20 0.3490284799765D-04 0.3427370630009D-21
 0.7064217978588D-04 0.2876882804444D-20 0.6584090785413D-04-0.7209929222197D-20
    1
    1    1  120    3
 0.8443947918872D-04 0.9063708249838D-04 0.9715356932872D-04 0.1042081169508D-03
 0.1117375476530D-03 0.1197259551444D-03 0.1281229970409D-03 0.1368514277045D-03
 0.1457921953360D-03 0.1547879981370D-03 0.1636370862571D-03 0.1720880921363D-03
 0.1798395992012D-03 0.1865343888682D-03 0.1917605987525D-03 0.1950469302053D-03
 0.1958665871463D-03 0.1936344227673D-03 0.1877153642521D-03 0.1774252699176D-03
 0.1620461346771D-03 0.1408329890413D-03 0.1130388869562D-03 0.7793069471014D-04
 0.3482717547672D-04-0.1687394047490D-04-0.7764212775431D-04-0.1477753041199D-03
-0.2273314094884D-03-0.3160831582912D-03-0.4134446477959D-03-0.5184369737394D-03
-0.6296343614104D-03-0.7451757414921D-03-0.8627719150319D-03-0.9798107330489D-03
-0.1093465760087D-02-0.1200920447597D-02-0.1299566210376D-02-0.1387284640259D-02
-0.1462613607386D-02-0.1524917766411D-02-0.1574333384601D-02-0.1611665832339D-02
-0.1638037926495D-02-0.1654552366006D-02-0.1661799028545D-02-0.1659518955010D-02
-0.1646221979936D-02-0.1619064186598D-02-0.1573707168420D-02-0.1504453368235D-02
-0.1404324617377D-02-0.1265389624055D-02-0.1078985115917D-02-0.8361696657493D-03
-0.5280378492695D-03-0.1462674022099D-03 0.3164812558246D-03 0.8659299083448D-03
 0.1505699833190D-02 0.2236590925435D-02 0.3056026870899D-02 0.3957291001505D-02
 0.4928962514626D-02 0.5954219658459D-02 0.7010452966240D-02 0.8068903646537D-02
 0.9094857411077D-02 0.1004817295361D-01 0.1088478486337D-01 0.1155899521030D-01
 0.1202709157145D-01 0.1225222125977D-01 0.1220984679705D-01 0.1189373792230D-01
 0.1132001557170D-01 0.1052812935587D-01 0.9577767716035D-02 0.8539330249005D-02
 0.7483023058156D-02 0.6464927841335D-02 0.5519185912332D-02 0.4652773559102D-02
 0.3848992225231D-02 0.3072859252426D-02 0.2280807639266D-02 0.1428070366865D-02
 0.4774069082072D-03-0.5972921654869D-03-0.1806259122132D-02-0.3143359776121D-02
-0.4584428791087D-02-0.6089513836860D-02-0.7603355299164D-02-0.9058411100348D-02
-0.1037883715943D-01-0.1148477019598D-01-0.1229868604905D-01-0.1275334550516D-01
-0.1279947906444D-01-0.1241601128956D-01-0.1161713708407D-01-0.1045894538801D-01
-0.9037395562020D-02-0.7483185978857D-02-0.5943228837516D-02-0.4561413801651D-02
-0.3453563715720D-02-0.2690776984190D-02-0.2289805408823D-02-0.2216346595668D-02
-0.2396741322095D-02-0.2734926022987D-02-0.3130876638294D-02-0.3496946468665D-02
-0.3772178053421D-02-0.3933164380917D-02-0.4001767982979D-02-0.4048361009959D-02
 0.1905865003188D-05 0.2248116787956D-05 0.2649557563543D-05 0.3123032604793D-05
 0.3680545010805D-05 0.4336898577320D-05 0.5108968245396D-05 0.6016351152958D-05
 0.7081310237584D-05 0.8329416072012D-05 0.9789702115814D-05 0.1149510715850D-04
 0.1348275791047D-04 0.1579440325345D-04 0.1847663446742D-04 0.2158127206560D-04
 0.2516543842771D-04 0.2929181478837D-04 0.3402840204071D-04 0.3944852674262D-04
 0.4563011160170D-04 0.5265523486387D-04 0.6060871624140D-04 0.6957712976536D-04
 0.7964652284545D-04 0.9090100829791D-04 0.1034198704657D-03 0.1172763620947D-03
 0.1325353427293D-03 0.1492543612573D-03 0.1674844874538D-03 0.1872779621531D-03
 0.2086974664036D-03 0.2318366768922D-03 0.2568446127157D-03 0.2839652751698D-03
 0.3135792447990D-03 0.3462598988972D-03 0.3828205860353D-03 0.4243655875816D-03
 0.4723115124070D-03 0.5283976022243D-03 0.5946471838698D-03 0.6733179967710D-03
 0.7668042235035D-03 0.8775496740043D-03 0.1007930701091D-02 0.1160178966055D-02
 0.1336281174339D-02 0.1537934223520D-02 0.1766461500218D-02 0.2022783752036D-02
 0.2307326121115D-02 0.2619973879766D-02 0.2959939749521D-02 0.3325683761434D-02
 0.3714719380853D-02 0.4123486378512D-02 0.4547087409993D-02 0.4979110114636D-02
 0.5411296999104D-02 0.5833334245068D-02 0.6232477174040D-02 0.6593364209743D-02
 0.6897682172464D-02 0.7124150788532D-02 0.7248446403012D-02 0.7243687033188D-02
 0.7081064841853D-02 0.6731455220795D-02 0.6167495911302D-02 0.5367135103926D-02
 0.4317797383015D-02 0.3021978811900D-02 0.1502449589848D-02-0.1929429370440D-03
-0.1990147104964D-02-0.3791744156671D-02-0.5486746423558D-02-0.6964483112345D-02
-0.8132137529278D-02-0.8928798514783D-02-0.9334827876294D-02-0.9371707275077D-02
-0.9096423085972D-02-0.8590065017138D-02-0.7947184270007D-02-0.7264951245774D-02
-0.6636780787282D-02-0.6146713902536D-02-0.5867774865499D-02-0.5859884817076D-02
-0.6170176383181D-02-0.6831565071993D-02-0.7862950062386D-02-0.9267034869552D-02
-0.1102933840812D-01-0.1311492473973D-01-0.1546661158248D-01-0.1800157833248D-01
-0.2061111638888D-01-0.2316079578053D-01-0.2549680111237D-01-0.2745562332073D-01
-0.2888161257677D-01-0.2964684537562D-01-0.2967324375396D-01-0.2894747467332D-01
-0.2752656342430D-01-0.2552905427955D-01-0.2311680995975D-01-0.2046975333074D-01
-0.1776457255807D-01-0.1515677004826D-01-0.1277338329841D-01-0.1070874670531D-01
-0.9027565110610D-02-0.7766553770816D-02-0.6940484241975D-02-0.6545956743083D-02
 0.3582772615634D-09 0.4396410877561D-09 0.5361674528228D-09 0.6501784560171D-09
 0.7840828874719D-09 0.9407964315929D-09 0.1123438297899D-08 0.1335745899113D-08
 0.1581945965941D-08 0.1866860515400D-08 0.2196094676217D-08 0.2576063238793D-08
 0.3014056676109D-08 0.3518515491211D-08 0.4099035166333D-08 0.4766386070306D-08
 0.5532663959938D-08 0.6411375884794D-08 0.7417166877755D-08 0.8565901836847D-08
 0.9874216579149D-08 0.1135897018000D-07 0.1303644461999D-07 0.1492104194748D-07
 0.1702342827379D-07 0.1934835473569D-07 0.2189109260162D-07 0.2463377358814D-07
 0.2754035106501D-07 0.3055185043703D-07 0.3358085964101D-07 0.3650860759517D-07
 0.3918388994539D-07 0.4142926953708D-07 0.4305427611860D-07 0.4388233827499D-07
 0.4378889694616D-07 0.4275448180555D-07 0.4092196401945D-07 0.3865343254813D-07
 0.3656599494628D-07 0.3553880013911D-07 0.3667617523255D-07 0.4123442852095D-07
 0.5052243575092D-07 0.6580155643369D-07 0.8820884321254D-07 0.1187193654772D-06
 0.1581606422212D-06 0.2072665383342D-06 0.2667774195737D-06 0.3375576828910D-06
 0.4207548264420D-06 0.5179707240411D-06 0.6315018185260D-06 0.7646231012505D-06
 0.9220164448294D-06 0.1110328219599D-05 0.1339020973527D-05 0.1621539532278D-05
 0.1977064543544D-05 0.2432957621943D-05 0.3028366882400D-05 0.3819254514931D-05
 0.4885629601449D-05 0.6341452530581D-05 0.8348336147060D-05 0.1113343481748D-04
 0.1501239059784D-04 0.2041604797763D-04 0.2791890083870D-04 0.3826154402043D-04
 0.5235640702875D-04 0.7125595318686D-04 0.9606427137007D-04 0.1277696778110D-03
 0.1670086987942D-03 0.2137972598078D-03 0.2673240671174D-03 0.3259073091474D-03
 0.3871865498293D-03 0.4485229601373D-03 0.5074803898002D-03 0.5622283228754D-03
 0.6117514900615D-03 0.6558460439022D-03 0.6949677016956D-03 0.7300117425171D-03
 0.7621040596829D-03 0.7924384756802D-03 0.8221709584958D-03 0.8523570581490D-03
 0.8839249161484D-03 0.9176594298018D-03 0.9541947735715D-03 0.9939812500419D-03
 0.1037261012171D-02 0.1083982150489D-02 0.1133718649809D-02 0.1185528968335D-02
 0.1237827824247D-02 0.1288248284906D-02 0.1333608161247D-02 0.1369994342215D-02
 0.1393092796263D-02 0.1398718401429D-02 0.1383518003899D-02 0.1345598690539D-02
 0.1284916935094D-02 0.1203228972978D-02 0.1103672841332D-02 0.9900396272429D-03
 0.8660160856323D-03 0.7344144938095D-03 0.5965754156556D-03 0.4518566614147D-03
 0.2973618460787D-03 0.1278189826251D-03-0.6432289572367D-04-0.2888499032971D-03
    2    2  120    8
 0.1045906389400D-03 0.1110584417742D-03 0.1179267437329D-03 0.1252202789012D-03
 0.1329654733900D-03 0.1411902660362D-03 0.1499244520577D-03 0.1591995496684D-03
 0.1690491768098D-03 0.1795088866831D-03 0.1906166075738D-03 0.2024124580408D-03
 0.2149392258404D-03 0.2282421778642D-03 0.2423696013193D-03 0.2573725686215D-03
 0.2733055708429D-03 0.2902262519969D-03 0.3081960998870D-03 0.3272801729808D-03
 0.3475478810782D-03 0.3690726478843D-03 0.3919328248653D-03 0.4162113100200D-03
 0.4419965454425D-03 0.4693821256020D-03 0.4984679248215D-03 0.5293596145094D-03
 0.5621699824809D-03 0.5970183884877D-03 0.6340322055881D-03 0.6733462613530D-03
 0.7151044680000D-03 0.7594591343229D-03 0.8065728740512D-03 0.8566178308835D-03
 0.9097777650870D-03 0.9662472609790D-03 0.1026234088399D-02 0.1089958227831D-02
 0.1157654636194D-02 0.1229572151151D-02 0.1305976520357D-02 0.1387149285224D-02
 0.1473391212411D-02 0.1565020924370D-02 0.1662378915167D-02 0.1765826030813D-02
 0.1875747862810D-02 0.1992553209313D-02 0.2116679077414D-02 0.2248588781787D-02
 0.2388777811597D-02 0.2537771734428D-02 0.2696132622106D-02 0.2864456973129D-02
 0.3043383015178D-02 0.3233588161657D-02 0.3435797596543D-02 0.3650781469005D-02
 0.3879364359801D-02 0.4122422536633D-02 0.4380894753976D-02 0.4655778889174D-02
 0.4948144664500D-02 0.5259130015174D-02 0.5589955129003D-02 0.5941919017756D-02
 0.6316415605839D-02 0.6714929509457D-02 0.7139055010052D-02 0.7590491604524D-02
 0.8071065055709D-02 0.8582723316556D-02 0.9127560756136D-02 0.9707813166441D-02
 0.1032588623406D-01 0.1098435043178D-01 0.1168597280669D-01 0.1243371247824D-01
 0.1323075722988D-01 0.1408051801876D-01 0.1498667189754D-01 0.1595315649270D-01
 0.1698421818620D-01 0.1808440779817D-01 0.1925863601705D-01 0.2051216823083D-01
 0.2185068997960D-01 0.2328030239069D-01 0.2480759648439D-01 0.2643965195980D-01
 0.2818412403262D-01 0.3004924315173D-01 0.3204391970354D-01 0.3417774837200D-01
 0.3646113015157D-01 0.3890528636302D-01 0.4152240472272D-01 0.4432566073312D-01
 0.4732939574252D-01 0.5054914985298D-01 0.5400187070998D-01 0.5770596250656D-01
 0.6168153103738D-01 0.6595044159386D-01 0.7053660696418D-01 0.7546605669861D-01
 0.8076726875232D-01 0.8647125197664D-01 0.9261194834093D-01 0.9922634069266D-01
 0.1063549516540D+00 0.1140420263413D+00 0.1223361705216D+00 0.1312906431547D+00
 0.1409641893597D+00 0.1514214506020D+00 0.1627339777935D+00 0.1749807172109D+00
-0.5761846340521D-08-0.6495936314611D-08-0.7323761564669D-08-0.8257284922532D-08
-0.9310016784000D-08-0.1049718114631D-07-0.1183595325748D-07-0.1334568107757D-07
-0.1504821379840D-07-0.1696814863816D-07-0.1913324469372D-07-0.2157477742361D-07
-0.2432802669111D-07-0.2743272905052D-07-0.3093371323791D-07-0.3488146152310D-07
-0.3933291442749D-07-0.4435218151527D-07-0.5001156425974D-07-0.5639244627584D-07
-0.6358659123545D-07-0.7169727999839D-07-0.8084090828956D-07-0.9114845473433D-07
-0.1027675130740D-06-0.1158640884086D-06-0.1306251676521D-06-0.1472610116683D-06
-0.1660083609881D-06-0.1871332702471D-06-0.2109352359415D-06-0.2377506239821D-06
-0.2679578252025D-06-0.3019816647672D-06-0.3402997545325D-06-0.3834478884292D-06
-0.4320280485521D-06-0.4867150950485D-06-0.5482665857435D-06-0.6175310818658D-06
-0.6954603955188D-06-0.7831194685977D-06-0.8817016119126D-06-0.9925407420191D-06
-0.1117129667321D-05-0.1257134951356D-05-0.1414419617160D-05-0.1591060391144D-05
-0.1789375475603D-05-0.2011945341225D-05-0.2261645792547D-05-0.2541672447016D-05
-0.2855580792883D-05-0.3207314585366D-05-0.3601253139876D-05-0.4042244654443D-05
-0.4535662972447D-05-0.5087444141586D-05-0.5704154648425D-05-0.6393033767504D-05
-0.7162073312139D-05-0.8020065917755D-05-0.8976702368856D-05-0.1004262444820D-04
-0.1122954432619D-04-0.1255030967961D-04-0.1401904883157D-04-0.1565125252645D-04
-0.1746396359234D-04-0.1947588540285D-04-0.2170763195906D-04-0.2418188934489D-04
-0.2692376400960D-04-0.2996102178136D-04-0.3332459142985D-04-0.3704894740828D-04
-0.4117283893163D-04-0.4573989974611D-04-0.5079973723726D-04-0.5640887412666D-04
-0.6263236114998D-04-0.6954523910963D-04-0.7723486352112D-04-0.8580308324978D-04
-0.9536956410902D-04-0.1060748673941D-03-0.1180850212665D-03-0.1315957535219D-03
-0.1468384590535D-03-0.1640856281203D-03-0.1836583339568D-03-0.2059327027799D-03
-0.2313486202137D-03-0.2604168245221D-03-0.2937283739988D-03-0.3319614023851D-03
-0.3758906154647D-03-0.4263930435877D-03-0.4844569649158D-03-0.5511864030612D-03
-0.6278105970843D-03-0.7156891630740D-03-0.8163257332498D-03-0.9313795405906D-03
-0.1062691860304D-02-0.1212313664145D-02-0.1382557221077D-02-0.1576052854977D-02
-0.1795837066568D-02-0.2045444709627D-02-0.2329035182642D-02-0.2651508375613D-02
-0.3018645278115D-02-0.3437211680213D-02-0.3915066812056D-02-0.4461205573858D-02
-0.5085804191914D-02-0.5800196336862D-02-0.6616905726978D-02-0.7549669907315D-02
 0.1552728653076D-07 0.1750827670244D-07 0.1974226387603D-07 0.2226153607636D-07
 0.2510254071631D-07 0.2830635595847D-07 0.3191931786276D-07 0.3599364556879D-07
 0.4058825770879D-07 0.4576953724178D-07 0.5161236879263D-07 0.5820113662898D-07
 0.6563101806871D-07 0.7400924312017D-07 0.8345675659335D-07 0.9410980224305D-07
 0.1061220211009D-06 0.1196664725118D-06 0.1349382930036D-06 0.1521572354333D-06
 0.1715710399907D-06 0.1934586681438D-06 0.2181345306692D-06 0.2459525782640D-06
 0.2773116868530D-06 0.3126607317965D-06 0.3525054339024D-06 0.3974147946059D-06
 0.4480296219145D-06 0.5050706508414D-06 0.5693493648749D-06 0.6417780459159D-06
 0.7233833752070D-06 0.8153191623579D-06 0.9188832877270D-06 0.1035533484173D-05
 0.1166908708636D-05 0.1314848826296D-05 0.1481420948458D-05 0.1668944152112D-05
 0.1880022402334D-05 0.2117574594277D-05 0.2384875627001D-05 0.2685593768434D-05
 0.3023840892742D-05 0.3404218255757D-05 0.3831879158819D-05 0.4312583832774D-05
 0.4852776361602D-05 0.5459652337266D-05 0.6141251914926D-05 0.6906541011575D-05
 0.7765525637229D-05 0.8729349399534D-05 0.9810430363953D-05 0.1102257905589D-04
 0.1238116505544D-04 0.1390325389356D-04 0.1560780984993D-04 0.1751586060097D-04
 0.1965073885985D-04 0.2203827820949D-04 0.2470711078215D-04 0.2768889525219D-04
 0.3101868272694D-04 0.3473520001945D-04 0.3888129622798D-04 0.4350429474470D-04
 0.4865656546892D-04 0.5439597663663D-04 0.6078662881649D-04 0.6789946981500D-04
 0.7581328230224D-04 0.8461551774973D-04 0.9440366330097D-04 0.1052864562104D-03
 0.1173857834200D-03 0.1308384594351D-03 0.1457989678386D-03 0.1624420425192D-03
 0.1809666039907D-03 0.2015995895965D-03 0.2246015079918D-03 0.2502719621580D-03
 0.2789574953748D-03 0.3110592579002D-03 0.3470437204050D-03 0.3874531387442D-03
 0.4329195364071D-03 0.4841781534479D-03 0.5420850785776D-03 0.6076335018209D-03
 0.6819743829405D-03 0.7664347041748D-03 0.8625402143633D-03 0.9720334556047D-03
 0.1096896699443D-02 0.1239367962878D-02 0.1401961992237D-02 0.1587482609173D-02
 0.1799042719412D-02 0.2040075385052D-02 0.2314358259440D-02 0.2626033586503D-02
 0.2979653335399D-02 0.3380226732373D-02 0.3833311361544D-02 0.4345116545925D-02
 0.4922665615933D-02 0.5573971645405D-02 0.6308277507053D-02 0.7136281086627D-02
 0.8070400992693D-02 0.9124965728367D-02 0.1031638298898D-01 0.1166314860066D-01
 0.1318579350239D-01 0.1490662229318D-01 0.1684944990623D-01 0.1903922264841D-01
-0.1715176484180D-10-0.2055022030935D-10-0.2462160076573D-10-0.2949937302485D-10
-0.3534378655893D-10-0.4234677418821D-10-0.5073752013806D-10-0.6078836126100D-10
-0.7283214578572D-10-0.8726180283013D-10-0.1045484263128D-09-0.1252592907046D-09
-0.1500718837743D-09-0.1797964609837D-09-0.2154048532860D-09-0.2580622518099D-09
-0.3091610136113D-09-0.3703686205388D-09-0.4436831453470D-09-0.5314947793124D-09
-0.6366635006893D-09-0.7626148336038D-09-0.9134444040459D-09-0.1094053938992D-08
-0.1310307118435D-08-0.1569215623806D-08-0.1879164447550D-08-0.2250178133695D-08
-0.2694238199642D-08-0.3225660231010D-08-0.3861550467732D-08-0.4622333372367D-08
-0.5532396922926D-08-0.6620850240531D-08-0.7922421489127D-08-0.9478529079247D-08
-0.1133854916656D-07-0.1356131844270D-07-0.1621691029988D-07-0.1938874113175D-07
-0.2317604940296D-07-0.2769682477239D-07-0.3309126316372D-07-0.3952581609858D-07
-0.4719796155649D-07-0.5634178889009D-07-0.6723453320843D-07-0.8020420200787D-07
-0.9563846774837D-07-0.1139949827077D-06-0.1358133461492D-06-0.1617289090002D-06
-0.1924886692721D-06-0.2289694880856D-06-0.2721988724745D-06-0.3233785870793D-06
-0.3839112940232D-06-0.4554304544832D-06-0.5398335956674D-06-0.6393190363430D-06
-0.7564259613514D-06-0.8940776427928D-06-0.1055627268605D-05-0.1244905632600D-05
-0.1466269382651D-05-0.1724648149594D-05-0.2025588019275D-05-0.2375288178877D-05
-0.2780626260517D-05-0.3249167061222D-05-0.3789147346364D-05-0.4409428325840D-05
-0.5119404910866D-05-0.5928859349397D-05-0.6847743967809D-05-0.7885876380350D-05
-0.9052527354016D-05-0.1035588152216D-04-0.1180234828283D-04-0.1339570334387D-04
-0.1513604053576D-04-0.1701852288127D-04-0.1903192535950D-04-0.2115698169290D-04
-0.2336455959337D-04-0.2561372340612D-04-0.2784976781541D-04-0.3000236071858D-04
-0.3198396965063D-04-0.3368882072541D-04-0.3499267835247D-04-0.3575381707232D-04
-0.3581556814642D-04-0.3501088137131D-04-0.3316926819760D-04-0.3012645222541D-04
-0.2573680639845D-04-0.1988840696063D-04-0.1252002671167D-04-0.3638840621121D-05
 0.6663192467267D-05 0.1819708766857D-04 0.3067246851222D-04 0.4370542042845D-04
 0.5684326687807D-04 0.6961046871326D-04 0.8157847718257D-04 0.9245938960643D-04
 0.1022189956735D-03 0.1111987165023D-03 0.1202293325840D-03 0.1307126894237D-03
 0.1446437837634D-03 0.1645462704920D-03 0.1933042868226D-03 0.2338934327623D-03
 0.2890459125015D-03 0.3609256967168D-03 0.4509303343435D-03 0.5597635763494D-03
 0.4009272253777D-11 0.4805110781924D-11 0.5757753598524D-11 0.6901830523419D-11
 0.8271531587532D-11 0.9912527501754D-11 0.1187806593446D-10 0.1423616324688D-10
 0.1706016512598D-10 0.2044373760434D-10 0.2449973142894D-10 0.2935880628483D-10
 0.3518092754940D-10 0.4215746917986D-10 0.5051736015837D-10 0.6053263838985D-10
 0.7253189878421D-10 0.8690828588881D-10 0.1041308641436D-09 0.1247613615703D-09
 0.1494762037551D-09 0.1790793781553D-09 0.2145351736884D-09 0.2569997922828D-09
 0.3078537327970D-09 0.3687490335215D-09 0.4416614192698D-09 0.5289545560672D-09
 0.6334515259122D-09 0.7585306606771D-09 0.9082226769126D-09 0.1087349150537D-08
 0.1301662013135D-08 0.1558031104979D-08 0.1864652436411D-08 0.2231303203558D-08
 0.2669642481347D-08 0.3193563251610D-08 0.3819618337036D-08 0.4567512371485D-08
 0.5460692640337D-08 0.6527043794898D-08 0.7799697033960D-08 0.9318002118848D-08
 0.1112864623874D-07 0.1328697593640D-07 0.1585854821752D-07 0.1892093416315D-07
 0.2256581573715D-07 0.2690143257545D-07 0.3205540086912D-07 0.3817797993896D-07
 0.4544581349948D-07 0.5406622686440D-07 0.6428211271646D-07 0.7637747378820D-07
 0.9068366527166D-07 0.1075863729429D-06 0.1275333570173D-06 0.1510429468503D-06
 0.1787132609808D-06 0.2112320606677D-06 0.2493870713055D-06 0.2940765607869D-06
 0.3463197557201D-06 0.4072666700813D-06 0.4782065495528D-06 0.5605740875964D-06
 0.6559520736093D-06 0.7660690320995D-06 0.8927896260581D-06 0.1038095536351D-05
 0.1204053468017D-05 0.1392766739115D-05 0.1606305680217D-05 0.1846611901333D-05
 0.2115369808312D-05 0.2413839248051D-05 0.2742640843375D-05 0.3101487228537D-05
 0.3488850683061D-05 0.3901561682013D-05 0.4334329540336D-05 0.4779184192682D-05
 0.5224835535085D-05 0.5655959235715D-05 0.6052416574971D-05 0.6388436252165D-05
 0.6631784224605D-05 0.6742977379197D-05 0.6674592225972D-05 0.6370759379938D-05
 0.5766914892969D-05 0.4789926212280D-05 0.3358658407523D-05 0.1385082418047D-05
-0.1224080530014D-05-0.4565195966926D-05-0.8735236839083D-05-0.1382928646712D-04
-0.1993861726624D-04-0.2715010973314D-04-0.3554817196033D-04-0.4522048621414D-04
-0.5626926211656D-04-0.6882961793622D-04-0.8309675629701D-04-0.9936290226014D-04
-0.1180643820596D-03-0.1398375743120D-03-0.1655812391046D-03-0.1965205149528D-03
-0.2342672245312D-03-0.2808701653112D-03-0.3388520486936D-03-0.4112338563946D-03
-0.5015572089121D-03-0.6139271111321D-03-0.7531130495842D-03-0.9247594324195D-03
-0.8234180715106D-14-0.1056144880243D-13-0.1352369384409D-13-0.1555816052839D-13
-0.1954073299815D-13-0.2534679541686D-13-0.3329215541302D-13-0.3991320189429D-13
-0.5151037728988D-13-0.6649403338106D-13-0.8348704214141D-13-0.1065402803593D-12
-0.1360255499451D-12-0.1727392801717D-12-0.2183413887126D-12-0.2782352328761D-12
-0.3544537794431D-12-0.4504229137040D-12-0.5725022561720D-12-0.7293019308183D-12
-0.9271089933474D-12-0.1179407922903D-11-0.1500850694233D-11-0.1908989183589D-11
-0.2427772267243D-11-0.3088252623301D-11-0.3930052072001D-11-0.4999139673191D-11
-0.6360457145155D-11-0.8090411822430D-11-0.1029274813352D-10-0.1309160004433D-10
-0.1665044783103D-10-0.2117665871418D-10-0.2693057186199D-10-0.3424542556491D-10
-0.4354254530008D-10-0.5535961953593D-10-0.7037368493468D-10-0.8945027681290D-10
-0.1136837910145D-09-0.1444602499026D-09-0.1835407744788D-09-0.2331533718576D-09
-0.2961191294625D-09-0.3760146521875D-09-0.4773620787403D-09-0.6058792357397D-09
-0.7687989677152D-09-0.9752521336242D-09-0.1236771905080D-08-0.1567903783162D-08
-0.1986988153755D-08-0.2517126123120D-08-0.3187389171265D-08-0.4034331396432D-08
-0.5103864197048D-08-0.6453594004569D-08-0.8155704666054D-08-0.1030054138166D-07
-0.1300101113068D-07-0.1639800964004D-07-0.2066706883427D-07-0.2602647802973D-07
-0.3274718292294D-07-0.4116477102238D-07-0.5169394894525D-07-0.6484591605928D-07
-0.8124910896992D-07-0.1016737795594D-06-0.1270609410936D-06-0.1585560995208D-06
-0.1975482102723D-06-0.2457140913065D-06-0.3050683290177D-06-0.3780183153852D-06
-0.4674235822819D-06-0.5766577500762D-06-0.7096704886979D-06-0.8710454167726D-06
-0.1066048163433D-05-0.1300656455491D-05-0.1581561474612D-05-0.1916126192836D-05
-0.2312282782699D-05-0.2778346766067D-05-0.3322721383695D-05-0.3953461389252D-05
-0.4677662482237D-05-0.5500641298942D-05-0.6424872821486D-05-0.7448659571977D-05
-0.8564520588388D-05-0.9757313674559D-05-0.1100213930759D-04-0.1226212957410D-04
-0.1348628971409D-04-0.1460765193269D-04-0.1554209018840D-04-0.1618826116095D-04
-0.1642921178518D-04-0.1613627573788D-04-0.1517583927181D-04-0.1341947423307D-04
-0.1075759671218D-04-0.7116379141995D-05-0.2476817234982D-05 0.3106016356501D-05
 0.9486767521113D-05 0.1642082222628D-04 0.2356769313613D-04 0.3051157678115D-04
 0.3680266649546D-04 0.4201877457672D-04 0.4584096477092D-04 0.4812726377008D-04
 0.4895812658073D-04 0.4861527332094D-04 0.4744865327269D-04 0.4558471296734D-04
-0.9121838188432D-15-0.1020451666160D-14-0.1018257316543D-14-0.1771233516104D-14
-0.2506970798274D-14-0.3014515973724D-14-0.3526252541095D-14-0.5140969035793D-14
-0.6603955115953D-14-0.7873264495306D-14-0.1057726647797D-13-0.1339975347520D-13
-0.1709609126044D-13-0.2190416123445D-13-0.2791798173488D-13-0.3548879493994D-13
-0.4517475794183D-13-0.5773180099523D-13-0.7332673865197D-13-0.9312273360140D-13
-0.1186294875194D-12-0.1510869238924D-12-0.1919922651480D-12-0.2444162147446D-12
-0.3107778611752D-12-0.3956194331254D-12-0.5027774554148D-12-0.6395017276621D-12
-0.8127062772782D-12-0.1033393354907D-11-0.1312685244544D-11-0.1668640355727D-11
-0.2120459263531D-11-0.2694161407831D-11-0.3422338305612D-11-0.4347566181196D-11
-0.5521711966321D-11-0.7011412529010D-11-0.8901845200478D-11-0.1130027873018D-10
-0.1434102833496D-10-0.1819733980754D-10-0.2308391208038D-10-0.2927614908154D-10
-0.3711904172930D-10-0.4704922201330D-10-0.5961734840083D-10-0.7551714110316D-10
-0.9562216389904D-10-0.1210332506487D-09-0.1531324008762D-09-0.1936565887465D-09
-0.2447862899421D-09-0.3092535633880D-09-0.3904804399797D-09-0.4927448996333D-09
-0.6213906415119D-09-0.7830797824829D-09-0.9861071718363D-09-0.1240782254702D-08
-0.1559894118910D-08-0.1959276603911D-08-0.2458489991839D-08-0.3081642734137D-08
-0.3858371318267D-08-0.4825008341436D-08-0.6025959949035D-08-0.7515323972181D-08
-0.9358764226953D-08-0.1163567933704D-07-0.1444165154488D-07-0.1789121614756D-07
-0.2212089364725D-07-0.2729248838908D-07-0.3359653435449D-07-0.4125582609897D-07
-0.5052878698240D-07-0.6171252188558D-07-0.7514512041555D-07-0.9120691809367D-07
-0.1103200472889D-06-0.1329458717636D-06-0.1595794087397D-06-0.1907403392989D-06
-0.2269597416507D-06-0.2687625401038D-06-0.3166454775956D-06-0.3710520011796D-06
-0.4323458847756D-06-0.5007882201863D-06-0.5765241624704D-06-0.6595902045538D-06
-0.7499566064452D-06-0.8476256411154D-06-0.9528125424067D-06-0.1066242103893D-05
-0.1189601636667D-05-0.1326191605141D-05-0.1481820645224D-05-0.1665975615873D-05
-0.1893291627948D-05-0.2185295906551D-05-0.2572371126006D-05-0.3095777013383D-05
-0.3809515049802D-05-0.4781650081385D-05-0.6094652552039D-05-0.7844122937456D-05
-0.1013530067594D-04-0.1307661430286D-04-0.1676979300640D-04-0.2129602410512D-04
-0.2669813451848D-04-0.3295858956405D-04-0.3997327419302D-04-0.4751955169199D-04
-0.5521538209145D-04-0.6246119425314D-04-0.6835027708079D-04-0.7152249685415D-04
-0.1277420327111D-13-0.1624435017325D-13-0.2077237392501D-13-0.2606653380646D-13
-0.3299703923740D-13-0.4231820901067D-13-0.5383451417155D-13-0.6789770808782D-13
-0.8629290745199D-13-0.1101264840187D-12-0.1399336984866D-12-0.1778393292602D-12
-0.2262754554921D-12-0.2880300431126D-12-0.3658495854688D-12-0.4655921057038D-12
-0.5926048191874D-12-0.7537601597306D-12-0.9592094716561D-12-0.1220577939125D-11
-0.1553148662661D-11-0.1975761092269D-11-0.2514027878001D-11-0.3198595736513D-11
-0.4069437451719D-11-0.5177121531109D-11-0.6586659635527D-11-0.8379649219401D-11
-0.1066030767182D-10-0.1356072200751D-10-0.1725029373626D-10-0.2194169778049D-10
-0.2790759593396D-10-0.3549280680981D-10-0.4513676851404D-10-0.5739597340365D-10
-0.7297830137971D-10-0.9278134463963D-10-0.1179452265559D-09-0.1499152935275D-09
-0.1905259596155D-09-0.2421023463093D-09-0.3075923555155D-09-0.3907300986346D-09
-0.4962448005931D-09-0.6301250471083D-09-0.7999471931121D-09-0.1015292774030D-08
-0.1288275107396D-08-0.1634193249571D-08-0.2072363772124D-08-0.2627153402271D-08
-0.3329280208087D-08-0.4217435355933D-08-0.5340308653735D-08-0.6759117495082D-08
-0.8550746869386D-08-0.1081165692667D-07-0.1366271603192D-07-0.1725518428608D-07
-0.2177808696415D-07-0.2746728517260D-07-0.3461659393098D-07-0.4359136543189D-07
-0.5484502812266D-07-0.6893912583505D-07-0.8656749949090D-07-0.1085853104302D-06
-0.1360436597225D-06-0.1702306246454D-06-0.2127195060313D-06-0.2654250720987D-06
-0.3306684139128D-06-0.4112508432586D-06-0.5105367839537D-06-0.6325450755460D-06
-0.7820471063405D-06-0.9646690024161D-06-0.1186993223201D-05-0.1456652741497D-05
-0.1782407716913D-05-0.2174191018827D-05-0.2643103838134D-05-0.3201337444365D-05
-0.3861989889783D-05-0.4638740159706D-05-0.5545333431162D-05-0.6594825606385D-05
-0.7798527509730D-05-0.9164589413682D-05-0.1069616578537D-04-0.1238911611860D-04
-0.1422921497781D-04-0.1618889183855D-04-0.1822357211552D-04-0.2026778969291D-04
-0.2223133911209D-04-0.2399589914168D-04-0.2541269738875D-04-0.2630199405148D-04
-0.2645527639298D-04-0.2564121218901D-04-0.2361632792688D-04-0.2014126588272D-04
-0.1500289615674D-04-0.8041874072822D-05 0.8161567023519D-06 0.1152892418897D-04
 0.2391078572289D-04 0.3761773051225D-04 0.5215258416965D-04 0.6689821640585D-04
 0.8118447883780D-04 0.9438763548819D-04 0.1060510607886D-03 0.1159992593833D-03
 0.1243991563074D-03 0.1317009203506D-03 0.1383773059216D-03 0.1443748077307D-03
