  0.38670026734797652        0.0000000000000000       0.85046290323300344        274.07205200195312     
  0.38670026734797652        0.0000000000000000      -0.20117530419228524        274.07205200195312     
  0.38670026734797652        0.0000000000000000       -55.136528432096739        274.07205200195312     
  0.38670026734797652        2.0000000000000000        2.8504629032330033        274.07205200195312     
  0.38670026734797652        2.0000000000000000        1.7800127237376029        274.07205200195312     
  0.38670026734797652        2.0000000000000000        487.85173978435051        274.07205200195312     
  0.38670026734797652        6.0000000000000000        6.8504629032330033        274.07205200195312     
  0.38670026734797652        6.0000000000000000        4.1824095658772347        274.07205200195312     
  0.38670026734797652        6.0000000000000000        1146.2815720325716        274.07205200195312     
  0.38670026734797652        12.000000000000000        12.850462903233003        274.07205200195312     
  0.38670026734797652        12.000000000000000        6.6841283809849301        274.07205200195312     
  0.38670026734797652        12.000000000000000        1831.9327812210324        274.07205200195312     
  0.38670026734797652        20.000000000000000        20.850462903233005        274.07205200195312     
  0.38670026734797652        20.000000000000000        9.2222090642600740        274.07205200195312     
  0.38670026734797652        20.000000000000000        2527.5497622327703        274.07205200195312     
  0.38670026734797652        30.000000000000000        30.850462903233005        274.07205200195312     
  0.38670026734797652        30.000000000000000        11.777388551483286        274.07205200195312     
  0.38670026734797652        30.000000000000000        3227.8530475293346        274.07205200195312     
  0.38670026734797652        42.000000000000000        42.850462903233002        274.07205200195312     
  0.38670026734797652        42.000000000000000        14.341925686594179        274.07205200195312     
  0.38670026734797652        42.000000000000000        3930.7210025843870        274.07205200195312     
  0.38670026734797652        56.000000000000000        56.850462903233002        274.07205200195312     
  0.38670026734797652        56.000000000000000        16.912128455921227        274.07205200195312     
  0.38670026734797652        56.000000000000000        4635.1417496349541        274.07205200195312     
  0.38670026734797652        72.000000000000000        72.850462903233009        274.07205200195312     
  0.38670026734797652        72.000000000000000        19.486017721735166        274.07205200195312     
  0.38670026734797652        72.000000000000000        5340.5728623423811        274.07205200195312     
  0.38670026734797652        90.000000000000000        90.850462903233009        274.07205200195312     
  0.38670026734797652        90.000000000000000        22.062438633809087        274.07205200195312     
  0.38670026734797652        90.000000000000000        6046.6978285352234        274.07205200195312     
   7.2969711891368895E-003   0.0000000000000000       0.99994675421146495        274.07205200195312     
   7.2969711891368895E-003   0.0000000000000000       -3.6485341624805327E-003   274.07205200195312     
   7.2969711891368895E-003   0.0000000000000000      -0.99996124471026704        274.07205200195312     
   7.2969711891368895E-003   2.0000000000000000        2.9999467542114648        274.07205200195312     
   7.2969711891368895E-003   2.0000000000000000        100.32045047064111        274.07205200195312     
   7.2969711891368895E-003   2.0000000000000000        27495.031718248913        274.07205200195312     
   7.2969711891368895E-003   6.0000000000000000        6.9999467542114653        274.07205200195312     
   7.2969711891368895E-003   6.0000000000000000        225.53758345480290        274.07205200195312     
   7.2969711891368895E-003   6.0000000000000000        61813.548301019582        274.07205200195312     
   7.2969711891368895E-003   12.000000000000000        12.999946754211464        274.07205200195312     
   7.2969711891368895E-003   12.000000000000000        357.07197192624301        274.07205200195312     
   7.2969711891368895E-003   12.000000000000000        97863.448058209222        274.07205200195312     
   7.2969711891368895E-003   20.000000000000000        20.999946754211464        274.07205200195312     
   7.2969711891368895E-003   20.000000000000000        490.96670282784777        274.07205200195312     
   7.2969711891368895E-003   20.000000000000000        134560.25170866135        274.07205200195312     
   7.2969711891368895E-003   30.000000000000000        30.999946754211464        274.07205200195312     
   7.2969711891368895E-003   30.000000000000000        625.98021327192509        274.07205200195312     
   7.2969711891368895E-003   30.000000000000000        171563.68156405675        274.07205200195312     
   7.2969711891368895E-003   42.000000000000000        42.999946754211464        274.07205200195312     
   7.2969711891368895E-003   42.000000000000000        761.60838795976963        274.07205200195312     
   7.2969711891368895E-003   42.000000000000000        208735.57371003367        274.07205200195312     
   7.2969711891368895E-003   56.000000000000000        56.999946754211464        274.07205200195312     
   7.2969711891368895E-003   56.000000000000000        897.60953403958456        274.07205200195312     
   7.2969711891368895E-003   56.000000000000000        246009.68689074594        274.07205200195312     
   7.2969711891368895E-003   72.000000000000000        72.999946754211464        274.07205200195312     
   7.2969711891368895E-003   72.000000000000000        1033.8536954310227        274.07205200195312     
   7.2969711891368895E-003   72.000000000000000        283350.40377658268        274.07205200195312     
   7.2969711891368895E-003   90.000000000000000        90.999946754211464        274.07205200195312     
   7.2969711891368895E-003   90.000000000000000        1170.2648951175975        274.07205200195312     
   7.2969711891368895E-003   90.000000000000000        320736.90119073039        274.07205200195312     
