  -1.1059831120273470E-018   1.8805081559463301E-020  -5.5136527121896766E-019   9.9999999999999995E-021
  -5.0847250962065945E-019  -6.2372377606663794E-019  -5.7160485780034313E-019  -4.2857726749565487E-019
   9.2082701373962159E-021   8.8634995651258778E-021   8.6861586083864403E-021   8.5229028723589607E-021
  -1.5736763220883168E-018   2.7219742181481720E-020  -1.1059831120273470E-018   1.8805081559463301E-020
  -4.4337175720129339E-019  -4.8891521321150840E-019  -4.7611255690379430E-019  -4.3273196293392019E-019
   8.5947710456571476E-021   8.4274354661450673E-021   8.3800145932647571E-021   8.2782925676337164E-021
  -2.0215002841065521E-018   3.5395011926425342E-020  -1.5736763220883168E-018   2.7219742181481720E-020
  -4.3676200713837452E-019  -4.5726870226907307E-019  -4.5257598153596891E-019  -4.3049239736095238E-019
   8.2940102509966394E-021   8.1798939277588638E-021   8.1591171490933047E-021   8.0795860649607373E-021
  -2.4591042154667974E-018   4.3390747353045673E-020  -2.0215002841065521E-018   3.5395011926425342E-020
  -4.3210822491854473E-019  -4.4282277782177735E-019  -4.4058983678912054E-019  -4.2669013402113002E-019
   8.0854186137772283E-021   7.9979531448283209E-021   7.9864007959735284E-021   7.9202860643410717E-021
  -2.8894354025235308E-018   5.1241135695466856E-020  -2.4591042154667974E-018   4.3390747353045673E-020
  -4.2748508494985976E-019  -4.3361047426874305E-019  -4.3236021760766342E-019  -4.2256065363772690E-019
   7.9230698269319017E-021   7.8516586926810930E-021   7.8442983884580882E-021   7.7873460653168371E-021
   1.4351501001548155E-017   3.2544018472550882E-020   4.8785175185088491E-018   9.9999999999999995E-021
   7.9897607731128256E-018   7.7979095657453672E-018   9.6929337347348870E-018   1.3866453524162510E-017
   1.7005279814051327E-020   2.1946349324136113E-020   2.3489470296958040E-020   2.7387191779065651E-020
   2.8809587223034480E-017   6.4146193215222768E-020   1.4351501001548155E-017   3.2544018472550882E-020
   1.3379274792664501E-017   1.3537018157358384E-017   1.4583008216709553E-017   1.7129189788117558E-017
   2.6753822223763330E-020   3.1261681102019789E-020   3.2211582819415513E-020   3.5912698389397338E-020
   4.6841829428420882E-017   1.0408430353284063E-019   2.8809587223034480E-017   6.4146193215222768E-020
   1.6918862940202215E-017   1.7485988268368268E-017   1.8097617142330023E-017   2.0107379470719608E-017
   3.5647704752267875E-020   3.9683798040262711E-020   4.0384126386705422E-020   4.3845108299503035E-020
   6.7913812539833933E-017   1.5172355596801379E-019   4.6841829428420882E-017   1.0408430353284063E-019
   1.9987891265179720E-017   2.0702271109972102E-017   2.1117056189699828E-017   2.2805352803954692E-017
   4.3708918193114030E-020   4.7443056499768565E-020   4.7980238046803254E-020   5.1280007324781375E-020
   9.1675885651191322E-017   2.0659936062965715E-019   6.7913812539833933E-017   1.5172355596801379E-019
   2.2732751432867134E-017   2.3490428689101023E-017   2.3797905137359217E-017   2.5263019582356756E-017
   5.1197970299421493E-020   5.4719216720790647E-020   5.5146744264552386E-020   5.8324935699752637E-020
   6.3361044302618923E-017   6.0587038240253626E-020   1.1462815980397990E-017   9.9999999999999995E-021
   2.9261694456146291E-017   3.7948784717898683E-017   5.5649646266049096E-017   9.4930813509283752E-017
   2.6459966187476408E-020   4.3750109952349660E-020   5.4218219303164679E-020   8.1125604743016645E-020
   1.8434598696713322E-016   1.7314654776480520E-019   6.3361044302618923E-017   6.0587038240253626E-020
   8.9541298867687012E-017   1.0728150671599762E-016   1.2599127425913639E-016   1.6982279516913070E-016
   7.6570115345172763E-020   1.0580834118671318E-019   1.1709129080352694E-019   1.5298767782165641E-019
   3.9036420265338171E-016   3.6713228740816238E-019   1.8434598696713322E-016   1.7314654776480520E-019
   1.6555030648326461E-016   1.9398048394149797E-016   2.1083536833184612E-016   2.6092728308753806E-016
   1.4899809936031610E-019   1.8732457794782357E-019   1.9900309570519403E-019   2.4226099119379205E-019
   6.9551670581795716E-016   6.5937781276411267E-019   3.9036420265338171E-016   3.6713228740816238E-019
   2.5728175744607425E-016   2.9433731008187287E-016   3.0985046892863667E-016   3.6525770352035989E-016
   2.3918765754431092E-019   2.8583304374163319E-019   2.9735850219667206E-019   3.4790240271478011E-019
   1.1119485779120172E-015   1.0653830345996207E-018   6.9551670581795716E-016   6.5937781276411267E-019
   3.6230922102294715E-016   4.0653832804708421E-016   4.2102398810095760E-016   4.8115737924532999E-016
   3.4543727461751280E-019   3.9985777976167686E-019   4.1107536131815877E-019   4.6872777423586437E-019
   1.8548675268342579E-016   1.0987525639887996E-019   1.8319328220142913E-017   9.9999999999999995E-021
   6.4189530433785281E-017   1.0277411281282644E-016   1.7970175965434922E-016   3.7386327141156081E-016
   3.6305536405406502E-020   7.3374736929339256E-020   1.0662765864524528E-019   2.0294121083870421E-019
   7.8545667400677891E-016   4.5998017195527901E-019   1.8548675268342579E-016   1.0987525639887996E-019
   3.5275242036126740E-016   4.8878505086389341E-016   6.3667222318253216E-016   9.9615255948599989E-016
   1.9041038837096167E-019   3.0376975947995134E-019   3.6811976780451665E-019   5.6644005039849663E-019
   2.1869642360765226E-015   1.2858422493969312E-018   7.8545667400677891E-016   4.5998017195527901E-019
   9.6051468618279876E-016   1.2569490717585203E-015   1.4569876707905345E-015   2.0206572011375557E-015
   5.4226122460593849E-019   7.6123230722691211E-019   8.5719422397496670E-019   1.1760581776402174E-018
   4.8282749491561134E-015   2.8660002734194016E-018   2.1869642360765226E-015   1.2858422493969312E-018
   1.9731255821344338E-015   2.4693010357953528E-015   2.7149302187132362E-015   3.5062761873259352E-015
   1.1472754166608481E-018   1.4996154034717780E-018   1.6236924851149838E-018   2.0870569503004522E-018
   9.2043838334636413E-015   5.5273836755658523E-018   4.8282749491561134E-015   2.8660002734194016E-018
   3.4538676673737171E-015   4.1804361968661211E-015   4.4668006026560803E-015   5.5083120394270403E-015
   2.0557448387781412E-018   2.5666118221216983E-018   2.7160582923353838E-018   3.3472153451863967E-018
   4.4759899735079672E-016   1.9040161099152232E-019   2.5275498181306665E-017   9.9999999999999995E-021
   1.1294582476246671E-016   2.1488768851442796E-016   4.4239329445086187E-016   1.1064332043238941E-015
   4.6294209568344173E-020   1.1064418423427326E-019   1.8730354234233214E-019   4.4022000322757898E-019
   2.7396314679306341E-015   1.1606099586260033E-018   4.4759899735079672E-016   1.9040161099152232E-019
   1.0695838196982140E-015   1.6858142624000707E-015   2.4440003687179734E-015   4.4229817415447226E-015
   4.2211079094690179E-019   7.6255925221182418E-019   1.0194516966738819E-018   1.8351173970885716E-018
   1.0036380444093067E-014   4.2764768330764231E-018   2.7396314679306341E-015   1.1606099586260033E-018
   4.2543826588161894E-015   6.1502168601632703E-015   7.6622979453211163E-015   1.1901081587189630E-014
   1.7434530188910777E-018   2.7044948712476854E-018   3.2554470384008023E-018   5.0318644085144640E-018
   2.7506863433056185E-014   1.1843808185889630E-017   1.0036380444093067E-014   4.2764768330764231E-018
   1.1534111821470778E-014   1.5675487386307688E-014   1.8135645486812389E-014   2.5666520366067777E-014
   4.8589352087007902E-018   6.9002207982562301E-018   7.8358915501574207E-018   1.1072828211351149E-017
   6.2647471749181149E-014   2.7306100802711084E-017   2.7506863433056185E-014   1.1843808185889630E-017
   2.5105536429099547E-014   3.2608397463142419E-014   3.6181208743185386E-014   4.8158901054994563E-014
   1.0814874863724430E-017   1.4494921278782592E-017   1.5893135005887014E-017   2.1182768267865099E-017
   9.5136875966766113E-016   3.1455221261353636E-019   3.2278531186833402E-017   9.9999999999999995E-021
   1.7558337211924654E-016   3.8684393217562121E-016   9.2276522137412655E-016   2.7197396916662241E-015
   5.6350175456470500E-020   1.5550458941219829E-019   3.0296991652087967E-019   8.5401408835859153E-019
   8.3137322418461427E-015   2.7543468956718759E-018   9.5136875966766113E-016   3.1455221261353636E-019
   2.7377417273197140E-015   4.8406654915244325E-015   7.7923626949801733E-015   1.6170382792741965E-014
   8.5212115560851058E-019   1.7180107295245981E-018   2.5354894883669088E-018   5.2796465069585140E-018
   3.9930852684039546E-014   1.3323634703550545E-017   8.3137322418461427E-015   2.7543468956718759E-018
   1.5672907160574248E-014   2.4807450451971635E-014   3.3322744583527778E-014   5.7769425421587361E-014
   5.0348255724696587E-018   8.5539784194681621E-018   1.1049821060350574E-017   1.9173302315164878E-017
   1.3574925843676933E-013   4.5800249795223213E-017   3.9930852684039546E-014   1.3323634703550545E-017
   5.5822486109107575E-014   8.1880545858765098E-014   1.0012030520818616E-013   1.5508624627336861E-013
   1.8409111944070787E-017   2.8230737472674353E-017   3.3782273942309203E-017   5.2424555775998130E-017
   3.6940553685434271E-013   1.2621704804205795E-016   1.3574925843676933E-013   4.5800249795223213E-017
   1.5087164632223136E-013   2.0933433247664090E-013   2.4225564355577596E-013   3.4788607211837502E-013
   5.0842505320306015E-017   7.2827850118472126E-017   8.3114643839939435E-017   1.1977329624387930E-016
   1.8409738495764638E-015   4.9700865651249105E-019   3.9307210890778407E-017   9.9999999999999995E-021
   2.5212338885006935E-016   6.3118141195074985E-016   1.7184097802820301E-015   5.8586940587984826E-015
   6.6442968577059320E-020   2.0793430701434088E-019   4.6038718531789409E-019   1.5189659858334171E-018
   2.2618095694705145E-014   6.1475105863310039E-018   1.8409738495764638E-015   4.9700865651249105E-019
   6.1983761049817878E-015   1.2152748497036363E-014   2.1619520513676587E-014   5.0919816944364380E-014
   1.5930844947513414E-018   3.5445871447451437E-018   5.7592082817697001E-018   1.3702336231130046E-017
   1.4157564585143902E-013   3.8795662074188157E-017   2.2618095694705145E-014   6.1475105863310039E-018
   5.0179966291200052E-014   8.6320036325151942E-014   1.2505766556749885E-013   2.4080993086390156E-013
   1.3248970318268419E-017   2.4468416334196993E-017   3.3956756527799642E-017   6.5789592884881259E-017
   5.9561145521508513E-013   1.6510944431163340E-016   1.4157564585143902E-013   3.8795662074188157E-017
   2.3327264723177216E-013   3.6732226655060626E-013   4.7576177628487907E-013   8.0477412327913441E-013
   6.3158990184710015E-017   1.0403296318528959E-016   1.3151920601246043E-016   2.2361936484446137E-016
   1.9348012154084887E-012   5.4332204320111684E-016   5.9561145521508513E-013   1.6510944431163340E-016
   7.8074897537729331E-013   1.1525743194715766E-012   1.3950847407767345E-012   2.1590714652865029E-012
   2.1590721862803343E-016   3.2920993083630013E-016   3.9222303596437525E-016   6.1050244110751586E-016
   3.3108321829286120E-015   7.5472537401183833E-019   4.6351418515184632E-017   9.9999999999999995E-021
   3.4257599373289224E-016   9.6043309817542226E-016   2.9454831510648196E-015   1.1432476094267189E-014
   7.6558058927769480E-020   2.6792301360939524E-019   6.6632851560112582E-019   2.5232911267222180E-018
   5.6237569945509759E-014   1.2952477662735491E-017   3.3108321829286120E-015   7.5472537401183833E-019
   1.2771576565659835E-014   2.7500062386156808E-014   5.3763517883299755E-014   1.4226168947091395E-013
   2.7954737801013652E-018   6.8027511807059189E-018   1.2116769601712773E-017   3.2551998387403170E-017
   4.5531100646656307E-013   1.0582015083073758E-016   5.6237569945509759E-014   1.2952477662735491E-017
   1.4355537102740185E-013   2.6668349233811021E-013   4.1618490431066330E-013   8.8514845480137111E-013
   3.2164644289947313E-017   6.4160089968865090E-017   9.5596738885191800E-017   2.0552773700995157E-016
   2.3623319670519919E-012   5.5559574385624001E-016   4.5531100646656307E-013   1.0582015083073758E-016
   8.6420323507597765E-013   1.4540465840699327E-012   1.9964677229246598E-012   3.6768939144474105E-012
   1.9838404608791254E-016   3.4934737871626828E-016   4.6708200278417385E-016   8.6741074906421818E-016
   9.1456215108225092E-012   2.1793987748514071E-015   2.3623319670519919E-012   5.5559574385624001E-016
   3.5688976689414757E-012   5.5854389128789572E-012   7.0827179671098884E-012   1.1794525833703937E-011
   8.3648441337039691E-016   1.3528213734714801E-015   1.6856416995768933E-015   2.8294076265038584E-015
   5.6133406144023090E-015   1.1069225566540418E-018   5.3405729796489368E-017   9.9999999999999995E-021
   4.4694661103127797E-016   1.3871295874468316E-015   4.7387094218964541E-015   2.0660984677917069E-014
   8.6687657567821798E-020   3.3546517522749760E-019   9.2757247004523670E-019   3.9687723918109612E-018
   1.2960248347656772E-013   2.5892008213962176E-017   5.6133406144023090E-015   1.1069225566540418E-018
   2.4415076251957934E-014   5.7270581788907891E-014   1.2234878084633557E-013   3.6028105565054766E-013
   4.6532405661442508E-018   1.2293458470479368E-017   2.3887882159733573E-017   7.1694592117278658E-017
   1.3457930254648529E-012   2.7151314676802496E-016   1.2960248347656772E-013   2.5892008213962176E-017
   3.7419786511343816E-013   7.4661540814216099E-013   1.2524055148304801E-012   2.9249035408709910E-012
   7.2805917840757123E-017   1.5600353562397335E-016   2.4914834528129519E-016   5.9061715167308261E-016
   8.5751067061924376E-012   1.7511053847707067E-015   1.3457930254648529E-012   2.7151314676802496E-016
   2.8920165423814521E-012   5.1778466083596572E-012   7.5352250820800404E-012   1.5057722161104657E-011
   5.7606029210590647E-016   1.0800639232099426E-015   1.5273199165272128E-015   3.0867254564358728E-015
   3.9478224991321052E-011   8.1696452250482276E-015   8.5751067061924376E-012   1.7511053847707067E-015
   1.4672256992841715E-011   2.4265462757475102E-011   3.2261571426912085E-011   5.7692384349155589E-011
   2.9832483701780479E-015   5.1009886045122816E-015   6.6535180569135679E-015   1.2018977348635376E-014
   9.0666153281474641E-015   1.5750834658948433E-018   6.0466979612875090E-017   9.9999999999999995E-021
   5.6523840586704391E-016   1.9238003324402538E-015   7.2513820998808342E-015   3.5121286820698311E-014
   9.6827219558329939E-020   4.1055756273190847E-019   1.2509002070791419E-018   5.9707580361886284E-018
   2.7987592702308495E-013   4.9363112670415097E-017   9.0666153281474641E-015   1.5750834658948433E-018
   4.3906167660330960E-014   1.1143455891739543E-013   2.5872203714711916E-013   8.4063651038026461E-013
   7.4094669440372641E-018   2.1119765946851639E-017   4.4551401007092734E-017   1.4797637437519554E-016
   3.6944150101242560E-012   6.5845700680388281E-016   2.7987592702308495E-013   4.9363112670415097E-017
   9.0185710427872611E-013   1.9234558305302428E-012   3.4590647506662410E-012   8.8203362319353337E-012
   1.5504050493778196E-016   3.5516733208180866E-016   6.0666403651915337E-016   1.5758601226611007E-015
   2.8771333086561574E-011   5.1912655791404742E-015   3.6944150101242560E-012   6.5845700680388281E-016
   8.8675994378113285E-012   1.6832509949392230E-011   2.5942221539478881E-011   5.6044446043070360E-011
   1.5596543456468212E-015   3.1021610273444072E-015   4.6368697464378244E-015   1.0159135540808264E-014
   1.5709947319855435E-010   2.8728126094740059E-014   2.8771333086561574E-011   5.1912655791404742E-015
   5.4999667724648835E-011   9.5843310287606731E-011   1.3362557706088932E-010   2.5603139825031580E-010
   9.8726277626935767E-015   1.7796256424874945E-014   2.4306899383960687E-014   4.7142223713232670E-014
  -2.1248668040370449E-020   1.9999071390376237E-020  -9.9996055398314304E-021   9.9999999999999995E-021
  -9.9997855656664390E-021  -1.2499033920966359E-020  -1.1665703382002956E-020  -9.1651148316290584E-021
   9.9994837718083710E-021   9.9991534199133488E-021   9.9989871089666166E-021   9.9986635126891262E-021
  -3.1292975502536971E-020   2.9997470221788813E-020  -2.1248668040370449E-020   1.9999071390376237E-020
  -9.3735195486384303E-021  -1.0456333431790228E-020  -1.0239651984890502E-020  -9.5003543909992304E-021
   9.9987216157485975E-021   9.9984367862885631E-021   9.9983602792785886E-021   9.9980772415925505E-021
  -4.1209094818250023E-020   3.9995269790657412E-020  -3.1292975502536971E-020   2.9997470221788813E-020
  -9.5654949309822272E-021  -1.0105155263822294E-020  -1.0027981190433416E-020  -9.6649480547846518E-021
   9.9980967094845209E-021   9.9978232862231809E-021   9.9977753847696711E-021   9.9975033617413655E-021
  -5.1112352080443138E-020   4.9992497885080122E-020  -4.1209094818250023E-020   3.9995269790657412E-020
  -9.6929256140414789E-021  -1.0010003460672007E-020  -9.9747123632308210E-021  -9.7571863113115622E-021
   9.9975129488214604E-021   9.9972452432900373E-021   9.9972105851155119E-021   9.9969439609037049E-021
  -6.1022676924900990E-020   5.9989169886915489E-020  -5.1112352080443138E-020   4.9992497885080122E-020
  -9.7714843341757144E-021  -9.9785361671808068E-021  -9.9596648425680660E-021  -9.8140627130736442E-021
   9.9969496295926385E-021   9.9966854182394683E-021   9.9966583056130910E-021   9.9963949337144189E-021
   4.9673115992957501E-016   4.2064521771462174E-020   2.7495050710935097E-016   9.9999999999999995E-021
   1.1243977840797508E-016   2.1597965851342453E-016   2.3512325959256859E-016   3.1603830230138278E-016
   2.4194280215061322E-020   2.9623642446623135E-020   3.3761443239535246E-020   4.1422679041394973E-020
   8.0825502214456191E-016   9.1117844515115026E-020   4.9673115992957501E-016   4.2064521771462174E-020
   3.0056523222361523E-016   2.9168200730013546E-016   3.2948724720783038E-016   3.2623943205037439E-016
   4.0063036061847956E-020   4.8191224230917387E-020   4.9656549784452593E-020   5.8561352369329183E-020
   1.1399304229311463E-015   1.5786010154085682E-019   8.0825502214456191E-016   9.1117844515115026E-020
   3.2827035138904491E-016   3.2002301716179173E-016   3.4210837162100986E-016   3.3751927576485783E-016
   5.7751777603917120E-020   6.6144296563696870E-020   6.7208115857072591E-020   7.5996939708994735E-020
   1.4798705359326908E-015   2.4237013794662667E-019   1.1399304229311463E-015   1.5786010154085682E-019
   3.3828819236907039E-016   3.3249857306279915E-016   3.4667272907262022E-016   3.4300988136935820E-016
   7.5550212993674072E-020   8.4042662487393907E-020   8.4896557940661621E-020   9.3631564584833899E-020
   1.8241828589158131E-015   3.4465772912623475E-019   1.4798705359326908E-015   2.4237013794662667E-019
   3.4333685878501098E-016   3.3917469315950565E-016   3.4901339824102976E-016   3.4616089631265284E-016
   9.3350098260118942E-020   1.0190258100650048E-019   1.0261789551626933E-019   1.1133449577199000E-019
   2.0671001048939416E-015   8.6407661559613630E-020   6.1813590998565532E-016   9.9999999999999995E-021
   5.4407494534853391E-016   1.2421973734984475E-015   1.5655870283625029E-015   2.5341414203792835E-015
   4.1911177068092458E-020   6.0666766327176836E-020   8.2615367265904338E-020   1.2997052510342701E-019
   5.0458054909923222E-015   2.7511754370907717E-019   2.0671001048939416E-015   8.6407661559613630E-020
   2.3494137012372670E-015   2.6291742404105959E-015   3.2867044336650205E-015   3.6910612672017836E-015
   1.2239861567782186E-019   1.7605002812015849E-019   1.9182903946566703E-019   2.7410254204730818E-019
   9.4334578946939224E-015   6.3070083967900064E-019   5.0458054909923222E-015   2.7511754370907717E-019
   3.7323429983351214E-015   4.1005674292595649E-015   4.6456287459781528E-015   5.1011790733990438E-015
   2.6262953663508615E-019   3.4259450014875709E-019   3.6005050460544075E-019   4.6558022967605935E-019
   1.5219925663946969E-014   1.2062874189531698E-018   9.4334578946939224E-015   6.3070083967900064E-019
   5.1127557523453441E-015   5.5466990407498093E-015   6.0057821880567074E-015   6.5010884055599094E-015
   4.5629703023333816E-019   5.6241998734169404E-019   5.8093537039556468E-019   7.1051172993715929E-019
   2.2406248320853904E-014   2.0546773084696090E-018   1.5219925663946969E-014   1.2062874189531698E-018
   6.5026207468923556E-015   6.9809200620563070E-015   7.3766988261147531E-015   7.9000774182071259E-015
   7.0279141065474385E-019   8.3514600678334912E-019   8.5432416870216935E-019   1.0086075754728554E-018
   5.9819063384700367E-015   1.6431969171241989E-019   9.7863515656685145E-016   9.9999999999999995E-021
   1.3458065534926325E-015   3.6739310570923651E-015   5.3046339037376345E-015   1.0716690616266479E-014
   6.0521898601538793E-020   1.0110773787775603E-019   1.6698241313190448E-019   3.2921594965365951E-019
   2.1540015610652881E-014   7.7204904274265511E-019   5.9819063384700367E-015   1.6431969171241989E-019
   9.8758378040172958E-015   1.2653811556084054E-014   1.7704637769181793E-014   2.2755919178548069E-014
   3.1133877368540360E-019   5.2212724818515652E-019   6.1441794714495739E-019   1.0619469418357804E-018
   5.3390491168992516E-014   2.3461666590478867E-018   2.1540015610652881E-014   7.7204904274265511E-019
   2.3208162782414418E-014   2.8366347620270110E-014   3.4513942904136846E-014   4.2134109518809468E-014
   9.8700502139285089E-019   1.4475527665717215E-018   1.5978492857274009E-018   2.3668965718402933E-018
   1.0729540099974794E-013   5.5970346937210043E-018   5.3390491168992516E-014   2.3461666590478867E-018
   4.2237725964256849E-014   5.0071529159522005E-014   5.6914042773241319E-014   6.7220589154749106E-014
   2.2766499832915891E-018   3.0833736574954718E-018   3.2943942595762149E-018   4.4730223906037431E-018
   1.8909243492820071E-013   1.1428998049472205E-017   1.0729540099974794E-013   5.5970346937210043E-018
   6.7133461838098790E-014   7.7720473575983400E-014   8.5063029641665276E-014   9.8081735297320445E-014
   4.3730672292919610E-018   5.6242337489153176E-018   5.8961490842713455E-018   7.5779472388419145E-018
   1.4393314124620878E-014   2.9219684915406387E-019   1.3456034465496626E-015   9.9999999999999995E-021
   2.5284794031435469E-015   8.0907849685150253E-015   1.3258791059513705E-014   3.3058632609226271E-014
   7.9466583566190564E-020   1.5051609981243742E-019   2.9926337067411659E-019   7.1415557038508465E-019
   7.5168667669336099E-014   2.0139022422727398E-018   1.4393314124620878E-014   2.9219684915406387E-019
   3.0936883580697405E-014   4.4882243724225095E-014   7.0315705437247280E-014   1.0331933936464923E-013
   6.9753539338672415E-019   1.3341926402397507E-018   1.7131905411639086E-018   3.5379306025180136E-018
   2.4665757792415939E-013   8.0831914247754819E-018   7.5168667669336099E-014   2.0139022422727398E-018
   1.0705804057355955E-013   1.4374323139165034E-013   1.8918420839749220E-013   2.5602054137709525E-013
   3.2175950859700933E-018   5.2518378764877068E-018   6.1434392775192745E-018   1.0407585701032404E-017
   6.1753907767372863E-013   2.4019499551284908E-017   2.4665757792415939E-013   8.0831914247754819E-018
   2.5751640278520334E-013   3.3080489305111151E-013   3.9745338488963975E-013   5.1125603983070933E-013
   9.8288928025107991E-018   1.4522485330288859E-017   1.6179599437199461E-017   2.4384786421569123E-017
   1.3034818392199677E-012   5.8766653941047840E-017   6.1753907767372863E-013   2.4019499551284908E-017
   5.1015213328248305E-013   6.3312496654631105E-013   7.2206910019098003E-013   8.9511630252036946E-013
   2.3530353757922085E-017   3.2580534765773552E-017   3.5240527110333538E-017   4.9310448828441394E-017
   3.0600764147680061E-014   4.9006596634890173E-019   1.7156380007001763E-015   9.9999999999999995E-021
   4.0954962735351905E-015   1.5069176942872055E-014   2.7746690883769172E-014   8.3583524955061698E-014
   9.8569563975602004E-020   2.0875678730082638E-019   4.9222050569124882E-019   1.3798716481336577E-018
   2.2770601078384869E-013   4.8930366439512609E-018   3.0600764147680061E-014   4.9006596634890173E-019
   8.0634934624276438E-014   1.3105504392954557E-013   2.2880880587287115E-013   3.8226884558790201E-013
   1.4174101354240530E-018   3.0391754969057516E-018   4.2734405302559305E-018   1.0375181875866740E-017
   9.8492603079179773E-013   2.5789142996266106E-017   2.2770601078384869E-013   4.8930366439512609E-018
   4.0558272792364764E-013   5.9193754881925067E-013   8.4536904588181863E-013   1.2631242027219075E-012
   9.3444191977609741E-018   1.6838177490773996E-017   2.0961673002651211E-017   4.0432517929277706E-017
   3.0677758498267849E-012   9.5217536054103327E-017   9.8492603079179773E-013   2.5789142996266106E-017
   1.2812778995387688E-012   1.7709509351756431E-012   2.2582194233112265E-012   3.1574802976974169E-012
   3.7625715490584618E-017   6.0287755440508446E-017   7.0393234676091647E-017   1.1758266262323861E-016
   7.7516444054785868E-012   2.7880838078487413E-016   3.0677758498267849E-012   9.5217536054103327E-017
   3.1543737032593046E-012   4.1755048443984622E-012   4.9824948896013010E-012   6.6328381626519835E-012
   1.1207172994803071E-016   1.6629470923884271E-016   1.8648005661641072E-016   2.8392380672608731E-016
   5.9329758559056589E-014   7.8134223711489236E-019   2.0873571789202989E-015   9.9999999999999995E-021
   6.0482388047656587E-015   2.5184642583927606E-014   5.1602299139892003E-014   1.8383228602841284E-013
   1.1775951285927619E-019   2.7577495958697392E-019   7.5871387652869430E-019   2.4413162375987411E-018
   6.1755692609368705E-013   1.1121143276200418E-017   5.9329758559056589E-014   7.8134223711489236E-019
   1.8447321908778480E-013   3.3281679630339377E-013   6.4312734105451211E-013   1.2130015114041865E-012
   2.6637141395565323E-018   6.3157974638185629E-018   9.7233125545541988E-018   2.7296872058211100E-017
   3.4975195401812805E-012   7.6436516400186891E-017   6.1755692609368705E-013   1.1121143276200418E-017
   1.3262309380610704E-012   2.0862802202673051E-012   3.2349775146066261E-012   5.3110292767166278E-012
   2.4626424852916042E-017   4.8656771666645972E-017   6.4541188817907469E-017   1.4086989292189596E-016
   1.3518333259997771E-011   3.4947117695590643E-016   3.4975195401812805E-012   7.6436516400186891E-017
   5.4639808438422337E-012   8.0757141057099006E-012   1.0952431601855057E-011   1.6604610059926794E-011
   1.2982522740995123E-016   2.2446320532106690E-016   2.7544729567415980E-016   5.0856173393391277E-016
   4.0842213137301961E-011   1.2226616816354194E-015   1.3518333259997771E-011   3.4947117695590643E-016
   1.6657272025138671E-011   2.3413983850650895E-011   2.9307994582475344E-011   4.1842050372433982E-011
   4.7982852626119859E-016   7.5996068489365948E-016   8.8637441435577343E-016   1.4666443033170133E-015
   1.0701246845529709E-013   1.1927711926319541E-018   2.4600985681939528E-015   9.9999999999999995E-021
   8.3873694098510250E-015   3.9012401200781155E-014   8.8175695726320298E-014   3.6455065605856501E-013
   1.3700223324093848E-019   3.5154432383919220E-019   1.1116382883870006E-018   4.0332596980983997E-018
   1.5297784175624547E-012   2.3779127391779896E-017   1.0701246845529709E-013   1.1927711926319541E-018
   3.8235567249513906E-013   7.5973453148916468E-013   1.6130381129655525E-012   3.4086947332383728E-012
   4.6962496525648141E-018   1.2179005639315094E-017   2.0485965270500676E-017   6.5491945722691302E-017
   1.1249211905951250E-011   2.1148904208856482E-016   1.5297784175624547E-012   2.3779127391779896E-017
   3.8579277604635821E-012   6.4974410245451949E-012   1.0927446872489736E-011   1.9608897375799333E-011
   5.9746718562998744E-017   1.2865500148846636E-016   1.8174087871345107E-016   4.4572100921387613E-016
   5.3766753518465077E-011   1.1924660283164564E-015   1.1249211905951250E-011   2.1148904208856482E-016
   2.0570863822752088E-011   3.2334481286963386E-011   4.6680463063585486E-011   7.6504497151233185E-011
   4.0897287325058152E-016   7.5979682520388033E-016   9.8105430333783147E-016   1.9951867870333452E-015
   1.9389023486624345E-010   4.9742289172594063E-015   5.3766753518465077E-011   1.1924660283164564E-015
   7.7331370204490843E-011   1.1496669819487813E-010   1.5118720516908611E-010   2.3110171115425080E-010
   1.8689335530096782E-015   3.1486481665845355E-015   3.8272682136953494E-015   6.8698110200882508E-015
   1.8206872852455257E-013   1.7544103146034581E-018   2.8335059949789730E-015   9.9999999999999995E-021
   1.1113244262333456E-014   5.7127536921713962E-014   1.4133332303849041E-013   6.6737637099469934E-013
   1.5627933771292117E-019   4.3605074263752044E-019   1.5639033299464967E-018   6.3102744047397913E-018
   3.5119287990097885E-012   4.8118161051948468E-017   1.8206872852455257E-013   1.7544103146034581E-018
   7.3323219026608939E-013   1.5936580054955896E-012   3.6914435318258107E-012   8.6757251580025252E-012
   7.8526263079367329E-018   2.2076089528837378E-017   4.0448549797174653E-017   1.4528059946410924E-016
   3.3218229911512576E-011   5.4925004752101140E-016   3.5119287990097885E-012   4.8118161051948468E-017
   1.0193221151057520E-011   1.8280864191160175E-011   3.3278091462658373E-011   6.4926674216322059E-011
   1.3500390635178158E-016   3.1509318113169037E-016   4.7331606545441444E-016   1.2949689192903859E-015
   1.9550214920572048E-010   3.8015023932850498E-015   3.3218229911512576E-011   5.4925004752101140E-016
   6.9773763666724288E-011   1.1608202314349893E-010   1.7839163414055191E-010   3.1498243753042151E-010
   1.1888556887836800E-015   2.3647255825917813E-015   3.2129234328360022E-015   7.1693603549449818E-015
   8.3960908970812936E-010   1.8858832251872101E-014   1.9550214920572048E-010   3.8015023932850498E-015
   3.2193916020803392E-010   5.0439700876049369E-010   6.9738611106987059E-010   1.1391362431456908E-009
   6.6887706056188400E-015   1.1950827524457757E-014   1.5155167762761831E-014   2.9443217971464276E-014
   2.9518714191185816E-013   2.4996219913980413E-018   3.2073712273633709E-015   9.9999999999999995E-021
   1.4226071594124946E-014   8.0105068428041068E-014   2.1545808130212987E-013   1.1465262530525021E-012
   1.7558007633284525E-019   5.2928595073583440E-019   2.1284257284589893E-018   9.4467285136657548E-018
   7.5561331221723806E-012   9.2680532535120506E-017   2.9518714191185816E-013   2.4996219913980413E-018
   1.3203894789198646E-012   3.1204247782786645E-012   7.8343553166698824E-012   2.0335726212746174E-011
   1.2559027299748738E-017   3.7994459359966555E-017   7.5566077673541231E-017   3.0140536189557043E-016
   9.1032522433358802E-011   1.3462402706772380E-015   7.5561331221723806E-012   9.2680532535120506E-017
   2.4841269746771404E-011   4.7234797399547976E-011   9.2822155638582198E-011   1.9590316004408679E-010
   2.8685306935315255E-016   7.2199812827931711E-016   1.1510237661700448E-015   3.4884615706008284E-015
   6.5652761807284624E-010   1.1380156968901590E-014   9.1032522433358802E-011   1.3462402706772380E-015
   2.1645954128671929E-010   3.7956364060251873E-010   6.2056557317830148E-010   1.1762526049885651E-009
   3.2182496729282259E-015   6.8318790284327104E-015   9.7606884588511739E-015   2.3800115541850126E-014
   3.3489535895569949E-009   6.6946230249884646E-014   6.5652761807284624E-010   1.1380156968901590E-014
   1.2197033151585246E-009   2.0073321696228477E-009   2.9185440302243245E-009   5.0831001140520222E-009
   2.2184786295367802E-014   4.1926041269181521E-014   5.5488096787701363E-014   1.1638337727676479E-013
