bcc Sb -- Hedin-Lundqvist LDA                                                   
INPUT  IT=172 SPIN=1 NTYPE=  2
 -3.550000  3.550000  3.550000
  3.550000 -3.550000  3.550000
  3.550000  3.550000 -3.550000
    1  435  2.200000  0.030000    1
  0.000000  0.000000  0.000000
 0.1019976457500D+03 0.1019975730762D+03 0.1019974981608D+03 0.1019974209346D+03
 0.1019973413264D+03 0.1019972592628D+03 0.1019971746681D+03 0.1019970874643D+03
 0.1019969975711D+03 0.1019969049054D+03 0.1019968093819D+03 0.1019967109125D+03
 0.1019966094064D+03 0.1019965047700D+03 0.1019963969068D+03 0.1019962857174D+03
 0.1019961710993D+03 0.1019960529467D+03 0.1019959311509D+03 0.1019958055995D+03
 0.1019956761768D+03 0.1019955427634D+03 0.1019954052365D+03 0.1019952634692D+03
 0.1019951173308D+03 0.1019949666868D+03 0.1019948113982D+03 0.1019946513219D+03
 0.1019944863105D+03 0.1019943162118D+03 0.1019941408690D+03 0.1019939601207D+03
 0.1019937738002D+03 0.1019935817358D+03 0.1019933837507D+03 0.1019931796622D+03
 0.1019929692825D+03 0.1019927524176D+03 0.1019925288677D+03 0.1019922984269D+03
 0.1019920608829D+03 0.1019918160167D+03 0.1019915636029D+03 0.1019913034089D+03
 0.1019910351949D+03 0.1019907587139D+03 0.1019904737111D+03 0.1019901799241D+03
 0.1019898770821D+03 0.1019895649063D+03 0.1019892431090D+03 0.1019889113938D+03
 0.1019885694551D+03 0.1019882169781D+03 0.1019878536379D+03 0.1019874791000D+03
 0.1019870930193D+03 0.1019866950402D+03 0.1019862847961D+03 0.1019858619092D+03
 0.1019854259899D+03 0.1019849766367D+03 0.1019845134358D+03 0.1019840359605D+03
 0.1019835437709D+03 0.1019830364138D+03 0.1019825134218D+03 0.1019819743133D+03
 0.1019814185915D+03 0.1019808457448D+03 0.1019802552454D+03 0.1019796465494D+03
 0.1019790190962D+03 0.1019783723078D+03 0.1019777055883D+03 0.1019770183238D+03
 0.1019763098811D+03 0.1019755796076D+03 0.1019748268306D+03 0.1019740508567D+03
 0.1019732509710D+03 0.1019724264366D+03 0.1019715764940D+03 0.1019707003601D+03
 0.1019697972277D+03 0.1019688662649D+03 0.1019679066137D+03 0.1019669173901D+03
 0.1019658976826D+03 0.1019648465516D+03 0.1019637630285D+03 0.1019626461148D+03
 0.1019614947813D+03 0.1019603079670D+03 0.1019590845780D+03 0.1019578234869D+03
 0.1019565235312D+03 0.1019551835129D+03 0.1019538021966D+03 0.1019523783091D+03
 0.1019509105377D+03 0.1019493975292D+03 0.1019478378886D+03 0.1019462301779D+03
 0.1019445729146D+03 0.1019428645705D+03 0.1019411035701D+03 0.1019392882893D+03
 0.1019374170536D+03 0.1019354881372D+03 0.1019334997605D+03 0.1019314500892D+03
 0.1019293372321D+03 0.1019271592398D+03 0.1019249141023D+03 0.1019225997478D+03
 0.1019202140402D+03 0.1019177547773D+03 0.1019152196890D+03 0.1019126064348D+03
 0.1019099126020D+03 0.1019071357030D+03 0.1019042731733D+03 0.1019013223692D+03
 0.1018982805651D+03 0.1018951449509D+03 0.1018919126296D+03 0.1018885806146D+03
 0.1018851458267D+03 0.1018816050915D+03 0.1018779551361D+03 0.1018741925865D+03
 0.1018703139638D+03 0.1018663156817D+03 0.1018621940426D+03 0.1018579452344D+03
 0.1018535653270D+03 0.1018490502682D+03 0.1018443958805D+03 0.1018395978569D+03
 0.1018346517567D+03 0.1018295530019D+03 0.1018242968722D+03 0.1018188785013D+03
 0.1018132928718D+03 0.1018075348111D+03 0.1018015989858D+03 0.1017954798976D+03
 0.1017891718774D+03 0.1017826690805D+03 0.1017759654811D+03 0.1017690548665D+03
 0.1017619308316D+03 0.1017545867727D+03 0.1017470158813D+03 0.1017392111382D+03
 0.1017311653068D+03 0.1017228709260D+03 0.1017143203040D+03 0.1017055055107D+03
 0.1016964183705D+03 0.1016870504550D+03 0.1016773930749D+03 0.1016674372723D+03
 0.1016571738123D+03 0.1016465931748D+03 0.1016356855455D+03 0.1016244408073D+03
 0.1016128485310D+03 0.1016008979658D+03 0.1015885780295D+03 0.1015758772990D+03
 0.1015627839994D+03 0.1015492859941D+03 0.1015353707736D+03 0.1015210254448D+03
 0.1015062367189D+03 0.1014909909009D+03 0.1014752738764D+03 0.1014590711003D+03
 0.1014423675837D+03 0.1014251478812D+03 0.1014073960779D+03 0.1013890957756D+03
 0.1013702300793D+03 0.1013507815828D+03 0.1013307323548D+03 0.1013100639237D+03
 0.1012887572627D+03 0.1012667927750D+03 0.1012441502775D+03 0.1012208089853D+03
 0.1011967474955D+03 0.1011719437709D+03 0.1011463751230D+03 0.1011200181955D+03
 0.1010928489466D+03 0.1010648426322D+03 0.1010359737879D+03 0.1010062162113D+03
 0.1009755429443D+03 0.1009439262547D+03 0.1009113376184D+03 0.1008777477007D+03
 0.1008431263383D+03 0.1008074425210D+03 0.1007706643731D+03 0.1007327591355D+03
 0.1006936931470D+03 0.1006534318272D+03 0.1006119396576D+03 0.1005691801647D+03
 0.1005251159027D+03 0.1004797084364D+03 0.1004329183247D+03 0.1003847051046D+03
 0.1003350272758D+03 0.1002838422858D+03 0.1002311065159D+03 0.1001767752674D+03
 0.1001208027493D+03 0.1000631420670D+03 0.1000037452110D+03 0.9994256304764D+02
 0.9987954531083D+02 0.9981464059467D+02 0.9974779634767D+02 0.9967895886823D+02
 0.9960807330167D+02 0.9953508363866D+02 0.9945993271539D+02 0.9938256221521D+02
 0.9930291267213D+02 0.9922092347586D+02 0.9913653287876D+02 0.9904967800445D+02
 0.9896029485816D+02 0.9886831833888D+02 0.9877368225315D+02 0.9867631933047D+02
 0.9857616124028D+02 0.9847313861034D+02 0.9836718104642D+02 0.9825821715313D+02
 0.9814617455564D+02 0.9803097992216D+02 0.9791255898679D+02 0.9779083657257D+02
 0.9766573661437D+02 0.9753718218116D+02 0.9740509549745D+02 0.9726939796331D+02
 0.9713001017267D+02 0.9698685192926D+02 0.9683984225995D+02 0.9668889942480D+02
 0.9653394092337D+02 0.9637488349698D+02 0.9621164312627D+02 0.9604413502376D+02
 0.9587227362115D+02 0.9569597255093D+02 0.9551514462240D+02 0.9532970179172D+02
 0.9513955512668D+02 0.9494461476591D+02 0.9474478987368D+02 0.9453998859068D+02
 0.9433011798218D+02 0.9411508398491D+02 0.9389479135457D+02 0.9366914361603D+02
 0.9343804301917D+02 0.9320139050299D+02 0.9295908567208D+02 0.9271102678870D+02
 0.9245711078552D+02 0.9219723330292D+02 0.9193128875644D+02 0.9165917043834D+02
 0.9138077065912D+02 0.9109598093203D+02 0.9080469220541D+02 0.9050679514373D+02
 0.9020218045951D+02 0.8989073929252D+02 0.8957236363384D+02 0.8924694678395D+02
 0.8891438383521D+02 0.8857457215842D+02 0.8822741187472D+02 0.8787280628203D+02
 0.8751066220905D+02 0.8714089025827D+02 0.8676340490893D+02 0.8637812444269D+02
 0.8598497067424D+02 0.8558386846708D+02 0.8517474504701D+02 0.8475752912983D+02
 0.8433214992510D+02 0.8389853606619D+02 0.8345661459748D+02 0.8300631008842D+02
 0.8254754401431D+02 0.8208023448607D+02 0.8160429642980D+02 0.8111964224171D+02
 0.8062618294988D+02 0.8012382981893D+02 0.7961249635092D+02 0.7909210053886D+02
 0.7856256727695D+02 0.7802383074480D+02 0.7747583666895D+02 0.7691854428458D+02
 0.7635192794151D+02 0.7577597821147D+02 0.7519070250382D+02 0.7459612508962D+02
 0.7399228660924D+02 0.7337924300309D+02 0.7275706400685D+02 0.7212583118071D+02
 0.7148563567878D+02 0.7083657574786D+02 0.7017875422407D+02 0.6951227602481D+02
 0.6883724596137D+02 0.6815376685878D+02 0.6746193835413D+02 0.6676185631437D+02
 0.6605361326386D+02 0.6533729966392D+02 0.6461300640422D+02 0.6388082816658D+02
 0.6314086792183D+02 0.6239324193482D+02 0.6163808536645D+02 0.6087555748489D+02
 0.6010584640549D+02 0.5932917206488D+02 0.5854578740312D+02 0.5775597649881D+02
 0.5696005023549D+02 0.5615833889846D+02 0.5535118350330D+02 0.5453892625080D+02
 0.5372190303092D+02 0.5290043852463D+02 0.5207484675695D+02 0.5124543611419D+02
 0.5041252010423D+02 0.4957643066237D+02 0.4873753369878D+02 0.4789624301115D+02
 0.4705303188132D+02 0.4620843929418D+02 0.4536307122306D+02 0.4451759522047D+02
 0.4367273000073D+02 0.4282922929473D+02 0.4198786241367D+02 0.4114939136721D+02
 0.4031454724671D+02 0.3948400596207D+02 0.3865836602103D+02 0.3783812849939D+02
 0.3702368169773D+02 0.3621529055827D+02 0.3541309298003D+02 0.3461710288801D+02
 0.3382722161324D+02 0.3304325700740D+02 0.3226495087014D+02 0.3149201328741D+02
 0.3072416274803D+02 0.2996116904484D+02 0.2920289496526D+02 0.2844933130025D+02
 0.2770061763063D+02 0.2695704225203D+02 0.2621901346104D+02 0.2548700314324D+02
 0.2476146586028D+02 0.2404275261205D+02 0.2333103973710D+02 0.2262629708327D+02
 0.2192830487910D+02 0.2123672068066D+02 0.2055117113979D+02 0.1987135281142D+02
 0.1919711160065D+02 0.1852849909040D+02 0.1786579141266D+02 0.1720948612031D+02
 0.1656027143184D+02 0.1591898873533D+02 0.1528658056143D+02 0.1466404467491D+02
 0.1405238178679D+02 0.1345255681399D+02 0.1286545718181D+02 0.1229186827210D+02
 0.1173244671233D+02 0.1118771165276D+02 0.1065803331352D+02 0.1014363889488D+02
 0.9644613912245D+01 0.9160919853664D+01 0.8692403981475D+01 0.8238824944399D+01
 0.7799866463296D+01 0.7375166099544D+01 0.6964328030127D+01 0.6566950113534D+01
 0.6182632823008D+01 0.5811000168104D+01 0.5451698555616D+01 0.5104411649850D+01
 0.4768847995030D+01 0.4444749659739D+01 0.4131872202284D+01 0.3829993487183D+01
 0.3538894379580D+01 0.3258375582607D+01 0.2988244267671D+01 0.2728338042522D+01
 0.2478512377898D+01 0.2238665531545D+01 0.2008729108238D+01 0.1788709362026D+01
 0.1578708082174D+01 0.1379000287080D+01 0.1190075074961D+01
    2  435  1.200000  0.030000    3
  0.000000  0.500000  0.500000
  0.500000  0.500000  0.000000
  0.500000  0.000000  0.500000
 0.1999995702154D+01 0.1999995571262D+01 0.1999995436385D+01 0.1999995297400D+01
 0.1999995154181D+01 0.1999995006602D+01 0.1999994854527D+01 0.1999994697821D+01
 0.1999994536343D+01 0.1999994369947D+01 0.1999994198483D+01 0.1999994021797D+01
 0.1999993839730D+01 0.1999993652118D+01 0.1999993458793D+01 0.1999993259580D+01
 0.1999993054299D+01 0.1999992842767D+01 0.1999992624793D+01 0.1999992400180D+01
 0.1999992168727D+01 0.1999991930224D+01 0.1999991684458D+01 0.1999991431207D+01
 0.1999991170243D+01 0.1999990901332D+01 0.1999990624231D+01 0.1999990338690D+01
 0.1999990044454D+01 0.1999989741256D+01 0.1999989428824D+01 0.1999989106877D+01
 0.1999988775125D+01 0.1999988433270D+01 0.1999988081003D+01 0.1999987718008D+01
 0.1999987343958D+01 0.1999986958516D+01 0.1999986561335D+01 0.1999986152058D+01
 0.1999985730316D+01 0.1999985295729D+01 0.1999984847908D+01 0.1999984386448D+01
 0.1999983910933D+01 0.1999983420937D+01 0.1999982916018D+01 0.1999982395721D+01
 0.1999981859579D+01 0.1999981307107D+01 0.1999980737811D+01 0.1999980151176D+01
 0.1999979546674D+01 0.1999978923762D+01 0.1999978281880D+01 0.1999977620448D+01
 0.1999976938872D+01 0.1999976236538D+01 0.1999975512814D+01 0.1999974767049D+01
 0.1999973998571D+01 0.1999973206689D+01 0.1999972390689D+01 0.1999971549837D+01
 0.1999970683377D+01 0.1999969790528D+01 0.1999968870487D+01 0.1999967922425D+01
 0.1999966945489D+01 0.1999965938799D+01 0.1999964901451D+01 0.1999963832508D+01
 0.1999962731011D+01 0.1999961595966D+01 0.1999960426352D+01 0.1999959221116D+01
 0.1999957979174D+01 0.1999956699408D+01 0.1999955380664D+01 0.1999954021757D+01
 0.1999952621463D+01 0.1999951178522D+01 0.1999949691633D+01 0.1999948159460D+01
 0.1999946580623D+01 0.1999944953700D+01 0.1999943277227D+01 0.1999941549695D+01
 0.1999939769548D+01 0.1999937935185D+01 0.1999936044953D+01 0.1999934097151D+01
 0.1999932090026D+01 0.1999930021771D+01 0.1999927890523D+01 0.1999925694365D+01
 0.1999923431318D+01 0.1999921099347D+01 0.1999918696351D+01 0.1999916220167D+01
 0.1999913668566D+01 0.1999911039251D+01 0.1999908329854D+01 0.1999905537937D+01
 0.1999902660986D+01 0.1999899696410D+01 0.1999896641541D+01 0.1999893493629D+01
 0.1999890249839D+01 0.1999886907252D+01 0.1999883462856D+01 0.1999879913552D+01
 0.1999876256144D+01 0.1999872487339D+01 0.1999868603744D+01 0.1999864601862D+01
 0.1999860478089D+01 0.1999856228713D+01 0.1999851849909D+01 0.1999847337732D+01
 0.1999842688121D+01 0.1999837896889D+01 0.1999832959721D+01 0.1999827872173D+01
 0.1999822629663D+01 0.1999817227470D+01 0.1999811660730D+01 0.1999805924430D+01
 0.1999800013405D+01 0.1999793922332D+01 0.1999787645726D+01 0.1999781177935D+01
 0.1999774513133D+01 0.1999767645320D+01 0.1999760568310D+01 0.1999753275730D+01
 0.1999745761012D+01 0.1999738017389D+01 0.1999730037885D+01 0.1999721815316D+01
 0.1999713342274D+01 0.1999704611129D+01 0.1999695614017D+01 0.1999686342833D+01
 0.1999676789227D+01 0.1999666944593D+01 0.1999656800065D+01 0.1999646346503D+01
 0.1999635574491D+01 0.1999624474326D+01 0.1999613036008D+01 0.1999601249232D+01
 0.1999589103379D+01 0.1999576587508D+01 0.1999563690342D+01 0.1999550400261D+01
 0.1999536705291D+01 0.1999522593092D+01 0.1999508050949D+01 0.1999493065757D+01
 0.1999477624014D+01 0.1999461711803D+01 0.1999445314786D+01 0.1999428418186D+01
 0.1999411006773D+01 0.1999393064857D+01 0.1999374576265D+01 0.1999355524333D+01
 0.1999335891888D+01 0.1999315661232D+01 0.1999294814128D+01 0.1999273331783D+01
 0.1999251194828D+01 0.1999228383306D+01 0.1999204876648D+01 0.1999180653660D+01
 0.1999155692497D+01 0.1999129970650D+01 0.1999103464923D+01 0.1999076151411D+01
 0.1999048005477D+01 0.1999019001735D+01 0.1998989114021D+01 0.1998958315372D+01
 0.1998926578005D+01 0.1998893873282D+01 0.1998860171695D+01 0.1998825442833D+01
 0.1998789655353D+01 0.1998752776959D+01 0.1998714774364D+01 0.1998675613264D+01
 0.1998635258307D+01 0.1998593673060D+01 0.1998550819975D+01 0.1998506660358D+01
 0.1998461154328D+01 0.1998414260786D+01 0.1998365937375D+01 0.1998316140443D+01
 0.1998264825000D+01 0.1998211944680D+01 0.1998157451698D+01 0.1998101296804D+01
 0.1998043429244D+01 0.1997983796704D+01 0.1997922345271D+01 0.1997859019379D+01
 0.1997793761759D+01 0.1997726513389D+01 0.1997657213434D+01 0.1997585799195D+01
 0.1997512206052D+01 0.1997436367401D+01 0.1997358214595D+01 0.1997277676879D+01
 0.1997194681329D+01 0.1997109152781D+01 0.1997021013761D+01 0.1996930184417D+01
 0.1996836582445D+01 0.1996740123008D+01 0.1996640718664D+01 0.1996538279282D+01
 0.1996432711958D+01 0.1996323920930D+01 0.1996211807489D+01 0.1996096269887D+01
 0.1995977203244D+01 0.1995854499449D+01 0.1995728047058D+01 0.1995597731193D+01
 0.1995463433435D+01 0.1995325031710D+01 0.1995182400179D+01 0.1995035409118D+01
 0.1994883924797D+01 0.1994727809354D+01 0.1994566920668D+01 0.1994401112222D+01
 0.1994230232968D+01 0.1994054127185D+01 0.1993872634329D+01 0.1993685588884D+01
 0.1993492820206D+01 0.1993294152360D+01 0.1993089403953D+01 0.1992878387965D+01
 0.1992660911566D+01 0.1992436775938D+01 0.1992205776080D+01 0.1991967700619D+01
 0.1991722331601D+01 0.1991469444287D+01 0.1991208806935D+01 0.1990940180579D+01
 0.1990663318799D+01 0.1990377967480D+01 0.1990083864574D+01 0.1989780739837D+01
 0.1989468314575D+01 0.1989146301371D+01 0.1988814403803D+01 0.1988472316158D+01
 0.1988119723133D+01 0.1987756299525D+01 0.1987381709914D+01 0.1986995608333D+01
 0.1986597637927D+01 0.1986187430600D+01 0.1985764606655D+01 0.1985328774413D+01
 0.1984879529826D+01 0.1984416456078D+01 0.1983939123162D+01 0.1983447087460D+01
 0.1982939891289D+01 0.1982417062447D+01 0.1981878113737D+01 0.1981322542473D+01
 0.1980749829974D+01 0.1980159441039D+01 0.1979550823398D+01 0.1978923407156D+01
 0.1978276604206D+01 0.1977609807630D+01 0.1976922391072D+01 0.1976213708100D+01
 0.1975483091533D+01 0.1974729852755D+01 0.1973953281000D+01 0.1973152642613D+01
 0.1972327180287D+01 0.1971476112274D+01 0.1970598631562D+01 0.1969693905033D+01
 0.1968761072586D+01 0.1967799246229D+01 0.1966807509146D+01 0.1965784914719D+01
 0.1964730485533D+01 0.1963643212331D+01 0.1962522052940D+01 0.1961365931165D+01
 0.1960173735631D+01 0.1958944318599D+01 0.1957676494735D+01 0.1956369039835D+01
 0.1955020689509D+01 0.1953630137826D+01 0.1952196035899D+01 0.1950716990437D+01
 0.1949191562236D+01 0.1947618264634D+01 0.1945995561895D+01 0.1944321867527D+01
 0.1942595542693D+01 0.1940814894259D+01 0.1938978173082D+01 0.1937083572110D+01
 0.1935129224424D+01 0.1933113201243D+01 0.1931033509852D+01 0.1928888091478D+01
 0.1926674819086D+01 0.1924391495131D+01 0.1922035849218D+01 0.1919605535728D+01
 0.1917098131338D+01 0.1914511132513D+01 0.1911841952890D+01 0.1909087920639D+01
 0.1906246275703D+01 0.1903314167032D+01 0.1900288649686D+01 0.1897166681941D+01
 0.1893945122256D+01 0.1890620726262D+01 0.1887190143605D+01 0.1883649914822D+01
 0.1879996468069D+01 0.1876226115908D+01 0.1872335051926D+01 0.1868319347459D+01
 0.1864174948123D+01 0.1859897670501D+01 0.1855483198613D+01 0.1850927080597D+01
 0.1846224725159D+01 0.1841371398294D+01 0.1836362219749D+01 0.1831192159847D+01
 0.1825856036016D+01 0.1820348509782D+01 0.1814664083426D+01 0.1808797097237D+01
 0.1802741726373D+01 0.1796491978461D+01 0.1790041690772D+01 0.1783384528287D+01
 0.1776513981279D+01 0.1769423364007D+01 0.1762105812824D+01 0.1754554285660D+01
 0.1746761560828D+01 0.1738720237471D+01 0.1730422735239D+01 0.1721861295942D+01
 0.1713027984294D+01 0.1703914691014D+01 0.1694513134880D+01 0.1684814867599D+01
 0.1674811277367D+01 0.1664493595893D+01 0.1653852903772D+01 0.1642880139976D+01
 0.1631566109420D+01 0.1619901495340D+01 0.1607876869355D+01 0.1595482707305D+01
 0.1582709402117D+01 0.1569547283619D+01 0.1555986634729D+01 0.1542017715771D+01
 0.1527630784346D+01 0.1512816124946D+01 0.1497564072966D+01 0.1481865050181D+01
 0.1465709593469D+01 0.1449088397092D+01 0.1431992346401D+01 0.1414412567778D+01
 0.1396340468081D+01 0.1377767793067D+01 0.1358686672867D+01 0.1339089690279D+01
 0.1318969932799D+01 0.1298321071588D+01 0.1277137420941D+01 0.1255414029234D+01
 0.1233146746016D+01 0.1210332327073D+01 0.1186968509319D+01 0.1163054131595D+01
 0.1138589218737D+01 0.1113575119668D+01 0.1088014601507D+01 0.1061912008368D+01
 0.1035273365466D+01 0.1008106562808D+01 0.9804214711091D+00 0.9522301535985D+00
 0.9235469969456D+00 0.8943889568191D+00 0.8647757055941D+00 0.8347299206127D+00
 0.8042774528649D+00 0.7734476661190D+00 0.7422736338406D+00 0.7107925420817D+00
 0.6790459207263D+00 0.6470801296986D+00 0.6149466357304D+00 0.5827026026812D+00
 0.5504112339649D+00 0.5181424990488D+00 0.4859735642967D+00 0.4539897064498D+00
 0.4222848696989D+00 0.3909628257401D+00 0.3601379138549D+00 0.3299365256550D+00
 0.3004980854987D+00 0.2719769546930D+00 0.2445437075896D+00
  286
-0.7162852103786D+00-0.2617757960994D-31-0.4320118780012D+01-0.4154349958903D-17
-0.1742853293757D+01-0.8178647497323D-18-0.1816049287345D+01 0.6112082532213D-17
-0.1297837309599D+01 0.7727297525529D-18-0.3313496003443D+00-0.4916722280995D-17
-0.3804676114460D+00 0.1728753661887D-17 0.2379968022732D+00 0.1949374078627D-17
-0.1156611865156D+00-0.2449458777644D-17 0.3012448334700D+00 0.6328766838050D-17
 0.1567743305644D+00-0.6587179705805D-17-0.1720504239549D+00-0.2046974493298D-17
 0.3616441493976D+00-0.6832593856433D-17-0.2513821520123D-01 0.2815531933944D-17
 0.7164495827441D+00 0.8636192892951D-17 0.3602408090735D+00 0.1284352815116D-17
 0.6595106783251D+00 0.5918962973795D-17 0.3335889329126D-01 0.1899265510214D-17
 0.2812199267349D+00 0.1837994830730D-18 0.2828977173702D+00-0.9642722459161D-17
 0.6809155068297D-01 0.6051058303051D-17 0.1716171857011D-01-0.3341980372232D-17
 0.4714869384985D+00-0.1217463547161D-16 0.2375426206466D+00 0.2700392764260D-17
 0.5883690451983D-01-0.7134383937763D-17 0.3770438851517D+00 0.8184925531110D-17
 0.4354640029658D-01-0.2806694612472D-17 0.2956362114399D+00 0.5241527007495D-17
 0.7598225542325D-02 0.2453201463504D-17 0.2186196723090D+00-0.1943247267033D-17
 0.5470021643568D-01-0.6198013187449D-17 0.1106905179120D+00 0.4442606707255D-17
 0.9503439171845D-02 0.1496639461792D-17 0.8088391646718D-01 0.1387462626996D-17
 0.7996956171418D-01-0.9119760771744D-17 0.1612814346507D+00 0.9060769899769D-17
-0.4840030911700D-02 0.5974011732982D-17 0.5621117242657D-01-0.3226389497407D-17
 0.7669295526681D-01-0.3801020816827D-17 0.7709103427597D-01 0.5375439575182D-17
-0.3586701369771D-02-0.2819651457830D-17 0.2424715699549D-01-0.3545568957228D-17
 0.4965212209355D-01 0.7837795487238D-17 0.2762271047170D-01 0.3830223282813D-18
-0.2136937345469D-01 0.4529868260739D-17-0.1888273034905D-01-0.7557663176850D-17
 0.3180179616447D-01 0.1469828103731D-17-0.2044580800114D-01-0.4816326493182D-17
-0.1067282123515D-01 0.1690956657162D-17 0.1986345953804D-01 0.2359394518721D-18
 0.2210930876216D-01 0.1370598256618D-17 0.1019100528668D-01-0.7468083408893D-17
-0.2062808566614D-01 0.3624792146954D-17 0.1346132926518D-01-0.1136766979650D-16
-0.1828154559556D-01-0.1253342468957D-17 0.5364243228517D-02 0.5253293986681D-18
 0.6312018088349D-02 0.3821655110378D-17-0.3145201535885D-01-0.4911835602215D-18
 0.4094481963938D-02-0.5625044701578D-18 0.8944094890540D-02 0.4609512403199D-17
 0.1078417982738D-01 0.7035583027445D-17-0.1326849632357D-01 0.3479605641498D-17
 0.8825595882804D-02-0.4867682021319D-17 0.9515528323938D-02 0.1898935193791D-17
 0.5225404753446D-02 0.5919684621567D-19 0.9919480694763D-02 0.1419033864753D-17
 0.1097195963532D-01 0.6764532150097D-18-0.7076122920108D-02 0.1253025721541D-17
 0.1133170320818D-01 0.8830810235290D-18 0.1184759433504D-01 0.5154778240663D-17
 0.2820754826608D-02-0.2781136439102D-17-0.4584987320323D-02 0.1563336885914D-17
-0.9507221709725D-03-0.1522693326209D-17 0.6119427154543D-02-0.4352508682547D-17
 0.6849682173567D-02-0.2229958241252D-18-0.5065645113626D-02 0.3191801851440D-17
-0.2027594388436D-02-0.4443011219962D-17 0.1322860158742D-01 0.1328188802489D-17
 0.6581197473310D-02-0.2579619780641D-17-0.3340271371874D-03 0.7575473199876D-18
-0.5818030732428D-03-0.3191582648168D-17 0.1314887927658D-01-0.9918435465176D-18
 0.1337443431651D-01-0.3887387705448D-17 0.1382860662093D-01-0.5740314925083D-19
 0.6553367172369D-02 0.5632540115543D-19 0.6536569912904D-02-0.2048942410353D-17
 0.1318355000749D-01 0.1658340058406D-17 0.2270765226840D-02 0.2857523660177D-17
 0.1228635077138D-02-0.1428369839945D-17 0.6366891766437D-02 0.2049100507278D-19
 0.1261295500152D-01 0.2655680033425D-17 0.3304903791300D-02-0.1854214025064D-17
 0.1162621058554D-01-0.1566641083887D-17 0.1165279034795D-01 0.7319656641648D-18
 0.5841997820399D-02 0.1736957482508D-17 0.1043721274254D-01 0.1043521849220D-17
 0.1046831996149D-01 0.2990286010096D-18 0.1031134667177D-01 0.3042010848194D-17
 0.8844767521457D-03 0.5889436326836D-18 0.4516338098911D-02-0.2185415630480D-17
 0.4425705382021D-02 0.4844140111275D-18 0.1519586585923D-02-0.7365095246907D-19
 0.1549764612767D-02 0.1038912951769D-17 0.3819246032841D-02-0.5354733382553D-18
 0.7496047176656D-02 0.1467931622092D-18 0.7508821389325D-02-0.3385986110536D-17
 0.7312105311567D-02 0.9418269708970D-18 0.1275107890640D-02 0.8735540429713D-18
 0.1223230875020D-02 0.2148106479578D-18 0.6062387283109D-02-0.1071065159496D-19
 0.5796610804583D-02 0.1952284115713D-17 0.1631955350043D-02 0.5002085470265D-18
 0.4509548116377D-02-0.2352508986012D-18 0.4139921839653D-03 0.6821000185517D-18
 0.3156848927691D-04-0.4548983534622D-18 0.3041946969915D-02-0.1519115141832D-17
 0.2874998709384D-02 0.7321991097681D-18 0.3039225654057D-02 0.8212685598417D-18
 0.1469096525662D-02-0.4367333400188D-18 0.1263606668860D-02-0.1206978422203D-18
-0.2435686705773D-03-0.1343357434482D-17 0.8615884070737D-03 0.1961004419189D-19
 0.1632950685576D-02-0.6119276578807D-18 0.1731623979401D-02 0.3044498239453D-18
-0.8384143097668D-03 0.5101039997244D-18-0.5865854194634D-03-0.9811059743350D-18
 0.5641625473382D-03 0.3744662152968D-18 0.2802883601860D-03-0.1143983716613D-18
-0.4152676315939D-03 0.1383663715473D-18-0.4326746141837D-03 0.7943097158260D-18
-0.1122713855242D-02-0.4769610422996D-18-0.5578693734755D-03-0.6028943464941D-19
-0.1250527535070D-02-0.1748331232121D-18-0.6753496838607D-03-0.2864046321259D-19
-0.3015733476893D-03-0.3755647948163D-18-0.1241985313918D-02 0.2846152102818D-18
-0.2644240939635D-02-0.6629970237123D-18-0.1267472825237D-02 0.2930895352888D-18
-0.1782481278134D-02-0.3353400752428D-18-0.1847262408474D-02 0.3323809095851D-18
-0.9220281700172D-03-0.5567818419688D-18-0.2865603156666D-02 0.4706522080788D-18
-0.2267352589623D-02 0.2599552812573D-19-0.2290300338685D-02-0.3344449776096D-20
-0.1130429442396D-02-0.3641452346545D-18-0.1272162954413D-02 0.3120888257921D-18
-0.1512956736425D-02 0.1382529920946D-18-0.2552271699655D-02 0.1529906891895D-19
-0.2553672260263D-02-0.5162258934785D-18-0.2713745158441D-02 0.4895156465320D-18
-0.1549502882300D-02-0.8723569852565D-19-0.1361898324070D-02-0.2030017584237D-18
-0.2680041235266D-02-0.5378898623594D-20-0.1381249241852D-02 0.1034725307002D-18
-0.3070241497958D-02 0.2159824250222D-18-0.1508168919060D-02-0.2526700133292D-19
-0.2700919684750D-02 0.4518049726999D-20-0.2725815658910D-02 0.8976264251667D-19
-0.2711725537513D-02 0.1597813926003D-18-0.2871394334969D-02-0.2187666796320D-19
-0.2607481742710D-02-0.1500322120915D-18-0.2611995359588D-02 0.1184665851500D-18
-0.2570288785686D-02 0.1930212297923D-18-0.2451844072189D-02 0.2925316926355D-19
-0.4077075979309D-03 0.1077343934011D-19-0.2218203455756D-02-0.1232357607584D-19
-0.1068118664254D-02-0.6304624152140D-21-0.2178587629103D-02 0.3038975216618D-19
-0.2094850145235D-02 0.4403761949171D-19-0.2141507445430D-02 0.6954200974180D-20
-0.1049296714571D-02-0.7139282549243D-20-0.2034314280904D-02 0.3547493272810D-20
-0.2404477572952D-03-0.1289934219659D-19-0.9522687351246D-03-0.4510940738742D-21
-0.9579319369091D-03-0.7927230905908D-20-0.1793077285813D-02-0.3314403526311D-20
-0.8578436736130D-03-0.2291927704480D-20-0.1744896546494D-02 0.2487629745145D-20
-0.4320241215411D-03 0.9913246336204D-21-0.7761897234735D-03-0.3849495509017D-20
-0.1513461020172D-02-0.8056475714053D-21-0.7743190076520D-03 0.1252862326550D-19
-0.6765609310878D-03-0.1507657263324D-19-0.5896215561368D-03 0.2737987117670D-19
-0.1201234684087D-02 0.1866715961711D-19-0.1218048857441D-02-0.3802618053020D-20
-0.1197803183287D-02 0.7224928948684D-19-0.1128959842166D-02-0.4119045312212D-19
-0.1035646593543D-02 0.6766021138934D-20-0.4783456267943D-03-0.1677582640669D-19
-0.8503810265927D-03-0.1029394319515D-19-0.7790462585432D-03-0.1266410673541D-20
-0.5939644869304D-03-0.4528914282375D-19-0.2378103034651D-03 0.5472311861555D-19
-0.4543512967453D-03-0.5612482392376D-19-0.1884665013653D-03 0.5396076902405D-20
-0.1258896822658D-03-0.1440893265085D-19-0.1344308049651D-03-0.4152764008906D-19
-0.1511415660108D-03 0.1173249329290D-18-0.1742505430396D-03-0.1651261077201D-21
-0.1840667028464D-03 0.1236019168809D-18-0.7907897642984D-04 0.5205844857073D-19
 0.1285897845493D-03 0.1018551092156D-18 0.1121304826888D-03-0.5246781117063D-19
 0.1810469722421D-03 0.7922475043894D-20 0.3361879552753D-03-0.6330644538991D-19
 0.1633507306828D-03 0.1810739799400D-19 0.3687060116146D-03-0.2517615470889D-19
 0.2815612136572D-03-0.7537005549848D-19 0.2696760479882D-03-0.3597648635916D-19
 0.3096756370207D-03 0.4898453507244D-19 0.5624182393078D-03 0.5229553715838D-20
 0.5972729929943D-03-0.2233208110298D-19 0.5961382965375D-03-0.4302819064740D-19
 0.6237223867282D-03 0.8856663781177D-20 0.7357869890086D-03-0.1529920629004D-18
 0.3939229766215D-03 0.3269149820980D-19 0.7527106557632D-03 0.1645229181539D-19
 0.7694921665305D-03 0.7710569069799D-19 0.7721131750954D-03-0.1805269395095D-19
 0.7630738260520D-03-0.9502308902817D-19 0.4360297838020D-03-0.5045474823289D-19
 0.4604367617690D-03-0.4302822425116D-19 0.9341607631456D-03 0.5609979715439D-19
 0.9019631037490D-03 0.8913175400001D-19 0.9761428557688D-03-0.1008731429622D-18
 0.4984094982885D-03 0.2092289206114D-20 0.9993930834817D-03-0.6952675143120D-19
 0.2532568200336D-03 0.6073406094839D-19 0.1041927407815D-02-0.1421451967634D-18
 0.1112315405960D-02-0.6032879467756D-19 0.5592386799726D-03-0.6566823542379D-19
 0.1072195527313D-02-0.2009528518767D-19 0.5263429789485D-03 0.3937879244616D-20
 0.5375150093318D-03 0.1074878883880D-18 0.1044744629596D-02-0.2949933172454D-20
 0.1136454982255D-02 0.2839707686762D-19 0.1157087830959D-02-0.1191040703925D-18
 0.1090344328642D-02-0.5548204438729D-20 0.1085216453088D-02-0.9142800170559D-19
 0.5385315776904D-03 0.9189726550215D-19 0.5403493199753D-03-0.3789436568730D-20
 0.1068335403132D-02 0.3073443871716D-19 0.1056295447646D-02 0.5688559368282D-21
 0.1070759071737D-02 0.1583002052358D-18 0.1060243199693D-02-0.1215126658806D-19
 0.1424265191335D-03 0.3238273406855D-19 0.1033104764158D-02-0.2705358261218D-19
 0.5260803304802D-03 0.6933592650673D-19 0.5209185652194D-03 0.1169313590930D-19
 0.1073721354032D-02-0.8345617133307D-19 0.5203210727895D-03-0.1487466925672D-19
 0.5277482672507D-03 0.1100311367667D-18 0.4911220071603D-03 0.4844429173756D-20
 0.9431157333428D-03-0.9650396254267D-19 0.4973539145532D-03-0.2276584789530D-19
 0.9649167821574D-03-0.2734581978836D-19 0.4789193555197D-03 0.9259609611252D-19
 0.9015181844738D-03 0.2733946930916D-19 0.8915442491080D-03 0.9448230361876D-19
 0.8615554385367D-03-0.1924002312214D-19 0.8988432634528D-03-0.2618620737048D-19
 0.8577552835651D-03 0.1593595415949D-19 0.4350919362704D-03-0.1112853730182D-20
 0.8059482252558D-03-0.4540829112086D-21 0.7766623897038D-03 0.3639658984532D-20
 0.7612735134158D-03-0.6009366951834D-19 0.7917574222574D-03-0.4409841356093D-19
 0.3930152389642D-03-0.1706520035844D-19 0.3652842274489D-03 0.6186871685587D-19
 0.6927690323157D-03 0.1980514114642D-20 0.6915219764014D-03-0.1619560786431D-19
 0.3175117369689D-03 0.5489136605597D-20 0.3256642928913D-03 0.2556545180979D-19
 0.6462631349139D-03-0.2015251291793D-19 0.6090456268919D-03 0.1009205195931D-18
 0.2896259710912D-03 0.2662256379230D-19 0.5675040603662D-03-0.2807785372207D-19
 0.5374048316788D-03 0.3987104672480D-19 0.5539682049010D-03-0.7252046747997D-20
 0.5453636963077D-03-0.3774411988920D-19 0.4491780905153D-03 0.1913898707701D-20
 0.3964111666541D-03 0.5861281101769D-20 0.3289410947234D-03 0.3098643702398D-19
 0.3042525582727D-03-0.1600727043461D-19 0.3178417043292D-03-0.3112684098912D-20
    1
    1    1  120    3
 0.1347657819186D-03 0.1480985657298D-03 0.1622594670520D-03 0.1774252961397D-03
 0.1935420060757D-03 0.2105983028251D-03 0.2285610931708D-03 0.2473821564336D-03
 0.2669886789814D-03 0.2872864417633D-03 0.3081571569584D-03 0.3294548259421D-03
 0.3510079924861D-03 0.3726160638589D-03 0.3940538528211D-03 0.4150697086679D-03
 0.4353938765972D-03 0.4547400979835D-03 0.4728197392284D-03 0.4893487790813D-03
 0.5040697497975D-03 0.5167654231742D-03 0.5272890931311D-03 0.5355835616721D-03
 0.5417157832589D-03 0.5458932117169D-03 0.5484904308604D-03 0.5500455176857D-03
 0.5512577101524D-03 0.5529420089666D-03 0.5559805751090D-03 0.5612294290053D-03
 0.5694349076999D-03 0.5811254652273D-03 0.5965442946307D-03 0.6155879863510D-03
 0.6378109053525D-03 0.6624473948427D-03 0.6884934547219D-03 0.7147881314506D-03
 0.7401257515066D-03 0.7633413085648D-03 0.7834022378841D-03 0.7994607369947D-03
 0.8109046146362D-03 0.8173712814168D-03 0.8187626798783D-03 0.8152320135697D-03
 0.8071750823821D-03 0.7952014260405D-03 0.7801110723850D-03 0.7628564329442D-03
 0.7445087311164D-03 0.7262126612298D-03 0.7091432516623D-03 0.6944534986338D-03
 0.6832217649831D-03 0.6763930326224D-03 0.6747182043055D-03 0.6786943472962D-03
 0.6885040989077D-03 0.7039713491449D-03 0.7245272125726D-03 0.7492228254848D-03
 0.7767790626961D-03 0.8057290444587D-03 0.8346211453564D-03 0.8623306037631D-03
 0.8883715507723D-03 0.9132040678291D-03 0.9383464760843D-03 0.9663038932194D-03
 0.1000205375630D-02 0.1043354643884D-02 0.1098720746054D-02 0.1168639510174D-02
 0.1254651462455D-02 0.1357600051774D-02 0.1477774720721D-02 0.1615177025471D-02
 0.1769691178823D-02 0.1941292129269D-02 0.2130109228356D-02 0.2336514537645D-02
 0.2561069859585D-02 0.2804503108456D-02 0.3067552105201D-02 0.3350837210783D-02
 0.3654603454021D-02 0.3978479815973D-02 0.4321102866717D-02 0.4679745921800D-02
 0.5049794990998D-02 0.5424221644390D-02 0.5792883732672D-02 0.6141820571843D-02
 0.6452363651744D-02 0.6700259611823D-02 0.6854623353245D-02 0.6876954449539D-02
 0.6720055541176D-02 0.6327111867690D-02 0.5630810061474D-02 0.4552707003654D-02
 0.3002792555422D-02 0.8792385226739D-03-0.1931702524482D-02-0.5556034458332D-02
-0.1013256486368D-01-0.1581447901393D-01-0.2277148613221D-01-0.3119385535981D-01
-0.4129705024335D-01-0.5332912012633D-01-0.6757844787294D-01-0.8438469716393D-01
-0.1041481051988D+00-0.1273398916353D+00-0.1545066710972D+00-0.1862753390379D+00
 0.2775701281588D-08 0.3279366525934D-08 0.3863778889035D-08 0.4545901226424D-08
 0.5339323474504D-08 0.6261096363353D-08 0.7329837208204D-08 0.8566775121456D-08
 0.9995044560927D-08 0.1164048986482D-07 0.1353134877199D-07 0.1569845876427D-07
 0.1817513850949D-07 0.2099711470697D-07 0.2420228616528D-07 0.2783061777387D-07
 0.3192339274693D-07 0.3652301208401D-07 0.4167213695925D-07 0.4741327820264D-07
 0.5378794970065D-07 0.6083661275862D-07 0.6859816173671D-07 0.7711122132607D-07
 0.8641519730527D-07 0.9655441738853D-07 0.1075822805640D-06 0.1195705292863D-06
 0.1326180046996D-06 0.1468656799184D-06 0.1625092182246D-06 0.1798161439213D-06
 0.1991354363285D-06 0.2209073822363D-06 0.2456584911439D-06 0.2739940946951D-06
 0.3065718986815D-06 0.3440769387012D-06 0.3871806190304D-06 0.4365096213672D-06
 0.4926029278420D-06 0.5558859356094D-06 0.6266312381265D-06 0.7049380614127D-06
 0.7906924236651D-06 0.8835450593199D-06 0.9828618818562D-06 0.1087693444510D-05
 0.1196708901193D-05 0.1308153100144D-05 0.1419762282462D-05 0.1528709818190D-05
 0.1631507155356D-05 0.1723949492142D-05 0.1801016877320D-05 0.1856849316761D-05
 0.1884691555269D-05 0.1876965429310D-05 0.1825358028645D-05 0.1721138246256D-05
 0.1555580664458D-05 0.1320780730379D-05 0.1010699820207D-05 0.6227443956258D-06
 0.1595475951516D-06-0.3689282416086D-06-0.9437745113494D-06-0.1536317481338D-05
-0.2109377377658D-05-0.2620739044990D-05-0.3029254671949D-05-0.3301785209824D-05
-0.3419647277471D-05-0.3381920987201D-05-0.3205463571320D-05-0.2921524561825D-05
-0.2571336809359D-05-0.2201641010676D-05-0.1862098500827D-05-0.1604261175616D-05
-0.1482885525008D-05-0.1558516071203D-05-0.1902030766037D-05-0.2600241839158D-05
-0.3763636510570D-05-0.5535679162329D-05-0.8105233649487D-05-0.1172184575438D-04
-0.1671598838291D-04-0.2352440947022D-04-0.3272353664142D-04-0.4507161580780D-04
-0.6156385317841D-04-0.8350195456113D-04-0.1125839540288D-03-0.1510167034161D-03
-0.2016580838445D-03-0.2681921132044D-03-0.3553439535433D-03-0.4691378392683D-03
-0.6172031111768D-03-0.8091307271644D-03-0.1056884084729D-02-0.1375272088219D-02
-0.1782488564673D-02-0.2300748497587D-02-0.2957028672746D-02-0.3783981389191D-02
-0.4821020115376D-02-0.6115694176360D-02-0.7725321945845D-02-0.9719105689227D-02
-0.1218070030218D-01-0.1521168142214D-01-0.1893586610076D-01-0.2350504321046D-01
-0.2910565289141D-01-0.3596678159475D-01-0.4436859148596D-01-0.5465224000493D-01
 0.1668339442679D-09 0.2006447471805D-09 0.2407979698140D-09 0.2886124778920D-09
 0.3455193253606D-09 0.4133695608268D-09 0.4942868206865D-09 0.5909446825200D-09
 0.7065170953039D-09 0.8449060754543D-09 0.1010777535009D-08 0.1209778396825D-08
 0.1448725360665D-08 0.1735717378380D-08 0.2080429425961D-08 0.2494429494957D-08
 0.2991136907019D-08 0.3586187584225D-08 0.4297376741555D-08 0.5144568050773D-08
 0.6149331272385D-08 0.7334065024321D-08 0.8720666888607D-08 0.1032854304934D-07
 0.1217163418719D-07 0.1425493726143D-07 0.1656989435082D-07 0.1909044265771D-07
 0.2176872554296D-07 0.2453357047174D-07 0.2729091661581D-07 0.2992898079449D-07
 0.3232651922464D-07 0.3436507729622D-07 0.3594144584176D-07 0.3697982666050D-07
 0.3743888171940D-07 0.3731476429106D-07 0.3663765853949D-07 0.3546520045819D-07
 0.3387268769182D-07 0.3194400048221D-07 0.2976286521702D-07 0.2740714537636D-07
 0.2494443717066D-07 0.2243071121159D-07 0.1990942231699D-07 0.1741241166062D-07
 0.1496075398958D-07 0.1256610357314D-07 0.1023152246044D-07 0.7952472585143D-08
 0.5716948626441D-08 0.3505508969631D-08 0.1290609280471D-08-0.9644135180891D-09
-0.3307064483729D-08-0.5797774962075D-08-0.8512535590178D-08-0.1154586320293D-07
-0.1501372726001D-07-0.1905594307088D-07-0.2383710319379D-07-0.2954477782220D-07
-0.3638407354354D-07-0.4456853093233D-07-0.5431127252589D-07-0.6582527198678D-07
-0.7934969781751D-07-0.9522101247586D-07-0.1140016310403D-06-0.1366573338853D-06
-0.1647533758332D-06-0.2006331184650D-06-0.2475620630308D-06-0.3098605780077D-06
-0.3930712641760D-06-0.5042196842488D-06-0.6522080340930D-06-0.8483806668246D-06
-0.1107282839385D-05-0.1447659217379D-05-0.1893738095791D-05-0.2476890373669D-05
-0.3237768025728D-05-0.4229090870590D-05-0.5519295957007D-05-0.7197372945349D-05
-0.9379315924121D-05-0.1221681291686D-04-0.1590901068795D-04-0.2071849469714D-04
-0.2699299199000D-04-0.3519471941711D-04-0.4593977332067D-04-0.6005044658890D-04
-0.7862377220509D-04-0.1031201220835D-03-0.1354759566795D-03-0.1782458614846D-03
-0.2347796777854D-03-0.3094437950484D-03-0.4078986965031D-03-0.5374533385906D-03
-0.7075223342320D-03-0.9302273494310D-03-0.1221184287961D-02-0.1600536968492D-02
-0.2094282885992D-02-0.2735972090254D-02-0.3568847986961D-02-0.4648609334838D-02
-0.6046997313530D-02-0.7856616482873D-02-0.1019737012219D-01-0.1322505995288D-01
-0.1714249041979D-01-0.2221365861346D-01-0.2878159386289D-01-0.3729129481187D-01
    2    2  120    8
 0.2869675339908D-03 0.3047199755916D-03 0.3235733539310D-03 0.3435956719393D-03
 0.3648598784929D-03 0.3874429256897D-03 0.4114271009653D-03 0.4368992587186D-03
 0.4639522942106D-03 0.4926842790551D-03 0.5232000799075D-03 0.5556104321851D-03
 0.5900337683412D-03 0.6265951247424D-03 0.6654282597247D-03 0.7066744194690D-03
 0.7504846756256D-03 0.7970185928611D-03 0.8464468755790D-03 0.8989497968042D-03
 0.9547202636802D-03 0.1013962045628D-02 0.1076893160101D-02 0.1143743961002D-02
 0.1214760973425D-02 0.1290204643238D-02 0.1370353778507D-02 0.1455503014575D-02
 0.1545967724412D-02 0.1642081286559D-02 0.1744200649830D-02 0.1852703122286D-02
 0.1967992817332D-02 0.2090497042227D-02 0.2220673433460D-02 0.2359006070489D-02
 0.2506013568799D-02 0.2662244519810D-02 0.2828286869966D-02 0.3004762801031D-02
 0.3192339128621D-02 0.3391721804617D-02 0.3603667723894D-02 0.3828978287949D-02
 0.4068513093852D-02 0.4323182725720D-02 0.4593963961560D-02 0.4881892054719D-02
 0.5188078024339D-02 0.5513699640024D-02 0.5860021489379D-02 0.6228384909089D-02
 0.6620230259000D-02 0.7037086379698D-02 0.7480595762268D-02 0.7952502254259D-02
 0.8454680527869D-02 0.8989122185588D-02 0.9557968637598D-02 0.1016349662825D-01
 0.1080815548380D-01 0.1149455038421D-01 0.1222548566096D-01 0.1300394639097D-01
 0.1383314670705D-01 0.1471651055302D-01 0.1565772689709D-01 0.1666072743185D-01
 0.1772975086473D-01 0.1886931838632D-01 0.2008430564282D-01 0.2137991778733D-01
 0.2276177130542D-01 0.2423586518926D-01 0.2580867697664D-01 0.2748713085305D-01
 0.2927870500455D-01 0.3119140044001D-01 0.3323386333124D-01 0.3541534820675D-01
 0.3774586204822D-01 0.4023612462145D-01 0.4289772895725D-01 0.4574310402403D-01
 0.4878569791802D-01 0.5203993410030D-01 0.5552142696629D-01 0.5924693457526D-01
 0.6323460078567D-01 0.6750391198881D-01 0.7207597343574D-01 0.7697345954737D-01
 0.8222093695793D-01 0.8784481171893D-01 0.9387369678185D-01 0.1003383533987D+00
 0.1072721237045D+00 0.1147108552412D+00 0.1226933948550D+00 0.1312615164362D+00
 0.1404604689863D+00 0.1503388953279D+00 0.1609494598020D+00 0.1723487440269D+00
 0.1845979488684D+00 0.1977627894505D+00 0.2119142671372D+00 0.2271285554900D+00
 0.2434878913132D+00 0.2610804442827D+00 0.2800013487539D+00 0.3003526203150D+00
 0.3222443478037D+00 0.3457946762608D+00 0.3711312358984D+00 0.3983911858083D+00
 0.4277228683396D+00 0.4592859236339D+00 0.4932531179669D+00 0.5298104593332D+00
-0.2092969264706D-07-0.2359261698268D-07-0.2659490783295D-07-0.2997983757764D-07
-0.3379622850873D-07-0.3809911744468D-07-0.4295058625499D-07-0.4842062181484D-07
-0.5458817224864D-07-0.6154223999804D-07-0.6938322374292D-07-0.7822431396249D-07
-0.8819319476703D-07-0.9943382297618D-07-0.1121085910739D-06-0.1264005910551D-06
-0.1425163698660D-06-0.1606888056863D-06-0.1811806166973D-06-0.2042880185113D-06
-0.2303451971791D-06-0.2597289586648D-06-0.2928644151116D-06-0.3302309125857D-06
-0.3723692780359D-06-0.4198893329655D-06-0.4734791544630D-06-0.5339146284811D-06
-0.6020712225205D-06-0.6789361829106D-06-0.7656235053525D-06-0.8633894720045D-06
-0.9736517031092D-06-0.1098008980519D-05-0.1238265507095D-05-0.1396456118703D-05
-0.1574877235077D-05-0.1776118967916D-05-0.2003104574471D-05-0.2259131353549D-05
-0.2547920959279D-05-0.2873671473221D-05-0.3241121605888D-05-0.3655617120209D-05
-0.4123192563029D-05-0.4650656099722D-05-0.5245693725359D-05-0.5916977455326D-05
-0.6674298342634D-05-0.7528704439012D-05-0.8492670715655D-05-0.9580275100183D-05
-0.1080741519999D-04-0.1219203341194D-04-0.1375439358033D-04-0.1551736855635D-04
-0.1750679372825D-04-0.1975183427044D-04-0.2228543746507D-04-0.2514480190011D-04
-0.2837195627582D-04-0.3201435950201D-04-0.3612564047282D-04-0.4076636805732D-04
-0.4600499707592D-04-0.5191885421107D-04-0.5859535143025D-04-0.6613324974734D-04
-0.7464421312416D-04-0.8425443274417D-04-0.9510662321880D-04-0.1073621037860D-03
-0.1212033689946D-03-0.1368367668382D-03-0.1544958025493D-03-0.1744445950921D-03
-0.1969821367406D-03-0.2224467565956D-03-0.2512216189444D-03-0.2837405152671D-03
-0.3204949771922D-03-0.3620417871863D-03-0.4090122473666D-03-0.4621219396945D-03
-0.5221827826124D-03-0.5901158310731D-03-0.6669670203081D-03-0.7539239072950D-03
-0.8523363481854D-03-0.9637385091131D-03-0.1089875985909D-02-0.1232734835562D-02
-0.1394577288964D-02-0.1577979916446D-02-0.1785880676496D-02-0.2021629314079D-02
-0.2289049014136D-02-0.2592502772369D-02-0.2936974569769D-02-0.3328156218103D-02
-0.3772553927691D-02-0.4277602891137D-02-0.4851807077439D-02-0.5504890606276D-02
-0.6247983778530D-02-0.7093825432657D-02-0.8057013298911D-02-0.9154281109534D-02
-0.1040484282175D-01-0.1183077837847D-01-0.1345751748827D-01-0.1531438447175D-01
-0.1743527932670D-01-0.1985944739675D-01-0.2263242685874D-01-0.2580710682353D-01
-0.2944500855749D-01-0.3361769485209D-01-0.3840844347257D-01-0.4391407828933D-01
 0.4703015609501D-07 0.5301682849592D-07 0.5976653197653D-07 0.6737655335424D-07
 0.7595664850761D-07 0.8563054397655D-07 0.9653778937208D-07 0.1088357112394D-06
 0.1227017588375D-06 0.1383359868928D-06 0.1559640418169D-06 0.1758403205715D-06
 0.1982517701482D-06 0.2235219008448D-06 0.2520156205528D-06 0.2841443451938D-06
 0.3203721477609D-06 0.3612222508818D-06 0.4072848627947D-06 0.4592254283326D-06
 0.5177946007506D-06 0.5838387497450D-06 0.6583126320479D-06 0.7422927720381D-06
 0.8369936103344D-06 0.9437844714882D-06 0.1064210165465D-05 0.1200012593064D-05
 0.1353156916296D-05 0.1525859092182D-05 0.1720619187554D-05 0.1940256431172D-05
 0.2187951585257D-05 0.2467291636195D-05 0.2782323745687D-05 0.3137612067897D-05
 0.3538306523366D-05 0.3990215183760D-05 0.4499891825100D-05 0.5074728087293D-05
 0.5723065149411D-05 0.6454310936022D-05 0.7279082518057D-05 0.8209355639706D-05
 0.9258645822074D-05 0.1044219912475D-04 0.1177722307882D-04 0.1328312982769D-04
 0.1498183039165D-04 0.1689804479845D-04 0.1905967777794D-04 0.2149821376814D-04
 0.2424919599210D-04 0.2735273136840D-04 0.3085410121755D-04 0.3480440560057D-04
 0.3926134365118D-04 0.4429003507226D-04 0.4996401751939D-04 0.5636629618291D-04
 0.6359061766142D-04 0.7174281091923D-04 0.8094241488957D-04 0.9132439628174D-04
 0.1030412275463D-03 0.1162650851698D-03 0.1311905122874D-03 0.1480372300055D-03
 0.1670535439434D-03 0.1885199537524D-03 0.2127535189118D-03 0.2401124770103D-03
 0.2710018585066D-03 0.3058794123011D-03 0.3452628078077D-03 0.3897372680204D-03
 0.4399648265960D-03 0.4966941517134D-03 0.5607724662392D-03 0.6331582461896D-03
 0.7149365714772D-03 0.8073355330661D-03 0.9117461424679D-03 0.1029743521615D-02
 0.1163112672705D-02 0.1313876093234D-02 0.1484327186058D-02 0.1677066124142D-02
 0.1895043434020D-02 0.2141606713648D-02 0.2420557362247D-02 0.2736211701693D-02
 0.3093475000564D-02 0.3497921150605D-02 0.3955889424473D-02 0.4474588797236D-02
 0.5062223734808D-02 0.5728130632030D-02 0.6482942291388D-02 0.7338765212321D-02
 0.8309394243143D-02 0.9410545025492D-02 0.1066013363457D-01 0.1207858135780D-01
 0.1368918367521D-01 0.1551851293034D-01 0.1759690866610D-01 0.1995902020913D-01
 0.2264446833289D-01 0.2569858479306D-01 0.2917332252827D-01 0.3312827566677D-01
 0.3763193452918D-01 0.4276309911726D-01 0.4861259744080D-01 0.5528520679544D-01
 0.6290196239945D-01 0.7160271057975D-01 0.8154912598274D-01 0.9292804037092D-01
 0.2604879132460D-11 0.3118146770541D-11 0.3733214418433D-11 0.4468532497201D-11
 0.5349415608024D-11 0.6404384965105D-11 0.7666532126429D-11 0.9178038643206D-11
 0.1098700456883D-10 0.1315238743999D-10 0.1574566250859D-10 0.1884903557541D-10
 0.2256515024437D-10 0.2701272080016D-10 0.3233793734530D-10 0.3871177812220D-10
 0.4634267175551D-10 0.5547691291012D-10 0.6641189083389D-10 0.7950193075710D-10
 0.9517167619699D-10 0.1139290125245D-09 0.1363821422363D-09 0.1632601706449D-09
 0.1954335446634D-09 0.2339460083381D-09 0.2800443364368D-09 0.3352240188759D-09
 0.4012721777593D-09 0.4803281958354D-09 0.5749530543634D-09 0.6882106961267D-09
 0.8237668975588D-09 0.9860092720274D-09 0.1180188369688D-08 0.1412582733409D-08
 0.1690709895543D-08 0.2023559526537D-08 0.2421887943096D-08 0.2898562279182D-08
 0.3468975703120D-08 0.4151537736875D-08 0.4968273317219D-08 0.5945520244416D-08
 0.7114777925401D-08 0.8513718567984D-08 0.1018738766129D-07 0.1218964978094D-07
 0.1458490172724D-07 0.1745014085831D-07 0.2087740855020D-07 0.2497673034197D-07
 0.2987961646654D-07 0.3574325009186D-07 0.4275547138307D-07 0.5114076304195D-07
 0.6116734704939D-07 0.7315572106191D-07 0.8748877592341D-07 0.1046239663433D-06
 0.1251077372308D-06 0.1495928763869D-06 0.1788590896953D-06 0.2138377558714D-06
 0.2556412895892D-06 0.3055984803881D-06 0.3652964299255D-06 0.4366310670380D-06
 0.5218671218148D-06 0.6237104437373D-06 0.7453939267573D-06 0.8907812558820D-06
 0.1064490293926D-05 0.1272042286828D-05 0.1520039543296D-05 0.1816380618730D-05
 0.2170516998803D-05 0.2593764414459D-05 0.3099674801830D-05 0.3704488190420D-05
 0.4427673256957D-05 0.5292585050083D-05 0.6327252424276D-05 0.7565336988934D-05
 0.9047281603601D-05 0.1082170888071D-04 0.1294709494428D-04 0.1549380552281D-04
 0.1854652816870D-04 0.2220722306477D-04 0.2659863718391D-04 0.3186855114743D-04
 0.3819481153282D-04 0.4579138438389D-04 0.5491548369844D-04 0.6587609991617D-04
 0.7904397891610D-04 0.9486350633681D-04 0.1138665367636D-03 0.1366888380228D-03
 0.1640891998122D-03 0.1969722349136D-03 0.2364150323614D-03 0.2836993365499D-03
 0.3403496903102D-03 0.4081803678115D-03 0.4893521410495D-03 0.5864434804809D-03
 0.7025381589271D-03 0.8413363839027D-03 0.1007292096192D-02 0.1205786360662D-02
 0.1443339089280D-02 0.1727870876185D-02 0.2069014291511D-02 0.2478487514595D-02
 0.2970524307636D-02 0.3562376904578D-02 0.4274885381484D-02 0.5133148465785D-02
-0.4180512337127D-11-0.5003510222643D-11-0.5989088801525D-11-0.7169575591721D-11
-0.8581392514319D-11-0.1027190592863D-10-0.1229551772027D-10-0.1471817011245D-10
-0.1761845176691D-10-0.2108977668206D-10-0.2524447297751D-10-0.3021900666827D-10
-0.3617350538035D-10-0.4330158210600D-10-0.5183302426067D-10-0.6204642890521D-10
-0.7427291496901D-10-0.8890820919907D-10-0.1064263610179D-09-0.1273962426572D-09
-0.1524967617441D-09-0.1825426483272D-09-0.2185072188681D-09-0.2615555665100D-09
-0.3130835398320D-09-0.3747583552763D-09-0.4485806737808D-09-0.5369390440943D-09
-0.6426950194117D-09-0.7692714362972D-09-0.9207671726774D-09-0.1102081106087D-08
-0.1319081092930D-08-0.1578782779617D-08-0.1889581880601D-08-0.2261527016905D-08
-0.2706631298133D-08-0.3239272880680D-08-0.3876647173521D-08-0.4639326748118D-08
-0.5551913671930D-08-0.6643837385503D-08-0.7950288626356D-08-0.9513358531594D-08
-0.1138337766147D-07-0.1362052812893D-07-0.1629676587500D-07-0.1949812630414D-07
-0.2332746096044D-07-0.2790772286708D-07-0.3338588164413D-07-0.3993760926737D-07
-0.4777285824980D-07-0.5714255246948D-07-0.6834654054590D-07-0.8174314371036D-07
-0.9776049616203D-07-0.1169101658167D-06-0.1398033418326D-06-0.1671702619434D-06
-0.1998833170260D-06-0.2389848026156D-06-0.2857199127952D-06-0.3415764023388D-06
-0.4083317769890D-06-0.4881100561162D-06-0.5834493647343D-06-0.6973833355997D-06
-0.8335381214341D-06-0.9962494112672D-06-0.1190702074899D-05-0.1423098848631D-05
-0.1700862008191D-05-0.2032877402182D-05-0.2429786776157D-05-0.2904342156092D-05
-0.3471831286320D-05-0.4150594294007D-05-0.4962645181873D-05-0.5934428002964D-05
-0.7097727715605D-05-0.8490780060285D-05-0.1015960968948D-04-0.1215966156046D-04
-0.1455776799444D-04-0.1743454556675D-04-0.2088728164018D-04-0.2503344524026D-04
-0.3001490434428D-04-0.3600303697212D-04-0.4320484623518D-04-0.5187033493040D-04
-0.6230127791350D-04-0.7486174020827D-04-0.8999050415322D-04-0.1082158774914D-03
-0.1301730751192D-03-0.1566248322486D-03-0.1884854920884D-03-0.2268495478541D-03
-0.2730250270842D-03-0.3285732826033D-03-0.3953559775559D-03-0.4755919277592D-03
-0.5719254372016D-03-0.6875107405414D-03-0.8261157333258D-03-0.9922525612544D-03
-0.1191340381289D-02-0.1429911669707D-02-0.1715869009931D-02-0.2058807091615D-02
-0.2470406122216D-02-0.2964912001114D-02-0.3559704107625D-02-0.4275964220640D-02
-0.5139439172107D-02-0.6181313771009D-02-0.7439189319879D-02-0.8958213072430D-02
-0.1168061426207D-14-0.8808075571358D-15-0.1161096434013D-14-0.1679233482949D-14
-0.1995418296074D-14-0.1893058557131D-14-0.2489309491246D-14-0.2238672382645D-14
-0.3483821433812D-14-0.4129580214029D-14-0.4860197184715D-14-0.6253815751952D-14
-0.7340519407765D-14-0.9933899181518D-14-0.1130574041695D-13-0.1506895351626D-13
-0.1896861146444D-13-0.2454532927603D-13-0.3081263797183D-13-0.3948221192687D-13
-0.4942188379438D-13-0.6199632640729D-13-0.7919444109642D-13-0.9998440357735D-13
-0.1276650241322D-12-0.1606812802514D-12-0.2052084834930D-12-0.2611016054000D-12
-0.3311726598333D-12-0.4220474039863D-12-0.5370500802905D-12-0.6825493994690D-12
-0.8692325437773D-12-0.1105985272137D-11-0.1406041230347D-11-0.1790427928823D-11
-0.2277959921768D-11-0.2898996736491D-11-0.3689032648933D-11-0.4695576673595D-11
-0.5975392921332D-11-0.7606370119451D-11-0.9680242465634D-11-0.1232089974829D-10
-0.1568245976294D-10-0.1996091639362D-10-0.2540581779942D-10-0.3233603136664D-10
-0.4115962162378D-10-0.5238775195599D-10-0.6667783285453D-10-0.8486691504807D-10
-0.1080144842583D-09-0.1374732985256D-09-0.1749628335181D-09-0.2226677334773D-09
-0.2833697757410D-09-0.3606037878535D-09-0.4588654792138D-09-0.5838697496279D-09
-0.7428772453484D-09-0.9451185497637D-09-0.1202318999164D-08-0.1529369431295D-08
-0.1945180590327D-08-0.2473760396843D-08-0.3145575238946D-08-0.3999278593939D-08
-0.5083890365046D-08-0.6461558793391D-08-0.8211034538261D-08-0.1043207490080D-07
-0.1325097706937D-07-0.1682755612522D-07-0.2136394025553D-07-0.2711560999592D-07
-0.3440530050382D-07-0.4364040625038D-07-0.5533486962527D-07-0.7013652415697D-07
-0.8886139574775D-07-0.1125364809222D-06-0.1424532851012D-06-0.1802344633952D-06
-0.2279170500694D-06-0.2880559010415D-06-0.3638526935173D-06-0.4593160762336D-06
-0.5794613143752D-06-0.7305581738262D-06-0.9204402922966D-06-0.1158890054794D-05
-0.1458120613664D-05-0.1833378302158D-05-0.2303701894175D-05-0.2892878865270D-05
-0.3630662049004D-05-0.4554318419108D-05-0.5710622821013D-05-0.7158427707052D-05
-0.8972011233675D-05-0.1124544305026D-04-0.1409832818858D-04-0.1768335506013D-04
-0.2219627119397D-04-0.2788901153311D-04-0.3508700258382D-04-0.4421179112349D-04
-0.5581055627605D-04-0.7059414853581D-04-0.8948580004081D-04-0.1136825588579D-03
-0.1447320350101D-03-0.1846266102904D-03-0.2359178747139D-03-0.3018532626368D-03
-0.3865380580731D-03-0.4951254741209D-03-0.6340407879732D-03-0.8112473129704D-03
-0.1697150211489D-15-0.2497340881340D-15-0.4822387610243D-15-0.3846355975078D-15
-0.3753571667333D-15-0.7188678295086D-15-0.1011831107944D-14-0.1612069620821D-14
-0.1556323396637D-14-0.2368972628454D-14-0.3127557323275D-14-0.3722879331441D-14
-0.4996283250299D-14-0.6121791226291D-14-0.8288238573729D-14-0.1031082167022D-13
-0.1309584345627D-13-0.1654794774625D-13-0.2143038263843D-13-0.2703940723928D-13
-0.3477459413491D-13-0.4442054448431D-13-0.5619827154096D-13-0.7163253802914D-13
-0.9116615979634D-13-0.1163607057677D-12-0.1484521362244D-12-0.1885394277413D-12
-0.2402218643930D-12-0.3054731356342D-12-0.3885756471529D-12-0.4945431490264D-12
-0.6278731004243D-12-0.7979814990293D-12-0.1014070973839D-11-0.1286957186908D-11
-0.1633551344200D-11-0.2072481494539D-11-0.2628471538539D-11-0.3331585275099D-11
-0.4220614230604D-11-0.5343747542938D-11-0.6761752190188D-11-0.8550486410726D-11
-0.1080418181844D-10-0.1364119075113D-10-0.1720780432463D-10-0.2168678897365D-10
-0.2730256537283D-10-0.3433364106458D-10-0.4312133130075D-10-0.5408386131600D-10
-0.6773068271293D-10-0.8468021404752D-10-0.1056762692413D-09-0.1316103007690D-09
-0.1635381505782D-09-0.2027005537860D-09-0.2505327163819D-09-0.3086718228172D-09
-0.3789437603045D-09-0.4633244523302D-09-0.5638632092219D-09-0.6825432034742D-09
-0.8210542835098D-09-0.9804308292170D-09-0.1160506499614D-08-0.1359098601285D-08
-0.1570823991866D-08-0.1785387620718D-08-0.1985161320222D-08-0.2141777390062D-08
-0.2211384724831D-08-0.2128108549143D-08-0.1795081021493D-08-0.1072257820753D-08
 0.2400527452618D-09 0.2423259349775D-08 0.5869938083842D-08 0.1112278043907D-07
 0.1892588906475D-07 0.3029173880645D-07 0.4658818936084D-07 0.6965052915510D-07
 0.1019250174367D-06 0.1466510340626D-06 0.2080909085210D-06 0.2918169599705D-06
 0.4050677741596D-06 0.5571856209176D-06 0.7601500258251D-06 0.1029221337386D-05
 0.1383712395883D-05 0.1847904095117D-05 0.2452127901191D-05 0.3234036678085D-05
 0.4240100882929D-05 0.5527371977444D-05 0.7165591814308D-05 0.9239753058587D-05
 0.1185329751755D-04 0.1513221471832D-04 0.1923046801558D-04 0.2433733386473D-04
 0.3068752872195D-04 0.3857525566408D-04 0.4837370976768D-04 0.6056186731335D-04
 0.7576077416594D-04 0.9478158543033D-04 0.1186876196712D-03 0.1488719492217D-03
 0.1871511391587D-03 0.2358737130585D-03 0.2980399700726D-03 0.3774269030553D-03
 0.4787106144639D-03 0.6075779533328D-03 0.7708229552528D-03 0.9764310642497D-03
 0.6824148569982D-15 0.1136600477094D-14 0.1840993281954D-14 0.2066532357272D-14
 0.2469934630379D-14 0.3538830218241D-14 0.4536363086694D-14 0.5942802534374D-14
 0.7289495141034D-14 0.9599937288690D-14 0.1239037425424D-13 0.1561040409029D-13
 0.2047274058616D-13 0.2578578795328D-13 0.3311149155495D-13 0.4198542641927D-13
 0.5368399520169D-13 0.6810620177041D-13 0.8698110378065D-13 0.1109657474659D-12
 0.1417904390428D-12 0.1803463983019D-12 0.2296516614451D-12 0.2923683468773D-12
 0.3726389476879D-12 0.4749667739388D-12 0.6044112050607D-12 0.7694808411201D-12
 0.9800025564112D-12 0.1247674966583D-11 0.1587797952595D-11 0.2021388975054D-11
 0.2572008696482D-11 0.3272819593319D-11 0.4164646075438D-11 0.5297494938322D-11
 0.6738050178821D-11 0.8569158896456D-11 0.1089573344036D-10 0.1385066150056D-10
 0.1760384255864D-10 0.2236789440284D-10 0.2841518932833D-10 0.3608647551334D-10
 0.4581430628007D-10 0.5814535204158D-10 0.7376867653595D-10 0.9355306489911D-10
 0.1185907480346D-09 0.1502600167861D-09 0.1902894152840D-09 0.2408487844326D-09
 0.3046582210124D-09 0.3851213502196D-09 0.4864906522541D-09 0.6140677346514D-09
 0.7744524035820D-09 0.9758382584557D-09 0.1228374927859D-08 0.1544601801886D-08
 0.1939961561185D-08 0.2433409017713D-08 0.3048122083208D-08 0.3812318529432D-08
 0.4760188810986D-08 0.5932923209169D-08 0.7379830758921D-08 0.9159489500836D-08
 0.1134087777972D-07 0.1400434884719D-07 0.1724229128889D-07 0.2115920088807D-07
 0.2587078648398D-07 0.3150156989555D-07 0.3818020438905D-07 0.4603149835448D-07
 0.5516366799952D-07 0.6564896845359D-07 0.7749507939161D-07 0.9060399063973D-07
 0.1047139279358D-06 0.1193188708194D-06 0.1335583984304D-06 0.1460691804133D-06
 0.1547868381008D-06 0.1566850826350D-06 0.1474355399720D-06 0.1209697625182D-06
 0.6892057167735D-07-0.2008148709265D-07-0.1612856649181D-06-0.3749012628205D-06
-0.6874144704803D-06-0.1133172345090D-05-0.1756270256039D-05-0.2612773281805D-05
-0.3773312564819D-05-0.5326094683854D-05-0.7380390554451D-05-0.1007058946382D-04
-0.1356097929035D-04-0.1805149695629D-04-0.2378487139978D-04-0.3105579248682D-04
-0.4022309365665D-04-0.5172634348869D-04-0.6610880365509D-04-0.8404929410222D-04
-0.1064061454649D-03-0.1342768863931D-03-0.1690775335890D-03-0.2126449961357D-03
-0.2673649799802D-03-0.3363256654586D-03-0.4234942546006D-03-0.5339096960487D-03
-0.6738811059088D-03-0.8511797361768D-03-0.1075214233535D-02-0.1357188924817D-02
