bcc Sb -- Hedin-Lundqvist LDA                                                   
INPUT  IT=190 SPIN=1 NTYPE=  2
 -3.400000  3.400000  3.400000
  3.400000 -3.400000  3.400000
  3.400000  3.400000 -3.400000
    1  435  1.700000  0.030000    1
  0.000000  0.000000  0.000000
 0.1019981858759D+03 0.1019981298644D+03 0.1019980721249D+03 0.1019980126043D+03
 0.1019979512473D+03 0.1019978879976D+03 0.1019978227968D+03 0.1019977555848D+03
 0.1019976862994D+03 0.1019976148769D+03 0.1019975412513D+03 0.1019974653548D+03
 0.1019973871174D+03 0.1019973064668D+03 0.1019972233287D+03 0.1019971376264D+03
 0.1019970492810D+03 0.1019969582109D+03 0.1019968643322D+03 0.1019967675582D+03
 0.1019966677999D+03 0.1019965649651D+03 0.1019964589591D+03 0.1019963496842D+03
 0.1019962370395D+03 0.1019961209213D+03 0.1019960012225D+03 0.1019958778328D+03
 0.1019957506384D+03 0.1019956195221D+03 0.1019954843630D+03 0.1019953450366D+03
 0.1019952014144D+03 0.1019950533640D+03 0.1019949007491D+03 0.1019947434289D+03
 0.1019945812585D+03 0.1019944140884D+03 0.1019942417645D+03 0.1019940641281D+03
 0.1019938810155D+03 0.1019936922579D+03 0.1019934976814D+03 0.1019932971068D+03
 0.1019930903491D+03 0.1019928772180D+03 0.1019926575169D+03 0.1019924310436D+03
 0.1019921975893D+03 0.1019919569390D+03 0.1019917088710D+03 0.1019914531567D+03
 0.1019911895605D+03 0.1019909178396D+03 0.1019906377437D+03 0.1019903490148D+03
 0.1019900513868D+03 0.1019897445857D+03 0.1019894283288D+03 0.1019891023248D+03
 0.1019887662733D+03 0.1019884198649D+03 0.1019880627804D+03 0.1019876946910D+03
 0.1019873152576D+03 0.1019869241306D+03 0.1019865209499D+03 0.1019861053441D+03
 0.1019856769303D+03 0.1019852353140D+03 0.1019847800884D+03 0.1019843108342D+03
 0.1019838271192D+03 0.1019833284979D+03 0.1019828145109D+03 0.1019822846850D+03
 0.1019817385320D+03 0.1019811755490D+03 0.1019805952173D+03 0.1019799970025D+03
 0.1019793803535D+03 0.1019787447024D+03 0.1019780894637D+03 0.1019774140337D+03
 0.1019767177904D+03 0.1019760000923D+03 0.1019752602785D+03 0.1019744976674D+03
 0.1019737115564D+03 0.1019729012215D+03 0.1019720659162D+03 0.1019712048708D+03
 0.1019703172922D+03 0.1019694023627D+03 0.1019684592392D+03 0.1019674870530D+03
 0.1019664849081D+03 0.1019654518814D+03 0.1019643870208D+03 0.1019632893452D+03
 0.1019621578431D+03 0.1019609914717D+03 0.1019597891562D+03 0.1019585497885D+03
 0.1019572722264D+03 0.1019559552922D+03 0.1019545977722D+03 0.1019531984150D+03
 0.1019517559306D+03 0.1019502689893D+03 0.1019487362201D+03 0.1019471562098D+03
 0.1019455275017D+03 0.1019438485938D+03 0.1019421179380D+03 0.1019403339381D+03
 0.1019384949488D+03 0.1019365992738D+03 0.1019346451647D+03 0.1019326308186D+03
 0.1019305543771D+03 0.1019284139246D+03 0.1019262074858D+03 0.1019239330248D+03
 0.1019215884423D+03 0.1019191715745D+03 0.1019166801904D+03 0.1019141119901D+03
 0.1019114646026D+03 0.1019087355835D+03 0.1019059224126D+03 0.1019030224920D+03
 0.1019000331433D+03 0.1018969516052D+03 0.1018937750309D+03 0.1018905004854D+03
 0.1018871249431D+03 0.1018836452844D+03 0.1018800582932D+03 0.1018763606540D+03
 0.1018725489483D+03 0.1018686196520D+03 0.1018645691315D+03 0.1018603936410D+03
 0.1018560893184D+03 0.1018516521820D+03 0.1018470781266D+03 0.1018423629200D+03
 0.1018375021986D+03 0.1018324914638D+03 0.1018273260773D+03 0.1018220012572D+03
 0.1018165120734D+03 0.1018108534427D+03 0.1018050201246D+03 0.1017990067160D+03
 0.1017928076465D+03 0.1017864171727D+03 0.1017798293734D+03 0.1017730381439D+03
 0.1017660371900D+03 0.1017588200227D+03 0.1017513799519D+03 0.1017437100799D+03
 0.1017358032957D+03 0.1017276522679D+03 0.1017192494377D+03 0.1017105870128D+03
 0.1017016569593D+03 0.1016924509948D+03 0.1016829605806D+03 0.1016731769138D+03
 0.1016630909195D+03 0.1016526932424D+03 0.1016419742380D+03 0.1016309239639D+03
 0.1016195321713D+03 0.1016077882949D+03 0.1015956814440D+03 0.1015832003921D+03
 0.1015703335676D+03 0.1015570690426D+03 0.1015433945229D+03 0.1015292973368D+03
 0.1015147644239D+03 0.1014997823236D+03 0.1014843371636D+03 0.1014684146475D+03
 0.1014520000422D+03 0.1014350781660D+03 0.1014176333747D+03 0.1013996495489D+03
 0.1013811100803D+03 0.1013619978575D+03 0.1013422952520D+03 0.1013219841037D+03
 0.1013010457061D+03 0.1012794607908D+03 0.1012572095127D+03 0.1012342714338D+03
 0.1012106255071D+03 0.1011862500609D+03 0.1011611227818D+03 0.1011352206981D+03
 0.1011085201625D+03 0.1010809968352D+03 0.1010526256661D+03 0.1010233808774D+03
 0.1009932359456D+03 0.1009621635834D+03 0.1009301357218D+03 0.1008971234917D+03
 0.1008630972056D+03 0.1008280263393D+03 0.1007918795137D+03 0.1007546244763D+03
 0.1007162280828D+03 0.1006766562794D+03 0.1006358740846D+03 0.1005938455713D+03
 0.1005505338496D+03 0.1005059010495D+03 0.1004599083043D+03 0.1004125157338D+03
 0.1003636824291D+03 0.1003133664369D+03 0.1002615247449D+03 0.1002081132682D+03
 0.1001530868361D+03 0.1000963991796D+03 0.1000380029205D+03 0.9997784956109D+02
 0.9991588947475D+02 0.9985207189825D+02 0.9978634492502D+02 0.9971865549974D+02
 0.9964894941445D+02 0.9957717130612D+02 0.9950326465570D+02 0.9942717178887D+02
 0.9934883387841D+02 0.9926819094821D+02 0.9918518187916D+02 0.9909974441659D+02
 0.9901181517965D+02 0.9892132967233D+02 0.9882822229619D+02 0.9873242636482D+02
 0.9863387411981D+02 0.9853249674831D+02 0.9842822440185D+02 0.9832098621653D+02
 0.9821071033411D+02 0.9809732392405D+02 0.9798075320612D+02 0.9786092347330D+02
 0.9773775911475D+02 0.9761118363841D+02 0.9748111969296D+02 0.9734748908864D+02
 0.9721021281654D+02 0.9706921106597D+02 0.9692440323933D+02 0.9677570796406D+02
 0.9662304310120D+02 0.9646632575002D+02 0.9630547224833D+02 0.9614039816797D+02
 0.9597101830526D+02 0.9579724666583D+02 0.9561899644395D+02 0.9543617999600D+02
 0.9524870880831D+02 0.9505649345944D+02 0.9485944357752D+02 0.9465746779311D+02
 0.9445047368875D+02 0.9423836774622D+02 0.9402105529343D+02 0.9379844045247D+02
 0.9357042609183D+02 0.9333691378490D+02 0.9309780377870D+02 0.9285299497589D+02
 0.9260238493476D+02 0.9234586989103D+02 0.9208334480687D+02 0.9181470345119D+02
 0.9153983851707D+02 0.9125864177969D+02 0.9097100430012D+02 0.9067681667660D+02
 0.9037596934664D+02 0.9006835293762D+02 0.8975385866551D+02 0.8943237877286D+02
 0.8910380699926D+02 0.8876803906657D+02 0.8842497316332D+02 0.8807451040019D+02
 0.8771655521206D+02 0.8735101566939D+02 0.8697780366978D+02 0.8659683497039D+02
 0.8620802903859D+02 0.8581130869349D+02 0.8540659954038D+02 0.8499382920133D+02
 0.8457292638736D+02 0.8414381986225D+02 0.8370643738155D+02 0.8326070471707D+02
 0.8280654486982D+02 0.8234387757529D+02 0.8187261921370D+02 0.8139268317170D+02
 0.8090398071206D+02 0.8040642231298D+02 0.7989991945389D+02 0.7938438672298D+02
 0.7885974416163D+02 0.7832591966862D+02 0.7778285136398D+02 0.7723048972774D+02
 0.7666879944493D+02 0.7609776079955D+02 0.7551737060635D+02 0.7492764256678D+02
 0.7432860710508D+02 0.7372031061126D+02 0.7310281421591D+02 0.7247619205499D+02
 0.7184052921471D+02 0.7119591933934D+02 0.7054246215258D+02 0.6988026088876D+02
 0.6920941994465D+02 0.6853004274115D+02 0.6784223015879D+02 0.6714607950200D+02
 0.6644168438381D+02 0.6572913540734D+02 0.6500852202255D+02 0.6427993527837D+02
 0.6354347177405D+02 0.6279923827478D+02 0.6204735714185D+02 0.6128797169536D+02
 0.6052125147460D+02 0.5974739616641D+02 0.5896663812257D+02 0.5817924213669D+02
 0.5738550281336D+02 0.5658573866326D+02 0.5578028433001D+02 0.5496948105799D+02
 0.5415366807747D+02 0.5333317563557D+02 0.5250832250863D+02 0.5167941802211D+02
 0.5084676983274D+02 0.5001069561631D+02 0.4917153791565D+02 0.4832967888765D+02
 0.4748555392823D+02 0.4663966081502D+02 0.4579256442303D+02 0.4494489486036D+02
 0.4409734038638D+02 0.4325063413104D+02 0.4240553689038D+02 0.4156281571557D+02
 0.4072322096777D+02 0.3988746187423D+02 0.3905618330534D+02 0.3822994392197D+02
 0.3740919825325D+02 0.3659428282627D+02 0.3578540860264D+02 0.3498265966601D+02
 0.3418599991923D+02 0.3339528737268D+02 0.3261029695142D+02 0.3183075071791D+02
 0.3105635499192D+02 0.3028684193795D+02 0.2952201260137D+02 0.2876177668499D+02
 0.2800618250365D+02 0.2725543029488D+02 0.2650986061172D+02 0.2576991436795D+02
 0.2503606435771D+02 0.2430873026045D+02 0.2358819530275D+02 0.2287454925280D+02
 0.2216767524367D+02 0.2146729031119D+02 0.2077302344931D+02 0.2008451636528D+02
 0.1940151505313D+02 0.1872394347209D+02 0.1805194125418D+02 0.1738587585783D+02
 0.1672632360794D+02 0.1607403880717D+02 0.1542990535234D+02 0.1479489081223D+02
 0.1416999277666D+02 0.1355619660201D+02 0.1295443022820D+02 0.1236553483576D+02
 0.1179023406063D+02 0.1122912070492D+02 0.1068264158571D+02 0.1015109957688D+02
 0.9634651997121D+01 0.9133325003387D+01 0.8647021314203D+01 0.8175542863724D+01
 0.7718603618846D+01 0.7275857886785D+01 0.6846915895703D+01 0.6431376269026D+01
 0.6028844274890D+01 0.5638962720079D+01 0.5261417770006D+01 0.4895949925887D+01
 0.4542323147387D+01 0.4200301751485D+01 0.3869606483577D+01 0.3549939128883D+01
 0.3241061878356D+01 0.2943003459360D+01 0.2656285347786D+01
    2  435  1.000000  0.030000    3
  0.000000  0.500000  0.500000
  0.500000  0.500000  0.000000
  0.500000  0.000000  0.500000
 0.1999995816786D+01 0.1999995689386D+01 0.1999995558106D+01 0.1999995422828D+01
 0.1999995283430D+01 0.1999995139787D+01 0.1999994991769D+01 0.1999994839243D+01
 0.1999994682072D+01 0.1999994520115D+01 0.1999994353225D+01 0.1999994181252D+01
 0.1999994004042D+01 0.1999993821435D+01 0.1999993633267D+01 0.1999993439367D+01
 0.1999993239563D+01 0.1999993033674D+01 0.1999992821514D+01 0.1999992602893D+01
 0.1999992377614D+01 0.1999992145474D+01 0.1999991906264D+01 0.1999991659769D+01
 0.1999991405767D+01 0.1999991144029D+01 0.1999990874320D+01 0.1999990596397D+01
 0.1999990310009D+01 0.1999990014900D+01 0.1999989710803D+01 0.1999989397445D+01
 0.1999989074544D+01 0.1999988741808D+01 0.1999988398939D+01 0.1999988045628D+01
 0.1999987681556D+01 0.1999987306397D+01 0.1999986919812D+01 0.1999986521454D+01
 0.1999986110964D+01 0.1999985687972D+01 0.1999985252097D+01 0.1999984802948D+01
 0.1999984340121D+01 0.1999983863197D+01 0.1999983371749D+01 0.1999982865333D+01
 0.1999982343495D+01 0.1999981805764D+01 0.1999981251656D+01 0.1999980680672D+01
 0.1999980092300D+01 0.1999979486008D+01 0.1999978861251D+01 0.1999978217467D+01
 0.1999977554076D+01 0.1999976870481D+01 0.1999976166068D+01 0.1999975440201D+01
 0.1999974692228D+01 0.1999973921474D+01 0.1999973127247D+01 0.1999972308832D+01
 0.1999971465491D+01 0.1999970596466D+01 0.1999969700975D+01 0.1999968778211D+01
 0.1999967827343D+01 0.1999966847517D+01 0.1999965837849D+01 0.1999964797431D+01
 0.1999963725327D+01 0.1999962620571D+01 0.1999961482169D+01 0.1999960309096D+01
 0.1999959100297D+01 0.1999957854682D+01 0.1999956571132D+01 0.1999955248490D+01
 0.1999953885566D+01 0.1999952481134D+01 0.1999951033928D+01 0.1999949542646D+01
 0.1999948005946D+01 0.1999946422444D+01 0.1999944790716D+01 0.1999943109291D+01
 0.1999941376658D+01 0.1999939591255D+01 0.1999937751476D+01 0.1999935855664D+01
 0.1999933902113D+01 0.1999931889065D+01 0.1999929814707D+01 0.1999927677172D+01
 0.1999925474536D+01 0.1999923204815D+01 0.1999920865967D+01 0.1999918455887D+01
 0.1999915972404D+01 0.1999913413283D+01 0.1999910776220D+01 0.1999908058841D+01
 0.1999905258701D+01 0.1999902373277D+01 0.1999899399973D+01 0.1999896336112D+01
 0.1999893178935D+01 0.1999889925601D+01 0.1999886573181D+01 0.1999883118655D+01
 0.1999879558916D+01 0.1999875890757D+01 0.1999872110876D+01 0.1999868215871D+01
 0.1999864202234D+01 0.1999860066353D+01 0.1999855804503D+01 0.1999851412848D+01
 0.1999846887434D+01 0.1999842224186D+01 0.1999837418907D+01 0.1999832467269D+01
 0.1999827364814D+01 0.1999822106949D+01 0.1999816688940D+01 0.1999811105908D+01
 0.1999805352826D+01 0.1999799424514D+01 0.1999793315635D+01 0.1999787020689D+01
 0.1999780534006D+01 0.1999773849747D+01 0.1999766961892D+01 0.1999759864240D+01
 0.1999752550399D+01 0.1999745013783D+01 0.1999737247607D+01 0.1999729244876D+01
 0.1999720998384D+01 0.1999712500705D+01 0.1999703744187D+01 0.1999694720944D+01
 0.1999685422850D+01 0.1999675841531D+01 0.1999665968359D+01 0.1999655794443D+01
 0.1999645310619D+01 0.1999634507445D+01 0.1999623375191D+01 0.1999611903832D+01
 0.1999600083035D+01 0.1999587902153D+01 0.1999575350214D+01 0.1999562415914D+01
 0.1999549087600D+01 0.1999535353268D+01 0.1999521200546D+01 0.1999506616684D+01
 0.1999491588545D+01 0.1999476102592D+01 0.1999460144871D+01 0.1999443701008D+01
 0.1999426756188D+01 0.1999409295144D+01 0.1999391302144D+01 0.1999372760976D+01
 0.1999353654933D+01 0.1999333966801D+01 0.1999313678838D+01 0.1999292772763D+01
 0.1999271229734D+01 0.1999249030340D+01 0.1999226154571D+01 0.1999202581813D+01
 0.1999178290818D+01 0.1999153259693D+01 0.1999127465876D+01 0.1999100886115D+01
 0.1999073496451D+01 0.1999045272192D+01 0.1999016187894D+01 0.1998986217335D+01
 0.1998955333493D+01 0.1998923508521D+01 0.1998890713723D+01 0.1998856919525D+01
 0.1998822095451D+01 0.1998786210096D+01 0.1998749231094D+01 0.1998711125090D+01
 0.1998671857713D+01 0.1998631393540D+01 0.1998589696066D+01 0.1998546727672D+01
 0.1998502449589D+01 0.1998456821862D+01 0.1998409803318D+01 0.1998361351524D+01
 0.1998311422749D+01 0.1998259971927D+01 0.1998206952614D+01 0.1998152316945D+01
 0.1998096015592D+01 0.1998037997719D+01 0.1997978210934D+01 0.1997916601243D+01
 0.1997853113000D+01 0.1997787688857D+01 0.1997720269709D+01 0.1997650794644D+01
 0.1997579200885D+01 0.1997505423733D+01 0.1997429396506D+01 0.1997351050484D+01
 0.1997270314838D+01 0.1997187116571D+01 0.1997101380448D+01 0.1997013028931D+01
 0.1996921982102D+01 0.1996828157596D+01 0.1996731470518D+01 0.1996631833375D+01
 0.1996529155984D+01 0.1996423345401D+01 0.1996314305823D+01 0.1996201938512D+01
 0.1996086141695D+01 0.1995966810474D+01 0.1995843836730D+01 0.1995717109019D+01
 0.1995586512476D+01 0.1995451928700D+01 0.1995313235653D+01 0.1995170307541D+01
 0.1995023014701D+01 0.1994871223477D+01 0.1994714796100D+01 0.1994553590559D+01
 0.1994387460465D+01 0.1994216254922D+01 0.1994039818378D+01 0.1993857990487D+01
 0.1993670605957D+01 0.1993477494392D+01 0.1993278480139D+01 0.1993073382118D+01
 0.1992862013656D+01 0.1992644182309D+01 0.1992419689684D+01 0.1992188331250D+01
 0.1991949896147D+01 0.1991704166985D+01 0.1991450919641D+01 0.1991189923048D+01
 0.1990920938972D+01 0.1990643721792D+01 0.1990358018263D+01 0.1990063567274D+01
 0.1989760099604D+01 0.1989447337664D+01 0.1989124995228D+01 0.1988792777168D+01
 0.1988450379160D+01 0.1988097487403D+01 0.1987733778312D+01 0.1987358918207D+01
 0.1986972562992D+01 0.1986574357826D+01 0.1986163936773D+01 0.1985740922456D+01
 0.1985304925685D+01 0.1984855545080D+01 0.1984392366680D+01 0.1983914963544D+01
 0.1983422895325D+01 0.1982915707846D+01 0.1982392932652D+01 0.1981854086548D+01
 0.1981298671126D+01 0.1980726172272D+01 0.1980136059656D+01 0.1979527786209D+01
 0.1978900787578D+01 0.1978254481566D+01 0.1977588267549D+01 0.1976901525879D+01
 0.1976193617261D+01 0.1975463882114D+01 0.1974711639904D+01 0.1973936188461D+01
 0.1973136803271D+01 0.1972312736739D+01 0.1971463217433D+01 0.1970587449299D+01
 0.1969684610853D+01 0.1968753854338D+01 0.1967794304858D+01 0.1966805059486D+01
 0.1965785186328D+01 0.1964733723571D+01 0.1963649678490D+01 0.1962532026418D+01
 0.1961379709691D+01 0.1960191636547D+01 0.1958966679992D+01 0.1957703676631D+01
 0.1956401425451D+01 0.1955058686569D+01 0.1953674179934D+01 0.1952246583991D+01
 0.1950774534291D+01 0.1949256622061D+01 0.1947691392724D+01 0.1946077344354D+01
 0.1944412926158D+01 0.1942696536754D+01 0.1940926522537D+01 0.1939101175934D+01
 0.1937218733593D+01 0.1935277374539D+01 0.1933275218243D+01 0.1931210322660D+01
 0.1929080682173D+01 0.1926884225503D+01 0.1924618813524D+01 0.1922282237044D+01
 0.1919872214480D+01 0.1917386389503D+01 0.1914822328580D+01 0.1912177518470D+01
 0.1909449363624D+01 0.1906635183541D+01 0.1903732210015D+01 0.1900737584354D+01
 0.1897648354467D+01 0.1894461471946D+01 0.1891173788999D+01 0.1887782055394D+01
 0.1884282915238D+01 0.1880672903787D+01 0.1876948444083D+01 0.1873105843631D+01
 0.1869141290898D+01 0.1865050851884D+01 0.1860830466486D+01 0.1856475944971D+01
 0.1851982964240D+01 0.1847347064220D+01 0.1842563644036D+01 0.1837627958376D+01
 0.1832535113586D+01 0.1827280064044D+01 0.1821857608230D+01 0.1816262385148D+01
 0.1810488870412D+01 0.1804531372794D+01 0.1798384030375D+01 0.1792040807281D+01
 0.1785495489994D+01 0.1778741684359D+01 0.1771772812120D+01 0.1764582108338D+01
 0.1757162618236D+01 0.1749507195154D+01 0.1741608497846D+01 0.1733458989101D+01
 0.1725050933643D+01 0.1716376397615D+01 0.1707427247211D+01 0.1698195149269D+01
 0.1688671570820D+01 0.1678847781005D+01 0.1668714851784D+01 0.1658263661481D+01
 0.1647484896840D+01 0.1636369058560D+01 0.1624906464997D+01 0.1613087259993D+01
 0.1600901418579D+01 0.1588338757517D+01 0.1575388943285D+01 0.1562041505892D+01
 0.1548285849452D+01 0.1534111269760D+01 0.1519506967965D+01 0.1504462072448D+01
 0.1488965655914D+01 0.1473006762376D+01 0.1456574428141D+01 0.1439657714459D+01
 0.1422245732985D+01 0.1404327685065D+01 0.1385892891986D+01 0.1366930841815D+01
 0.1347431225259D+01 0.1327383990988D+01 0.1306779387514D+01 0.1285608028551D+01
 0.1263860941638D+01 0.1241529644560D+01 0.1218606201685D+01 0.1195083313422D+01
 0.1170954380551D+01 0.1146213608505D+01 0.1120856081097D+01 0.1094877881010D+01
 0.1068276173600D+01 0.1041049346196D+01 0.1013197101401D+01 0.9847206178878D+00
 0.9556226535534D+00 0.9259077288621D+00 0.8955822409528D+00 0.8646546724032D+00
 0.8331357161443D+00 0.8010385168464D+00 0.7683788090966D+00 0.7351752009083D+00
 0.7014493360340D+00 0.6672262346465D+00 0.6325344951304D+00 0.5974067173238D+00
 0.5618797592408D+00 0.5259952664008D+00 0.4897999969758D+00 0.4533464656651D+00
 0.4166933287014D+00 0.3799061379825D+00 0.3430577590654D+00 0.3062292349987D+00
 0.2695102543982D+00 0.2330002008104D+00 0.1968088055004D+00
  423
-0.8404535471800D+00 0.6951315690981D-33-0.7012315967611D+01-0.1476570785590D-17
-0.2822668240083D+01-0.2442815183636D-20-0.5104002919994D+01 0.2721328009638D-17
-0.2731902790454D+01 0.3240718088031D-20-0.2599941252850D+01-0.2526084454769D-17
-0.1062431554518D+01 0.3815791386034D-20-0.3052967488233D+01-0.5794012907431D-18
-0.4975822378888D+00-0.8596260934822D-20-0.9366870505812D+00 0.3549812408303D-17
-0.4608130720019D+00-0.1165815926599D-17-0.1345262678584D+01-0.2650929588320D-20
-0.5859460280916D+00-0.9811786163301D-18-0.9419632314137D+00 0.5118954036701D-20
-0.7556250879631D+00 0.3247100603584D-17-0.3743906256603D+00-0.1794978308010D-17
-0.4830018368143D+00-0.1899284885408D-17-0.2489334149321D+00 0.1634197816621D-19
-0.1557807933637D+00 0.6958125502267D-18-0.1547308118008D+00-0.1740602902678D-17
-0.3721306514770D+00 0.1556389062378D-19-0.9294148981947D-01-0.1505937599520D-19
-0.1925444654853D+00-0.2184889611580D-17-0.9566952843038D-01 0.2561636832652D-17
-0.2815358093822D+00-0.2702783488341D-19-0.1128693362065D+00 0.5883633769755D-18
-0.2155878748994D+00-0.1374488062470D-19-0.5948896926841D-01 0.3365246564999D-17
-0.5555788669981D-01-0.1764534735973D-20-0.2393811130511D-01-0.4956188310337D-19
-0.5943400477029D-02-0.7033764953691D-18-0.1156804376374D-01-0.1040414841852D-17
-0.1300558419939D+00 0.3210544517309D-19-0.1658345058551D-03 0.1115611533158D-17
-0.2212358562377D-03-0.1012294130026D-17 0.7571973107611D-04-0.1449166388240D-17
-0.2052842182168D+00 0.2888777470660D-19 0.7480150971252D-02-0.1036648919298D-17
 0.2357223862085D-01-0.1526826969281D-17 0.2312855557576D-01 0.1502897028777D-17
-0.1638632304558D-01-0.1767419464041D-19 0.1383708136099D-01-0.2750724307740D-18
 0.2794230053281D-01-0.2820987552888D-18 0.1410821744050D-01 0.1406707040588D-17
-0.5384060920172D-01-0.1005684719400D-19-0.5349019583556D-01-0.4405001649354D-19
 0.2955681598526D-01 0.9759294436174D-18-0.4416139626447D-01-0.3015232041049D-19
-0.2217136795018D-01 0.3048591424428D-19 0.2963508441849D-01-0.4706923647969D-18
 0.2974048896221D-01 0.2120635166245D-17 0.1485911117033D-01-0.8916193281734D-18
-0.3698687815892D-01 0.3282629513314D-19 0.2847943478016D-01-0.1391996015110D-17
-0.3112176539480D-01 0.1155588402264D-19 0.1327659933650D-01 0.8039385116777D-18
 0.1342527688796D-01-0.4695778481010D-18-0.5297049780764D-01 0.4616348793838D-20
 0.1217743330818D-01 0.1836499782185D-18 0.2439712153207D-01 0.4192802393397D-18
 0.2452310568892D-01-0.7374263650169D-18-0.2271955334040D-01-0.1386492206399D-19
 0.2211899495777D-01-0.5896594398260D-18 0.2209944814721D-01 0.1202156523312D-17
 0.1107307875724D-01-0.4767299031373D-18 0.1990200592326D-01 0.2300574150591D-18
 0.1987276659772D-01-0.7637424079164D-18-0.1698719703730D-01-0.9381566578586D-20
 0.1777721970611D-01 0.9163563825262D-18 0.1776715297742D-01-0.3126148598763D-18
 0.4455565583458D-02-0.3011609092207D-18-0.1477178266917D-01 0.5056896797615D-19
-0.3713107145244D-02-0.1466443642137D-19 0.7946286779366D-02-0.4900418465577D-18
 0.7858060716987D-02 0.5834808958336D-18-0.2575963962907D-01 0.5882333963895D-19
-0.1295765121019D-01-0.4210282631071D-19 0.1409075382864D-01-0.3578109054980D-18
 0.7046492385490D-02-0.4279026649815D-18-0.3739187933512D-02-0.1051467832729D-19
-0.1131824212601D-01-0.3198473404556D-19 0.1261911441579D-01 0.1332827877216D-19
 0.1253651237923D-01-0.7021746826733D-18 0.1244238637220D-01 0.9451671721207D-18
 0.5600289619487D-02 0.2601622044772D-18 0.5606769154051D-02-0.2477892677647D-18
 0.1117752779726D-01 0.4936415496819D-18-0.1717083632342D-01-0.1468782636160D-19
-0.8646059218619D-02-0.5092008115576D-20 0.4920091689020D-02 0.3834323647342D-18
 0.9909394802820D-02 0.1879416195825D-19-0.1512969107539D-01-0.1536477955659D-19
 0.8803076566624D-02-0.3650732943365D-18 0.8822178009218D-02 0.3739074347729D-18
 0.4320171111552D-02-0.1504202633460D-18 0.7791987757342D-02-0.2850237784485D-19
 0.7738812966552D-02 0.6018997371366D-18 0.7664634644135D-02-0.2561673814584D-18
-0.2893067188421D-02 0.2587971776697D-19 0.3432758778982D-02-0.3021499836048D-18
 0.3388639142641D-02-0.1552804725226D-18-0.5103783185675D-02-0.8936678497309D-20
-0.5085717968564D-02 0.3344731411075D-19 0.3034302792824D-02-0.4669632975090D-19
 0.6004393506745D-02 0.4893931707782D-18 0.6030819047843D-02-0.5050242142103D-18
 0.5961937503844D-02-0.2638612242310D-18-0.4473096064690D-02-0.2301753046614D-19
-0.4500318667421D-02 0.2468744902260D-19 0.5282887508790D-02 0.2041404081989D-18
 0.5210057554942D-02-0.1498934701484D-18-0.7958146111821D-02 0.2871866380398D-19
 0.4565072190792D-02-0.7738815138795D-19-0.3522338298909D-02-0.5184383001767D-22
-0.8884863339623D-03-0.8325353545023D-20 0.3913946116407D-02-0.2824904909308D-18
 0.3885810127035D-02-0.1541844183563D-18 0.3902127761457D-02 0.1262409114393D-18
 0.1942472662803D-02-0.1433737902412D-18 0.1930290603021D-02 0.1666129501165D-18
-0.3163154174197D-02-0.2566554771199D-19 0.1656449748669D-02 0.1554485386885D-18
 0.3304305243346D-02-0.2434411933118D-18 0.3306461779749D-02 0.2832924003200D-18
-0.5638613027490D-02-0.6939858489554D-20-0.2827621778921D-02-0.2054240677722D-19
 0.2780199581452D-02 0.9261554206459D-19 0.2763970209986D-02 0.2831183167271D-18
 0.2296886561827D-02 0.2295754901107D-18 0.2296048310525D-02-0.4546447827942D-19
-0.2287046111940D-02-0.8215479304737D-20 0.9382034893688D-03 0.3459538894861D-19
 0.1874866098093D-02-0.1427053184074D-18 0.9350193234606D-03 0.1195858345321D-18
 0.4677663718127D-03-0.7691372410850D-19-0.2066000675883D-02-0.1671082298814D-19
-0.4131532379511D-02-0.1635908603433D-19-0.2068736066559D-02 0.2963917536608D-19
 0.1500660692846D-02-0.8406799996229D-19 0.1499830622460D-02-0.4835580938734D-19
 0.7489725093352D-03-0.1297419098874D-18-0.3744319361544D-02 0.3985991506170D-19
 0.1174598702848D-02 0.4377095501361D-19 0.1175935344485D-02 0.1911785819874D-18
 0.5884176130864D-03-0.1022596254007D-18 0.5931407512777D-03-0.2714283033537D-19
-0.1693733716208D-02-0.1035078275574D-19 0.8996200372197D-03 0.1427525877416D-18
 0.9028575710903D-03-0.1732451522761D-18 0.9100846864672D-03-0.5148895641188D-19
-0.1529591573474D-02-0.6232976554952D-20 0.3363391193581D-03-0.7501337356105D-19
 0.6730769682422D-03 0.1593185772877D-18 0.3396711012804D-03-0.2869922066655D-19
-0.2762668021808D-02 0.4407255880078D-20-0.1380049768864D-02 0.6313032587841D-20
 0.4883329184619D-03-0.4746089349576D-19 0.4851710233422D-03 0.8645698742555D-19
 0.4910516738078D-03-0.5230396387448D-19-0.2479574802000D-02 0.6188018883266D-20
 0.3420053349410D-03-0.1011915300694D-18 0.3404320348134D-03 0.7784095550602D-20
 0.3416713538502D-03-0.3956325626385D-19 0.2288315564079D-03 0.6918768031203D-19
-0.3274599196344D-03-0.4371727798069D-20 0.1498427796685D-03 0.7287106130100D-20
 0.7296683653483D-04 0.5131199507424D-19 0.1484873253571D-03 0.4594781662048D-20
 0.1447684815244D-03-0.3667688105133D-19 0.1458087885963D-03 0.9143435298703D-19
 0.7250912161768D-04-0.2684849355635D-19-0.1731129087445D-02-0.3963637739996D-20
-0.2179371129313D-03-0.2760460120067D-20 0.4732195204539D-04 0.3049352714471D-19
 0.4783927677845D-04-0.2520113611658D-19 0.8827569756611D-04-0.4684029252673D-19
 0.3848090530231D-04 0.2508313512661D-19-0.1505338623525D-02-0.1281292416919D-19
-0.3766206924661D-03 0.8247490300940D-20-0.7613647444467D-03-0.8716062804329D-20
 0.5696104127963D-04 0.7400373096971D-19 0.3033224762373D-04-0.4838507060145D-19
-0.6487885229406D-03 0.1145883263821D-19-0.6576390161262D-03-0.7049283171540D-20
 0.4451632453080D-04-0.3439895827335D-19 0.4503583885798D-04 0.4021569262415D-19
 0.4414649823927D-04-0.8072621844741D-19 0.3618856586599D-04-0.1964581319401D-19
 0.2517881025660D-04 0.4414526051061D-19-0.5531906781321D-03 0.8980064327619D-20
 0.4063081786871D-04-0.5682041090434D-21 0.3246295546344D-04-0.2917964150032D-19
-0.9269210684730D-03 0.1184849281065D-19-0.4707586951698D-03-0.3521970710772D-20
 0.3799093927465D-04-0.1606062578385D-19 0.1387353348355D-04 0.1869947334645D-19
-0.3813544084664D-03-0.2959315164012D-20-0.3797817640981D-03 0.2476109221552D-20
-0.7769757340626D-03-0.6339462446309D-20 0.5365025332412D-04 0.4361162599936D-19
 0.5666813914556D-04-0.4444744095115D-19 0.2476047524158D-04-0.1742834942579D-19
 0.6351840978420D-04-0.2898472211281D-19 0.6911770708778D-04 0.1149372418107D-19
 0.5533338812841D-04 0.2857157261189D-19-0.4836739759325D-03 0.1514395168929D-20
 0.4312279812638D-04-0.1850503797700D-20 0.8106506293664D-04 0.2421509883788D-19
 0.3094421681978D-04-0.7962147230749D-21-0.1823850250598D-03-0.4281273430430D-20
-0.1891100388841D-03-0.1926963971195D-20 0.9746509362216D-04 0.1351571141017D-19
 0.9098411576729D-04-0.1031384267768D-19 0.9519684317820D-04 0.8715749558067D-20
 0.8514295618850D-04 0.2230589818120D-19 0.7750268604200D-04-0.2750452047284D-20
-0.1390917326103D-03 0.3466434974734D-21 0.1055771052755D-03-0.2814613292809D-20
 0.1003359984094D-03-0.1523392440767D-19 0.1024957641892D-03 0.1770331742123D-19
 0.1002534922091D-03-0.4073709482247D-20 0.4497508152095D-04-0.1057200597591D-20
-0.9264290699053D-04-0.1482987920790D-20-0.1936478218635D-03-0.1320761266638D-21
 0.1099204965568D-03-0.1254453388542D-19 0.9854798564639D-04-0.2526611368564D-20
 0.5460494515809D-04 0.6790949591824D-20 0.1068184977237D-03-0.2483995413344D-20
 0.2689410272462D-04-0.4756921591041D-20 0.1025500613673D-03-0.3214121329815D-20
-0.6693280289189D-04-0.1903018506322D-20-0.3416140253899D-04 0.3073833669506D-20
 0.1047996036765D-03 0.3604443315720D-20 0.5074450852724D-04 0.5095137780782D-20
 0.5154229133751D-04-0.7026683379039D-20 0.1016033704067D-03 0.8875927909227D-20
-0.2887344316846D-04-0.8149609716154D-21-0.2784854671185D-04 0.3767776982704D-20
 0.9487319736405D-04 0.6746193994819D-20 0.9366925027587D-04-0.1945432841806D-20
 0.4721680760632D-04-0.4216156447467D-20 0.4643938394803D-04-0.8620617241396D-21
 0.8127795353319D-04-0.2845763534760D-20 0.8081703274450D-04 0.4807290350422D-20
 0.8131864602415D-04-0.5544090569021D-20 0.8198482178304D-04-0.1336526409091D-20
 0.2966412731125D-05-0.1446798633761D-21 0.6498148537359D-04-0.6000874914124D-21
 0.3231171671364D-04-0.1779482589803D-20 0.3516289548582D-04 0.2864180237816D-21
 0.2922546014511D-04 0.3560537605812D-21 0.1443517708416D-04 0.2694246480707D-21
 0.1747898323174D-04-0.2699605243548D-21 0.2265481885977D-04 0.2048076151549D-21
 0.4815744338572D-04-0.4014235238517D-21 0.1552076340699D-04-0.5309285879412D-22
 0.3213405769971D-04 0.5596679957473D-22 0.1948745031673D-04-0.3665929451712D-22
 0.2348911058336D-04 0.1543888530132D-21 0.2433805391896D-04 0.4792643011419D-21
 0.2699194931817D-04 0.1631622632746D-21 0.2442360023167D-04-0.2607139257923D-21
 0.3225192082860D-04-0.1511401182762D-21 0.1469653382976D-04 0.9916681178677D-22
 0.3717612364197D-06-0.5457517012211D-21 0.3110759124889D-05-0.1962161764069D-20
 0.3684362899088D-05 0.6529650590446D-21 0.1459906618434D-05 0.1682418762429D-22
 0.9516324684893D-05 0.3908110011689D-21 0.1358525057292D-04 0.2445019391589D-21
-0.2267865388598D-04-0.2686476831964D-20-0.2170269744282D-04-0.1788933262400D-20
-0.7869232151115D-05-0.6414422585758D-21-0.9718933035038D-05 0.6961582851446D-21
 0.1026841156051D-04-0.9184158903335D-22 0.1559174181013D-04 0.7253889151170D-21
-0.2279907880510D-04 0.1826669873849D-20-0.4454341682960D-04-0.1357902460162D-21
-0.4123605618537D-04 0.1909755307707D-20-0.4231599267417D-04-0.3283592301583D-20
-0.5311384006920D-05 0.5538516823066D-21-0.6805944757608D-04 0.1390662209713D-20
-0.5960494786262D-04-0.2345016373815D-20-0.8550919896131D-04 0.4220014861659D-20
-0.8100456887913D-04 0.2045601930034D-20-0.8256656934164D-04-0.4936513412484D-20
-0.1238019307714D-04 0.5932040906747D-21-0.7501332055508D-05-0.1012108531568D-20
-0.1041730870540D-03-0.3947430160251D-20-0.9694532935496D-04 0.3009866033113D-20
-0.9474365869873D-04-0.3588383792813D-20-0.9628927390997D-04 0.2356968279337D-20
-0.5018251458458D-04 0.4042828015241D-20-0.4549385681385D-04-0.5043539734018D-21
-0.2075883615842D-04-0.1848055152410D-20-0.1680546373775D-04 0.1482394253694D-21
-0.5688398309897D-04-0.3582061594007D-20-0.1189195886957D-03-0.4756357996635D-21
-0.1155198034544D-03 0.8412368572781D-20-0.1049913455767D-03-0.5339771092265D-21
-0.5210951924888D-04 0.1133488730647D-20-0.4626085796994D-04 0.5372270244701D-21
-0.2592963020022D-04-0.1789729862703D-20-0.1257196179601D-03 0.2362186598541D-20
-0.5666158705572D-04-0.5668257866097D-21-0.1206655393835D-04 0.5703369881375D-21
-0.6234159782445D-04-0.3064231586543D-20-0.1438234885072D-03-0.1072465111060D-20
-0.1354609718089D-03-0.6985423556139D-20-0.1213299199968D-03-0.6300594649402D-21
-0.3535273717666D-04-0.1077440716963D-20-0.7299720920755D-04-0.2746872923910D-20
-0.7322277101464D-04 0.1777601313803D-20-0.1409965612853D-03 0.8407622644059D-20
-0.6391041186760D-04-0.2684988472283D-20-0.1328099668474D-03-0.4509468520464D-20
-0.6945147656065D-04 0.2701411148772D-20-0.1268815778833D-03 0.8972010552796D-21
-0.7730452877971D-04 0.2694913943401D-20-0.6494627194342D-04 0.1117474215609D-20
-0.1401029503191D-03 0.3367390081200D-20-0.1393064653796D-03 0.5439549065416D-20
-0.7689347352464D-04-0.1430432420358D-20-0.1406422967750D-03 0.3155993107549D-20
-0.1391157243427D-03-0.4713111316732D-20-0.1398132346852D-03 0.2252848496593D-20
-0.1218829692420D-03-0.5269083490435D-20-0.1432415351468D-03-0.1436496326657D-20
-0.1150732436969D-03 0.7181511068063D-21-0.5624661253511D-04-0.4204387499366D-21
-0.1346623713816D-03-0.3804789836025D-21-0.1343162627832D-03-0.4507400162897D-20
-0.1100840783393D-03-0.3767100174220D-21-0.2453600337621D-04-0.6529347065695D-21
-0.1123289761131D-03 0.5128069880444D-20-0.1249905275776D-03-0.1867493889985D-20
-0.2440648137916D-04 0.1061463422129D-20-0.3162422166927D-04 0.1673325729796D-21
-0.4725057179310D-04-0.8525603868177D-21-0.4120726621810D-05 0.2472673724253D-21
-0.1036364172253D-03-0.7167991165432D-20-0.1040759935726D-03 0.6491883990845D-20
-0.1008020742508D-03-0.4864902491770D-20-0.9820576682217D-04 0.2029011490370D-20
-0.9813733463281D-04 0.2414539766366D-20-0.4223077393109D-04 0.5940600894286D-21
-0.1820962369179D-04 0.7149716939236D-21-0.1178703150575D-04 0.9273286730394D-21
-0.8579882433323D-04-0.5855187287683D-20-0.8450441107493D-04 0.6787681145678D-21
-0.1901179183347D-04 0.6390676759449D-21-0.9887043006601D-05 0.8802590567251D-21
-0.6113607233709D-04 0.1484810320930D-20-0.6259136046378D-04 0.1947105635003D-20
-0.6754132959790D-04 0.3242980753440D-21-0.6516739342783D-05 0.1878983690031D-21
-0.3870986301977D-04 0.2108979334057D-20-0.3420182630189D-04-0.2153824575463D-20
-0.4748105593470D-04-0.4186900435506D-20-0.6876863883872D-05 0.2102370947023D-20
-0.2548283811180D-04 0.1176090021281D-21 0.1391823049907D-04-0.2300258020239D-20
 0.2219286703903D-05 0.6865461166749D-21 0.2010424823937D-05 0.1004149090038D-21
-0.7526530876185D-05 0.3774339115354D-20-0.4817491099459D-05-0.4784514180348D-20
-0.5783937115728D-05 0.3927399208913D-20-0.2135413938713D-04 0.4983351572330D-21
-0.1180552413644D-04-0.2050371205544D-21 0.2822297545889D-04 0.1470938037478D-20
 0.3699120423333D-04-0.3759192446440D-20 0.2372375678721D-04 0.1360217584111D-20
 0.2350748989494D-04-0.3151031074677D-20 0.7946097920626D-05-0.4323108824189D-20
-0.3720079978582D-06 0.2888557212733D-20 0.4102941672354D-04 0.2589647053978D-21
 0.3047392233099D-04 0.8057433440033D-21 0.9609291108587D-05 0.1373359570981D-20
 0.2537149299707D-04 0.5391671036434D-20 0.1318171239879D-04-0.7688779831301D-21
 0.4256788613831D-04 0.9024522415559D-21 0.5832121327955D-04 0.3027039364781D-20
 0.2980622651619D-04-0.2468156426573D-20 0.2675002742300D-04 0.3055529398625D-20
 0.4449078281029D-04 0.9577242182751D-21 0.4657402068072D-04 0.2439827839037D-20
 0.9531673735556D-04 0.9460828813134D-21 0.8641201910458D-04-0.1784043160111D-20
 0.3661477497404D-04 0.5881253399758D-21 0.4446382101597D-04-0.1104302713215D-20
 0.3560227069161D-04-0.2300452829814D-20 0.5770011071483D-04-0.1204900474342D-20
 0.1034830015734D-03 0.1526770488374D-20 0.1060796341512D-03-0.1680833496888D-20
 0.4816875131063D-04 0.2568008327254D-21 0.7961978377239D-04-0.1643110876774D-20
 0.9066609627543D-04-0.3915271906458D-20 0.9162628648165D-04 0.4163946940117D-20
 0.8812565755385D-04 0.1813440280242D-20 0.2539843053777D-04-0.6713653364631D-21
 0.1116476872891D-03 0.5988381845155D-21 0.9692183973646D-04-0.3458036426203D-20
 0.9511181064097D-04-0.1421526247923D-20 0.5672417670967D-04-0.8610487471839D-21
 0.1084484411006D-03 0.1654660370872D-20 0.1012044569204D-03 0.4445093576338D-21
 0.5481633434050D-04 0.5498332358900D-21 0.3777055892582D-04-0.6515785227426D-21
 0.1439586810907D-03-0.5548815267731D-21 0.1215789821162D-03 0.4161650383526D-21
 0.5704721903525D-04 0.1712125074189D-20 0.1106683491843D-03 0.9626127651374D-21
 0.1123903693270D-03-0.1452122272918D-20 0.5540969354476D-04-0.7281693925544D-21
 0.1202309547950D-03 0.1093617254461D-20 0.1164067903427D-03-0.1121069736150D-20
 0.1017335737018D-03-0.8869981029113D-21 0.1403946210712D-03-0.5787085502348D-22
 0.1360659698688D-03 0.6617428883032D-21 0.1176138987235D-03 0.1005434178604D-20
 0.1218054573189D-03 0.1279264855175D-21 0.1212621921893D-03-0.1800763016343D-20
 0.1138074541088D-03 0.7486085977603D-22
    1
    1    1  120    3
 0.7273865565822D-04 0.7989052597853D-04 0.8771295398329D-04 0.9634257960534D-04
 0.1058209191120D-03 0.1162127327261D-03 0.1275768725317D-03 0.1399690125668D-03
 0.1534363822797D-03 0.1680186042622D-03 0.1837456233391D-03 0.2006345343812D-03
 0.2186894744455D-03 0.2378974601954D-03 0.2582284197773D-03 0.2796303758589D-03
 0.3020297505364D-03 0.3253261331375D-03 0.3493931034537D-03 0.3740729448493D-03
 0.3991787262596D-03 0.4244895349287D-03 0.4497549447810D-03 0.4746919576433D-03
 0.4989933629111D-03 0.5223282255060D-03 0.5443563510936D-03 0.5647344296074D-03
 0.5831391596636D-03 0.5992809986796D-03 0.6129372785634D-03 0.6239732571273D-03
 0.6323825480479D-03 0.6383088048588D-03 0.6420821378887D-03 0.6442242164492D-03
 0.6454582721054D-03 0.6466718552773D-03 0.6488761431083D-03 0.6531104346301D-03
 0.6603513076464D-03 0.6713829489398D-03 0.6867045178631D-03 0.7064341812291D-03
 0.7302862025737D-03 0.7575678202985D-03 0.7872539227742D-03 0.8180688913310D-03
 0.8486164525047D-03 0.8774852959929D-03 0.9033690189335D-03 0.9251410999576D-03
 0.9419291949244D-03 0.9531432216456D-03 0.9585033784563D-03 0.9580312665786D-03
 0.9520455369521D-03 0.9411307502828D-03 0.9261130135601D-03 0.9080161859467D-03
 0.8880237438407D-03 0.8674258871796D-03 0.8475697705350D-03 0.8297978375643D-03
 0.8153866119538D-03 0.8054770273915D-03 0.8010029453835D-03 0.8026180365279D-03
 0.8106221457691D-03 0.8249005871066D-03 0.8448741770331D-03 0.8694930890418D-03
 0.8972704402254D-03 0.9264112953527D-03 0.9550175547790D-03 0.9814218536884D-03
 0.1004563276499D-02 0.1024394768379D-02 0.1042124711599D-02 0.1060257173801D-02
 0.1082274922100D-02 0.1112126206499D-02 0.1153564151665D-02 0.1209657973993D-02
 0.1282469678940D-02 0.1373069309005D-02 0.1481668750468D-02 0.1607939418981D-02
 0.1751256258338D-02 0.1910988567027D-02 0.2086630805880D-02 0.2277951836534D-02
 0.2484981072744D-02 0.2708023061891D-02 0.2947518586700D-02 0.3203932404611D-02
 0.3477482418660D-02 0.3767872765523D-02 0.4073845567509D-02 0.4392704203522D-02
 0.4719629149745D-02 0.5046959934369D-02 0.5363277068484D-02 0.5652503841597D-02
 0.5892871140845D-02 0.6055989359849D-02 0.6105813300373D-02 0.5997680575307D-02
 0.5677085894518D-02 0.5078319486556D-02 0.4122696700902D-02 0.2716758958977D-02
 0.7506828942808D-03-0.1902513904973D-02-0.5386776495694D-02-0.9862298063034D-02
-0.1550467352138D-01-0.2250390113801D-01-0.3105936483053D-01-0.4136627381311D-01
 0.9546201408792D-09 0.1127597659058D-08 0.1330502839112D-08 0.1569952696904D-08
 0.1851957781640D-08 0.2183937261699D-08 0.2574415780609D-08 0.3033223486201D-08
 0.3571551544469D-08 0.4202225794991D-08 0.4939869159100D-08 0.5800992671518D-08
 0.6804307179640D-08 0.7970827010895D-08 0.9324110809829D-08 0.1089039780667D-07
 0.1269870098790D-07 0.1478104163872D-07 0.1717233116189D-07 0.1991056653702D-07
 0.2303641252583D-07 0.2659324085759D-07 0.3062658029049D-07 0.3518376066958D-07
 0.4031292047385D-07 0.4606239647986D-07 0.5247945808548D-07 0.5960937398886D-07
 0.6749389966902D-07 0.7617069713128D-07 0.8567214642737D-07 0.9602625215510D-07
 0.1072571035115D-06 0.1193892162819D-06 0.1324520056900D-06 0.1464904223395D-06
 0.1615756007698D-06 0.1778236555430D-06 0.1954122730012D-06 0.2146044020820D-06
 0.2357634370072D-06 0.2593702912679D-06 0.2860217917333D-06 0.3164260659518D-06
 0.3513722478796D-06 0.3916999008685D-06 0.4382457028653D-06 0.4918018131410D-06
 0.5530582892253D-06 0.6225703549412D-06 0.7007102077427D-06 0.7876495058391D-06
 0.8833204994292D-06 0.9874075621607D-06 0.1099308232870D-05 0.1218127148907D-05
 0.1342628877954D-05 0.1471230465081D-05 0.1601944264809D-05 0.1732368873849D-05
 0.1859622985501D-05 0.1980339828841D-05 0.2090594037723D-05 0.2185908731888D-05
 0.2261184081805D-05 0.2310735045487D-05 0.2328248863394D-05 0.2306900978556D-05
 0.2239410287931D-05 0.2118349413695D-05 0.1936449123320D-05 0.1687309777143D-05
 0.1366174621778D-05 0.9712079060194D-06 0.5047001010576D-06-0.2552932703493D-07
-0.6055682389800D-06-0.1215592181028D-05-0.1831895682937D-05-0.2429894830246D-05
-0.2988170606833D-05-0.3491344109724D-05-0.3931594783655D-05-0.4307498765413D-05
-0.4621787408686D-05-0.4878354398728D-05-0.5080857484603D-05-0.5233145075847D-05
-0.5343332447797D-05-0.5431251537944D-05-0.5540680124104D-05-0.5755731398302D-05
-0.6222084380927D-05-0.7171206259933D-05-0.8946489328231D-05-0.1202723179629D-04
-0.1704748507158D-04-0.2480506529584D-04-0.3626036359590D-04-0.5252721010067D-04
-0.7486960883654D-04-0.1047261186386D-03-0.1437994112590D-03-0.1942507680117D-03
-0.2590377917090D-03-0.3424014561779D-03-0.4504621453156D-03-0.5918128612921D-03
-0.7779491664842D-03-0.1023378876793D-02-0.1345380824983D-02-0.1763631697459D-02
-0.2300229582349D-02-0.2980830828409D-02-0.3837350475663D-02-0.4911884965851D-02
-0.6260251951056D-02-0.7952904991863D-02-0.1007157725028D-01-0.1270289388321D-01
 0.4171595708710D-10 0.5192510201662D-10 0.6423158933816D-10 0.7907047472473D-10
 0.9688382198738D-10 0.1181615885624D-09 0.1435446119018D-09 0.1737872791064D-09
 0.2097663559813D-09 0.2525253434176D-09 0.3033969647039D-09 0.3638449686952D-09
 0.4357677536350D-09 0.5213809536361D-09 0.6234374800414D-09 0.7452236731971D-09
 0.8906779340308D-09 0.1064656678401D-08 0.1272947900585D-08 0.1522641593462D-08
 0.1822171296938D-08 0.2181680403922D-08 0.2613336547102D-08 0.3131633032750D-08
 0.3753508423737D-08 0.4498832983067D-08 0.5390446399595D-08 0.6454130197048D-08
 0.7718319061002D-08 0.9213248641868D-08 0.1096955524556D-07 0.1301605313158D-07
 0.1537625509314D-07 0.1806405975397D-07 0.2107798781357D-07 0.2439537952240D-07
 0.2796599886440D-07 0.3170816206883D-07 0.3550680028107D-07 0.3921754358699D-07
 0.4267490876266D-07 0.4570720813211D-07 0.4815316915535D-07 0.4988032733386D-07
 0.5079819102895D-07 0.5086667331633D-07 0.5009512790662D-07 0.4853621076717D-07
 0.4627320301186D-07 0.4340734196739D-07 0.4004412981293D-07 0.3628372146600D-07
 0.3221325168545D-07 0.2790373244824D-07 0.2340865714436D-07 0.1876598544260D-07
 0.1400094278859D-07 0.9131032119943D-08 0.4171830542689D-08-0.8552378181818D-09
-0.5913638570225D-08-0.1093959985261D-07-0.1582708374852D-07-0.2040860982834D-07
-0.2443154098576D-07-0.2752917124958D-07-0.2918713082265D-07-0.2870649943786D-07
-0.2516761347994D-07-0.1740169486915D-07-0.3983032734888D-08 0.1674002716446D-07
 0.4654890453870D-07 0.8716488788364D-07 0.1399375679898D-06 0.2054056902969D-06
 0.2827572830730D-06 0.3692763092076D-06 0.4599050445360D-06 0.5470699080740D-06
 0.6208473201076D-06 0.6694327670627D-06 0.6797329973852D-06 0.6378745113176D-06
 0.5294559075332D-06 0.3395307060991D-06 0.5238711957859D-07-0.3487274929176D-06
-0.8818582841567D-06-0.1566543904273D-05-0.2424110706255D-05-0.3478332001288D-05
-0.4756970661086D-05-0.6294936046906D-05-0.8140085110321D-05-0.1036289132491D-04
-0.1307135356843D-04-0.1643232644083D-04-0.2070000220719D-04-0.2625120726776D-04
-0.3362597232604D-04-0.4357025310505D-04-0.5707740784206D-04-0.7542610551262D-04
-0.1002178701475D-03-0.1334266580905D-03-0.1774874495989D-03-0.2354649293595D-03
-0.3113513894976D-03-0.4105321164953D-03-0.5404192521843D-03-0.7111937410960D-03
-0.9365336633322D-03-0.1234210496776D-02-0.1626549383815D-02-0.2141016951535D-02
-0.2811456270587D-02-0.3680557369067D-02-0.4803714653528D-02-0.6253750693390D-02
    2    2  120    8
 0.2538525661833D-03 0.2695438186514D-03 0.2862074095140D-03 0.3039033837023D-03
 0.3226960524075D-03 0.3426532917659D-03 0.3638476258199D-03 0.3863556535185D-03
 0.4102592266233D-03 0.4356447835391D-03 0.4626047113450D-03 0.4912365837494D-03
 0.5216446721237D-03 0.5539391206023D-03 0.5882376569378D-03 0.6246646164965D-03
 0.6633529232468D-03 0.7044429871831D-03 0.7480848919877D-03 0.7944372050714D-03
 0.8436694543978D-03 0.8959607233437D-03 0.9515025175265D-03 0.1010497179163D-02
 0.1073161055513D-02 0.1139722788126D-02 0.1210426901231D-02 0.1285531785147D-02
 0.1365313848999D-02 0.1450065248202D-02 0.1540098477415D-02 0.1635743921611D-02
 0.1737355059402D-02 0.1845305581835D-02 0.1959995414129D-02 0.2081847472514D-02
 0.2211314332597D-02 0.2348874738062D-02 0.2495041160236D-02 0.2650355697770D-02
 0.2815398826031D-02 0.2990784789410D-02 0.3177171302741D-02 0.3375254599203D-02
 0.3585780436180D-02 0.3809538289315D-02 0.4047374095345D-02 0.4300183737090D-02
 0.4568927193685D-02 0.4854621553452D-02 0.5158357084716D-02 0.5481289052566D-02
 0.5824656275434D-02 0.6189772131398D-02 0.6578044983070D-02 0.6990968634438D-02
 0.7430145685808D-02 0.7897276169563D-02 0.8394184614688D-02 0.8922807570003D-02
 0.9485223513428D-02 0.1008363954668D-01 0.1072042568948D-01 0.1139809903828D-01
 0.1211936351193D-01 0.1288709262629D-01 0.1370437315875D-01 0.1457448730291D-01
 0.1550096266565D-01 0.1648755073194D-01 0.1753828530468D-01 0.1865745911324D-01
 0.1984968826491D-01 0.2111988819086D-01 0.2247334772914D-01 0.2391570069428D-01
 0.2545301220689D-01 0.2709174833751D-01 0.2883887267308D-01 0.3070181560911D-01
 0.3268858546821D-01 0.3480773371752D-01 0.3706848523261D-01 0.3948070154682D-01
 0.4205502826036D-01 0.4480286028829D-01 0.4773651114257D-01 0.5086917406211D-01
 0.5421512146995D-01 0.5778966372060D-01 0.6160937272578D-01 0.6569204431708D-01
 0.7005695117599D-01 0.7472479590027D-01 0.7971800215994D-01 0.8506065778398D-01
 0.9077883405437D-01 0.9690052279691D-01 0.1034559886083D+00 0.1104776867231D+00
 0.1180006622429D+00 0.1260624553624D+00 0.1347035509913D+00 0.1439672922948D+00
 0.1539004129340D+00 0.1645529682354D+00 0.1759789914466D+00 0.1882364760834D+00
 0.2013881608759D+00 0.2155015703152D+00 0.2306499247101D+00 0.2469121609851D+00
 0.2643738974699D+00 0.2831273390234D+00 0.3032721704308D+00 0.3249152722049D+00
 0.3481715751088D+00 0.3731636888590D+00 0.4000230311361D+00 0.4288898369254D+00
-0.1318678548847D-07-0.1486212059633D-07-0.1675072455461D-07-0.1887977199448D-07
-0.2127990211765D-07-0.2398567403041D-07-0.2703604626486D-07-0.3047494483523D-07
-0.3435191177163D-07-0.3872279351899D-07-0.4365058434491D-07-0.4920629410699D-07
-0.5547002356163D-07-0.6253207522105D-07-0.7049428851382D-07-0.7947151501456D-07
-0.8959327386462D-07-0.1010056088270D-06-0.1138732554964D-06-0.1283819577006D-06
-0.1447412511810D-06-0.1631873819733D-06-0.1839868876924D-06-0.2074403104491D-06
-0.2338867310174D-06-0.2637084799939D-06-0.2973370093130D-06-0.3352587758942D-06
-0.3780227828888D-06-0.4262480868679D-06-0.4806333936711D-06-0.5419666172485D-06
-0.6111371052318D-06-0.6891479022528D-06-0.7771312508688D-06-0.8763642683533D-06
-0.9882887046244D-06-0.1114531073874D-05-0.1256927644822D-05-0.1417550429312D-05
-0.1598738946862D-05-0.1803133260581D-05-0.2033714867784D-05-0.2293849005674D-05
-0.2587336527721D-05-0.2918468179340D-05-0.3292091433724D-05-0.3713679234057D-05
-0.4189415980711D-05-0.4726285909360D-05-0.5332182746321D-05-0.6016023022224D-05
-0.6787887203641D-05-0.7659164963395D-05-0.8642735576809D-05-0.9753155561502D-05
-0.1100689021744D-04-0.1242255391234D-04-0.1402120839175D-04-0.1582667218930D-04
-0.1786590351120D-04-0.2016939882193D-04-0.2277168642286D-04-0.2571183776292D-04
-0.2903410364484D-04-0.3278857516632D-04-0.3703199877174D-04-0.4182862882739D-04
-0.4725127881226D-04-0.5338241639252D-04-0.6031551412034D-04-0.6815646122133D-04
-0.7702529768067D-04-0.8705802284505D-04-0.9840882212709D-04-0.1112523866478D-03
-0.1257867535763D-03-0.1422362732990D-03-0.1608552362665D-03-0.1819316344705D-03
-0.2057917810142D-03-0.2328050807783D-03-0.2633898640924D-03-0.2980194171130D-03
-0.3372293559833D-03-0.3816251837607D-03-0.4318915928284D-03-0.4888020011435D-03
-0.5532302231369D-03-0.6261625135088D-03-0.7087123969111D-03-0.8021359661914D-03
-0.9078508786492D-03-0.1027456202656D-02-0.1162757205795D-02-0.1315791548325D-02
-0.1488862423226D-02-0.1684574085772D-02-0.1905876892373D-02-0.2156116397040D-02
-0.2439095413239D-02-0.2759142047197D-02-0.3121194816865D-02-0.3530895479199D-02
-0.3994703178546D-02-0.4520016477882D-02-0.5115319744471D-02-0.5790335698344D-02
-0.6556203549445D-02-0.7425658810011D-02-0.8413242202747D-02-0.9535508220881D-02
-0.1081127521600D-01-0.1226188885856D-01-0.1391156302632D-01-0.1578777471398D-01
-0.1792180576163D-01-0.2034940108846D-01-0.2311165322215D-01-0.2625604102892D-01
 0.4723191624517D-07 0.5325290668522D-07 0.6004205445371D-07 0.6769729433872D-07
 0.7632911941175D-07 0.8606205013955D-07 0.9703650375302D-07 0.1094107316011D-06
 0.1233631867479D-06 0.1390949555769D-06 0.1568327561792D-06 0.1768320813439D-06
 0.1993809329833D-06 0.2248038313820D-06 0.2534665608740D-06 0.2857812012520D-06
 0.3222121657323D-06 0.3632826043785D-06 0.4095819898677D-06 0.4617741933534D-06
 0.5206071335895D-06 0.5869229719683D-06 0.6616702316416D-06 0.7459166986928D-06
 0.8408647519511D-06 0.9478675369284D-06 0.1068448282838D-05 0.1204320739466D-05
 0.1357413358567D-05 0.1529894956275D-05 0.1724205172383D-05 0.1943086572627D-05
 0.2189622751491D-05 0.2467278566657D-05 0.2779947761697D-05 0.3132003033578D-05
 0.3528355557228D-05 0.3974517245012D-05 0.4476674632809D-05 0.5041766180216D-05
 0.5677573974669D-05 0.6392818994653D-05 0.7197274328360D-05 0.8101882944093D-05
 0.9118896424479D-05 0.1026201939997D-04 0.1154658040768D-04 0.1298970683956D-04
 0.1461053405905D-04 0.1643041859162D-04 0.1847319113730D-04 0.2076541453422D-04
 0.2333669099801D-04 0.2621997156614D-04 0.2945192651738D-04 0.3307331778361D-04
 0.3712944475644D-04 0.4167058812026D-04 0.4675254769883D-04 0.5243717618952D-04
 0.5879302460790D-04 0.6589598609844D-04 0.7383008395970D-04 0.8268824900994D-04
 0.9257329242220D-04 0.1035988736462D-03 0.1158907133531D-03 0.1295878241454D-03
 0.1448440776711D-03 0.1618298120754D-03 0.1807339037680D-03 0.2017659521260D-03
 0.2251591070183D-03 0.2511731022091D-03 0.2800982199892D-03 0.3122596272043D-03
 0.3480229983956D-03 0.3878007812424D-03 0.4320602738303D-03 0.4813326366806D-03
 0.5362244428896D-03 0.5974305781189D-03 0.6657504524327D-03 0.7421060626882D-03
 0.8275643010960D-03 0.9233613639234D-03 0.1030932379242D-02 0.1151943227456D-02
 0.1288327988291D-02 0.1442328153709D-02 0.1616537546306D-02 0.1813947378918D-02
 0.2037996253454D-02 0.2292617934453D-02 0.2582292587577D-02 0.2912092489005D-02
 0.3287730653032D-02 0.3715601832150D-02 0.4202828389449D-02 0.4757301232787D-02
 0.5387735187395D-02 0.6103730881972D-02 0.6915872590944D-02 0.7835856897421D-02
 0.8876692578315D-02 0.1005296402634D-01 0.1138120558876D-01 0.1288036559931D-01
 0.1457239872637D-01 0.1648293154303D-01 0.1864201916437D-01 0.2108488371350D-01
 0.2385263441000D-01 0.2699282863731D-01 0.3055990574413D-01 0.3461540384431D-01
 0.3922814615331D-01 0.4447446352099D-01 0.5043888727057D-01 0.5721551624798D-01
-0.8620480614177D-11-0.1032792904071D-10-0.1237516760923D-10-0.1482683805734D-10
-0.1776489249994D-10-0.2128472018457D-10-0.2550265449600D-10-0.3055590742918D-10
-0.3661058591717D-10-0.4386475559783D-10-0.5255408225157D-10-0.6296466588329D-10
-0.7543603634929D-10-0.9037690190013D-10-0.1082732657921D-09-0.1297104793824D-09
-0.1553875967805D-09-0.1861416792912D-09-0.2229739184103D-09-0.2670835193819D-09
-0.3199032651866D-09-0.3831492948527D-09-0.4588732710747D-09-0.5495275961172D-09
-0.6580467216636D-09-0.7879344217648D-09-0.9433797814123D-09-0.1129388463578D-08
-0.1351935340986D-08-0.1618158415910D-08-0.1936572026907D-08-0.2317338300597D-08
-0.2772574934845D-08-0.3316728168558D-08-0.3967011791984D-08-0.4743925062681D-08
-0.5671870661905D-08-0.6779874470287D-08-0.8102449428702D-08-0.9680595071421D-08
-0.1156298528760D-07-0.1380735807183D-07-0.1648214452527D-07-0.1966836931210D-07
-0.2346187729830D-07-0.2797591187529D-07-0.3334411856592D-07-0.3972401008963D-07
-0.4730096858796D-07-0.5629283530163D-07-0.6695516989203D-07-0.7958722132004D-07
-0.9453869292140D-07-0.1122173409696D-06-0.1330974668378D-06-0.1577292773706D-06
-0.1867491693088D-06-0.2208907707545D-06-0.2609967439832D-06-0.3080309736420D-06
-0.3630909674809D-06-0.4274198011976D-06-0.5024171150481D-06-0.5896479537392D-06
-0.6908485118775D-06-0.8079267087451D-06-0.9429558990891D-06-0.1098158480384D-05
-0.1275876509815D-05-0.1478524407625D-05-0.1708519372368D-05-0.1968182250138D-05
-0.2259602611268D-05-0.2584458060938D-05-0.2943779472381D-05-0.3337649293748D-05
-0.3764823177308D-05-0.4222259817831D-05-0.4704549641881D-05-0.5203227278656D-05
-0.5705962887667D-05-0.6195622220794D-05-0.6649201946763D-05-0.7036643633469D-05
-0.7319555420982D-05-0.7449869610626D-05-0.7368502121108D-05-0.7004078408516D-05
-0.6271840983182D-05-0.5072842640160D-05-0.3293587771770D-05-0.8062429616981D-06
 0.2530414207176D-05 0.6869246923335D-05 0.1237214602639D-04 0.1920671968790D-04
 0.2754253320160D-04 0.3754756827271D-04 0.4938575721507D-04 0.6321708403939D-04
 0.7920195328007D-04 0.9751228998154D-04 0.1183517583858D-03 0.1419880459752D-03
 0.1687991779049D-03 0.1993356304739D-03 0.2343972892337D-03 0.2751229276591D-03
 0.3230851250062D-03 0.3803817704268D-03 0.4497100953110D-03 0.5344107412869D-03
 0.6384685537725D-03 0.7664686093630D-03 0.9235160690584D-03 0.1115155585370D-02
 0.1347345133338D-02 0.1626571225469D-02 0.1960194073127D-02 0.2357110617221D-02
-0.1341386769952D-11-0.1604155917319D-11-0.1919324974135D-11-0.2295319127849D-11
-0.2746381004297D-11-0.3285293700942D-11-0.3930779807791D-11-0.4702949939372D-11
-0.5628502839232D-11-0.6735860580366D-11-0.8060591226038D-11-0.9646588901260D-11
-0.1154519860289D-10-0.1381978419619D-10-0.1654148950822D-10-0.1980111972114D-10
-0.2370399479086D-10-0.2837826272280D-10-0.3397619784021D-10-0.4068234419262D-10
-0.4871408842680D-10-0.5833617612639D-10-0.6986510545559D-10-0.8367777773323D-10
-0.1002325695772D-09-0.1200734127866D-09-0.1438549197102D-09-0.1723661523086D-09
-0.2065493072005D-09-0.2475442379635D-09-0.2967131196560D-09-0.3556969305015D-09
-0.4264661335031D-09-0.5113954862158D-09-0.6133388155038D-09-0.7357314765931D-09
-0.8827097589891D-09-0.1059256927734D-08-0.1271375588337D-08-0.1526306856016D-08
-0.1832777777813D-08-0.2201321889108D-08-0.2644652930652D-08-0.3178126959382D-08
-0.3820293744186D-08-0.4593585514896D-08-0.5525126286535D-08-0.6647743639123D-08
-0.8001176273291D-08-0.9633570017755D-08-0.1160326170462D-07-0.1398100451693D-07
-0.1685261139269D-07-0.2032225813621D-07-0.2451641732647D-07-0.2958875272944D-07
-0.3572597605736D-07-0.4315511861639D-07-0.5215222660217D-07-0.6305314626419D-07
-0.7626644569242D-07-0.9228937769421D-07-0.1117270066813D-06-0.1353158037381D-06
-0.1639518432916D-06-0.1987254971834D-06-0.2409628450802D-06-0.2922763816020D-06
-0.3546253650315D-06-0.4303894247126D-06-0.5224557484794D-06-0.6343248217224D-06
-0.7702351178769D-06-0.9353131832876D-06-0.1135749507605D-05-0.1379008620132D-05
-0.1674073186852D-05-0.2031733093821D-05-0.2464918249860D-05-0.2989088601681D-05
-0.3622678774836D-05-0.4387613407211D-05-0.5309888912746D-05-0.6420241038899D-05
-0.7754892182234D-05-0.9356404053382D-05-0.1127462947063D-04-0.1356780222198D-04
-0.1630376432952D-04-0.1956139963778D-04-0.2343229348700D-04-0.2802274562504D-04
-0.3345621087954D-04-0.3987639979777D-04-0.4745122075807D-04-0.5637797136482D-04
-0.6689013560945D-04-0.7926644171402D-04-0.9384276276285D-04-0.1110277970226D-03
-0.1313232762594D-03-0.1553498261087D-03-0.1838791197414D-03-0.2178732843491D-03
-0.2585315194652D-03-0.3073441763905D-03-0.3661528693561D-03-0.4372158403134D-03
-0.5232758332082D-03-0.6276298163775D-03-0.7541988561209D-03-0.9076021174231D-03
-0.1093240523706D-02-0.1317406738653D-02-0.1587442395892D-02-0.1911978126540D-02
-0.2301292207932D-02-0.2767832217490D-02-0.3326924505702D-02-0.3997686294419D-02
-0.1706877058959D-13-0.2015123200210D-13-0.2694135007750D-13-0.3298005037988D-13
-0.4113088519819D-13-0.5180867778518D-13-0.6630854107409D-13-0.8413920176575D-13
-0.1081273415222D-12-0.1373087318985D-12-0.1738072799614D-12-0.2206090705476D-12
-0.2797790213284D-12-0.3575590475839D-12-0.4543648205474D-12-0.5778721581274D-12
-0.7347833256634D-12-0.9348009682542D-12-0.1189266868642D-11-0.1513789782960D-11
-0.1925312387439D-11-0.2448935825248D-11-0.3116512971360D-11-0.3964333760646D-11
-0.5044108226861D-11-0.6417486708386D-11-0.8162530652307D-11-0.1038424100492D-10
-0.1320737068700D-10-0.1680002137894D-10-0.2136860690958D-10-0.2717578251742D-10
-0.3456065706380D-10-0.4394947872391D-10-0.5588361002734D-10-0.7105229323602D-10
-0.9033012536465D-10-0.1148233608691D-09-0.1459416805601D-09-0.1854688466368D-09
-0.2356677978909D-09-0.2994076191354D-09-0.3803224091374D-09-0.4830148862314D-09
-0.6133123758988D-09-0.7785894895919D-09-0.9881736716755D-09-0.1253854739692D-08
-0.1590527677960D-08-0.2016998935015D-08-0.2556993082576D-08-0.3240427895493D-08
-0.4104985333888D-08-0.5198098601424D-08-0.6579413974172D-08-0.8323859984102D-08
-0.1052546407042D-07-0.1330208147212D-07-0.1680124660065D-07-0.2120739022725D-07
-0.2675073421176D-07-0.3371818565578D-07-0.4246668744808D-07-0.5343946487358D-07
-0.6718576153843D-07-0.8438467827609D-07-0.1058738432252D-06-0.1326836884111D-06
-0.1660781684854D-06-0.2076027969709D-06-0.2591408217594D-06-0.3229783066533D-06
-0.4018786698855D-06-0.4991668759274D-06-0.6188229856123D-06-0.7655838984950D-06
-0.9450510835495D-06-0.1163800372022D-05-0.1429487991817D-05-0.1750944028641D-05
-0.2138241342578D-05-0.2602723317203D-05-0.3156969204374D-05-0.3814669363606D-05
-0.4590376993322D-05-0.5499095606405D-05-0.6555656373980D-05-0.7773834232684D-05
-0.9165151706449D-05-0.1073732291831D-04-0.1249230445551D-04-0.1442394440506D-04
-0.1651526348938D-04-0.1873546551923D-04-0.2103686345884D-04-0.2335202622328D-04
-0.2559159673210D-04-0.2764340579127D-04-0.2937368305760D-04-0.3063133943472D-04
-0.3125639971466D-04-0.3109367260076D-04-0.3001254512941D-04-0.2793333513929D-04
-0.2485978820051D-04-0.2091605485743D-04-0.1638477015937D-04-0.1174083152386D-04
-0.7673394556229D-05-0.5086983975687D-05-0.5072309252765D-05-0.8839277930924D-05
-0.1761020362595D-04-0.3248086697304D-04-0.5427162788003D-04-0.8340820038794D-04
-0.1198893632142D-03-0.1634093349418D-03-0.2136984621806D-03-0.2711162606981D-03
-0.1355172726954D-14-0.2323829911115D-14-0.2511546073832D-14-0.3655195383092D-14
-0.4922975238549D-14-0.6633292952681D-14-0.7922856953301D-14-0.1048617439671D-13
-0.1307229391433D-13-0.1663949196439D-13-0.2160631657338D-13-0.2772522015254D-13
-0.3536439257646D-13-0.4447150185979D-13-0.5688828379861D-13-0.7228054121072D-13
-0.9226195183300D-13-0.1175638042111D-12-0.1499354100093D-12-0.1903578721863D-12
-0.2422234492549D-12-0.3085163531811D-12-0.3922158713924D-12-0.4993516842576D-12
-0.6349677286632D-12-0.8080493819228D-12-0.1028390548462D-11-0.1308248556882D-11
-0.1664633710584D-11-0.2117454856730D-11-0.2693285025378D-11-0.3425566451629D-11
-0.4357296262712D-11-0.5541684513251D-11-0.7047215767553D-11-0.8961176384542D-11
-0.1139357341631D-10-0.1448537014598D-10-0.1841370751149D-10-0.2340468011348D-10
-0.2974421138278D-10-0.3779575771345D-10-0.4801907740612D-10-0.6099763331844D-10
-0.7746925439611D-10-0.9836937445883D-10-0.1248805759729D-09-0.1584999193545D-09
-0.2011182004425D-09-0.2551265446570D-09-0.3235427474126D-09-0.4101739698231D-09
-0.5198225148424D-09-0.6585377072535D-09-0.8339356014595D-09-0.1055595653239D-08
-0.1335554126287D-08-0.1688919804679D-08-0.2134636299201D-08-0.2696428506527D-08
-0.3403966204806D-08-0.4294307600489D-08-0.5413663035958D-08-0.6819565942067D-08
-0.8583515073593D-08-0.1079419793036D-07-0.1356139016055D-07-0.1702066590215D-07
-0.2133904551887D-07-0.2672174229133D-07-0.3342015303119D-07-0.4174127771356D-07
-0.5205868750446D-07-0.6482522869597D-07-0.8058747896330D-07-0.1000020748245D-06
-0.1238536781864D-06-0.1530744751882D-06-0.1887644995828D-06-0.2322121436305D-06
-0.2849132824402D-06-0.3485873687699D-06-0.4251874388910D-06-0.5169006756897D-06
-0.6261340980149D-06-0.7554793433142D-06-0.9076476762916D-06-0.1085365337439D-05
-0.1291215899978D-05-0.1527414879218D-05-0.1795498338679D-05-0.2095905727172D-05
-0.2427434918771D-05-0.2786546769547D-05-0.3166497899589D-05-0.3556282300246D-05
-0.3939371245649D-05-0.4292248210794D-05-0.4582756531200D-05-0.4768292500126D-05
-0.4793913648625D-05-0.4590453070682D-05-0.4072777958040D-05-0.3138344672461D-05
-0.1666228906981D-05 0.4832275271777D-06 0.3468083961887D-05 0.7463895919299D-05
 0.1266266686179D-04 0.1927255580288D-04 0.2751998525263D-04 0.3765667712763D-04
 0.4997541573365D-04 0.6483951904013D-04 0.8273243339164D-04 0.1043344772342D-03
 0.1306338732700D-03 0.1630770622479D-03 0.2037595186746D-03 0.2556511791892D-03
-0.4270952688741D-13-0.5377734161257D-13-0.6893010596699D-13-0.8695076052050D-13
-0.1104943417906D-12-0.1404219170006D-12-0.1788490344255D-12-0.2271412774553D-12
-0.2889042828354D-12-0.3680311415323D-12-0.4680240130242D-12-0.5948096239635D-12
-0.7572746372730D-12-0.9635768801354D-12-0.1225721025380D-11-0.1559462837222D-11
-0.1984091629181D-11-0.2524419534591D-11-0.3211809826248D-11-0.4086515654887D-11
-0.5199380517000D-11-0.6614724991787D-11-0.8415742758004D-11-0.1070639899820D-10
-0.1362097417988D-10-0.1732791192781D-10-0.2204249144423D-10-0.2804007925650D-10
-0.3566625931187D-10-0.4536499979951D-10-0.5769854095468D-10-0.7338013497664D-10
-0.9331676939226D-10-0.1186617570026D-09-0.1508768238233D-09-0.1918202202748D-09
-0.2438501897365D-09-0.3099566633003D-09-0.3939364205673D-09-0.5006024426907D-09
-0.6360573203337D-09-0.8080353522427D-09-0.1026334788826D-08-0.1303364632771D-08
-0.1654832153546D-08-0.2100610562288D-08-0.2665832686753D-08-0.3382262241741D-08
-0.4290020986934D-08-0.5439756049863D-08-0.6895355249301D-08-0.8737351312175D-08
-0.1106716971184D-07-0.1401244416013D-07-0.1773363429368D-07-0.2243226134703D-07
-0.2836113943430D-07-0.3583705304831D-07-0.4525643296873D-07-0.5711469072669D-07
-0.7203000265654D-07-0.9077246907382D-07-0.1142997624617D-06-0.1438005289324D-06
-0.1807470245024D-06-0.2269586615070D-06-0.2846783255593D-06-0.3566635264980D-06
-0.4462945234549D-06-0.5577016888959D-06-0.6959141907814D-06-0.8670319095173D-06
-0.1078421813005D-05-0.1338939209829D-05-0.1659172597602D-05-0.2051708900532D-05
-0.2531412402430D-05-0.3115706869831D-05-0.3824844058863D-05-0.4682135215881D-05
-0.5714111817030D-05-0.6950571717111D-05-0.8424451539402D-05-0.1017145290397D-04
-0.1222933016737D-04-0.1463673417942D-04-0.1743148606649D-04-0.2064815090477D-04
-0.2431477116513D-04-0.2844864403288D-04-0.3305104931816D-04-0.3810092083920D-04
-0.4354754519705D-04-0.4930256670638D-04-0.5523177829553D-04-0.6114752635659D-04
-0.6680288534105D-04-0.7188925204250D-04-0.7603938722819D-04-0.7883841472393D-04
-0.7984542800847D-04-0.7862838971745D-04-0.7481429983559D-04-0.6815542743069D-04
-0.5860998591442D-04-0.4643241781711D-04-0.3226386852685D-04-0.1720836965477D-04
-0.2874970686690D-05 0.8637656272570D-05 0.1483801534848D-04 0.1303829025552D-04
 0.6544149692374D-06-0.2441133147894D-04-0.6336234883442D-04-0.1161739485559D-03
-0.1814739186224D-03-0.2567987422305D-03-0.3393685746753D-03-0.4274437405193D-03
