  -1.0858766295762247E-018   1.8849686077528749E-020  -5.4013228646971928E-019   9.9999999999999995E-021
  -4.9974469472540773E-019  -6.1345914533722825E-019  -5.6259036078139441E-019  -4.2262235167637956E-019
   9.2387532732417375E-021   8.9062906436362643E-021   8.7350171844666049E-021   8.5767475357250226E-021
  -1.5471310058844928E-018   2.7321469750021225E-020  -1.0858766295762247E-018   1.8849686077528749E-020
  -4.3700669104305751E-019  -4.8210638472964890E-019  -4.6957905929798287E-019  -4.2714867875128796E-019
   8.6461622408485521E-021   8.4842353049696964E-021   8.4382812229902494E-021   8.3395067381864229E-021
  -1.9892810508140210E-018   3.5561038915318849E-020  -1.5471310058844928E-018   2.7321469750021225E-020
  -4.3108456290187329E-019  -4.5143973210332190E-019  -4.4685467032143182E-019  -4.2522690182578740E-019
   8.3547228586090706E-021   8.2440927677990673E-021   8.2239258279636896E-021   8.1466549416511403E-021
  -2.4216567095519220E-018   4.3626250089575509E-020  -1.9892810508140210E-018   3.5561038915318849E-020
  -4.2680958383698175E-019  -4.3751415843040100E-019  -4.3533178549223726E-019  -4.2175248074514808E-019
   8.1523110156793332E-021   8.0673945593832817E-021   8.0561591618520680E-021   7.9918485873899151E-021
  -2.8471191664593454E-018   5.1550126988604575E-020  -2.4216567095519220E-018   4.3626250089575509E-020
  -4.2253187118096552E-019  -4.2869354467865199E-019  -4.2747206765022421E-019  -4.1791164560582330E-019
   7.9945509573548171E-021   7.9251341873870542E-021   7.9179650678170734E-021   7.8625119264113194E-021
   1.4681223006274068E-017   3.2588556081272252E-020   4.9840927305363351E-018   9.9999999999999995E-021
   8.1667589307377263E-018   7.9879382861074878E-018   9.9266757705596893E-018   1.4186794610354306E-017
   1.7024435257848892E-020   2.1982330734178354E-020   2.3539898390220853E-020   2.7462442980986241E-020
   2.9482238712177760E-017   6.4285315078726547E-020   1.4681223006274068E-017   3.2588556081272252E-020
   1.3687697865119100E-017   1.3860250439535447E-017   1.4932106424155210E-017   1.7533682642921725E-017
   2.6822165033992888E-020   3.1351922643790820E-020   3.2309788336966603E-020   3.6034966989218055E-020
   4.7948022218318238E-017   1.0436881349790840E-019   2.9482238712177760E-017   6.4285315078726547E-020
   1.7318514057634836E-017   1.7907534403494437E-017   1.8534910759241323E-017   2.0591296653736509E-017
   3.5766869044015264E-020   3.9826210861984211E-020   4.0532359186144685E-020   4.4016981374818135E-020
   6.9531816675552838E-017   1.5220535775178462E-019   4.7948022218318238E-017   1.0436881349790840E-019
   2.0468994384974557E-017   2.1205735544423529E-017   2.1631819375897149E-017   2.3358662517791706E-017
   4.3879122563012516E-020   4.7638151694734605E-020   4.8179722622112125E-020   5.1504394326551288E-020
   9.3873767912017919E-017   2.0733196869598863E-019   6.9531816675552838E-017   1.5220535775178462E-019
   2.3284413225944361E-017   2.4064089483027842E-017   2.4380204678216628E-017   2.5878705870357216E-017
   5.1421267844685181E-020   5.4968266706502081E-020   5.5399353207283980E-020   5.8603157992966775E-020
   6.4652913673058186E-017   6.0644354424821626E-020   1.1690546594210794E-017   9.9999999999999995E-021
   2.9841762352001650E-017   3.8729673101023029E-017   5.6799377438787741E-017   9.6874339041461133E-017
   2.6476316176216643E-020   4.3786302438187812E-020   5.4281266023510542E-020   8.1254673449316461E-020
   1.8814455535798232E-016   1.7340756427082900E-019   6.4652913673058186E-017   6.0644354424821626E-020
   9.1374363903149009E-017   1.0950179389301782E-016   1.2861762670801594E-016   1.7333664500432834E-016
   7.6684702231636065E-020   1.0598852925846007E-019   1.1730311363689330E-019   1.5331127105370143E-019
   3.9846501303617865E-016   3.6783372941249166E-019   1.8814455535798232E-016   1.7340756427082900E-019
   1.6897942523349454E-016   1.9802716593908783E-016   2.1525326653895997E-016   2.6638245587958790E-016
   1.4930499150370137E-019   1.8773950443621130E-019   1.9945583400799431E-019   2.4286132245786332E-019
   7.1001705939414189E-016   6.6085095061615247E-019   3.9846501303617865E-016   3.6783372941249166E-019
   2.6266195408471512E-016   3.0050392354488264E-016   3.1636751133124661E-016   3.7290745431080580E-016
   2.3977401803176432E-019   2.8657866261330484E-019   2.9814323028626217E-019   3.4888552339106636E-019
   1.1351839262294710E-015   1.0680624094866137E-018   7.1001705939414189E-016   6.6085095061615247E-019
   3.6989987750713735E-016   4.1505899250241186E-016   4.2987569908492661E-016   4.9123194033015973E-016
   3.4640732630966808E-019   4.0103725968194405E-019   4.1229562319432953E-019   4.7019566116055279E-019
   1.8914074365809462E-016   1.0995634199673206E-019   1.8676594981794402E-017   9.9999999999999995E-021
   6.5427899891825606E-017   1.0480352612758221E-016   1.8326139453838536E-016   3.8122715083404050E-016
   3.6322249480410994E-020   7.3414300778202865E-020   1.0671108663284723E-019   2.0316502767788111E-019
   8.0102300159442890E-016   4.6052183746250766E-019   1.8914074365809462E-016   1.0995634199673206E-019
   3.5971829794615199E-016   4.9846790191423299E-016   6.4938536417789012E-016   1.0158687174876071E-015
   1.9061076606356678E-019   3.0413932113306355E-019   3.6858924095371437E-019   5.6732508255753130E-019
   2.2304740611561433E-015   1.2877706875150394E-018   8.0102300159442890E-016   4.6052183746250766E-019
   9.7958118654013182E-016   1.2819672168081947E-015   1.4861299013030862E-015   2.0609309346075922E-015
   5.4307785746508601E-019   7.6246994067704546E-019   8.5862084260516781E-019   1.1782336762856784E-018
   4.9245042722392111E-015   2.8710649028063120E-018   2.2304740611561433E-015   1.2877706875150394E-018
   2.0124890358977599E-015   2.5185147188993070E-015   2.7692830001439511E-015   3.5760967925141309E-015
   1.1493649521402345E-018   1.5025450789125808E-018   1.6268878955473904E-018   2.0915343906874586E-018
   9.3877901813399925E-015   5.5384756132387973E-018   4.9245042722392111E-015   2.8710649028063120E-018
   3.5227047603657693E-015   4.2636182104030140E-015   4.5560054137742739E-015   5.6177634458843464E-015
   2.0601092396210765E-018   2.5723712585114317E-018   2.7221717814874878E-018   3.3552689429759945E-018
   4.5627752109582211E-016   1.9051960708110886E-019   2.5765082949295009E-017   9.9999999999999995E-021
   1.1510232649420174E-016   2.1906421370189416E-016   4.5100061041852583E-016   1.1278426541441203E-015
   4.6312558147559480E-020   1.1068892142600456E-019   1.8741565924326520E-019   4.4059592300055413E-019
   2.7928982688371417E-015   1.1617554163084647E-018   4.5627752109582211E-016   1.9051960708110886E-019
   1.0903622469187872E-015   1.7185412417286687E-015   2.4918336312506958E-015   4.5086124935704027E-015
   4.2245585373698017E-019   7.6329675186608905E-019   1.0204588772576330E-018   1.8374477433797115E-018
   1.0231884018565456E-014   4.2818619753288809E-018   2.7928982688371417E-015   1.1617554163084647E-018
   4.3371426615498328E-015   6.2698928143635731E-015   7.8121541968671720E-015   1.2132677814358551E-014
   1.7455536164811907E-018   2.7080383756797105E-018   3.2597747273422879E-018   5.0394595315973087E-018
   2.8042637898046236E-014   1.1861508695666659E-017   1.0231884018565456E-014   4.2818619753288809E-018
   1.1758971877210699E-014   1.5980327316008471E-014   1.8490036936148827E-014   2.6164822895359385E-014
   4.8661109816905545E-018   6.9112447691063775E-018   7.8484058973618938E-018   1.1092468007399579E-017
   6.3865526811652795E-014   2.7352814256931209E-017   2.8042637898046236E-014   1.1861508695666659E-017
   2.5593696583808508E-014   3.3240720579465485E-014   3.6885632856896175E-014   4.9090930025107472E-014
   1.0833752566127722E-017   1.4521831238842561E-017   1.5922568675445777E-017   2.1225280972882899E-017
   9.6965125955846357E-016   3.1472423494051946E-019   3.2901756553064484E-017   9.9999999999999995E-021
   1.7891929610277823E-016   3.9430576014039798E-016   9.4055016130278193E-016   2.7718658790432566E-015
   5.6370778248268406E-020   1.5555583406368465E-019   3.0312071524007491E-019   8.5462153278732937E-019
   8.4735496855133574E-015   2.7567380172817381E-018   9.6965125955846357E-016   3.1472423494051946E-019
   2.7904537537728538E-015   4.9335831498398181E-015   7.9431773912599808E-015   1.6479415719756908E-014
   8.5269784523864557E-019   1.7194238360821352E-018   2.5375509900241073E-018   5.2854351965961803E-018
   4.0698909282288063E-014   1.3338361141469077E-017   8.4735496855133574E-015   2.7567380172817381E-018
   1.5974350581959268E-014   2.5283926974500744E-014   3.3966117375634874E-014   5.8877718298417742E-014
   5.0399499519573277E-018   8.5635535980788699E-018   1.1062209430493275E-017   1.9198262736022417E-017
   1.3835679345049937E-013   4.5860686261520408E-017   4.0698909282288063E-014   1.3338361141469077E-017
   5.6896312268303216E-014   8.3450185281343921E-014   1.0204938980708860E-013   1.5805184256409972E-013
   1.8432360265732115E-017   2.8269656777886497E-017   3.3828372156891528E-017   5.2505532585019816E-017
   3.7648114626503486E-013   1.2640896333689418E-016   1.3835679345049937E-013   4.5860686261520408E-017
   1.5376314733208317E-013   2.1333242703633007E-013   2.4690242354145452E-013   3.5451326839956041E-013
   5.0919251365401977E-017   7.2945523572747108E-017   8.3247681810512527E-017   1.1998400032032146E-016
   1.8761562171646118E-015   4.9725689830141435E-019   4.0064804531194061E-017   9.9999999999999995E-021
   2.5690061997946376E-016   6.4330596302765322E-016   1.7513440896187678E-015   5.9703477505282008E-015
   6.6466169624708971E-020   2.0799319672522538E-019   4.6058868323531617E-019   1.5199114602626939E-018
   2.3049634761824742E-014   6.1523716076254093E-018   1.8761562171646118E-015   4.9725689830141435E-019
   6.3170726015517772E-015   1.2384394578076375E-014   2.2035076187090581E-014   5.1884857136075103E-014
   1.5940177690835001E-018   3.5471817096226699E-018   5.7632291168893475E-018   1.3715848833836439E-017
   1.4427609909513319E-013   3.8834503106943014E-017   2.3049634761824742E-014   6.1523716076254093E-018
   5.1138395893662101E-014   8.7964216774164499E-014   1.2745264234392540E-013   2.4538667187000872E-013
   1.3260780169313806E-017   2.4492773463051107E-017   3.3990073289006417E-017   6.5866315322476769E-017
   6.0694635546563585E-013   1.6530765252162228E-016   1.4427609909513319E-013   3.8834503106943014E-017
   2.3772196594454107E-013   3.7429883933592809E-013   4.8484610092692784E-013   8.2000969175276280E-013
   6.3229651185409457E-017   1.0416126345832034E-016   1.3167795808246736E-016   2.2393080222109081E-016
   1.9714905333367927E-012   5.4407744924773990E-016   6.0694635546563585E-013   1.6530765252162228E-016
   7.9557374090587896E-013   1.1743710828661382E-012   1.4215878724874211E-012   2.1997734156139436E-012
   2.1619860769611540E-016   3.2968871308775169E-016   3.9278371531599625E-016   6.1147531585309428E-016
   3.3738717652539215E-015   7.5507801311670043E-019   4.7243822322410586E-017   9.9999999999999995E-021
   3.4905670268553150E-016   9.7883688655930320E-016   3.0017303438259560E-015   1.1649576494133016E-014
   7.6584068390994414E-020   2.6799059020266407E-019   6.6659487945911569E-019   2.5247130709856489E-018
   5.7304859509042080E-014   1.2962047310632855E-017   3.3738717652539215E-015   7.5507801311670043E-019
   1.3015282612586752E-014   2.8021809780221859E-014   5.4792249574266573E-014   1.4494252514116529E-013
   2.7969383072495055E-018   6.8073233332809754E-018   1.2124264421948425E-017   3.2581701967388615E-017
   4.6394447853813653E-013   1.0591837023102857E-016   5.7304859509042080E-014   1.2962047310632855E-017
   1.4628486769860918E-013   2.7173410326599031E-013   4.2411195665268269E-013   9.0186072663861104E-013
   3.2190403049802679E-017   6.4218553444794536E-017   9.5681031149316483E-017   2.0574836528434949E-016
   2.4069925697087998E-012   5.5621580841643328E-016   4.6394447853813653E-013   1.0591837023102857E-016
   8.8059222680160458E-013   1.4814874001250885E-012   2.0343544809822383E-012   3.7460125580077218E-012
   1.9858560581834913E-016   3.4974277347834636E-016   4.6759321702601242E-016   8.6852704228536167E-016
   9.3178134366582321E-012   2.1822261521712492E-015   2.4069925697087998E-012   5.5621580841643328E-016
   3.6362342084797453E-012   5.6903457766593965E-012   7.2163839639548393E-012   1.2015231511988372E-011
   8.3751753514195621E-016   1.3546346292555429E-015   1.6878440222142607E-015   2.8335872244473328E-015
   5.7199469777607772E-015   1.1074145977655149E-018   5.4433231830935242E-017   9.9999999999999995E-021
   4.5539312231676025E-016   1.4136681629789000E-015   4.8289748520510746E-015   2.1052403323202345E-014
   8.6716612941256063E-020   3.3554242854783543E-019   9.2792007002635763E-019   3.9708459765034486E-018
   1.3205243974400877E-013   2.5910218256354927E-017   5.7199469777607772E-015   1.1074145977655149E-018
   2.4879828962408332E-014   5.8353620714430317E-014   1.2468253371085351E-013   3.6704281878451200E-013
   4.6554742541373184E-018   1.2301213301037377E-017   2.3901286810295959E-017   7.1756347474732488E-017
   1.3711997815528797E-012   2.7175091776438566E-016   1.3205243974400877E-013   2.5910218256354927E-017
   3.8129096036989979E-013   7.6069662325298036E-013   1.2761695783641839E-012   2.9798606872489973E-012
   7.2859296344169993E-017   1.5613647235654870E-016   2.4934969412050805E-016   5.9121256774990091E-016
   8.7364262069677240E-012   1.7529518331453650E-015   1.3711997815528797E-012   2.7175091776438566E-016
   2.9466412057427454E-012   5.2751119238272276E-012   7.6775943027246540E-012   1.5339304893642559E-011
   5.7660145689929936E-016   1.0812071045618252E-015   1.5288636323354646E-015   3.0904625615919971E-015
   4.0217568467202075E-011   8.1796834969778405E-015   8.7364262069677240E-012   1.7529518331453650E-015
   1.4947838468662683E-011   2.4718955783251972E-011   3.2867527564345491E-011   5.8766048397548522E-011
   2.9866776356899057E-015   5.1073997900473981E-015   6.6615995547956843E-015   1.2035713657618789E-014
   9.2384868254650482E-015   1.5757575572855585E-018   6.1629777937471782E-017   9.9999999999999995E-021
   5.7591313399244649E-016   1.9605682523485337E-015   7.3892630733296154E-015   3.5785566499816711E-014
   9.6859215605081408E-020   4.1064545205915270E-019   1.2513476431848893E-018   5.9736999376201861E-018
   2.8515062990237578E-013   4.9396613084098750E-017   9.2384868254650482E-015   1.5757575572855585E-018
   4.4740485088507898E-014   1.1353691758930451E-013   2.6364599833003943E-013   8.5636654153426843E-013
   7.4127863389016324E-018   2.1132466274279062E-017   4.4574498409675791E-017   1.4809841745406783E-016
   3.7639253534632011E-012   6.5900840667192159E-016   2.8515062990237578E-013   4.9396613084098750E-017
   9.1891592102134360E-013   1.9596187314360130E-012   3.5245209697347040E-012   8.9854530180021740E-012
   1.5514606943433063E-016   3.5545494182946112E-016   6.0712012231835992E-016   1.5773745637969646E-015
   2.9310546644219879E-011   5.1965014379519527E-015   3.7639253534632011E-012   6.5900840667192159E-016
   9.0346066796750270E-012   1.7147608513179319E-011   2.6430795189280770E-011   5.7088313659944864E-011
   1.5610273388174337E-015   3.1052756094508698E-015   4.6412582019172534E-015   1.0170863226126502E-014
   1.6002957668168782E-010   2.8761938373415003E-014   2.9310546644219879E-011   5.1965014379519527E-015
   5.6029284065659012E-011   9.7627790509486357E-011   1.3612658030314951E-010   2.6077615453387689E-010
   9.8833238079194495E-015   1.7817505078316774E-014   2.4334701697417936E-014   4.7204884253389413E-014
  -2.1249388233092670E-020   1.9999071349993449E-020  -9.9998673107461624E-021   9.9999999999999995E-021
  -1.0000029013208944E-020  -1.2499535973245869E-020  -1.1666119213979722E-020  -9.1657861464189181E-021
   9.9994837515686859E-021   9.9991533858339944E-021   9.9989870636190388E-021   9.9986634494859329E-021
  -3.1294521792631953E-020   2.9997470093009539E-020  -2.1249388233092670E-020   1.9999071349993449E-020
  -9.3741695777347689E-021  -1.0457177927469366E-020  -1.0240457571034944E-020  -9.5013607824923211E-021
   9.9987215536762320E-021   9.9984367025560399E-021   9.9983601873404573E-021   9.9980771246273267E-021
  -4.1211811529236848E-020   3.9995269513011764E-020  -3.1294521792631953E-020   2.9997470093009539E-020
  -9.5664944897074144E-021  -1.0106338085202084E-020  -1.0029137816256494E-020  -9.6662921270047851E-021
   9.9980965931363711E-021   9.9978231415107308E-021   9.9977752328213908E-021   9.9975031782127242E-021
  -5.1116578834323069E-020   4.9992497385554489E-020  -4.1211811529236848E-020   3.9995269513011764E-020
  -9.6942662402567458E-021  -1.0011522990110766E-020  -9.9762119999308357E-021  -9.7588676101773751E-021
   9.9975127657018039E-021   9.9972450253129748E-021   9.9972103603866505E-021   9.9969436981552756E-021
  -6.1028751751744317E-020   5.9989169079916838E-020  -5.1116578834323069E-020   4.9992497385554489E-020
  -9.7731635538267028E-021  -9.9803919526641206E-021  -9.9615045623737837E-021  -9.8160809206249499E-021
   9.9969493671464584E-021   9.9966851145195172E-021   9.9966579954333707E-021   9.9963945791218663E-021
   4.9672082006621419E-016   4.2064365529989082E-020   2.7494330949815788E-016   9.9999999999999995E-021
   1.1244192824620013E-016   2.1597536233845902E-016   2.3512101921058411E-016   3.1603037206405122E-016
   2.4194093563245390E-020   2.9623527614158761E-020   3.3761242227137632E-020   4.1422559934096290E-020
   8.0823749050137588E-016   9.1117538897547048E-020   4.9672082006621419E-016   4.2064365529989082E-020
   3.0055872593901676E-016   2.9167517834331683E-016   3.2947978533468585E-016   3.2623136931594777E-016
   4.0062895814836230E-020   4.8191078121478784E-020   4.9656393692679484E-020   5.8561200762194985E-020
   1.1399046136186061E-015   1.5785963381360503E-019   8.0823749050137588E-016   9.1117538897547048E-020
   3.2826232125284918E-016   3.2001499557170957E-016   3.4209989719353789E-016   3.3751063192003708E-016
   5.7751625306413376E-020   6.6144135304079498E-020   6.7207950684519518E-020   7.5996772212736443E-020
   1.4798359546915352E-015   2.4236949368518638E-019   1.1399046136186061E-015   1.5785963381360503E-019
   3.3827955052198332E-016   3.3248997469777123E-016   3.4666381830450683E-016   3.4300090991103462E-016
   7.5550045477065561E-020   8.4042486333726480E-020   8.4896379554769323E-020   9.3631381975431026E-020
   1.8241392250403260E-015   3.4465689390248529E-019   1.4798359546915352E-015   2.4236949368518638E-019
   3.4332788707038081E-016   3.3916576432711577E-016   3.4900424335990032E-016   3.4615171964833163E-016
   9.3349915704771663E-020   1.0190239027736571E-019   1.0261770328557677E-019   1.1133429847313669E-019
   2.0670552429677288E-015   8.6407241909353870E-020   6.1811972900253185E-016   9.9999999999999995E-021
   5.4407598402319021E-016   1.2421679193655945E-015   1.5655645832288204E-015   2.5340720945791622E-015
   4.1910757467653923E-020   6.0666520824405728E-020   8.2614728927121427E-020   1.2997019448541500E-019
   5.0456900709759071E-015   2.7511639730734896E-019   2.0670552429677288E-015   8.6407241909353870E-020
   2.3493603211985845E-015   2.6291113899248645E-015   3.2866283254984025E-015   3.6909692160039464E-015
   1.2239807707158750E-019   1.7604934978655446E-019   1.9182825633138021E-019   2.7410164308051349E-019
   9.4332332022343151E-015   6.3069856443386090E-019   5.0456900709759071E-015   2.7511639730734896E-019
   3.7322514253210250E-015   4.1004649340738626E-015   4.6455141138909074E-015   5.1010492662998807E-015
   2.6262863737703418E-019   3.4259340952677697E-019   3.6004933150168774E-019   4.6557888332510794E-019
   1.5219553117972721E-014   1.2062835463400980E-018   9.4332332022343151E-015   6.3069856443386090E-019
   5.1126262538246914E-015   5.5465570144959602E-015   6.0056294740346534E-015   6.5009202635445089E-015
   4.5629569116125235E-019   5.6241842430702950E-019   5.8093373423544731E-019   7.1050988319121732E-019
   2.2405689145252917E-014   2.0546713114882421E-018   1.5219553117972721E-014   1.2062835463400980E-018
   6.5024528786028146E-015   6.9807385237610089E-015   7.3765078013610580E-015   7.8998706348342369E-015
   7.0278957160872768E-019   8.3514391405346338E-019   8.5432200945916284E-019   1.0086051722548854E-018
   5.9817714932800504E-015   1.6431887360868001E-019   9.7860953894003977E-016   9.9999999999999995E-021
   1.3458018870077285E-015   3.6738388857328462E-015   5.3045524960112764E-015   1.0716387075544090E-014
   6.0521234297183109E-020   1.0110737020044332E-019   1.6698095967056625E-019   3.2921534761287782E-019
   2.1539511225950178E-014   7.7204568131852769E-019   5.9817714932800504E-015   1.6431887360868001E-019
   9.8756153266318812E-015   1.2653508041361402E-014   1.7704229401726982E-014   2.2755348183212125E-014
   3.1133722082225330E-019   5.2212507088784755E-019   6.1441511645843041E-019   1.0619432507442766E-018
   5.3389195126943472E-014   2.3461578390085373E-018   2.1539511225950178E-014   7.7204568131852769E-019
   2.3207595381057759E-014   2.8365640136467120E-014   3.4513094622098191E-014   4.2133038507771376E-014
   9.8700129809005663E-019   1.4475477373139653E-018   1.5978435090689932E-018   2.3668891552840830E-018
   1.0729273190532513E-013   5.5970160093867871E-018   5.3389195126943472E-014   2.3461578390085373E-018
   4.2236660275240146E-014   5.0070251055439933E-014   5.6912601582676620E-014   6.7218855118816779E-014
   2.2766426479681094E-018   3.0833643003211126E-018   3.2943840198343930E-018   4.4730097339903763E-018
   1.8908764867415185E-013   1.1428963407681218E-017   1.0729273190532513E-013   5.5970160093867871E-018
   6.7131735394584776E-014   7.7718459120840051E-014   8.5060835599728108E-014   9.8079175777239180E-014
   4.3730546909044532E-018   5.6242183677102563E-018   5.8961327005370272E-018   7.5779275623675620E-018
   1.4392979012143427E-014   2.9219546338579531E-019   1.3455682229189554E-015   9.9999999999999995E-021
   2.5284641535915406E-015   8.0905762387104669E-015   1.3258585017833409E-014   3.3057678068667548E-014
   7.9465670165614463E-020   1.5051562364766201E-019   2.9926056030213391E-019   7.1415474224956570E-019
   7.5166886458773169E-014   2.0138934538526954E-018   1.4392979012143427E-014   2.9219546338579531E-019
   3.0936200973377006E-014   4.4881161917550447E-014   7.0314097587858698E-014   1.0331672469558322E-013
   6.9753154007641301E-019   1.3341869802381016E-018   1.7131820040216934E-018   3.5379184342053972E-018
   2.4665154137785991E-013   8.0831609115271718E-018   7.5166886458773169E-014   2.0138934538526954E-018
   1.0705543532187286E-013   1.4373965304692070E-013   1.8917957664724218E-013   2.5601403480432203E-013
   3.2175823603427037E-018   5.2518190364446743E-018   6.1434159550304216E-018   1.0407552402753972E-017
   6.1752361670852132E-013   2.4019419166539025E-017   2.4665154137785991E-013   8.0831609115271718E-018
   2.5750992738679587E-013   3.3079647003162815E-013   3.9744335540210321E-013   5.1124287372970957E-013
   9.8288599219448354E-018   1.4522439891516447E-017   1.6179547061754016E-017   2.4384715701585371E-017
   1.3034486702221996E-012   5.8766475681892819E-017   6.1752361670852132E-013   2.4019419166539025E-017
   5.1013905453780565E-013   6.3310859930223631E-013   7.2205053622453116E-013   8.9509299549072818E-013
   2.3530284022148161E-017   3.2580443098416593E-017   3.5240425656117972E-017   4.9310317560905496E-017
   3.0600031881519830E-014   4.9006382055061273E-019   1.7155930907900199E-015   9.9999999999999995E-021
   4.0954654739238859E-015   1.5068781616219054E-014   2.7746261009841197E-014   8.3581082018334506E-014
   9.8568399396872916E-020   2.0875621796461075E-019   4.9221562851926551E-019   1.3798708309390503E-018
   2.2770057302273774E-013   4.8930156304548857E-018   3.0600031881519830E-014   4.9006382055061273E-019
   8.0633196875099216E-014   1.3105186040768766E-013   2.2880362835247317E-013   3.8225907245188653E-013
   1.4174015846038022E-018   3.0391628234232889E-018   4.2734178920503043E-018   1.0375147843874647E-017
   9.8490183326125192E-013   2.5789046599610342E-017   2.2770057302273774E-013   4.8930156304548857E-018
   4.0557291545933772E-013   5.9192283817819398E-013   8.4534843514375051E-013   1.2630920993278578E-012
   9.3443810954166348E-018   1.6838116570654914E-017   2.0961591226798676E-017   4.0432389124608911E-017
   3.0676988473904868E-012   9.5217220852976048E-017   9.8490183326125192E-013   2.5789046599610342E-017
   1.2812457945265756E-012   1.7709059540202388E-012   2.2581626341671565E-012   3.1573991138740441E-012
   3.7625587611114695E-017   6.0287565381604742E-017   7.0393002803813000E-017   1.1758232153824404E-016
   7.7514467959851050E-012   2.7880754577439944E-016   3.0676988473904868E-012   9.5217220852976048E-017
   3.1542930862538278E-012   4.1753971839517374E-012   4.9823672046535888E-012   6.6326658281032237E-012
   1.1207139439099012E-016   1.6629423897418033E-016   1.8647951332819688E-016   2.8392305053279585E-016
   5.9328305300860474E-014   7.8133912962699546E-019   2.0873025386266974E-015   9.9999999999999995E-021
   6.0481874519313017E-015   2.5183974448332593E-014   5.1601506010571931E-014   1.8382686820366227E-013
   1.1775809595856152E-019   2.7577431305675551E-019   7.5870605345498267E-019   2.4413159487799349E-018
   6.1754208279335282E-013   1.1121096833185804E-017   5.9328305300860474E-014   7.8133912962699546E-019
   1.8446933561306010E-013   3.3280863208887569E-013   6.4311295473482793E-013   1.2129701556944871E-012
   2.6636968032601774E-018   6.3157721302885180E-018   9.7232582414380601E-018   2.7296788674639520E-017
   3.4974334497585165E-012   7.6436235461692779E-017   6.1754208279335282E-013   1.1121096833185804E-017
   1.3261990767298988E-012   2.0862284390734033E-012   3.2348990022837383E-012   5.3108942423468020E-012
   2.4626321791676886E-017   4.8656596434070432E-017   6.4540932449604991E-017   1.4086945221201411E-016
   1.3517993693033938E-011   3.4947003975840585E-016   3.4974334497585165E-012   7.6436235461692779E-017
   5.4638444433309654E-012   8.0755094886319683E-012   1.0952157121845268E-011   1.6604183795367088E-011
   1.2982478346017365E-016   2.2446250039590803E-016   2.7544638271138251E-016   5.0856027610552365E-016
   4.0841171788259162E-011   1.2226580883488930E-015   1.3517993693033938E-011   3.4947003975840585E-016
   1.6656847664807808E-011   2.3413381744403863E-011   2.9307245930158420E-011   4.1840965557418994E-011
   4.7982709034172723E-016   7.5995854906913909E-016   8.8637183063820041E-016   1.4666404417865160E-015
   1.0700979444785730E-013   1.1927669270434006E-018   2.4600341707550526E-015   9.9999999999999995E-021
   8.3872924832877192E-015   3.9011357878887262E-014   8.8174352975255829E-014   3.6453984747103951E-013
   1.3700056332417125E-019   3.5154361640951963E-019   1.1116264707027607E-018   4.0332608247116723E-018
   1.5297414175950084E-012   2.3779031717339936E-017   1.0700979444785730E-013   1.1927669270434006E-018
   3.8234780074860257E-013   7.5971569169343054E-013   1.6130024660721636E-012   3.4086056226031144E-012
   4.6962170307723075E-018   1.2178959339695902E-017   2.0485845172917020E-017   6.5491762685781041E-017
   1.1248934738249173E-011   2.1148828113291191E-016   1.5297414175950084E-012   2.3779031717339936E-017
   3.8578358210124148E-012   6.4972798633373958E-012   1.0927182978653656E-011   1.9608398418930458E-011
   5.9746461899027932E-017   1.2865454449388521E-016   1.8174014642025129E-016   4.4571965276613104E-016
   5.3765403223479633E-011   1.1924622271673800E-015   1.1248934738249173E-011   2.1148828113291191E-016
   2.0570352325795281E-011   3.2333663958595386E-011   4.6679297252958541E-011   7.6502536162479660E-011
   4.0897147241775854E-016   7.5979446382152765E-016   9.8105105089611941E-016   1.9951811743537561E-015
   1.9388529470214402E-010   4.9742146192990576E-015   5.3765403223479633E-011   1.1924622271673800E-015
   7.7329406483642422E-011   1.1496374953247896E-010   1.5118335554158549E-010   2.3109573224021498E-010
   1.8689279945122151E-015   3.1486394275220620E-015   3.8272571215267167E-015   6.8697932601802943E-015
   1.8206410049756780E-013   1.7544047145105727E-018   2.8334318229576553E-015   9.9999999999999995E-021
   1.1113136732210572E-014   5.7125999874503305E-014   1.4133119063126231E-013   6.6735649430391888E-013
   1.5627741432787030E-019   4.3604999077345096E-019   1.5638862991679422E-018   6.3102782928527783E-018
   3.5118433093558550E-012   4.8117975946342694E-017   1.8206410049756780E-013   1.7544047145105727E-018
   7.3321740614557359E-013   1.5936180428280219E-012   3.6913629659598132E-012   8.6754958294284822E-012
   7.8525686259469884E-018   2.2076010843953734E-017   4.0448301796966354E-017   1.4528023348320559E-016
   3.3217410976736684E-011   5.4924811949348143E-016   3.5118433093558550E-012   4.8117975946342694E-017
   1.0192980367999431E-011   1.8280410713494898E-011   3.3277292105075688E-011   6.4925019999144382E-011
   1.3500331005917386E-016   3.1509208537402176E-016   4.7331413276013284E-016   1.2949651149553488E-015
   1.9549724289028536E-010   3.8014905493644417E-015   3.3217410976736684E-011   5.4924811949348143E-016
   6.9772035962760517E-011   1.1607909547484615E-010   1.7838719451070543E-010   3.1497437554742839E-010
   1.1888516169111018E-015   2.3647183414263069E-015   3.2129128133291842E-015   7.1693406528036745E-015
   8.3958772234663330E-010   1.8858779341157259E-014   1.9549724289028536E-010   3.8014905493644417E-015
   3.2193101178264515E-010   5.0438410553128059E-010   6.9736840995258052E-010   1.1391068339877202E-009
   6.6887508963295173E-015   1.1950794896460224E-014   1.5155124256530305E-014   2.9443143548446331E-014
   2.9517952685749938E-013   2.4996149152461858E-018   3.2072872687741017E-015   9.9999999999999995E-021
   1.4225928425160265E-014   8.0102902956579047E-014   2.1545485880889737E-013   1.1464919855762386E-012
   1.7557789916866623E-019   5.2928517100211110E-019   2.1284020962462747E-018   9.4467370578116757E-018
   7.5559479498655294E-012   9.2680193866655270E-017   2.9517952685749938E-013   2.4996149152461858E-018
   1.3203633655616390E-012   3.1203456630140201E-012   7.8341864697747850E-012   2.0335182906908931E-011
   1.2558930503973924E-017   3.7994333459056849E-017   7.5565594613427519E-017   3.0140468705951192E-016
   9.1030277117365290E-011   1.3462356742506054E-015   7.5559479498655294E-012   9.2680193866655270E-017
   2.4840688420145678E-011   4.7233624682365863E-011   9.2819938739013201E-011   1.9589815974209482E-010
   2.8685176438878169E-016   7.2199568585942115E-016   1.1510190010036769E-015   3.4884517441887230E-015
   6.5651115827616422E-010   1.1380122370777555E-014   9.1030277117365290E-011   1.3462356742506054E-015
   2.1645420497097979E-010   3.7955408747016562E-010   6.2055018385000770E-010   1.1762225393414671E-009
   3.2182386519699887E-015   6.8318584844117654E-015   9.7606563471691216E-015   2.3800051864029928E-014
   3.3488684854905946E-009   6.6946047171274027E-014   6.5651115827616422E-010   1.1380122370777555E-014
   1.2196725458547767E-009   2.0072809488713117E-009   2.9184701829886388E-009   5.0829691537119019E-009
   2.2184721640828448E-014   4.1925928973651199E-014   5.5487939376979560E-014   1.1638309046088888E-013
