  -5.2051399349404248E-019  -52.051399349404250        4019145.1030270001        2.4999999368450000E-005
   5.1792615926496381E-018   517.92615926496387        4019145.1030270001        2.4999999368450000E-005
   1.2112447998856897E-017   1211.2447998856899        4019145.1030270001        2.4999999368450000E-005
   1.9338796223755058E-017   1933.8796223755060        4019145.1030270001        2.4999999368450000E-005
   2.6672697843918624E-017   2667.2697843918627        4019145.1030270001        2.4999999368450000E-005
   3.4057216493967568E-017   3405.7216493967571        4019145.1030270001        2.4999999368450000E-005
   4.1469447281595840E-017   4146.9447281595840        4019145.1030270001        2.4999999368450000E-005
   4.8898460273668356E-017   4889.8460273668361        4019145.1030270001        2.4999999368450000E-005
   5.6338394569501015E-017   5633.8394569501015        4019145.1030270001        2.4999999368450000E-005
   6.3785829596092070E-017   6378.5829596092071        4019145.1030270001        2.4999999368450000E-005
  -9.9490761506040250E-021 -0.99490761506040259        79591.562390630002        2.4999999368450000E-005
   2.7634694774119624E-016   27634.694774119627        79591.562390630002        2.4999999368450000E-005
   6.2127525488753011E-016   62127.525488753010        79591.562390630002        2.4999999368450000E-005
   9.8360534699691448E-016   98360.534699691460        79591.562390630002        2.4999999368450000E-005
   1.3524373408295299E-015   135243.73408295299        79591.562390630002        2.4999999368450000E-005
   1.7243511734441804E-015   172435.11734441805        79591.562390630002        2.4999999368450000E-005
   2.0979581869392321E-015   209795.81869392321        79591.562390630002        2.4999999368450000E-005
   2.4725926036730304E-015   247259.26036730304        79591.562390630002        2.4999999368450000E-005
   2.8478964409705011E-015   284789.64409705013        79591.562390630002        2.4999999368450000E-005
   3.2236604092337995E-015   322366.04092337994        79591.562390630002        2.4999999368450000E-005
